# bioPlux Text File Format
# Version: 1
# StartDateTime: 2012-03-21 15:14:51
# SamplingFrequency: 1000
# SampledChannels: 1 2 3 4 5 6 7 8
# SamplingResolution: 12
# AcquiringDevice: 00:07:80:93:66:BE
# EndOfHeader
0	0	0	769	664	915	995	0	0	0	0
1	0	0	773	660	919	1010	0	0	0	0
2	0	0	775	658	920	1021	0	0	0	0
3	0	0	778	655	920	1018	0	0	0	0
4	0	0	782	655	920	1014	0	0	0	0
5	0	0	784	653	922	1022	0	0	0	0
6	0	0	786	651	922	1023	0	0	0	0
7	0	0	786	650	923	1022	0	0	0	0
8	0	0	782	650	920	1023	0	0	0	0
9	0	0	777	650	920	1027	0	0	0	0
10	0	0	773	649	919	1019	0	0	0	0
11	0	0	770	648	920	1018	0	0	0	0
12	0	0	767	648	920	1023	0	0	0	0
13	0	0	766	647	920	1029	0	0	0	0
14	0	0	765	645	921	1030	0	0	0	0
15	0	0	764	645	921	1028	0	0	0	0
16	0	0	764	645	921	1040	0	0	0	0
17	0	0	765	646	919	1044	0	0	0	0
18	0	0	764	647	919	1053	0	0	0	0
19	0	0	763	646	920	1071	0	0	0	0
20	0	0	764	647	920	1083	0	0	0	0
21	0	0	764	650	919	1103	0	0	0	0
22	0	0	764	651	920	1113	0	0	0	0
23	0	0	763	651	919	1121	0	0	0	0
24	0	0	764	654	918	1126	0	0	0	0
25	0	0	766	655	918	1125	0	0	0	0
26	0	0	766	657	916	1122	0	0	0	0
27	0	0	767	658	915	1114	0	0	0	0
28	0	0	766	661	912	1125	0	0	0	0
29	0	0	765	662	911	1133	0	0	0	0
30	0	0	766	664	909	1131	0	0	0	0
31	0	0	766	667	907	1135	0	0	0	0
32	0	0	767	669	906	1136	0	0	0	0
33	0	0	766	671	905	1134	0	0	0	0
34	0	0	765	673	905	1128	0	0	0	0
35	0	0	767	675	903	1132	0	0	0	0
36	0	0	767	678	901	1135	0	0	0	0
37	0	0	766	681	899	1134	0	0	0	0
38	0	0	769	683	898	1129	0	0	0	0
39	0	0	770	683	895	1135	0	0	0	0
40	0	0	771	685	897	1163	0	0	0	0
41	0	0	771	687	895	1131	0	0	0	0
42	0	0	770	685	895	1122	0	0	0	0
43	0	0	769	689	893	1133	0	0	0	0
44	0	0	767	690	893	1153	0	0	0	0
45	0	0	765	692	893	1143	0	0	0	0
46	0	0	766	694	894	1144	0	0	0	0
47	0	0	766	695	894	1146	0	0	0	0
48	0	0	765	696	893	1170	0	0	0	0
49	0	0	765	701	891	1156	0	0	0	0
50	0	0	765	702	889	1135	0	0	0	0
51	0	0	765	705	886	1127	0	0	0	0
52	0	0	764	706	885	1136	0	0	0	0
53	0	0	761	707	884	1156	0	0	0	0
54	0	0	759	706	883	1180	0	0	0	0
55	0	0	757	708	885	1148	0	0	0	0
56	0	0	754	708	885	1114	0	0	0	0
57	0	0	753	707	885	1121	0	0	0	0
58	0	0	753	707	884	1116	0	0	0	0
59	0	0	752	708	884	1113	0	0	0	0
60	0	0	751	709	884	1115	0	0	0	0
61	0	0	749	711	883	1121	0	0	0	0
62	0	0	748	711	883	1125	0	0	0	0
63	0	0	747	713	884	1131	0	0	0	0
64	0	0	744	714	888	1147	0	0	0	0
65	0	0	745	713	888	1177	0	0	0	0
66	0	0	742	712	888	1184	0	0	0	0
67	0	0	741	715	889	1192	0	0	0	0
68	0	0	739	716	889	1209	0	0	0	0
69	0	0	738	718	887	1210	0	0	0	0
70	0	0	738	718	886	1237	0	0	0	0
71	0	0	739	719	886	1250	0	0	0	0
72	0	0	737	719	885	1259	0	0	0	0
73	0	0	739	720	883	1264	0	0	0	0
74	0	0	740	721	883	1271	0	0	0	0
75	0	0	739	719	881	1290	0	0	0	0
76	0	0	741	719	881	1292	0	0	0	0
77	0	0	740	718	881	1299	0	0	0	0
78	0	0	742	717	880	1301	0	0	0	0
79	0	0	744	717	879	1310	0	0	0	0
80	0	0	745	715	878	1305	0	0	0	0
81	0	0	745	715	878	1307	0	0	0	0
82	0	0	745	715	876	1330	0	0	0	0
83	0	0	744	716	876	1358	0	0	0	0
84	0	0	743	715	877	1362	0	0	0	0
85	0	0	742	714	878	1369	0	0	0	0
86	0	0	740	714	878	1392	0	0	0	0
87	0	0	738	714	880	1428	0	0	0	0
88	0	0	737	716	880	1459	0	0	0	0
89	0	0	735	716	881	1467	0	0	0	0
90	0	0	734	715	881	1449	0	0	0	0
91	0	0	733	715	881	1455	0	0	0	0
92	0	0	731	713	881	1508	0	0	0	0
93	0	0	734	713	881	1544	0	0	0	0
94	0	0	734	714	880	1551	0	0	0	0
95	0	0	734	714	880	1563	0	0	0	0
96	0	0	735	713	881	1556	0	0	0	0
97	0	0	734	711	880	1559	0	0	0	0
98	0	0	734	711	881	1577	0	0	0	0
99	0	0	733	711	880	1612	0	0	0	0
100	0	0	731	710	879	1611	0	0	0	0
101	0	0	732	710	880	1607	0	0	0	0
102	0	0	733	709	881	1602	0	0	0	0
103	0	0	734	709	881	1592	0	0	0	0
104	0	0	735	709	880	1602	0	0	0	0
105	0	0	736	707	881	1609	0	0	0	0
106	0	0	739	705	880	1610	0	0	0	0
107	0	0	740	704	881	1626	0	0	0	0
108	0	0	741	704	879	1642	0	0	0	0
109	0	0	742	702	879	1653	0	0	0	0
110	0	0	745	700	879	1657	0	0	0	0
111	0	0	750	698	879	1668	0	0	0	0
112	0	0	750	697	880	1680	0	0	0	0
113	0	0	753	696	882	1697	0	0	0	0
114	0	0	755	694	883	1716	0	0	0	0
115	0	0	756	693	884	1715	0	0	0	0
116	0	0	758	691	885	1714	0	0	0	0
117	0	0	760	689	884	1712	0	0	0	0
118	0	0	758	687	885	1719	0	0	0	0
119	0	0	758	685	887	1735	0	0	0	0
120	0	0	759	684	890	1745	0	0	0	0
121	0	0	760	681	891	1769	0	0	0	0
122	0	0	760	678	894	1777	0	0	0	0
123	0	0	757	677	897	1796	0	0	0	0
124	0	0	754	675	901	1800	0	0	0	0
125	0	0	751	673	903	1816	0	0	0	0
126	0	0	748	670	907	1850	0	0	0	0
127	0	0	743	666	911	1871	0	0	0	0
0	0	0	739	664	915	1867	0	0	0	0
1	0	0	736	663	919	1890	0	0	0	0
2	0	0	730	660	924	1917	0	0	0	0
3	0	0	726	658	930	1917	0	0	0	0
4	0	0	722	658	936	1918	0	0	0	0
5	0	0	714	659	941	1939	0	0	0	0
6	0	0	711	657	946	1959	0	0	0	0
7	0	0	708	656	952	1961	0	0	0	0
8	0	0	706	656	956	1974	0	0	0	0
9	0	0	702	657	963	1984	0	0	0	0
10	0	0	699	657	967	1997	0	0	0	0
11	0	0	697	657	970	2007	0	0	0	0
12	0	0	698	657	974	2022	0	0	0	0
13	0	0	698	659	979	2025	0	0	0	0
14	0	0	698	660	980	2042	0	0	0	0
15	0	0	699	661	984	2068	0	0	0	0
16	0	0	698	663	986	2086	0	0	0	0
17	0	0	697	664	987	2096	0	0	0	0
18	0	0	698	665	990	2098	0	0	0	0
19	0	0	698	668	991	2124	0	0	0	0
20	0	0	699	669	992	2135	0	0	0	0
21	0	0	701	672	991	2144	0	0	0	0
22	0	0	703	674	991	2146	0	0	0	0
23	0	0	703	674	991	2136	0	0	0	0
24	0	0	705	676	991	2133	0	0	0	0
25	0	0	707	677	989	2145	0	0	0	0
26	0	0	711	678	987	2142	0	0	0	0
27	0	0	713	679	986	2151	0	0	0	0
28	0	0	716	679	983	2165	0	0	0	0
29	0	0	717	680	982	2173	0	0	0	0
30	0	0	718	679	980	2169	0	0	0	0
31	0	0	718	679	977	2174	0	0	0	0
32	0	0	719	678	975	2180	0	0	0	0
33	0	0	721	679	974	2192	0	0	0	0
34	0	0	719	679	973	2197	0	0	0	0
35	0	0	721	679	970	2203	0	0	0	0
36	0	0	721	679	968	2209	0	0	0	0
37	0	0	721	678	966	2219	0	0	0	0
38	0	0	722	678	965	2229	0	0	0	0
39	0	0	721	677	964	2231	0	0	0	0
40	0	0	722	676	963	2236	0	0	0	0
41	0	0	721	675	961	2265	0	0	0	0
42	0	0	721	673	961	2284	0	0	0	0
43	0	0	719	673	959	2314	0	0	0	0
44	0	0	717	673	959	2317	0	0	0	0
45	0	0	715	671	957	2305	0	0	0	0
46	0	0	714	670	957	2298	0	0	0	0
47	0	0	712	670	956	2292	0	0	0	0
48	0	0	710	667	955	2297	0	0	0	0
49	0	0	708	667	955	2298	0	0	0	0
50	0	0	707	665	956	2305	0	0	0	0
51	0	0	704	665	955	2312	0	0	0	0
52	0	0	702	664	954	2321	0	0	0	0
53	0	0	698	665	954	2317	0	0	0	0
54	0	0	696	664	952	2319	0	0	0	0
55	0	0	694	664	951	2311	0	0	0	0
56	0	0	692	663	952	2313	0	0	0	0
57	0	0	690	663	953	2315	0	0	0	0
58	0	0	688	663	953	2318	0	0	0	0
59	0	0	685	664	954	2311	0	0	0	0
60	0	0	685	663	955	2305	0	0	0	0
61	0	0	682	663	954	2318	0	0	0	0
62	0	0	681	663	954	2326	0	0	0	0
63	0	0	679	663	954	2333	0	0	0	0
64	0	0	677	664	956	2323	0	0	0	0
65	0	0	677	663	956	2328	0	0	0	0
66	0	0	676	662	956	2328	0	0	0	0
67	0	0	675	661	956	2327	0	0	0	0
68	0	0	675	661	956	2326	0	0	0	0
69	0	0	674	659	957	2322	0	0	0	0
70	0	0	674	658	956	2326	0	0	0	0
71	0	0	675	659	957	2334	0	0	0	0
72	0	0	675	657	959	2329	0	0	0	0
73	0	0	676	656	958	2321	0	0	0	0
74	0	0	677	655	959	2320	0	0	0	0
75	0	0	677	654	960	2316	0	0	0	0
76	0	0	679	653	961	2314	0	0	0	0
77	0	0	679	650	960	2319	0	0	0	0
78	0	0	680	649	963	2326	0	0	0	0
79	0	0	681	649	964	2329	0	0	0	0
80	0	0	681	648	964	2330	0	0	0	0
81	0	0	682	646	966	2337	0	0	0	0
82	0	0	684	645	967	2347	0	0	0	0
83	0	0	685	644	968	2350	0	0	0	0
84	0	0	686	643	969	2365	0	0	0	0
85	0	0	689	643	970	2372	0	0	0	0
86	0	0	690	641	971	2377	0	0	0	0
87	0	0	692	640	972	2388	0	0	0	0
88	0	0	692	639	973	2396	0	0	0	0
89	0	0	692	638	973	2397	0	0	0	0
90	0	0	695	637	974	2394	0	0	0	0
91	0	0	694	637	975	2398	0	0	0	0
92	0	0	695	636	975	2403	0	0	0	0
93	0	0	694	636	977	2407	0	0	0	0
94	0	0	691	636	978	2408	0	0	0	0
95	0	0	691	637	978	2408	0	0	0	0
96	0	0	688	637	979	2410	0	0	0	0
97	0	0	686	638	980	2415	0	0	0	0
98	0	0	683	639	981	2412	0	0	0	0
99	0	0	680	639	981	2417	0	0	0	0
100	0	0	678	640	983	2425	0	0	0	0
101	0	0	676	641	983	2433	0	0	0	0
102	0	0	673	643	983	2436	0	0	0	0
103	0	0	671	644	985	2438	0	0	0	0
104	0	0	670	644	984	2438	0	0	0	0
105	0	0	669	645	983	2433	0	0	0	0
106	0	0	669	645	984	2425	0	0	0	0
107	0	0	668	647	983	2419	0	0	0	0
108	0	0	668	646	984	2419	0	0	0	0
109	0	0	667	646	985	2419	0	0	0	0
110	0	0	668	647	985	2420	0	0	0	0
111	0	0	667	646	985	2425	0	0	0	0
112	0	0	668	646	984	2425	0	0	0	0
113	0	0	669	647	985	2427	0	0	0	0
114	0	0	668	648	985	2434	0	0	0	0
115	0	0	668	648	985	2444	0	0	0	0
116	0	0	669	647	985	2446	0	0	0	0
117	0	0	668	649	985	2455	0	0	0	0
118	0	0	667	648	986	2457	0	0	0	0
119	0	0	666	648	987	2457	0	0	0	0
120	0	0	665	648	986	2458	0	0	0	0
121	0	0	664	648	987	2459	0	0	0	0
122	0	0	663	648	987	2458	0	0	0	0
123	0	0	663	649	988	2459	0	0	0	0
124	0	0	661	649	989	2464	0	0	0	0
125	0	0	660	649	989	2461	0	0	0	0
126	0	0	661	648	990	2464	0	0	0	0
127	0	0	661	649	989	2470	0	0	0	0
0	0	0	660	649	989	2480	0	0	0	0
1	0	0	660	650	989	2482	0	0	0	0
2	0	0	660	650	989	2489	0	0	0	0
3	0	0	660	649	988	2493	0	0	0	0
4	0	0	662	648	989	2494	0	0	0	0
5	0	0	663	650	988	2502	0	0	0	0
6	0	0	664	649	988	2509	0	0	0	0
7	0	0	665	648	987	2518	0	0	0	0
8	0	0	667	648	987	2526	0	0	0	0
9	0	0	669	647	988	2534	0	0	0	0
10	0	0	670	646	990	2544	0	0	0	0
11	0	0	670	647	991	2548	0	0	0	0
12	0	0	671	645	991	2554	0	0	0	0
13	0	0	672	644	993	2556	0	0	0	0
14	0	0	675	645	993	2560	0	0	0	0
15	0	0	675	645	997	2565	0	0	0	0
16	0	0	674	645	999	2569	0	0	0	0
17	0	0	675	646	1001	2569	0	0	0	0
18	0	0	675	645	1003	2571	0	0	0	0
19	0	0	674	646	1005	2579	0	0	0	0
20	0	0	673	646	1007	2583	0	0	0	0
21	0	0	673	646	1009	2580	0	0	0	0
22	0	0	672	647	1012	2585	0	0	0	0
23	0	0	671	647	1014	2585	0	0	0	0
24	0	0	672	648	1016	2589	0	0	0	0
25	0	0	672	648	1018	2593	0	0	0	0
26	0	0	672	649	1019	2594	0	0	0	0
27	0	0	671	648	1021	2596	0	0	0	0
28	0	0	672	650	1022	2600	0	0	0	0
29	0	0	672	650	1023	2597	0	0	0	0
30	0	0	673	650	1023	2599	0	0	0	0
31	0	0	673	650	1024	2602	0	0	0	0
32	0	0	675	650	1025	2604	0	0	0	0
33	0	0	675	649	1025	2601	0	0	0	0
34	0	0	675	650	1027	2602	0	0	0	0
35	0	0	676	650	1027	2605	0	0	0	0
36	0	0	677	649	1027	2606	0	0	0	0
37	0	0	679	651	1026	2609	0	0	0	0
38	0	0	678	653	1023	2611	0	0	0	0
39	0	0	679	652	1023	2612	0	0	0	0
40	0	0	681	653	1023	2615	0	0	0	0
41	0	0	682	654	1022	2618	0	0	0	0
42	0	0	682	653	1020	2619	0	0	0	0
43	0	0	684	652	1019	2620	0	0	0	0
44	0	0	684	653	1019	2621	0	0	0	0
45	0	0	682	653	1018	2626	0	0	0	0
46	0	0	684	651	1018	2629	0	0	0	0
47	0	0	684	652	1016	2633	0	0	0	0
48	0	0	686	651	1017	2640	0	0	0	0
49	0	0	686	652	1016	2640	0	0	0	0
50	0	0	687	652	1015	2641	0	0	0	0
51	0	0	687	652	1014	2641	0	0	0	0
52	0	0	688	651	1013	2644	0	0	0	0
53	0	0	688	652	1011	2641	0	0	0	0
54	0	0	689	652	1010	2644	0	0	0	0
55	0	0	690	654	1008	2646	0	0	0	0
56	0	0	690	653	1007	2648	0	0	0	0
57	0	0	690	657	1006	2653	0	0	0	0
58	0	0	691	658	1004	2655	0	0	0	0
59	0	0	691	660	1002	2660	0	0	0	0
60	0	0	692	662	1002	2667	0	0	0	0
61	0	0	692	663	1001	2668	0	0	0	0
62	0	0	692	664	1002	2671	0	0	0	0
63	0	0	693	666	1001	2675	0	0	0	0
64	0	0	694	666	1002	2677	0	0	0	0
65	0	0	694	667	999	2677	0	0	0	0
66	0	0	693	669	1001	2678	0	0	0	0
67	0	0	693	670	1002	2680	0	0	0	0
68	0	0	693	670	1001	2681	0	0	0	0
69	0	0	693	671	1002	2678	0	0	0	0
70	0	0	692	671	1001	2678	0	0	0	0
71	0	0	691	670	1002	2679	0	0	0	0
72	0	0	691	670	1001	2678	0	0	0	0
73	0	0	693	670	1003	2681	0	0	0	0
74	0	0	692	669	1004	2681	0	0	0	0
75	0	0	694	668	1005	2681	0	0	0	0
76	0	0	696	667	1005	2681	0	0	0	0
77	0	0	697	664	1005	2681	0	0	0	0
78	0	0	697	663	1006	2683	0	0	0	0
79	0	0	699	661	1006	2682	0	0	0	0
80	0	0	699	662	1007	2683	0	0	0	0
81	0	0	700	662	1008	2685	0	0	0	0
82	0	0	701	661	1009	2686	0	0	0	0
83	0	0	703	659	1011	2685	0	0	0	0
84	0	0	703	660	1013	2685	0	0	0	0
85	0	0	703	659	1016	2686	0	0	0	0
86	0	0	704	658	1017	2686	0	0	0	0
87	0	0	705	658	1019	2690	0	0	0	0
88	0	0	703	657	1017	2692	0	0	0	0
89	0	0	703	655	1019	2693	0	0	0	0
90	0	0	701	655	1020	2693	0	0	0	0
91	0	0	701	654	1022	2694	0	0	0	0
92	0	0	699	652	1023	2696	0	0	0	0
93	0	0	698	653	1023	2696	0	0	0	0
94	0	0	698	652	1025	2695	0	0	0	0
95	0	0	698	653	1026	2694	0	0	0	0
96	0	0	698	651	1027	2697	0	0	0	0
97	0	0	700	652	1027	2695	0	0	0	0
98	0	0	702	652	1028	2694	0	0	0	0
99	0	0	703	650	1029	2695	0	0	0	0
100	0	0	707	649	1028	2695	0	0	0	0
101	0	0	711	647	1028	2696	0	0	0	0
102	0	0	714	645	1027	2693	0	0	0	0
103	0	0	718	645	1027	2694	0	0	0	0
104	0	0	719	645	1025	2698	0	0	0	0
105	0	0	721	643	1024	2702	0	0	0	0
106	0	0	723	640	1025	2702	0	0	0	0
107	0	0	724	640	1024	2701	0	0	0	0
108	0	0	725	640	1024	2701	0	0	0	0
109	0	0	727	639	1023	2704	0	0	0	0
110	0	0	729	639	1024	2706	0	0	0	0
111	0	0	728	639	1023	2709	0	0	0	0
112	0	0	727	638	1023	2711	0	0	0	0
113	0	0	727	640	1023	2711	0	0	0	0
114	0	0	729	638	1022	2710	0	0	0	0
115	0	0	731	639	1019	2712	0	0	0	0
116	0	0	733	639	1018	2712	0	0	0	0
117	0	0	734	639	1016	2710	0	0	0	0
118	0	0	734	637	1014	2710	0	0	0	0
119	0	0	734	639	1011	2713	0	0	0	0
120	0	0	735	638	1010	2716	0	0	0	0
121	0	0	735	640	1007	2718	0	0	0	0
122	0	0	735	638	1007	2716	0	0	0	0
123	0	0	735	637	1005	2713	0	0	0	0
124	0	0	734	637	1004	2711	0	0	0	0
125	0	0	736	635	1004	2713	0	0	0	0
126	0	0	736	632	1004	2716	0	0	0	0
127	0	0	737	632	1003	2716	0	0	0	0
0	0	0	735	630	1002	2717	0	0	0	0
1	0	0	738	628	1002	2718	0	0	0	0
2	0	0	739	629	1002	2721	0	0	0	0
3	0	0	739	629	1001	2722	0	0	0	0
4	0	0	740	627	999	2726	0	0	0	0
5	0	0	741	625	998	2726	0	0	0	0
6	0	0	743	626	997	2721	0	0	0	0
7	0	0	743	626	995	2723	0	0	0	0
8	0	0	743	625	995	2733	0	0	0	0
9	0	0	742	625	992	2742	0	0	0	0
10	0	0	743	624	992	2744	0	0	0	0
11	0	0	742	623	992	2743	0	0	0	0
12	0	0	743	623	989	2739	0	0	0	0
13	0	0	742	622	988	2742	0	0	0	0
14	0	0	742	623	988	2741	0	0	0	0
15	0	0	738	623	987	2739	0	0	0	0
16	0	0	740	624	985	2732	0	0	0	0
17	0	0	740	625	985	2738	0	0	0	0
18	0	0	738	625	982	2735	0	0	0	0
19	0	0	737	625	982	2738	0	0	0	0
20	0	0	735	624	983	2740	0	0	0	0
21	0	0	733	628	982	2738	0	0	0	0
22	0	0	733	626	982	2743	0	0	0	0
23	0	0	735	627	981	2738	0	0	0	0
24	0	0	732	630	979	2739	0	0	0	0
25	0	0	731	632	979	2736	0	0	0	0
26	0	0	728	634	977	2730	0	0	0	0
27	0	0	725	635	977	2725	0	0	0	0
28	0	0	723	632	978	2725	0	0	0	0
29	0	0	721	631	980	2727	0	0	0	0
30	0	0	718	628	983	2721	0	0	0	0
31	0	0	717	625	985	2718	0	0	0	0
32	0	0	716	623	983	2713	0	0	0	0
33	0	0	715	621	986	2722	0	0	0	0
34	0	0	714	620	987	2726	0	0	0	0
35	0	0	715	619	988	2727	0	0	0	0
36	0	0	715	618	990	2724	0	0	0	0
37	0	0	715	617	990	2721	0	0	0	0
38	0	0	716	616	992	2724	0	0	0	0
39	0	0	715	616	992	2708	0	0	0	0
40	0	0	715	617	993	2700	0	0	0	0
41	0	0	715	616	995	2708	0	0	0	0
42	0	0	715	616	995	2697	0	0	0	0
43	0	0	713	616	996	2688	0	0	0	0
44	0	0	714	616	996	2682	0	0	0	0
45	0	0	715	617	997	2673	0	0	0	0
46	0	0	715	615	997	2675	0	0	0	0
47	0	0	714	617	997	2675	0	0	0	0
48	0	0	712	618	995	2668	0	0	0	0
49	0	0	711	618	995	2663	0	0	0	0
50	0	0	711	620	996	2656	0	0	0	0
51	0	0	710	620	994	2648	0	0	0	0
52	0	0	709	621	993	2636	0	0	0	0
53	0	0	709	621	994	2628	0	0	0	0
54	0	0	710	622	993	2616	0	0	0	0
55	0	0	707	621	993	2598	0	0	0	0
56	0	0	710	622	992	2609	0	0	0	0
57	0	0	711	622	989	2604	0	0	0	0
58	0	0	710	623	988	2577	0	0	0	0
59	0	0	712	623	987	2550	0	0	0	0
60	0	0	714	622	985	2528	0	0	0	0
61	0	0	717	621	982	2526	0	0	0	0
62	0	0	719	622	980	2518	0	0	0	0
63	0	0	720	623	978	2486	0	0	0	0
64	0	0	721	623	976	2465	0	0	0	0
65	0	0	723	625	975	2460	0	0	0	0
66	0	0	725	625	973	2443	0	0	0	0
67	0	0	727	625	972	2425	0	0	0	0
68	0	0	728	627	969	2422	0	0	0	0
69	0	0	730	629	965	2423	0	0	0	0
70	0	0	732	630	963	2391	0	0	0	0
71	0	0	733	632	960	2387	0	0	0	0
72	0	0	732	634	957	2382	0	0	0	0
73	0	0	733	634	956	2373	0	0	0	0
74	0	0	731	636	954	2352	0	0	0	0
75	0	0	730	638	951	2346	0	0	0	0
76	0	0	728	639	949	2343	0	0	0	0
77	0	0	729	641	947	2329	0	0	0	0
78	0	0	727	639	945	2302	0	0	0	0
79	0	0	728	641	943	2264	0	0	0	0
80	0	0	727	642	942	2241	0	0	0	0
81	0	0	724	643	938	2225	0	0	0	0
82	0	0	723	645	937	2219	0	0	0	0
83	0	0	720	646	933	2171	0	0	0	0
84	0	0	718	648	931	2139	0	0	0	0
85	0	0	717	650	929	2117	0	0	0	0
86	0	0	715	653	926	2062	0	0	0	0
87	0	0	713	655	924	2049	0	0	0	0
88	0	0	712	656	921	2015	0	0	0	0
89	0	0	713	659	919	1979	0	0	0	0
90	0	0	712	660	917	1960	0	0	0	0
91	0	0	712	662	913	1924	0	0	0	0
92	0	0	714	663	912	1887	0	0	0	0
93	0	0	715	665	909	1873	0	0	0	0
94	0	0	716	667	906	1846	0	0	0	0
95	0	0	718	670	903	1808	0	0	0	0
96	0	0	719	673	899	1704	0	0	0	0
97	0	0	720	676	896	1594	0	0	0	0
98	0	0	723	678	893	1520	0	0	0	0
99	0	0	726	681	889	1430	0	0	0	0
100	0	0	728	682	886	1347	0	0	0	0
101	0	0	730	683	883	1228	0	0	0	0
102	0	0	731	686	880	1226	0	0	0	0
103	0	0	731	687	877	1173	0	0	0	0
104	0	0	733	691	873	1008	0	0	0	0
105	0	0	734	694	871	844	0	0	0	0
106	0	0	735	697	869	732	0	0	0	0
107	0	0	734	699	867	569	0	0	0	0
108	0	0	737	699	865	521	0	0	0	0
109	0	0	738	702	864	393	0	0	0	0
110	0	0	736	704	861	316	0	0	0	0
111	0	0	736	706	859	181	0	0	0	0
112	0	0	736	709	858	107	0	0	0	0
113	0	0	736	710	855	53	0	0	0	0
114	0	0	738	715	854	73	0	0	0	0
115	0	0	738	720	852	48	0	0	0	0
116	0	0	737	725	848	42	0	0	0	0
117	0	0	738	729	846	30	0	0	0	0
118	0	0	741	734	845	22	0	0	0	0
119	0	0	742	739	844	29	0	0	0	0
120	0	0	743	744	842	35	0	0	0	0
121	0	0	745	749	840	45	0	0	0	0
122	0	0	747	754	838	44	0	0	0	0
123	0	0	748	759	839	62	0	0	0	0
124	0	0	750	764	836	96	0	0	0	0
125	0	0	752	768	835	116	0	0	0	0
126	0	0	754	775	832	119	0	0	0	0
127	0	0	754	779	831	114	0	0	0	0
0	0	0	757	785	831	111	0	0	0	0
1	0	0	758	788	829	112	0	0	0	0
2	0	0	760	793	828	111	0	0	0	0
3	0	0	762	799	826	108	0	0	0	0
4	0	0	766	804	825	109	0	0	0	0
5	0	0	767	810	822	112	0	0	0	0
6	0	0	770	813	822	113	0	0	0	0
7	0	0	771	818	821	113	0	0	0	0
8	0	0	772	822	820	117	0	0	0	0
9	0	0	773	825	821	132	0	0	0	0
10	0	0	774	829	820	127	0	0	0	0
11	0	0	775	833	819	117	0	0	0	0
12	0	0	775	837	816	116	0	0	0	0
13	0	0	779	841	815	116	0	0	0	0
14	0	0	783	845	814	113	0	0	0	0
15	0	0	785	849	811	109	0	0	0	0
16	0	0	785	853	808	115	0	0	0	0
17	0	0	786	857	807	115	0	0	0	0
18	0	0	789	861	804	106	0	0	0	0
19	0	0	793	863	801	97	0	0	0	0
20	0	0	795	866	799	96	0	0	0	0
21	0	0	796	871	796	96	0	0	0	0
22	0	0	798	873	794	97	0	0	0	0
23	0	0	804	878	792	90	0	0	0	0
24	0	0	803	881	790	91	0	0	0	0
25	0	0	806	884	787	82	0	0	0	0
26	0	0	807	888	782	22	0	0	0	0
27	0	0	808	894	779	16	0	0	0	0
28	0	0	810	900	773	15	0	0	0	0
29	0	0	812	905	769	20	0	0	0	0
30	0	0	814	910	765	20	0	0	0	0
31	0	0	816	915	762	16	0	0	0	0
32	0	0	815	919	758	15	0	0	0	0
33	0	0	814	923	755	17	0	0	0	0
34	0	0	817	928	751	16	0	0	0	0
35	0	0	816	934	748	16	0	0	0	0
36	0	0	813	937	744	20	0	0	0	0
37	0	0	813	940	741	20	0	0	0	0
38	0	0	817	944	740	15	0	0	0	0
39	0	0	815	948	736	10	0	0	0	0
40	0	0	813	952	735	9	0	0	0	0
41	0	0	817	957	734	8	0	0	0	0
42	0	0	815	959	733	4	0	0	0	0
43	0	0	814	962	733	1	0	0	0	0
44	0	0	816	965	733	0	0	0	0	0
45	0	0	816	966	732	1	0	0	0	0
46	0	0	812	970	732	0	0	0	0	0
47	0	0	812	972	733	1	0	0	0	0
48	0	0	812	972	735	5	0	0	0	0
49	0	0	810	972	738	10	0	0	0	0
50	0	0	807	970	740	10	0	0	0	0
51	0	0	804	970	742	10	0	0	0	0
52	0	0	802	970	743	11	0	0	0	0
53	0	0	800	971	744	13	0	0	0	0
54	0	0	795	973	746	11	0	0	0	0
55	0	0	792	971	748	9	0	0	0	0
56	0	0	785	972	749	15	0	0	0	0
57	0	0	780	971	750	15	0	0	0	0
58	0	0	779	971	749	9	0	0	0	0
59	0	0	775	970	749	4	0	0	0	0
60	0	0	770	971	748	3	0	0	0	0
61	0	0	764	971	748	1	0	0	0	0
62	0	0	765	972	747	0	0	0	0	0
63	0	0	760	971	748	0	0	0	0	0
64	0	0	756	970	747	0	0	0	0	0
65	0	0	753	969	745	0	0	0	0	0
66	0	0	749	968	742	0	0	0	0	0
67	0	0	750	967	742	0	0	0	0	0
68	0	0	747	965	742	2	0	0	0	0
69	0	0	747	964	740	3	0	0	0	0
70	0	0	746	963	737	3	0	0	0	0
71	0	0	746	959	736	5	0	0	0	0
72	0	0	746	957	735	7	0	0	0	0
73	0	0	746	956	733	10	0	0	0	0
74	0	0	746	953	734	8	0	0	0	0
75	0	0	746	950	733	6	0	0	0	0
76	0	0	746	949	732	9	0	0	0	0
77	0	0	748	946	731	7	0	0	0	0
78	0	0	749	945	731	0	0	0	0	0
79	0	0	751	943	731	0	0	0	0	0
80	0	0	752	939	730	0	0	0	0	0
81	0	0	753	938	729	0	0	0	0	0
82	0	0	754	938	729	0	0	0	0	0
83	0	0	755	935	729	0	0	0	0	0
84	0	0	755	933	729	0	0	0	0	0
85	0	0	757	931	730	0	0	0	0	0
86	0	0	757	928	729	0	0	0	0	0
87	0	0	758	925	731	0	0	0	0	0
88	0	0	759	922	729	0	0	0	0	0
89	0	0	760	918	732	0	0	0	0	0
90	0	0	760	913	731	0	0	0	0	0
91	0	0	762	908	733	0	0	0	0	0
92	0	0	763	902	735	0	0	0	0	0
93	0	0	763	897	735	4	0	0	0	0
94	0	0	766	891	739	5	0	0	0	0
95	0	0	768	884	740	5	0	0	0	0
96	0	0	769	877	741	10	0	0	0	0
97	0	0	771	871	743	10	0	0	0	0
98	0	0	772	864	744	4	0	0	0	0
99	0	0	775	857	747	1	0	0	0	0
100	0	0	776	851	749	0	0	0	0	0
101	0	0	777	844	752	0	0	0	0	0
102	0	0	778	838	754	0	0	0	0	0
103	0	0	780	832	756	0	0	0	0	0
104	0	0	781	827	758	0	0	0	0	0
105	0	0	780	821	759	0	0	0	0	0
106	0	0	781	815	761	0	0	0	0	0
107	0	0	782	811	763	0	0	0	0	0
108	0	0	782	807	765	0	0	0	0	0
109	0	0	782	802	767	2	0	0	0	0
110	0	0	783	797	768	2	0	0	0	0
111	0	0	782	794	770	3	0	0	0	0
112	0	0	779	790	772	4	0	0	0	0
113	0	0	780	787	773	6	0	0	0	0
114	0	0	780	784	776	4	0	0	0	0
115	0	0	780	781	777	3	0	0	0	0
116	0	0	779	777	778	9	0	0	0	0
117	0	0	779	776	779	8	0	0	0	0
118	0	0	780	774	780	3	0	0	0	0
119	0	0	780	772	782	0	0	0	0	0
120	0	0	780	770	781	0	0	0	0	0
121	0	0	781	768	781	0	0	0	0	0
122	0	0	781	766	781	0	0	0	0	0
123	0	0	781	765	783	0	0	0	0	0
124	0	0	782	763	784	0	0	0	0	0
125	0	0	782	762	785	0	0	0	0	0
126	0	0	784	760	785	0	0	0	0	0
127	0	0	784	758	787	0	0	0	0	0
0	0	0	785	756	788	0	0	0	0	0
1	0	0	787	754	790	0	0	0	0	0
2	0	0	787	752	790	0	0	0	0	0
3	0	0	788	750	794	0	0	0	0	0
4	0	0	787	747	794	1	0	0	0	0
5	0	0	790	746	796	4	0	0	0	0
6	0	0	792	743	797	3	0	0	0	0
7	0	0	792	741	798	1	0	0	0	0
8	0	0	791	741	798	6	0	0	0	0
9	0	0	792	740	798	6	0	0	0	0
10	0	0	792	739	798	0	0	0	0	0
11	0	0	792	738	797	0	0	0	0	0
12	0	0	793	737	798	0	0	0	0	0
13	0	0	793	737	799	0	0	0	0	0
14	0	0	794	735	800	0	0	0	0	0
15	0	0	793	735	800	0	0	0	0	0
16	0	0	795	734	800	0	0	0	0	0
17	0	0	794	734	800	0	0	0	0	0
18	0	0	794	734	800	0	0	0	0	0
19	0	0	794	735	799	0	0	0	0	0
20	0	0	795	735	799	0	0	0	0	0
21	0	0	795	735	797	0	0	0	0	0
22	0	0	794	735	797	0	0	0	0	0
23	0	0	793	736	797	0	0	0	0	0
24	0	0	794	736	797	1	0	0	0	0
25	0	0	793	736	797	4	0	0	0	0
26	0	0	794	737	796	2	0	0	0	0
27	0	0	794	736	796	0	0	0	0	0
28	0	0	794	736	795	5	0	0	0	0
29	0	0	793	737	795	5	0	0	0	0
30	0	0	792	737	793	2	0	0	0	0
31	0	0	791	737	793	0	0	0	0	0
32	0	0	791	738	792	0	0	0	0	0
33	0	0	790	738	792	0	0	0	0	0
34	0	0	789	737	789	0	0	0	0	0
35	0	0	790	739	789	0	0	0	0	0
36	0	0	789	739	788	0	0	0	0	0
37	0	0	788	739	787	0	0	0	0	0
38	0	0	786	739	786	0	0	0	0	0
39	0	0	787	741	784	0	0	0	0	0
40	0	0	786	742	783	0	0	0	0	0
41	0	0	786	742	782	0	0	0	0	0
42	0	0	785	742	780	0	0	0	0	0
43	0	0	785	743	779	2	0	0	0	0
44	0	0	785	743	778	4	0	0	0	0
45	0	0	785	745	777	7	0	0	0	0
46	0	0	786	745	775	6	0	0	0	0
47	0	0	785	746	773	2	0	0	0	0
48	0	0	786	747	773	7	0	0	0	0
49	0	0	787	749	771	7	0	0	0	0
50	0	0	787	749	769	2	0	0	0	0
51	0	0	786	749	768	0	0	0	0	0
52	0	0	786	750	766	0	0	0	0	0
53	0	0	786	751	766	0	0	0	0	0
54	0	0	786	751	764	0	0	0	0	0
55	0	0	786	752	763	0	0	0	0	0
56	0	0	786	752	763	0	0	0	0	0
57	0	0	787	753	762	0	0	0	0	0
58	0	0	786	753	759	0	0	0	0	0
59	0	0	785	752	760	0	0	0	0	0
60	0	0	786	754	758	0	0	0	0	0
61	0	0	786	754	757	2	0	0	0	0
62	0	0	785	754	755	3	0	0	0	0
63	0	0	786	754	754	4	0	0	0	0
64	0	0	787	754	754	5	0	0	0	0
65	0	0	786	753	753	7	0	0	0	0
66	0	0	788	753	754	6	0	0	0	0
67	0	0	789	753	753	3	0	0	0	0
68	0	0	790	753	751	8	0	0	0	0
69	0	0	790	755	751	8	0	0	0	0
70	0	0	791	755	750	2	0	0	0	0
71	0	0	794	756	751	0	0	0	0	0
72	0	0	794	756	749	0	0	0	0	0
73	0	0	796	755	748	0	0	0	0	0
74	0	0	796	756	747	0	0	0	0	0
75	0	0	797	757	746	1	0	0	0	0
76	0	0	798	756	746	0	0	0	0	0
77	0	0	799	756	746	0	0	0	0	0
78	0	0	800	756	745	0	0	0	0	0
79	0	0	801	756	744	0	0	0	0	0
80	0	0	800	756	744	0	0	0	0	0
81	0	0	803	758	743	0	0	0	0	0
82	0	0	803	757	742	0	0	0	0	0
83	0	0	803	758	743	0	0	0	0	0
84	0	0	805	759	742	2	0	0	0	0
85	0	0	804	759	742	3	0	0	0	0
86	0	0	805	759	741	3	0	0	0	0
87	0	0	807	760	742	1	0	0	0	0
88	0	0	808	760	741	5	0	0	0	0
89	0	0	807	760	742	5	0	0	0	0
90	0	0	808	761	743	0	0	0	0	0
91	0	0	808	761	743	0	0	0	0	0
92	0	0	810	761	745	0	0	0	0	0
93	0	0	809	761	745	0	0	0	0	0
94	0	0	810	761	747	0	0	0	0	0
95	0	0	811	761	747	0	0	0	0	0
96	0	0	811	762	749	0	0	0	0	0
97	0	0	813	762	750	0	0	0	0	0
98	0	0	814	762	752	0	0	0	0	0
99	0	0	815	763	752	0	0	0	0	0
100	0	0	817	761	755	0	0	0	0	0
101	0	0	818	762	756	0	0	0	0	0
102	0	0	819	761	758	0	0	0	0	0
103	0	0	821	761	760	0	0	0	0	0
104	0	0	821	762	761	0	0	0	0	0
105	0	0	821	762	764	1	0	0	0	0
106	0	0	822	763	765	0	0	0	0	0
107	0	0	821	764	766	0	0	0	0	0
108	0	0	822	764	767	3	0	0	0	0
109	0	0	823	764	769	2	0	0	0	0
110	0	0	823	764	772	0	0	0	0	0
111	0	0	823	765	773	0	0	0	0	0
112	0	0	823	765	775	0	0	0	0	0
113	0	0	824	765	775	0	0	0	0	0
114	0	0	823	766	776	0	0	0	0	0
115	0	0	823	767	778	0	0	0	0	0
116	0	0	823	768	779	0	0	0	0	0
117	0	0	823	768	779	0	0	0	0	0
118	0	0	823	768	779	0	0	0	0	0
119	0	0	824	769	781	0	0	0	0	0
120	0	0	824	770	782	0	0	0	0	0
121	0	0	825	770	783	0	0	0	0	0
122	0	0	824	770	784	0	0	0	0	0
123	0	0	825	770	783	0	0	0	0	0
124	0	0	826	770	783	0	0	0	0	0
125	0	0	825	772	783	0	0	0	0	0
126	0	0	826	772	784	0	0	0	0	0
127	0	0	826	772	784	0	0	0	0	0
0	0	0	826	772	783	5	0	0	0	0
1	0	0	825	772	784	4	0	0	0	0
2	0	0	825	772	784	0	0	0	0	0
3	0	0	825	773	784	0	0	0	0	0
4	0	0	825	772	784	0	0	0	0	0
5	0	0	824	773	785	0	0	0	0	0
6	0	0	824	772	784	0	0	0	0	0
7	0	0	822	772	785	0	0	0	0	0
8	0	0	821	773	786	0	0	0	0	0
9	0	0	820	772	786	0	0	0	0	0
10	0	0	820	773	786	0	0	0	0	0
11	0	0	819	772	785	0	0	0	0	0
12	0	0	818	773	786	0	0	0	0	0
13	0	0	817	773	787	0	0	0	0	0
14	0	0	816	773	787	0	0	0	0	0
15	0	0	816	772	786	0	0	0	0	0
16	0	0	815	773	787	0	0	0	0	0
17	0	0	815	773	787	3	0	0	0	0
18	0	0	814	772	787	2	0	0	0	0
19	0	0	813	773	787	1	0	0	0	0
20	0	0	811	774	786	5	0	0	0	0
21	0	0	812	774	786	5	0	0	0	0
22	0	0	813	775	786	0	0	0	0	0
23	0	0	812	774	786	0	0	0	0	0
24	0	0	813	775	784	0	0	0	0	0
25	0	0	812	775	785	0	0	0	0	0
26	0	0	810	775	784	0	0	0	0	0
27	0	0	809	776	784	0	0	0	0	0
28	0	0	808	776	785	0	0	0	0	0
29	0	0	807	776	783	0	0	0	0	0
30	0	0	806	776	784	0	0	0	0	0
31	0	0	804	776	783	0	0	0	0	0
32	0	0	802	776	784	0	0	0	0	0
33	0	0	801	777	784	0	0	0	0	0
34	0	0	799	777	784	0	0	0	0	0
35	0	0	798	779	784	0	0	0	0	0
36	0	0	796	779	784	0	0	0	0	0
37	0	0	793	781	784	3	0	0	0	0
38	0	0	791	782	784	2	0	0	0	0
39	0	0	790	783	784	2	0	0	0	0
40	0	0	789	784	784	6	0	0	0	0
41	0	0	786	784	784	5	0	0	0	0
42	0	0	787	785	785	1	0	0	0	0
43	0	0	786	784	786	0	0	0	0	0
44	0	0	785	785	786	0	0	0	0	0
45	0	0	786	786	784	0	0	0	0	0
46	0	0	784	787	783	0	0	0	0	0
47	0	0	784	786	782	0	0	0	0	0
48	0	0	784	785	781	0	0	0	0	0
49	0	0	785	785	781	0	0	0	0	0
50	0	0	785	784	779	0	0	0	0	0
51	0	0	785	783	777	0	0	0	0	0
52	0	0	785	783	777	0	0	0	0	0
53	0	0	785	783	774	0	0	0	0	0
54	0	0	786	783	771	0	0	0	0	0
55	0	0	786	783	771	0	0	0	0	0
56	0	0	786	783	769	1	0	0	0	0
57	0	0	786	782	768	4	0	0	0	0
58	0	0	786	782	767	2	0	0	0	0
59	0	0	784	783	766	0	0	0	0	0
60	0	0	784	783	765	4	0	0	0	0
61	0	0	783	783	764	3	0	0	0	0
62	0	0	783	783	764	0	0	0	0	0
63	0	0	783	782	764	0	0	0	0	0
64	0	0	782	782	763	0	0	0	0	0
65	0	0	783	783	764	0	0	0	0	0
66	0	0	784	783	763	0	0	0	0	0
67	0	0	783	781	763	0	0	0	0	0
68	0	0	785	781	762	0	0	0	0	0
69	0	0	786	781	762	0	0	0	0	0
70	0	0	787	781	760	0	0	0	0	0
71	0	0	788	780	757	0	0	0	0	0
72	0	0	789	780	759	0	0	0	0	0
73	0	0	791	780	758	0	0	0	0	0
74	0	0	793	781	757	0	0	0	0	0
75	0	0	791	781	756	0	0	0	0	0
76	0	0	794	781	756	0	0	0	0	0
77	0	0	796	781	755	0	0	0	0	0
78	0	0	796	782	755	0	0	0	0	0
79	0	0	798	783	754	0	0	0	0	0
80	0	0	798	783	754	0	0	0	0	0
81	0	0	799	783	753	0	0	0	0	0
82	0	0	800	785	754	0	0	0	0	0
83	0	0	801	787	754	1	0	0	0	0
84	0	0	798	790	755	0	0	0	0	0
85	0	0	796	792	757	0	0	0	0	0
86	0	0	797	795	760	0	0	0	0	0
87	0	0	797	797	761	0	0	0	0	0
88	0	0	796	798	763	56	0	0	0	0
89	0	0	794	801	764	95	0	0	0	0
90	0	0	791	806	767	224	0	0	0	0
91	0	0	786	809	772	768	0	0	0	0
92	0	0	781	815	777	1359	0	0	0	0
93	0	0	778	821	782	1670	0	0	0	0
94	0	0	776	826	788	1864	0	0	0	0
95	0	0	775	829	791	1923	0	0	0	0
96	0	0	778	828	792	1943	0	0	0	0
97	0	0	774	827	793	1944	0	0	0	0
98	0	0	771	825	792	1946	0	0	0	0
99	0	0	769	823	790	1991	0	0	0	0
100	0	0	766	822	789	2056	0	0	0	0
101	0	0	765	822	789	2101	0	0	0	0
102	0	0	762	824	794	2163	0	0	0	0
103	0	0	759	829	799	2217	0	0	0	0
104	0	0	754	833	806	2270	0	0	0	0
105	0	0	752	838	809	2327	0	0	0	0
106	0	0	751	842	813	2420	0	0	0	0
107	0	0	750	847	816	2485	0	0	0	0
108	0	0	751	850	817	2563	0	0	0	0
109	0	0	753	851	819	2636	0	0	0	0
110	0	0	756	852	822	2679	0	0	0	0
111	0	0	758	853	824	2730	0	0	0	0
112	0	0	758	854	827	2779	0	0	0	0
113	0	0	756	856	829	2834	0	0	0	0
114	0	0	755	857	832	2868	0	0	0	0
115	0	0	751	858	834	2895	0	0	0	0
116	0	0	747	859	838	2914	0	0	0	0
117	0	0	742	860	843	2921	0	0	0	0
118	0	0	736	860	845	2918	0	0	0	0
119	0	0	731	859	850	2896	0	0	0	0
120	0	0	726	860	854	2871	0	0	0	0
121	0	0	720	861	859	2848	0	0	0	0
122	0	0	713	862	865	2812	0	0	0	0
123	0	0	705	863	871	2800	0	0	0	0
124	0	0	697	867	880	2785	0	0	0	0
125	0	0	687	878	896	2756	0	0	0	0
126	0	0	674	894	918	2723	0	0	0	0
127	0	0	645	919	945	2672	0	0	0	0
0	0	0	597	947	975	2557	0	0	0	0
1	0	0	535	982	1008	2464	0	0	0	0
2	0	0	462	1010	1037	2383	0	0	0	0
3	0	0	387	1030	1063	2311	0	0	0	0
4	0	0	321	1041	1088	2210	0	0	0	0
5	0	0	267	1040	1107	2180	0	0	0	0
6	0	0	235	1026	1120	2179	0	0	0	0
7	0	0	242	999	1120	2202	0	0	0	0
8	0	0	296	970	1120	2269	0	0	0	0
9	0	0	370	948	1125	2323	0	0	0	0
10	0	0	442	920	1136	2364	0	0	0	0
11	0	0	509	875	1151	2366	0	0	0	0
12	0	0	562	835	1165	2379	0	0	0	0
13	0	0	590	806	1180	2392	0	0	0	0
14	0	0	598	793	1191	2356	0	0	0	0
15	0	0	587	793	1209	2329	0	0	0	0
16	0	0	566	799	1236	2331	0	0	0	0
17	0	0	554	799	1267	2303	0	0	0	0
18	0	0	564	795	1298	2279	0	0	0	0
19	0	0	596	780	1319	2291	0	0	0	0
20	0	0	650	746	1330	2318	0	0	0	0
21	0	0	709	688	1340	2359	0	0	0	0
22	0	0	758	611	1358	2414	0	0	0	0
23	0	0	809	522	1382	2476	0	0	0	0
24	0	0	868	423	1392	2528	0	0	0	0
25	0	0	924	324	1374	2573	0	0	0	0
26	0	0	979	233	1315	2621	0	0	0	0
27	0	0	1027	155	1247	2650	0	0	0	0
28	0	0	1063	102	1170	2679	0	0	0	0
29	0	0	1091	72	1100	2704	0	0	0	0
30	0	0	1115	53	1051	2718	0	0	0	0
31	0	0	1136	43	1023	2751	0	0	0	0
32	0	0	1143	36	1015	2766	0	0	0	0
33	0	0	1139	33	1001	2771	0	0	0	0
34	0	0	1115	33	1020	2774	0	0	0	0
35	0	0	1103	30	1039	2777	0	0	0	0
36	0	0	1071	28	1049	2780	0	0	0	0
37	0	0	1026	31	1052	2778	0	0	0	0
38	0	0	971	39	1049	2783	0	0	0	0
39	0	0	920	71	1044	2789	0	0	0	0
40	0	0	875	112	1045	2796	0	0	0	0
41	0	0	830	141	1054	2806	0	0	0	0
42	0	0	791	159	1073	2804	0	0	0	0
43	0	0	760	173	1098	2809	0	0	0	0
44	0	0	725	186	1126	2817	0	0	0	0
45	0	0	690	201	1157	2826	0	0	0	0
46	0	0	663	210	1184	2827	0	0	0	0
47	0	0	639	227	1217	2819	0	0	0	0
48	0	0	613	232	1248	2817	0	0	0	0
49	0	0	600	229	1280	2823	0	0	0	0
50	0	0	582	213	1321	2832	0	0	0	0
51	0	0	571	193	1357	2844	0	0	0	0
52	0	0	559	175	1385	2854	0	0	0	0
53	0	0	550	162	1403	2856	0	0	0	0
54	0	0	539	151	1413	2863	0	0	0	0
55	0	0	533	148	1414	2870	0	0	0	0
56	0	0	531	150	1403	2879	0	0	0	0
57	0	0	539	156	1393	2882	0	0	0	0
58	0	0	558	164	1375	2881	0	0	0	0
59	0	0	587	176	1356	2878	0	0	0	0
60	0	0	623	189	1336	2880	0	0	0	0
61	0	0	660	203	1319	2885	0	0	0	0
62	0	0	695	217	1297	2885	0	0	0	0
63	0	0	727	234	1281	2890	0	0	0	0
64	0	0	756	251	1264	2893	0	0	0	0
65	0	0	779	271	1249	2891	0	0	0	0
66	0	0	799	289	1230	2889	0	0	0	0
67	0	0	815	307	1213	2886	0	0	0	0
68	0	0	828	325	1193	2887	0	0	0	0
69	0	0	839	342	1170	2887	0	0	0	0
70	0	0	844	358	1147	2888	0	0	0	0
71	0	0	845	375	1126	2888	0	0	0	0
72	0	0	847	392	1105	2890	0	0	0	0
73	0	0	844	408	1086	2893	0	0	0	0
74	0	0	842	418	1070	2891	0	0	0	0
75	0	0	840	428	1053	2892	0	0	0	0
76	0	0	840	437	1035	2890	0	0	0	0
77	0	0	841	444	1017	2891	0	0	0	0
78	0	0	839	450	1001	2894	0	0	0	0
79	0	0	837	454	986	2896	0	0	0	0
80	0	0	834	463	972	2899	0	0	0	0
81	0	0	828	471	956	2898	0	0	0	0
82	0	0	822	477	944	2899	0	0	0	0
83	0	0	819	486	932	2900	0	0	0	0
84	0	0	818	492	923	2899	0	0	0	0
85	0	0	818	503	914	2899	0	0	0	0
86	0	0	817	512	907	2898	0	0	0	0
87	0	0	817	521	901	2897	0	0	0	0
88	0	0	819	528	897	2898	0	0	0	0
89	0	0	820	535	893	2900	0	0	0	0
90	0	0	818	546	888	2899	0	0	0	0
91	0	0	816	553	884	2899	0	0	0	0
92	0	0	816	565	881	2901	0	0	0	0
93	0	0	813	576	878	2901	0	0	0	0
94	0	0	809	584	874	2900	0	0	0	0
95	0	0	806	593	872	2902	0	0	0	0
96	0	0	804	600	870	2903	0	0	0	0
97	0	0	802	606	866	2903	0	0	0	0
98	0	0	802	613	862	2904	0	0	0	0
99	0	0	800	619	859	2905	0	0	0	0
100	0	0	801	623	858	2906	0	0	0	0
101	0	0	800	628	858	2907	0	0	0	0
102	0	0	799	633	858	2908	0	0	0	0
103	0	0	797	638	860	2908	0	0	0	0
104	0	0	794	645	862	2908	0	0	0	0
105	0	0	792	649	865	2909	0	0	0	0
106	0	0	789	654	869	2909	0	0	0	0
107	0	0	788	655	875	2910	0	0	0	0
108	0	0	782	658	882	2910	0	0	0	0
109	0	0	783	659	888	2907	0	0	0	0
110	0	0	782	661	897	2903	0	0	0	0
111	0	0	780	660	905	2901	0	0	0	0
112	0	0	779	662	912	2901	0	0	0	0
113	0	0	778	663	919	2900	0	0	0	0
114	0	0	777	665	926	2898	0	0	0	0
115	0	0	776	666	932	2895	0	0	0	0
116	0	0	774	668	937	2893	0	0	0	0
117	0	0	776	671	943	2891	0	0	0	0
118	0	0	777	671	949	2887	0	0	0	0
119	0	0	779	671	953	2882	0	0	0	0
120	0	0	779	672	957	2868	0	0	0	0
121	0	0	781	674	960	2874	0	0	0	0
122	0	0	782	677	961	2876	0	0	0	0
123	0	0	784	679	962	2871	0	0	0	0
124	0	0	786	682	963	2867	0	0	0	0
125	0	0	786	685	962	2867	0	0	0	0
126	0	0	787	687	962	2860	0	0	0	0
127	0	0	788	691	962	2855	0	0	0	0
0	0	0	789	692	961	2854	0	0	0	0
1	0	0	790	694	961	2849	0	0	0	0
2	0	0	791	695	957	2842	0	0	0	0
3	0	0	793	698	956	2840	0	0	0	0
4	0	0	796	699	954	2837	0	0	0	0
5	0	0	798	699	952	2829	0	0	0	0
6	0	0	802	697	951	2823	0	0	0	0
7	0	0	804	696	950	2820	0	0	0	0
8	0	0	806	696	946	2814	0	0	0	0
9	0	0	807	694	944	2800	0	0	0	0
10	0	0	808	691	945	2796	0	0	0	0
11	0	0	811	691	944	2791	0	0	0	0
12	0	0	812	689	941	2783	0	0	0	0
13	0	0	812	686	940	2772	0	0	0	0
14	0	0	812	684	939	2767	0	0	0	0
15	0	0	812	682	937	2765	0	0	0	0
16	0	0	812	680	936	2761	0	0	0	0
17	0	0	812	675	934	2750	0	0	0	0
18	0	0	811	672	934	2739	0	0	0	0
19	0	0	811	669	933	2736	0	0	0	0
20	0	0	809	666	933	2730	0	0	0	0
21	0	0	806	663	932	2729	0	0	0	0
22	0	0	806	660	931	2709	0	0	0	0
23	0	0	804	657	932	2695	0	0	0	0
24	0	0	802	655	930	2683	0	0	0	0
25	0	0	801	652	930	2670	0	0	0	0
26	0	0	798	649	928	2661	0	0	0	0
27	0	0	796	647	929	2655	0	0	0	0
28	0	0	794	647	929	2647	0	0	0	0
29	0	0	789	648	927	2641	0	0	0	0
30	0	0	787	646	926	2636	0	0	0	0
31	0	0	784	645	926	2629	0	0	0	0
32	0	0	782	646	925	2621	0	0	0	0
33	0	0	781	646	924	2614	0	0	0	0
34	0	0	778	645	924	2608	0	0	0	0
35	0	0	775	645	924	2599	0	0	0	0
36	0	0	773	643	924	2590	0	0	0	0
37	0	0	771	645	925	2581	0	0	0	0
38	0	0	770	644	925	2573	0	0	0	0
39	0	0	768	643	925	2555	0	0	0	0
40	0	0	768	642	926	2543	0	0	0	0
41	0	0	766	641	925	2534	0	0	0	0
42	0	0	763	642	926	2520	0	0	0	0
43	0	0	762	642	926	2512	0	0	0	0
44	0	0	762	641	926	2503	0	0	0	0
45	0	0	761	640	927	2496	0	0	0	0
46	0	0	760	640	926	2493	0	0	0	0
47	0	0	759	639	925	2493	0	0	0	0
48	0	0	760	639	924	2488	0	0	0	0
49	0	0	757	640	923	2480	0	0	0	0
50	0	0	757	639	923	2473	0	0	0	0
51	0	0	757	639	922	2463	0	0	0	0
52	0	0	756	639	921	2454	0	0	0	0
53	0	0	755	638	920	2439	0	0	0	0
54	0	0	754	638	919	2438	0	0	0	0
55	0	0	754	639	918	2430	0	0	0	0
56	0	0	754	639	920	2418	0	0	0	0
57	0	0	753	639	917	2413	0	0	0	0
58	0	0	754	639	916	2403	0	0	0	0
59	0	0	754	638	915	2382	0	0	0	0
60	0	0	754	638	915	2366	0	0	0	0
61	0	0	754	638	915	2350	0	0	0	0
62	0	0	754	640	913	2347	0	0	0	0
63	0	0	755	641	910	2345	0	0	0	0
64	0	0	753	643	908	2344	0	0	0	0
65	0	0	754	645	906	2321	0	0	0	0
66	0	0	753	645	903	2304	0	0	0	0
67	0	0	754	648	902	2288	0	0	0	0
68	0	0	754	649	898	2276	0	0	0	0
69	0	0	753	650	896	2256	0	0	0	0
70	0	0	754	653	894	2252	0	0	0	0
71	0	0	755	655	893	2238	0	0	0	0
72	0	0	755	657	891	2224	0	0	0	0
73	0	0	756	660	888	2219	0	0	0	0
74	0	0	756	662	885	2202	0	0	0	0
75	0	0	757	666	883	2193	0	0	0	0
76	0	0	759	670	882	2177	0	0	0	0
77	0	0	759	673	879	2158	0	0	0	0
78	0	0	759	675	876	2143	0	0	0	0
79	0	0	760	679	873	2140	0	0	0	0
80	0	0	759	681	870	2122	0	0	0	0
81	0	0	760	682	868	2111	0	0	0	0
82	0	0	760	686	865	2086	0	0	0	0
83	0	0	761	688	862	2078	0	0	0	0
84	0	0	763	691	860	2079	0	0	0	0
85	0	0	763	693	857	2064	0	0	0	0
86	0	0	766	695	855	2034	0	0	0	0
87	0	0	766	698	851	2020	0	0	0	0
88	0	0	766	700	849	1996	0	0	0	0
89	0	0	768	701	847	2005	0	0	0	0
90	0	0	770	703	845	1984	0	0	0	0
91	0	0	770	705	843	1973	0	0	0	0
92	0	0	771	708	840	1952	0	0	0	0
93	0	0	771	711	837	1938	0	0	0	0
94	0	0	771	712	835	1920	0	0	0	0
95	0	0	774	715	832	1901	0	0	0	0
96	0	0	776	717	828	1870	0	0	0	0
97	0	0	776	719	826	1833	0	0	0	0
98	0	0	778	722	823	1819	0	0	0	0
99	0	0	778	725	820	1797	0	0	0	0
100	0	0	780	726	818	1769	0	0	0	0
101	0	0	781	728	817	1750	0	0	0	0
102	0	0	783	729	816	1752	0	0	0	0
103	0	0	782	730	814	1724	0	0	0	0
104	0	0	784	732	812	1714	0	0	0	0
105	0	0	784	734	810	1692	0	0	0	0
106	0	0	784	734	810	1682	0	0	0	0
107	0	0	786	736	809	1683	0	0	0	0
108	0	0	785	737	807	1654	0	0	0	0
109	0	0	786	739	805	1635	0	0	0	0
110	0	0	786	741	804	1619	0	0	0	0
111	0	0	785	743	804	1600	0	0	0	0
112	0	0	784	744	802	1594	0	0	0	0
113	0	0	784	744	802	1592	0	0	0	0
114	0	0	785	745	801	1566	0	0	0	0
115	0	0	784	748	800	1571	0	0	0	0
116	0	0	783	749	799	1550	0	0	0	0
117	0	0	784	750	799	1527	0	0	0	0
118	0	0	782	751	799	1504	0	0	0	0
119	0	0	782	753	799	1497	0	0	0	0
120	0	0	781	753	798	1499	0	0	0	0
121	0	0	779	755	797	1514	0	0	0	0
122	0	0	777	756	798	1524	0	0	0	0
123	0	0	777	756	798	1529	0	0	0	0
124	0	0	779	758	797	1537	0	0	0	0
125	0	0	777	759	797	1558	0	0	0	0
126	0	0	778	760	797	1561	0	0	0	0
127	0	0	775	760	798	1566	0	0	0	0
0	0	0	777	761	798	1573	0	0	0	0
1	0	0	776	763	798	1576	0	0	0	0
2	0	0	776	765	797	1581	0	0	0	0
3	0	0	776	765	798	1564	0	0	0	0
4	0	0	778	766	799	1551	0	0	0	0
5	0	0	777	767	798	1559	0	0	0	0
6	0	0	777	767	799	1564	0	0	0	0
7	0	0	776	769	801	1567	0	0	0	0
8	0	0	775	769	800	1565	0	0	0	0
9	0	0	776	769	799	1576	0	0	0	0
10	0	0	776	770	800	1581	0	0	0	0
11	0	0	776	770	801	1579	0	0	0	0
12	0	0	776	771	803	1582	0	0	0	0
13	0	0	777	773	802	1581	0	0	0	0
14	0	0	777	771	803	1577	0	0	0	0
15	0	0	775	773	803	1574	0	0	0	0
16	0	0	776	773	804	1571	0	0	0	0
17	0	0	776	773	804	1568	0	0	0	0
18	0	0	777	774	805	1538	0	0	0	0
19	0	0	777	775	805	1534	0	0	0	0
20	0	0	777	777	806	1530	0	0	0	0
21	0	0	777	777	806	1527	0	0	0	0
22	0	0	776	778	807	1528	0	0	0	0
23	0	0	776	778	808	1526	0	0	0	0
24	0	0	776	778	808	1518	0	0	0	0
25	0	0	775	779	809	1518	0	0	0	0
26	0	0	775	779	810	1505	0	0	0	0
27	0	0	775	779	812	1505	0	0	0	0
28	0	0	776	779	814	1511	0	0	0	0
29	0	0	775	778	814	1487	0	0	0	0
30	0	0	774	778	815	1487	0	0	0	0
31	0	0	773	778	815	1468	0	0	0	0
32	0	0	774	777	817	1437	0	0	0	0
33	0	0	773	775	817	1411	0	0	0	0
34	0	0	774	775	818	1401	0	0	0	0
35	0	0	775	775	818	1394	0	0	0	0
36	0	0	774	774	819	1359	0	0	0	0
37	0	0	775	774	820	1363	0	0	0	0
38	0	0	775	773	820	1366	0	0	0	0
39	0	0	775	773	821	1365	0	0	0	0
40	0	0	776	772	821	1371	0	0	0	0
41	0	0	776	772	822	1371	0	0	0	0
42	0	0	776	771	820	1366	0	0	0	0
43	0	0	776	771	822	1351	0	0	0	0
44	0	0	775	770	822	1320	0	0	0	0
45	0	0	777	770	823	1328	0	0	0	0
46	0	0	776	769	824	1328	0	0	0	0
47	0	0	778	768	826	1296	0	0	0	0
48	0	0	778	768	826	1310	0	0	0	0
49	0	0	778	767	827	1314	0	0	0	0
50	0	0	778	765	827	1320	0	0	0	0
51	0	0	780	765	829	1327	0	0	0	0
52	0	0	780	763	829	1326	0	0	0	0
53	0	0	781	761	830	1317	0	0	0	0
54	0	0	782	759	832	1312	0	0	0	0
55	0	0	783	758	832	1303	0	0	0	0
56	0	0	783	756	832	1297	0	0	0	0
57	0	0	783	754	833	1298	0	0	0	0
58	0	0	784	753	834	1297	0	0	0	0
59	0	0	784	750	834	1298	0	0	0	0
60	0	0	786	747	836	1306	0	0	0	0
61	0	0	787	745	836	1312	0	0	0	0
62	0	0	787	742	838	1306	0	0	0	0
63	0	0	787	740	838	1303	0	0	0	0
64	0	0	788	737	839	1302	0	0	0	0
65	0	0	789	734	839	1294	0	0	0	0
66	0	0	790	732	840	1287	0	0	0	0
67	0	0	791	729	838	1283	0	0	0	0
68	0	0	790	728	842	1286	0	0	0	0
69	0	0	790	724	842	1279	0	0	0	0
70	0	0	791	722	842	1281	0	0	0	0
71	0	0	790	720	843	1287	0	0	0	0
72	0	0	792	718	844	1291	0	0	0	0
73	0	0	792	714	845	1294	0	0	0	0
74	0	0	793	713	846	1305	0	0	0	0
75	0	0	794	709	846	1312	0	0	0	0
76	0	0	794	706	848	1322	0	0	0	0
77	0	0	794	704	849	1322	0	0	0	0
78	0	0	796	702	850	1328	0	0	0	0
79	0	0	794	699	850	1324	0	0	0	0
80	0	0	796	698	851	1323	0	0	0	0
81	0	0	796	692	853	1321	0	0	0	0
82	0	0	798	693	852	1327	0	0	0	0
83	0	0	797	693	854	1328	0	0	0	0
84	0	0	797	691	854	1331	0	0	0	0
85	0	0	798	689	856	1341	0	0	0	0
86	0	0	798	687	856	1351	0	0	0	0
87	0	0	797	686	857	1362	0	0	0	0
88	0	0	796	685	859	1371	0	0	0	0
89	0	0	795	683	860	1374	0	0	0	0
90	0	0	795	681	862	1378	0	0	0	0
91	0	0	794	679	863	1381	0	0	0	0
92	0	0	794	678	865	1396	0	0	0	0
93	0	0	795	676	868	1395	0	0	0	0
94	0	0	792	675	871	1406	0	0	0	0
95	0	0	792	673	873	1429	0	0	0	0
96	0	0	789	672	874	1457	0	0	0	0
97	0	0	789	670	876	1477	0	0	0	0
98	0	0	788	669	880	1492	0	0	0	0
99	0	0	787	667	881	1500	0	0	0	0
100	0	0	786	666	884	1507	0	0	0	0
101	0	0	784	664	886	1516	0	0	0	0
102	0	0	782	662	889	1528	0	0	0	0
103	0	0	784	662	892	1532	0	0	0	0
104	0	0	781	660	894	1548	0	0	0	0
105	0	0	782	659	896	1564	0	0	0	0
106	0	0	780	658	898	1567	0	0	0	0
107	0	0	779	657	901	1583	0	0	0	0
108	0	0	778	655	904	1590	0	0	0	0
109	0	0	776	653	906	1595	0	0	0	0
110	0	0	775	653	909	1603	0	0	0	0
111	0	0	773	651	911	1609	0	0	0	0
112	0	0	773	649	913	1612	0	0	0	0
113	0	0	771	648	915	1619	0	0	0	0
114	0	0	769	645	918	1629	0	0	0	0
115	0	0	768	645	920	1642	0	0	0	0
116	0	0	767	642	921	1638	0	0	0	0
117	0	0	766	641	922	1644	0	0	0	0
118	0	0	765	640	923	1647	0	0	0	0
119	0	0	764	639	924	1652	0	0	0	0
120	0	0	763	638	925	1649	0	0	0	0
121	0	0	762	637	926	1650	0	0	0	0
122	0	0	761	636	926	1652	0	0	0	0
123	0	0	758	635	925	1650	0	0	0	0
124	0	0	758	634	927	1650	0	0	0	0
125	0	0	757	633	927	1646	0	0	0	0
126	0	0	757	632	926	1643	0	0	0	0
127	0	0	754	630	927	1649	0	0	0	0
0	0	0	753	632	927	1653	0	0	0	0
1	0	0	753	631	927	1659	0	0	0	0
2	0	0	751	631	927	1664	0	0	0	0
3	0	0	749	630	928	1668	0	0	0	0
4	0	0	748	631	927	1671	0	0	0	0
5	0	0	747	629	927	1677	0	0	0	0
6	0	0	746	631	927	1681	0	0	0	0
7	0	0	746	632	926	1684	0	0	0	0
8	0	0	745	633	926	1689	0	0	0	0
9	0	0	744	633	926	1688	0	0	0	0
10	0	0	742	635	924	1688	0	0	0	0
11	0	0	743	634	924	1688	0	0	0	0
12	0	0	742	635	923	1689	0	0	0	0
13	0	0	742	635	922	1687	0	0	0	0
14	0	0	741	635	920	1688	0	0	0	0
15	0	0	740	636	921	1691	0	0	0	0
16	0	0	740	637	920	1692	0	0	0	0
17	0	0	739	637	918	1691	0	0	0	0
18	0	0	739	638	917	1692	0	0	0	0
19	0	0	740	638	917	1692	0	0	0	0
20	0	0	739	639	914	1693	0	0	0	0
21	0	0	740	640	913	1694	0	0	0	0
22	0	0	741	641	911	1691	0	0	0	0
23	0	0	741	641	910	1687	0	0	0	0
24	0	0	742	643	908	1677	0	0	0	0
25	0	0	743	645	907	1675	0	0	0	0
26	0	0	743	645	905	1673	0	0	0	0
27	0	0	744	646	904	1670	0	0	0	0
28	0	0	745	646	902	1667	0	0	0	0
29	0	0	747	649	901	1663	0	0	0	0
30	0	0	747	647	900	1661	0	0	0	0
31	0	0	747	652	897	1659	0	0	0	0
32	0	0	748	653	894	1656	0	0	0	0
33	0	0	749	655	894	1648	0	0	0	0
34	0	0	750	656	891	1641	0	0	0	0
35	0	0	751	658	891	1633	0	0	0	0
36	0	0	752	660	889	1632	0	0	0	0
37	0	0	753	661	889	1634	0	0	0	0
38	0	0	753	662	886	1631	0	0	0	0
39	0	0	754	664	884	1631	0	0	0	0
40	0	0	754	665	884	1629	0	0	0	0
41	0	0	754	665	883	1627	0	0	0	0
42	0	0	755	667	881	1623	0	0	0	0
43	0	0	756	669	881	1626	0	0	0	0
44	0	0	757	669	880	1619	0	0	0	0
45	0	0	757	670	879	1617	0	0	0	0
46	0	0	758	671	878	1614	0	0	0	0
47	0	0	758	673	876	1608	0	0	0	0
48	0	0	758	675	875	1606	0	0	0	0
49	0	0	758	676	874	1605	0	0	0	0
50	0	0	760	678	872	1601	0	0	0	0
51	0	0	760	680	871	1600	0	0	0	0
52	0	0	762	681	870	1600	0	0	0	0
53	0	0	763	682	869	1598	0	0	0	0
54	0	0	764	684	868	1594	0	0	0	0
55	0	0	764	685	867	1593	0	0	0	0
56	0	0	763	686	868	1588	0	0	0	0
57	0	0	764	688	866	1589	0	0	0	0
58	0	0	764	689	865	1583	0	0	0	0
59	0	0	764	689	863	1582	0	0	0	0
60	0	0	766	693	863	1573	0	0	0	0
61	0	0	765	694	862	1573	0	0	0	0
62	0	0	767	695	862	1572	0	0	0	0
63	0	0	768	697	862	1575	0	0	0	0
64	0	0	769	698	862	1577	0	0	0	0
65	0	0	769	700	861	1580	0	0	0	0
66	0	0	769	700	860	1576	0	0	0	0
67	0	0	770	701	859	1577	0	0	0	0
68	0	0	770	702	859	1581	0	0	0	0
69	0	0	771	704	859	1585	0	0	0	0
70	0	0	770	704	858	1583	0	0	0	0
71	0	0	772	705	857	1577	0	0	0	0
72	0	0	773	707	857	1573	0	0	0	0
73	0	0	774	707	858	1571	0	0	0	0
74	0	0	774	707	856	1571	0	0	0	0
75	0	0	774	708	857	1570	0	0	0	0
76	0	0	774	709	856	1567	0	0	0	0
77	0	0	775	710	857	1569	0	0	0	0
78	0	0	774	710	856	1570	0	0	0	0
79	0	0	775	711	856	1569	0	0	0	0
80	0	0	776	712	856	1572	0	0	0	0
81	0	0	776	713	856	1572	0	0	0	0
82	0	0	776	713	856	1570	0	0	0	0
83	0	0	775	714	857	1570	0	0	0	0
84	0	0	775	715	856	1569	0	0	0	0
85	0	0	776	715	856	1570	0	0	0	0
86	0	0	776	715	857	1568	0	0	0	0
87	0	0	776	715	856	1568	0	0	0	0
88	0	0	776	716	857	1568	0	0	0	0
89	0	0	777	717	857	1570	0	0	0	0
90	0	0	776	717	858	1570	0	0	0	0
91	0	0	776	717	859	1571	0	0	0	0
92	0	0	774	718	857	1574	0	0	0	0
93	0	0	775	718	858	1575	0	0	0	0
94	0	0	776	718	857	1574	0	0	0	0
95	0	0	776	718	859	1572	0	0	0	0
96	0	0	776	718	858	1574	0	0	0	0
97	0	0	776	718	858	1578	0	0	0	0
98	0	0	775	718	858	1579	0	0	0	0
99	0	0	776	717	859	1580	0	0	0	0
100	0	0	775	717	859	1583	0	0	0	0
101	0	0	775	717	859	1577	0	0	0	0
102	0	0	776	717	859	1574	0	0	0	0
103	0	0	776	716	861	1579	0	0	0	0
104	0	0	776	717	860	1580	0	0	0	0
105	0	0	775	717	861	1568	0	0	0	0
106	0	0	775	716	862	1565	0	0	0	0
107	0	0	775	716	862	1561	0	0	0	0
108	0	0	776	715	862	1553	0	0	0	0
109	0	0	776	715	863	1544	0	0	0	0
110	0	0	777	713	864	1537	0	0	0	0
111	0	0	776	714	865	1537	0	0	0	0
112	0	0	777	714	865	1536	0	0	0	0
113	0	0	777	714	866	1533	0	0	0	0
114	0	0	777	713	866	1533	0	0	0	0
115	0	0	777	712	867	1531	0	0	0	0
116	0	0	778	713	866	1529	0	0	0	0
117	0	0	777	713	867	1532	0	0	0	0
118	0	0	776	712	868	1524	0	0	0	0
119	0	0	777	711	868	1522	0	0	0	0
120	0	0	777	711	869	1526	0	0	0	0
121	0	0	776	711	869	1530	0	0	0	0
122	0	0	777	710	870	1529	0	0	0	0
123	0	0	776	710	871	1520	0	0	0	0
124	0	0	775	710	871	1516	0	0	0	0
125	0	0	777	711	872	1514	0	0	0	0
126	0	0	777	709	872	1494	0	0	0	0
127	0	0	776	707	873	1488	0	0	0	0
0	0	0	776	707	874	1485	0	0	0	0
1	0	0	777	706	874	1484	0	0	0	0
2	0	0	777	707	874	1502	0	0	0	0
3	0	0	776	706	874	1527	0	0	0	0
4	0	0	775	705	876	1512	0	0	0	0
5	0	0	778	705	875	1522	0	0	0	0
6	0	0	775	701	877	1511	0	0	0	0
7	0	0	776	702	876	1490	0	0	0	0
8	0	0	777	702	876	1499	0	0	0	0
9	0	0	776	702	877	1476	0	0	0	0
10	0	0	775	700	877	1462	0	0	0	0
11	0	0	775	699	877	1476	0	0	0	0
12	0	0	774	700	878	1472	0	0	0	0
13	0	0	773	697	879	1472	0	0	0	0
14	0	0	772	697	881	1461	0	0	0	0
15	0	0	772	695	880	1470	0	0	0	0
16	0	0	773	694	881	1474	0	0	0	0
17	0	0	774	694	881	1483	0	0	0	0
18	0	0	773	693	882	1468	0	0	0	0
19	0	0	772	692	883	1463	0	0	0	0
20	0	0	772	690	882	1466	0	0	0	0
21	0	0	772	690	883	1461	0	0	0	0
22	0	0	773	689	884	1460	0	0	0	0
23	0	0	772	689	884	1441	0	0	0	0
24	0	0	772	689	885	1424	0	0	0	0
25	0	0	770	686	885	1406	0	0	0	0
26	0	0	770	685	887	1391	0	0	0	0
27	0	0	768	685	885	1377	0	0	0	0
28	0	0	768	684	887	1358	0	0	0	0
29	0	0	769	684	887	1344	0	0	0	0
30	0	0	768	683	887	1338	0	0	0	0
31	0	0	768	683	888	1344	0	0	0	0
32	0	0	768	682	887	1346	0	0	0	0
33	0	0	767	682	888	1342	0	0	0	0
34	0	0	769	682	888	1329	0	0	0	0
35	0	0	767	679	889	1332	0	0	0	0
36	0	0	767	680	888	1330	0	0	0	0
37	0	0	767	680	889	1325	0	0	0	0
38	0	0	765	679	889	1327	0	0	0	0
39	0	0	766	678	888	1331	0	0	0	0
40	0	0	765	677	888	1358	0	0	0	0
41	0	0	766	677	888	1352	0	0	0	0
42	0	0	767	678	887	1346	0	0	0	0
43	0	0	766	676	887	1345	0	0	0	0
44	0	0	766	674	887	1330	0	0	0	0
45	0	0	766	674	886	1321	0	0	0	0
46	0	0	769	674	886	1316	0	0	0	0
47	0	0	766	675	885	1317	0	0	0	0
48	0	0	767	675	885	1334	0	0	0	0
49	0	0	764	675	884	1334	0	0	0	0
50	0	0	765	674	884	1330	0	0	0	0
51	0	0	763	674	884	1334	0	0	0	0
52	0	0	762	676	884	1329	0	0	0	0
53	0	0	762	674	883	1327	0	0	0	0
54	0	0	763	676	882	1326	0	0	0	0
55	0	0	764	674	883	1329	0	0	0	0
56	0	0	764	673	882	1332	0	0	0	0
57	0	0	765	673	881	1334	0	0	0	0
58	0	0	765	675	882	1333	0	0	0	0
59	0	0	764	674	881	1336	0	0	0	0
60	0	0	764	673	881	1337	0	0	0	0
61	0	0	764	675	880	1335	0	0	0	0
62	0	0	765	674	879	1335	0	0	0	0
63	0	0	765	675	879	1340	0	0	0	0
64	0	0	765	675	879	1343	0	0	0	0
65	0	0	764	675	878	1342	0	0	0	0
66	0	0	764	676	877	1335	0	0	0	0
67	0	0	764	676	877	1316	0	0	0	0
68	0	0	765	675	877	1324	0	0	0	0
69	0	0	764	675	876	1322	0	0	0	0
70	0	0	765	675	876	1323	0	0	0	0
71	0	0	764	676	877	1322	0	0	0	0
72	0	0	764	677	875	1319	0	0	0	0
73	0	0	765	676	875	1327	0	0	0	0
74	0	0	764	676	876	1331	0	0	0	0
75	0	0	764	677	875	1336	0	0	0	0
76	0	0	764	678	875	1343	0	0	0	0
77	0	0	766	678	874	1346	0	0	0	0
78	0	0	765	680	873	1347	0	0	0	0
79	0	0	766	679	873	1347	0	0	0	0
80	0	0	765	679	872	1355	0	0	0	0
81	0	0	766	679	872	1363	0	0	0	0
82	0	0	766	680	872	1363	0	0	0	0
83	0	0	766	680	872	1359	0	0	0	0
84	0	0	765	681	871	1353	0	0	0	0
85	0	0	766	681	871	1354	0	0	0	0
86	0	0	765	681	870	1355	0	0	0	0
87	0	0	767	682	871	1356	0	0	0	0
88	0	0	767	682	870	1356	0	0	0	0
89	0	0	767	682	870	1361	0	0	0	0
90	0	0	767	682	869	1364	0	0	0	0
91	0	0	767	681	870	1375	0	0	0	0
92	0	0	769	682	870	1375	0	0	0	0
93	0	0	769	682	869	1380	0	0	0	0
94	0	0	769	682	868	1381	0	0	0	0
95	0	0	769	681	868	1385	0	0	0	0
96	0	0	770	683	869	1393	0	0	0	0
97	0	0	771	683	868	1398	0	0	0	0
98	0	0	769	683	869	1401	0	0	0	0
99	0	0	770	684	868	1401	0	0	0	0
100	0	0	771	684	867	1402	0	0	0	0
101	0	0	770	683	868	1403	0	0	0	0
102	0	0	770	684	868	1402	0	0	0	0
103	0	0	771	685	868	1403	0	0	0	0
104	0	0	772	683	868	1403	0	0	0	0
105	0	0	771	683	868	1399	0	0	0	0
106	0	0	772	684	868	1398	0	0	0	0
107	0	0	773	684	869	1400	0	0	0	0
108	0	0	772	685	868	1396	0	0	0	0
109	0	0	771	685	868	1397	0	0	0	0
110	0	0	773	684	869	1396	0	0	0	0
111	0	0	774	685	869	1395	0	0	0	0
112	0	0	773	685	869	1395	0	0	0	0
113	0	0	773	685	870	1397	0	0	0	0
114	0	0	774	685	871	1394	0	0	0	0
115	0	0	773	686	870	1396	0	0	0	0
116	0	0	774	686	871	1395	0	0	0	0
117	0	0	773	687	871	1398	0	0	0	0
118	0	0	772	686	871	1398	0	0	0	0
119	0	0	772	687	872	1395	0	0	0	0
120	0	0	773	686	872	1390	0	0	0	0
121	0	0	773	687	873	1392	0	0	0	0
122	0	0	773	685	874	1391	0	0	0	0
123	0	0	774	686	874	1392	0	0	0	0
124	0	0	773	687	875	1391	0	0	0	0
125	0	0	773	686	874	1387	0	0	0	0
126	0	0	773	686	874	1388	0	0	0	0
127	0	0	773	686	873	1391	0	0	0	0
0	0	0	773	685	876	1392	0	0	0	0
1	0	0	773	685	876	1396	0	0	0	0
2	0	0	773	685	876	1393	0	0	0	0
3	0	0	772	686	877	1396	0	0	0	0
4	0	0	773	686	876	1399	0	0	0	0
5	0	0	774	686	877	1397	0	0	0	0
6	0	0	773	685	876	1398	0	0	0	0
7	0	0	775	684	878	1400	0	0	0	0
8	0	0	775	685	879	1403	0	0	0	0
9	0	0	776	685	876	1404	0	0	0	0
10	0	0	776	686	878	1402	0	0	0	0
11	0	0	775	684	878	1405	0	0	0	0
12	0	0	775	684	878	1407	0	0	0	0
13	0	0	776	684	878	1408	0	0	0	0
14	0	0	775	684	877	1407	0	0	0	0
15	0	0	775	683	879	1414	0	0	0	0
16	0	0	775	683	879	1415	0	0	0	0
17	0	0	775	683	879	1416	0	0	0	0
18	0	0	775	683	878	1417	0	0	0	0
19	0	0	775	684	878	1412	0	0	0	0
20	0	0	775	684	878	1401	0	0	0	0
21	0	0	775	684	879	1404	0	0	0	0
22	0	0	775	683	878	1403	0	0	0	0
23	0	0	774	683	878	1405	0	0	0	0
24	0	0	773	684	879	1407	0	0	0	0
25	0	0	774	684	879	1412	0	0	0	0
26	0	0	773	684	879	1418	0	0	0	0
27	0	0	774	685	879	1413	0	0	0	0
28	0	0	773	684	879	1417	0	0	0	0
29	0	0	773	685	878	1414	0	0	0	0
30	0	0	773	685	879	1413	0	0	0	0
31	0	0	772	684	878	1415	0	0	0	0
32	0	0	773	684	879	1418	0	0	0	0
33	0	0	774	684	879	1414	0	0	0	0
34	0	0	773	683	879	1412	0	0	0	0
35	0	0	772	683	879	1413	0	0	0	0
36	0	0	772	682	879	1406	0	0	0	0
37	0	0	772	682	880	1405	0	0	0	0
38	0	0	772	681	878	1401	0	0	0	0
39	0	0	773	682	879	1398	0	0	0	0
40	0	0	774	681	879	1399	0	0	0	0
41	0	0	774	682	878	1393	0	0	0	0
42	0	0	774	681	878	1392	0	0	0	0
43	0	0	774	682	878	1391	0	0	0	0
44	0	0	775	681	878	1391	0	0	0	0
45	0	0	774	681	877	1392	0	0	0	0
46	0	0	775	682	878	1391	0	0	0	0
47	0	0	775	681	877	1391	0	0	0	0
48	0	0	775	681	877	1390	0	0	0	0
49	0	0	775	681	877	1392	0	0	0	0
50	0	0	774	681	877	1394	0	0	0	0
51	0	0	775	681	877	1390	0	0	0	0
52	0	0	775	682	878	1392	0	0	0	0
53	0	0	774	681	877	1394	0	0	0	0
54	0	0	776	682	877	1392	0	0	0	0
55	0	0	776	680	877	1393	0	0	0	0
56	0	0	774	680	877	1391	0	0	0	0
57	0	0	774	679	877	1399	0	0	0	0
58	0	0	774	680	877	1399	0	0	0	0
59	0	0	775	680	876	1401	0	0	0	0
60	0	0	776	679	877	1406	0	0	0	0
61	0	0	775	679	876	1403	0	0	0	0
62	0	0	776	680	876	1405	0	0	0	0
63	0	0	775	680	876	1409	0	0	0	0
64	0	0	776	680	876	1411	0	0	0	0
65	0	0	776	679	876	1410	0	0	0	0
66	0	0	776	680	876	1414	0	0	0	0
67	0	0	776	680	876	1413	0	0	0	0
68	0	0	776	680	876	1412	0	0	0	0
69	0	0	776	679	875	1409	0	0	0	0
70	0	0	774	678	876	1405	0	0	0	0
71	0	0	775	678	876	1406	0	0	0	0
72	0	0	774	679	876	1405	0	0	0	0
73	0	0	774	679	876	1403	0	0	0	0
74	0	0	775	680	877	1397	0	0	0	0
75	0	0	774	680	878	1398	0	0	0	0
76	0	0	774	679	877	1399	0	0	0	0
77	0	0	774	680	877	1395	0	0	0	0
78	0	0	774	679	877	1396	0	0	0	0
79	0	0	773	679	877	1398	0	0	0	0
80	0	0	773	679	877	1398	0	0	0	0
81	0	0	773	679	877	1394	0	0	0	0
82	0	0	773	679	878	1396	0	0	0	0
83	0	0	772	680	878	1395	0	0	0	0
84	0	0	772	679	877	1397	0	0	0	0
85	0	0	773	681	878	1398	0	0	0	0
86	0	0	772	680	879	1399	0	0	0	0
87	0	0	772	680	879	1396	0	0	0	0
88	0	0	772	680	879	1392	0	0	0	0
