# bioPlux Text File Format
# Version: 1
# StartDateTime: 2012-03-21 16:02:04
# SamplingFrequency: 1000
# SampledChannels: 1 2 3 4 5 6 7 8
# SamplingResolution: 12
# AcquiringDevice: 00:07:80:93:66:BE
# EndOfHeader
0	0	0	780	698	779	475	0	0	0	0
1	0	0	780	697	779	478	0	0	0	0
2	0	0	780	697	780	478	0	0	0	0
3	0	0	779	696	780	470	0	0	0	0
4	0	0	779	695	779	467	0	0	0	0
5	0	0	779	695	780	464	0	0	0	0
6	0	0	780	694	780	463	0	0	0	0
7	0	0	780	693	781	459	0	0	0	0
8	0	0	778	692	781	459	0	0	0	0
9	0	0	779	691	781	458	0	0	0	0
10	0	0	779	690	782	465	0	0	0	0
11	0	0	780	690	782	466	0	0	0	0
12	0	0	779	689	782	462	0	0	0	0
13	0	0	778	689	783	465	0	0	0	0
14	0	0	778	688	783	465	0	0	0	0
15	0	0	778	687	784	463	0	0	0	0
16	0	0	778	687	785	465	0	0	0	0
17	0	0	778	687	785	465	0	0	0	0
18	0	0	778	686	786	463	0	0	0	0
19	0	0	778	683	786	453	0	0	0	0
20	0	0	778	684	786	448	0	0	0	0
21	0	0	777	685	787	440	0	0	0	0
22	0	0	778	685	787	435	0	0	0	0
23	0	0	777	685	788	435	0	0	0	0
24	0	0	777	684	788	436	0	0	0	0
25	0	0	778	684	788	427	0	0	0	0
26	0	0	778	686	788	423	0	0	0	0
27	0	0	777	684	789	423	0	0	0	0
28	0	0	778	686	788	425	0	0	0	0
29	0	0	778	687	789	422	0	0	0	0
30	0	0	778	686	788	432	0	0	0	0
31	0	0	780	687	789	427	0	0	0	0
32	0	0	780	688	789	427	0	0	0	0
33	0	0	781	690	788	429	0	0	0	0
34	0	0	781	691	788	428	0	0	0	0
35	0	0	781	690	789	426	0	0	0	0
36	0	0	782	692	788	429	0	0	0	0
37	0	0	783	692	788	432	0	0	0	0
38	0	0	783	693	788	432	0	0	0	0
39	0	0	784	693	789	429	0	0	0	0
40	0	0	784	695	789	430	0	0	0	0
41	0	0	786	696	789	427	0	0	0	0
42	0	0	786	695	790	429	0	0	0	0
43	0	0	787	696	791	428	0	0	0	0
44	0	0	787	696	791	425	0	0	0	0
45	0	0	788	697	791	423	0	0	0	0
46	0	0	788	697	791	423	0	0	0	0
47	0	0	789	697	791	422	0	0	0	0
48	0	0	790	698	792	423	0	0	0	0
49	0	0	791	696	792	426	0	0	0	0
50	0	0	790	695	793	433	0	0	0	0
51	0	0	791	695	793	439	0	0	0	0
52	0	0	791	696	794	442	0	0	0	0
53	0	0	790	695	796	447	0	0	0	0
54	0	0	792	693	797	443	0	0	0	0
55	0	0	789	691	799	444	0	0	0	0
56	0	0	790	690	799	444	0	0	0	0
57	0	0	790	690	801	452	0	0	0	0
58	0	0	788	687	801	455	0	0	0	0
59	0	0	787	688	802	453	0	0	0	0
60	0	0	786	686	804	458	0	0	0	0
61	0	0	786	686	805	461	0	0	0	0
62	0	0	785	684	805	462	0	0	0	0
63	0	0	785	683	807	462	0	0	0	0
64	0	0	783	682	807	460	0	0	0	0
65	0	0	785	680	809	459	0	0	0	0
66	0	0	784	679	809	457	0	0	0	0
67	0	0	783	679	810	457	0	0	0	0
68	0	0	783	678	812	457	0	0	0	0
69	0	0	783	677	811	458	0	0	0	0
70	0	0	783	676	812	460	0	0	0	0
71	0	0	782	677	812	460	0	0	0	0
72	0	0	781	677	812	461	0	0	0	0
73	0	0	780	676	812	464	0	0	0	0
74	0	0	780	677	812	463	0	0	0	0
75	0	0	780	676	811	465	0	0	0	0
76	0	0	779	675	812	464	0	0	0	0
77	0	0	779	675	811	467	0	0	0	0
78	0	0	778	676	813	464	0	0	0	0
79	0	0	778	675	811	463	0	0	0	0
80	0	0	779	674	813	461	0	0	0	0
81	0	0	779	675	813	464	0	0	0	0
82	0	0	779	673	813	462	0	0	0	0
83	0	0	780	672	813	459	0	0	0	0
84	0	0	779	673	812	460	0	0	0	0
85	0	0	779	672	812	460	0	0	0	0
86	0	0	779	672	813	463	0	0	0	0
87	0	0	780	670	813	463	0	0	0	0
88	0	0	780	670	812	464	0	0	0	0
89	0	0	781	668	812	465	0	0	0	0
90	0	0	782	667	812	468	0	0	0	0
91	0	0	783	666	812	468	0	0	0	0
92	0	0	784	665	812	468	0	0	0	0
93	0	0	785	664	813	467	0	0	0	0
94	0	0	785	664	813	469	0	0	0	0
95	0	0	785	663	813	467	0	0	0	0
96	0	0	785	662	813	465	0	0	0	0
97	0	0	786	662	813	465	0	0	0	0
98	0	0	786	659	814	468	0	0	0	0
99	0	0	787	659	813	466	0	0	0	0
100	0	0	789	658	814	470	0	0	0	0
101	0	0	791	659	814	466	0	0	0	0
102	0	0	792	657	814	466	0	0	0	0
103	0	0	792	656	815	464	0	0	0	0
104	0	0	790	655	815	465	0	0	0	0
105	0	0	792	655	815	465	0	0	0	0
106	0	0	792	656	814	470	0	0	0	0
107	0	0	793	655	814	470	0	0	0	0
108	0	0	793	656	814	469	0	0	0	0
109	0	0	792	655	813	470	0	0	0	0
110	0	0	792	654	813	472	0	0	0	0
111	0	0	794	655	814	478	0	0	0	0
112	0	0	794	655	813	477	0	0	0	0
113	0	0	793	656	812	477	0	0	0	0
114	0	0	792	656	812	478	0	0	0	0
115	0	0	793	657	812	479	0	0	0	0
116	0	0	793	659	811	480	0	0	0	0
117	0	0	793	659	810	481	0	0	0	0
118	0	0	793	661	811	488	0	0	0	0
119	0	0	792	661	810	485	0	0	0	0
120	0	0	793	662	810	483	0	0	0	0
121	0	0	793	664	810	487	0	0	0	0
122	0	0	794	665	810	487	0	0	0	0
123	0	0	793	668	809	484	0	0	0	0
124	0	0	793	668	810	484	0	0	0	0
125	0	0	794	670	810	480	0	0	0	0
126	0	0	794	672	809	480	0	0	0	0
127	0	0	794	675	810	481	0	0	0	0
0	0	0	795	676	809	482	0	0	0	0
1	0	0	794	676	808	482	0	0	0	0
2	0	0	794	678	808	485	0	0	0	0
3	0	0	797	680	806	493	0	0	0	0
4	0	0	796	681	807	501	0	0	0	0
5	0	0	797	681	807	503	0	0	0	0
6	0	0	796	684	806	501	0	0	0	0
7	0	0	796	685	806	502	0	0	0	0
8	0	0	795	687	806	504	0	0	0	0
9	0	0	796	688	806	506	0	0	0	0
10	0	0	796	689	805	506	0	0	0	0
11	0	0	795	690	806	502	0	0	0	0
12	0	0	795	691	806	501	0	0	0	0
13	0	0	796	693	805	502	0	0	0	0
14	0	0	795	694	806	500	0	0	0	0
15	0	0	795	695	806	503	0	0	0	0
16	0	0	794	695	805	504	0	0	0	0
17	0	0	793	696	805	507	0	0	0	0
18	0	0	794	697	806	508	0	0	0	0
19	0	0	793	697	804	509	0	0	0	0
20	0	0	794	697	804	509	0	0	0	0
21	0	0	793	698	803	512	0	0	0	0
22	0	0	793	697	803	515	0	0	0	0
23	0	0	792	698	804	515	0	0	0	0
24	0	0	793	697	802	515	0	0	0	0
25	0	0	792	698	802	518	0	0	0	0
26	0	0	791	699	804	520	0	0	0	0
27	0	0	792	699	802	521	0	0	0	0
28	0	0	791	699	804	519	0	0	0	0
29	0	0	790	698	805	519	0	0	0	0
30	0	0	790	697	804	520	0	0	0	0
31	0	0	788	696	804	527	0	0	0	1
32	0	0	788	695	805	542	0	0	0	0
33	0	0	788	694	805	552	0	0	0	0
34	0	0	786	692	806	562	0	0	0	0
35	0	0	784	689	808	566	0	0	0	0
36	0	0	785	689	808	574	0	0	0	0
37	0	0	786	687	808	576	0	0	0	0
38	0	0	784	687	808	583	0	0	0	0
39	0	0	783	684	807	585	0	0	0	0
40	0	0	781	683	808	591	0	0	0	0
41	0	0	780	682	809	618	0	0	0	0
42	0	0	778	682	810	630	0	0	0	0
43	0	0	778	680	811	636	0	0	0	0
44	0	0	776	678	811	636	0	0	0	0
45	0	0	776	675	812	633	0	0	0	0
46	0	0	774	673	812	631	0	0	0	0
47	0	0	773	672	813	636	0	0	0	0
48	0	0	773	670	816	649	0	0	0	0
49	0	0	772	668	816	654	0	0	0	0
50	0	0	771	665	817	663	0	0	0	0
51	0	0	768	663	817	669	0	0	0	0
52	0	0	767	662	818	658	0	0	0	0
53	0	0	766	660	819	655	0	0	0	0
54	0	0	764	658	818	656	0	0	0	0
55	0	0	763	655	820	660	0	0	0	0
56	0	0	762	653	820	665	0	0	0	0
57	0	0	760	651	822	675	0	0	0	0
58	0	0	760	649	823	673	0	0	0	0
59	0	0	761	645	825	680	0	0	0	0
60	0	0	763	639	827	680	0	0	0	0
61	0	0	764	636	829	681	0	0	0	0
62	0	0	764	632	830	685	0	0	0	0
63	0	0	764	629	833	691	0	0	0	0
64	0	0	764	626	835	688	0	0	0	0
65	0	0	763	624	837	689	0	0	0	0
66	0	0	762	621	837	692	0	0	0	0
67	0	0	760	618	837	695	0	0	0	0
68	0	0	759	614	838	695	0	0	0	0
69	0	0	757	612	838	699	0	0	0	0
70	0	0	755	607	839	710	0	0	0	0
71	0	0	754	605	840	712	0	0	0	0
72	0	0	752	603	841	712	0	0	0	0
73	0	0	751	600	841	712	0	0	0	0
74	0	0	750	598	840	737	0	0	0	0
75	0	0	750	595	841	746	0	0	0	0
76	0	0	748	592	842	750	0	0	0	0
77	0	0	748	590	843	754	0	0	0	0
78	0	0	746	586	844	756	0	0	0	0
79	0	0	747	586	845	760	0	0	0	0
80	0	0	748	583	845	761	0	0	0	0
81	0	0	748	581	844	770	0	0	0	0
82	0	0	748	580	846	779	0	0	0	0
83	0	0	750	577	847	785	0	0	0	0
84	0	0	750	575	849	787	0	0	0	0
85	0	0	751	572	850	795	0	0	0	0
86	0	0	750	571	849	798	0	0	0	0
87	0	0	752	569	851	798	0	0	0	0
88	0	0	752	567	851	798	0	0	0	0
89	0	0	752	565	851	804	0	0	0	0
90	0	0	755	563	853	807	0	0	0	0
91	0	0	756	563	854	806	0	0	0	0
92	0	0	756	560	856	809	0	0	0	0
93	0	0	756	558	859	813	0	0	0	0
94	0	0	756	556	860	811	0	0	0	0
95	0	0	756	553	859	815	0	0	0	0
96	0	0	757	553	860	815	0	0	0	0
97	0	0	756	550	862	820	0	0	0	0
98	0	0	758	549	861	822	0	0	0	0
99	0	0	759	548	861	820	0	0	0	0
100	0	0	759	547	861	824	0	0	0	0
101	0	0	759	546	861	825	0	0	0	0
102	0	0	760	546	862	827	0	0	0	0
103	0	0	760	547	862	841	0	0	0	0
104	0	0	761	547	862	844	0	0	0	0
105	0	0	761	549	862	854	0	0	0	0
106	0	0	762	549	861	854	0	0	0	0
107	0	0	762	551	861	855	0	0	0	0
108	0	0	761	553	861	858	0	0	0	0
109	0	0	762	554	861	859	0	0	0	0
110	0	0	762	553	861	860	0	0	0	0
111	0	0	761	555	862	858	0	0	0	0
112	0	0	760	557	863	853	0	0	0	0
113	0	0	761	557	863	860	0	0	0	0
114	0	0	760	559	864	861	0	0	0	0
115	0	0	759	559	865	861	0	0	0	0
116	0	0	759	560	866	852	0	0	0	0
117	0	0	759	561	866	869	0	0	0	0
118	0	0	759	561	867	867	0	0	0	0
119	0	0	757	562	868	867	0	0	0	0
120	0	0	755	560	868	872	0	0	0	0
121	0	0	755	561	869	874	0	0	0	0
122	0	0	754	561	870	871	0	0	0	0
123	0	0	751	561	870	875	0	0	0	0
124	0	0	750	561	871	884	0	0	0	0
125	0	0	748	561	871	884	0	0	0	0
126	0	0	747	560	872	905	0	0	0	0
127	0	0	745	560	871	903	0	0	0	0
0	0	0	745	561	869	897	0	0	0	0
1	0	0	742	561	868	899	0	0	0	0
2	0	0	741	561	869	899	0	0	0	0
3	0	0	740	562	869	903	0	0	0	0
4	0	0	739	561	869	904	0	0	0	0
5	0	0	736	562	868	904	0	0	0	0
6	0	0	736	563	866	904	0	0	0	0
7	0	0	736	562	867	908	0	0	0	0
8	0	0	735	562	866	911	0	0	0	0
9	0	0	735	562	866	915	0	0	0	0
10	0	0	734	561	865	917	0	0	0	0
11	0	0	735	561	863	927	0	0	0	0
12	0	0	735	562	864	936	0	0	0	0
13	0	0	734	561	862	933	0	0	0	0
14	0	0	734	560	861	941	0	0	0	0
15	0	0	734	560	861	943	0	0	0	0
16	0	0	734	559	860	946	0	0	0	0
17	0	0	734	559	858	949	0	0	0	0
18	0	0	735	557	857	954	0	0	0	0
19	0	0	734	556	857	955	0	0	0	0
20	0	0	736	556	856	960	0	0	0	0
21	0	0	735	555	855	961	0	0	0	0
22	0	0	735	553	855	960	0	0	0	0
23	0	0	735	551	853	960	0	0	0	0
24	0	0	735	549	853	958	0	0	0	0
25	0	0	736	549	853	954	0	0	0	0
26	0	0	735	547	852	953	0	0	0	0
27	0	0	735	545	853	958	0	0	0	0
28	0	0	734	543	853	961	0	0	0	0
29	0	0	736	542	852	965	0	0	0	0
30	0	0	735	540	852	969	0	0	0	0
31	0	0	736	538	851	975	0	0	0	0
32	0	0	735	537	853	978	0	0	0	0
33	0	0	735	536	854	984	0	0	0	0
34	0	0	735	534	853	989	0	0	0	0
35	0	0	735	532	855	993	0	0	0	0
36	0	0	735	532	854	993	0	0	0	0
37	0	0	735	530	854	993	0	0	0	0
38	0	0	734	529	855	993	0	0	0	0
39	0	0	736	527	855	991	0	0	0	0
40	0	0	736	527	855	998	0	0	0	0
41	0	0	737	527	853	1003	0	0	0	0
42	0	0	738	527	853	1002	0	0	0	0
43	0	0	739	527	852	1008	0	0	0	0
44	0	0	737	527	852	1012	0	0	0	0
45	0	0	740	527	852	1013	0	0	0	0
46	0	0	741	527	851	1009	0	0	0	0
47	0	0	741	526	850	1014	0	0	0	0
48	0	0	741	526	848	1029	0	0	0	0
49	0	0	742	526	846	1041	0	0	0	0
50	0	0	742	526	845	1046	0	0	0	0
51	0	0	744	526	844	1067	0	0	0	0
52	0	0	745	526	843	1073	0	0	0	0
53	0	0	746	528	842	1077	0	0	0	0
54	0	0	744	528	840	1088	0	0	0	0
55	0	0	748	529	838	1095	0	0	0	0
56	0	0	750	529	837	1099	0	0	0	0
57	0	0	751	529	836	1120	0	0	0	0
58	0	0	752	529	834	1139	0	0	0	0
59	0	0	753	530	833	1157	0	0	0	0
60	0	0	755	529	833	1175	0	0	0	0
61	0	0	755	531	832	1198	0	0	0	0
62	0	0	756	530	831	1208	0	0	0	0
63	0	0	755	530	830	1213	0	0	0	0
64	0	0	755	529	829	1210	0	0	0	0
65	0	0	755	529	829	1217	0	0	0	0
66	0	0	755	528	829	1221	0	0	0	0
67	0	0	755	527	830	1218	0	0	0	0
68	0	0	756	526	831	1232	0	0	0	0
69	0	0	755	524	831	1244	0	0	0	0
70	0	0	754	524	832	1257	0	0	0	0
71	0	0	754	521	833	1255	0	0	0	0
72	0	0	753	521	834	1256	0	0	0	0
73	0	0	753	520	836	1276	0	0	0	0
74	0	0	752	518	836	1289	0	0	0	0
75	0	0	751	518	839	1306	0	0	0	0
76	0	0	752	516	841	1323	0	0	0	0
77	0	0	752	515	842	1334	0	0	0	0
78	0	0	750	513	843	1356	0	0	0	0
79	0	0	748	513	846	1364	0	0	0	0
80	0	0	747	509	849	1369	0	0	0	0
81	0	0	743	508	850	1373	0	0	0	0
82	0	0	744	507	853	1376	0	0	0	0
83	0	0	743	506	857	1376	0	0	0	0
84	0	0	742	505	859	1368	0	0	0	0
85	0	0	739	504	860	1367	0	0	0	0
86	0	0	738	503	862	1382	0	0	0	0
87	0	0	736	503	865	1390	0	0	0	0
88	0	0	735	502	869	1390	0	0	0	0
89	0	0	733	502	870	1395	0	0	0	0
90	0	0	731	501	872	1400	0	0	0	0
91	0	0	731	501	875	1405	0	0	0	0
92	0	0	730	501	877	1400	0	0	0	0
93	0	0	728	500	879	1409	0	0	0	0
94	0	0	728	498	881	1417	0	0	0	0
95	0	0	726	497	883	1426	0	0	0	0
96	0	0	726	497	885	1432	0	0	0	0
97	0	0	726	497	887	1435	0	0	0	0
98	0	0	726	497	888	1432	0	0	0	0
99	0	0	726	496	890	1437	0	0	0	0
100	0	0	725	496	891	1443	0	0	0	0
101	0	0	726	495	893	1451	0	0	0	0
102	0	0	726	495	894	1458	0	0	0	0
103	0	0	726	495	896	1462	0	0	0	0
104	0	0	726	494	897	1465	0	0	0	0
105	0	0	726	493	898	1473	0	0	0	0
106	0	0	727	494	900	1475	0	0	0	0
107	0	0	727	493	900	1477	0	0	0	0
108	0	0	728	494	901	1478	0	0	0	0
109	0	0	728	493	902	1477	0	0	0	0
110	0	0	729	493	904	1481	0	0	0	0
111	0	0	731	493	905	1482	0	0	0	0
112	0	0	731	492	905	1486	0	0	0	0
113	0	0	733	493	907	1492	0	0	0	0
114	0	0	731	494	908	1502	0	0	0	0
115	0	0	732	492	910	1500	0	0	0	0
116	0	0	733	493	911	1507	0	0	0	0
117	0	0	733	491	911	1515	0	0	0	0
118	0	0	733	490	912	1522	0	0	0	0
119	0	0	733	490	913	1527	0	0	0	0
120	0	0	733	488	913	1523	0	0	0	0
121	0	0	732	487	914	1524	0	0	0	0
122	0	0	731	487	913	1525	0	0	0	0
123	0	0	731	487	914	1533	0	0	0	0
124	0	0	733	487	913	1539	0	0	0	0
125	0	0	731	486	913	1546	0	0	0	0
126	0	0	732	485	914	1559	0	0	0	0
127	0	0	732	485	913	1574	0	0	0	0
0	0	0	733	485	913	1581	0	0	0	0
1	0	0	733	485	913	1583	0	0	0	0
2	0	0	733	484	912	1590	0	0	0	0
3	0	0	734	485	912	1589	0	0	0	0
4	0	0	734	484	911	1594	0	0	0	0
5	0	0	734	484	911	1603	0	0	0	0
6	0	0	733	484	910	1612	0	0	0	0
7	0	0	733	484	910	1623	0	0	0	0
8	0	0	733	484	910	1631	0	0	0	0
9	0	0	733	484	910	1636	0	0	0	0
10	0	0	734	484	909	1642	0	0	0	0
11	0	0	734	483	909	1645	0	0	0	0
12	0	0	733	482	908	1641	0	0	0	0
13	0	0	733	481	909	1643	0	0	0	0
14	0	0	733	481	908	1650	0	0	0	0
15	0	0	733	481	907	1655	0	0	0	0
16	0	0	734	481	906	1652	0	0	0	0
17	0	0	735	480	906	1652	0	0	0	0
18	0	0	736	481	904	1648	0	0	0	0
19	0	0	737	481	904	1648	0	0	0	0
20	0	0	737	482	904	1645	0	0	0	0
21	0	0	738	482	902	1657	0	0	0	0
22	0	0	737	482	903	1654	0	0	0	0
23	0	0	738	483	903	1658	0	0	0	0
24	0	0	738	483	901	1657	0	0	0	0
25	0	0	739	485	901	1653	0	0	0	0
26	0	0	740	485	902	1651	0	0	0	0
27	0	0	740	485	901	1652	0	0	0	0
28	0	0	741	485	900	1666	0	0	0	0
29	0	0	742	485	899	1667	0	0	0	0
30	0	0	743	486	898	1665	0	0	0	0
31	0	0	744	485	899	1674	0	0	0	0
32	0	0	745	485	898	1680	0	0	0	0
33	0	0	745	485	897	1683	0	0	0	0
34	0	0	745	485	898	1685	0	0	0	0
35	0	0	746	484	896	1699	0	0	0	0
36	0	0	747	484	896	1712	0	0	0	0
37	0	0	747	485	894	1709	0	0	0	0
38	0	0	748	485	893	1714	0	0	0	0
39	0	0	749	485	893	1715	0	0	0	0
40	0	0	751	485	892	1714	0	0	0	0
41	0	0	754	485	893	1715	0	0	0	0
42	0	0	755	485	892	1721	0	0	0	0
43	0	0	755	486	893	1726	0	0	0	0
44	0	0	757	486	891	1728	0	0	0	0
45	0	0	757	487	890	1732	0	0	0	0
46	0	0	756	485	889	1734	0	0	0	0
47	0	0	757	487	889	1742	0	0	0	0
48	0	0	760	487	889	1749	0	0	0	0
49	0	0	762	486	889	1753	0	0	0	0
50	0	0	761	485	888	1759	0	0	0	0
51	0	0	762	484	888	1768	0	0	0	0
52	0	0	762	485	887	1776	0	0	0	0
53	0	0	764	484	888	1779	0	0	0	0
54	0	0	765	483	887	1783	0	0	0	0
55	0	0	764	482	885	1793	0	0	0	0
56	0	0	763	481	885	1808	0	0	0	0
57	0	0	763	481	884	1821	0	0	0	0
58	0	0	762	480	883	1830	0	0	0	0
59	0	0	763	479	883	1834	0	0	0	0
60	0	0	762	480	882	1837	0	0	0	0
61	0	0	763	480	881	1848	0	0	0	0
62	0	0	763	479	881	1851	0	0	0	0
63	0	0	764	479	879	1854	0	0	0	0
64	0	0	765	481	878	1864	0	0	0	0
65	0	0	766	480	877	1871	0	0	0	0
66	0	0	766	481	875	1871	0	0	0	0
67	0	0	767	480	874	1876	0	0	0	0
68	0	0	767	481	873	1887	0	0	0	0
69	0	0	767	483	873	1895	0	0	0	0
70	0	0	766	485	871	1902	0	0	0	0
71	0	0	766	485	872	1907	0	0	0	0
72	0	0	766	485	871	1912	0	0	0	0
73	0	0	768	485	870	1920	0	0	0	0
74	0	0	768	484	871	1921	0	0	0	0
75	0	0	769	486	870	1933	0	0	0	0
76	0	0	769	485	869	1939	0	0	0	0
77	0	0	771	485	869	1947	0	0	0	0
78	0	0	773	486	870	1956	0	0	0	0
79	0	0	775	487	870	1960	0	0	0	0
80	0	0	775	486	870	1962	0	0	0	0
81	0	0	778	486	869	1967	0	0	0	0
82	0	0	778	485	869	1971	0	0	0	0
83	0	0	779	485	869	1981	0	0	0	0
84	0	0	779	485	869	1992	0	0	0	0
85	0	0	780	484	868	2009	0	0	0	0
86	0	0	780	485	867	2008	0	0	0	0
87	0	0	778	484	868	2012	0	0	0	0
88	0	0	780	486	868	2021	0	0	0	0
89	0	0	782	486	869	2031	0	0	0	0
90	0	0	781	486	869	2045	0	0	0	0
91	0	0	782	487	868	2057	0	0	0	0
92	0	0	783	489	869	2068	0	0	0	0
93	0	0	785	491	869	2073	0	0	0	0
94	0	0	786	493	869	2078	0	0	0	0
95	0	0	784	494	868	2087	0	0	0	0
96	0	0	785	495	871	2103	0	0	0	0
97	0	0	786	495	870	2113	0	0	0	0
98	0	0	787	497	871	2119	0	0	0	0
99	0	0	788	499	871	2127	0	0	0	0
100	0	0	790	500	872	2131	0	0	0	0
101	0	0	789	502	871	2135	0	0	0	0
102	0	0	790	503	871	2142	0	0	0	0
103	0	0	793	505	871	2151	0	0	0	0
104	0	0	795	508	871	2161	0	0	0	0
105	0	0	795	509	871	2164	0	0	0	0
106	0	0	795	512	871	2167	0	0	0	0
107	0	0	795	513	870	2177	0	0	0	0
108	0	0	795	517	870	2181	0	0	0	0
109	0	0	795	519	869	2182	0	0	0	0
110	0	0	795	521	868	2183	0	0	0	0
111	0	0	795	523	867	2187	0	0	0	0
112	0	0	795	525	868	2190	0	0	0	0
113	0	0	795	528	868	2193	0	0	0	0
114	0	0	796	529	869	2201	0	0	0	0
115	0	0	794	532	867	2203	0	0	0	0
116	0	0	792	534	867	2207	0	0	0	0
117	0	0	790	537	867	2197	0	0	0	0
118	0	0	790	540	867	2196	0	0	0	0
119	0	0	788	542	867	2197	0	0	0	0
120	0	0	788	544	867	2197	0	0	0	0
121	0	0	785	547	866	2196	0	0	0	0
122	0	0	782	550	866	2199	0	0	0	0
123	0	0	781	553	867	2198	0	0	0	0
124	0	0	780	555	868	2202	0	0	0	0
125	0	0	779	558	867	2206	0	0	0	0
126	0	0	778	562	865	2205	0	0	0	0
127	0	0	776	567	866	2211	0	0	0	0
0	0	0	775	570	865	2210	0	0	0	0
1	0	0	774	574	866	2211	0	0	0	0
2	0	0	772	577	865	2209	0	0	0	0
3	0	0	771	580	866	2210	0	0	0	0
4	0	0	771	585	867	2211	0	0	0	0
5	0	0	772	588	865	2209	0	0	0	0
6	0	0	772	591	866	2208	0	0	0	0
7	0	0	773	593	866	2202	0	0	0	0
8	0	0	775	595	865	2200	0	0	0	0
9	0	0	777	598	865	2200	0	0	0	0
10	0	0	778	600	865	2190	0	0	0	0
11	0	0	779	602	865	2172	0	0	0	0
12	0	0	779	604	864	2162	0	0	0	0
13	0	0	780	606	864	2159	0	0	0	0
14	0	0	780	609	863	2151	0	0	0	0
15	0	0	779	611	863	2151	0	0	0	0
16	0	0	778	613	863	2156	0	0	0	0
17	0	0	777	616	862	2145	0	0	0	0
18	0	0	777	619	862	2132	0	0	0	0
19	0	0	776	621	862	2103	0	0	0	0
20	0	0	775	623	861	2039	0	0	0	0
21	0	0	772	628	859	2013	0	0	0	0
22	0	0	768	630	858	2001	0	0	0	0
23	0	0	768	634	858	1943	0	0	0	0
24	0	0	770	636	856	1902	0	0	0	0
25	0	0	767	638	856	1846	0	0	0	0
26	0	0	767	642	853	1811	0	0	0	0
27	0	0	765	645	852	1780	0	0	0	0
28	0	0	764	647	850	1746	0	0	0	0
29	0	0	763	650	849	1728	0	0	0	0
30	0	0	763	653	848	1711	0	0	0	0
31	0	0	763	656	845	1653	0	0	0	0
32	0	0	765	660	843	1600	0	0	0	0
33	0	0	766	664	840	1561	0	0	0	0
34	0	0	765	666	838	1526	0	0	0	0
35	0	0	766	669	836	1488	0	0	0	0
36	0	0	766	672	832	1357	0	0	0	0
37	0	0	767	676	831	1315	0	0	0	0
38	0	0	769	679	829	1274	0	0	0	0
39	0	0	771	682	826	1187	0	0	0	0
40	0	0	772	686	824	1158	0	0	0	0
41	0	0	774	689	821	1125	0	0	0	0
42	0	0	776	692	818	1088	0	0	0	0
43	0	0	778	695	816	1029	0	0	0	0
44	0	0	778	698	812	975	0	0	0	0
45	0	0	780	702	811	917	0	0	0	0
46	0	0	780	705	809	841	0	0	0	0
47	0	0	782	707	806	790	0	0	0	0
48	0	0	781	712	803	770	0	0	0	0
49	0	0	782	715	802	724	0	0	0	0
50	0	0	783	718	799	702	0	0	0	0
51	0	0	781	721	798	689	0	0	0	0
52	0	0	780	724	796	650	0	0	0	0
53	0	0	781	727	793	563	0	0	0	0
54	0	0	780	729	794	534	0	0	0	0
55	0	0	778	731	790	498	0	0	0	0
56	0	0	776	734	790	477	0	0	0	0
57	0	0	775	737	789	474	0	0	0	0
58	0	0	774	740	787	485	0	0	0	0
59	0	0	774	743	785	470	0	0	0	0
60	0	0	770	745	784	463	0	0	0	0
61	0	0	767	747	784	438	0	0	0	0
62	0	0	765	748	783	408	0	0	0	0
63	0	0	764	750	782	404	0	0	0	0
64	0	0	764	752	782	397	0	0	0	0
65	0	0	763	754	782	373	0	0	0	0
66	0	0	760	755	780	334	0	0	0	0
67	0	0	758	757	780	302	0	0	0	0
68	0	0	754	760	780	296	0	0	0	0
69	0	0	751	761	781	295	0	0	0	0
70	0	0	751	765	780	273	0	0	0	0
71	0	0	750	766	782	266	0	0	0	0
72	0	0	747	768	781	281	0	0	0	0
73	0	0	745	770	782	279	0	0	0	0
74	0	0	746	771	783	281	0	0	0	0
75	0	0	745	771	783	278	0	0	0	0
76	0	0	743	775	785	286	0	0	0	0
77	0	0	743	779	786	297	0	0	0	0
78	0	0	743	781	787	298	0	0	0	0
79	0	0	741	784	788	297	0	0	0	0
80	0	0	741	787	789	302	0	0	0	0
81	0	0	742	790	792	309	0	0	0	0
82	0	0	741	793	792	309	0	0	0	0
83	0	0	743	796	795	307	0	0	0	0
84	0	0	743	799	796	280	0	0	0	0
85	0	0	745	800	798	275	0	0	0	0
86	0	0	747	804	801	288	0	0	0	0
87	0	0	746	807	801	285	0	0	0	0
88	0	0	747	809	803	281	0	0	0	0
89	0	0	749	813	804	258	0	0	0	0
90	0	0	751	817	805	237	0	0	0	0
91	0	0	752	820	805	227	0	0	0	0
92	0	0	755	823	807	224	0	0	0	0
93	0	0	754	827	809	204	0	0	0	0
94	0	0	755	831	809	206	0	0	0	0
95	0	0	756	836	809	183	0	0	0	0
96	0	0	758	838	809	182	0	0	0	0
97	0	0	760	843	809	192	0	0	0	0
98	0	0	760	845	810	187	0	0	0	0
99	0	0	759	848	811	200	0	0	0	0
100	0	0	760	850	811	168	0	0	0	0
101	0	0	759	852	812	164	0	0	0	0
102	0	0	758	854	811	169	0	0	0	0
103	0	0	760	857	810	166	0	0	0	0
104	0	0	761	858	809	156	0	0	0	0
105	0	0	762	862	807	162	0	0	0	0
106	0	0	763	866	806	162	0	0	0	0
107	0	0	762	869	805	137	0	0	0	0
108	0	0	763	873	803	87	0	0	0	0
109	0	0	761	876	802	90	0	0	0	0
110	0	0	760	878	801	89	0	0	0	0
111	0	0	762	880	799	107	0	0	0	0
112	0	0	765	880	798	88	0	0	0	0
113	0	0	766	883	797	55	0	0	0	0
114	0	0	768	885	795	44	0	0	0	0
115	0	0	769	889	798	39	0	0	0	0
116	0	0	770	890	796	38	0	0	0	0
117	0	0	771	893	796	36	0	0	0	0
118	0	0	772	895	795	42	0	0	0	0
119	0	0	772	897	796	50	0	0	0	0
120	0	0	773	899	796	48	0	0	0	0
121	0	0	773	900	796	63	0	0	0	0
122	0	0	773	903	798	68	0	0	0	0
123	0	0	773	904	799	50	0	0	0	0
124	0	0	772	906	799	44	0	0	0	0
125	0	0	772	905	799	51	0	0	0	0
126	0	0	771	905	799	30	0	0	0	0
127	0	0	770	904	800	19	0	0	0	0
0	0	0	771	903	799	14	0	0	0	0
1	0	0	767	902	798	8	0	0	0	0
2	0	0	763	902	798	7	0	0	0	0
3	0	0	760	902	797	4	0	0	0	0
4	0	0	758	901	799	0	0	0	0	0
5	0	0	755	902	797	0	0	0	0	0
6	0	0	752	899	798	0	0	0	0	0
7	0	0	750	899	798	1	0	0	0	0
8	0	0	751	898	798	2	0	0	0	0
9	0	0	750	895	799	7	0	0	0	0
10	0	0	749	894	799	12	0	0	0	0
11	0	0	751	891	799	12	0	0	0	0
12	0	0	746	889	799	13	0	0	0	0
13	0	0	745	886	799	15	0	0	0	0
14	0	0	745	885	799	18	0	0	0	0
15	0	0	742	883	799	17	0	0	0	0
16	0	0	740	880	798	17	0	0	0	0
17	0	0	736	877	798	20	0	0	0	0
18	0	0	735	874	798	21	0	0	0	0
19	0	0	733	871	797	16	0	0	0	0
20	0	0	733	870	797	10	0	0	0	0
21	0	0	734	867	796	8	0	0	0	0
22	0	0	734	865	796	6	0	0	0	0
23	0	0	734	861	795	2	0	0	0	0
24	0	0	736	858	794	0	0	0	0	0
25	0	0	737	856	795	0	0	0	0	0
26	0	0	737	856	794	0	0	0	0	0
27	0	0	740	853	794	1	0	0	0	0
28	0	0	742	850	793	1	0	0	0	0
29	0	0	744	848	792	14	0	0	0	0
30	0	0	746	844	792	27	0	0	0	0
31	0	0	748	843	791	27	0	0	0	0
32	0	0	749	841	792	26	0	0	0	0
33	0	0	749	843	792	23	0	0	0	0
34	0	0	751	839	792	24	0	0	0	0
35	0	0	754	836	790	22	0	0	0	0
36	0	0	754	834	791	26	0	0	0	0
37	0	0	755	834	791	37	0	0	0	0
38	0	0	759	830	790	40	0	0	0	0
39	0	0	759	828	790	33	0	0	0	0
40	0	0	759	827	789	28	0	0	0	0
41	0	0	762	825	790	26	0	0	0	0
42	0	0	763	823	787	26	0	0	0	0
43	0	0	766	820	785	20	0	0	0	0
44	0	0	767	818	786	12	0	0	0	0
45	0	0	770	817	785	19	0	0	0	0
46	0	0	770	813	784	23	0	0	0	0
47	0	0	770	817	785	28	0	0	0	0
48	0	0	775	813	783	28	0	0	0	0
49	0	0	773	808	781	32	0	0	0	0
50	0	0	777	812	781	35	0	0	0	0
51	0	0	781	809	780	38	0	0	0	0
52	0	0	781	805	780	37	0	0	0	0
53	0	0	781	802	778	39	0	0	0	0
54	0	0	783	799	778	41	0	0	0	0
55	0	0	784	799	777	43	0	0	0	0
56	0	0	782	796	777	43	0	0	0	0
57	0	0	782	792	777	47	0	0	0	0
58	0	0	782	790	776	49	0	0	0	0
59	0	0	780	787	776	41	0	0	0	0
60	0	0	781	787	774	30	0	0	0	0
61	0	0	782	783	773	32	0	0	0	0
62	0	0	784	782	772	29	0	0	0	0
63	0	0	786	779	770	27	0	0	0	0
64	0	0	789	778	770	23	0	0	0	0
65	0	0	791	774	769	18	0	0	0	0
66	0	0	794	770	767	23	0	0	0	0
67	0	0	796	768	767	20	0	0	0	0
68	0	0	799	765	767	20	0	0	0	0
69	0	0	800	763	766	25	0	0	0	0
70	0	0	802	761	766	29	0	0	0	0
71	0	0	802	760	765	31	0	0	0	0
72	0	0	802	758	766	31	0	0	0	0
73	0	0	803	756	766	34	0	0	0	0
74	0	0	802	754	766	36	0	0	0	0
75	0	0	803	754	765	34	0	0	0	0
76	0	0	804	751	766	34	0	0	0	0
77	0	0	805	750	765	42	0	0	0	0
78	0	0	805	747	765	37	0	0	0	0
79	0	0	804	748	767	29	0	0	0	0
80	0	0	804	747	765	27	0	0	0	0
81	0	0	804	747	767	21	0	0	0	0
82	0	0	804	746	767	22	0	0	0	0
83	0	0	802	744	768	17	0	0	0	0
84	0	0	803	744	769	15	0	0	0	0
85	0	0	803	742	769	15	0	0	0	0
86	0	0	803	740	770	14	0	0	0	0
87	0	0	801	740	770	11	0	0	0	0
88	0	0	801	738	770	13	0	0	0	0
89	0	0	801	739	771	15	0	0	0	0
90	0	0	799	736	773	19	0	0	0	0
91	0	0	799	738	773	22	0	0	0	0
92	0	0	798	735	774	19	0	0	0	0
93	0	0	797	734	775	23	0	0	0	0
94	0	0	795	735	775	24	0	0	0	0
95	0	0	793	734	775	19	0	0	0	0
96	0	0	793	733	776	20	0	0	0	0
97	0	0	793	733	777	26	0	0	0	0
98	0	0	792	733	778	29	0	0	0	0
99	0	0	790	732	778	15	0	0	0	0
100	0	0	789	733	779	17	0	0	0	0
101	0	0	790	732	780	21	0	0	0	0
102	0	0	788	733	780	16	0	0	0	0
103	0	0	787	732	779	27	0	0	0	0
104	0	0	787	732	781	21	0	0	0	0
105	0	0	787	732	781	37	0	0	0	0
106	0	0	786	731	781	33	0	0	0	0
107	0	0	784	731	782	43	0	0	0	0
108	0	0	784	732	781	20	0	0	0	0
109	0	0	783	733	782	29	0	0	0	0
110	0	0	783	733	782	46	0	0	0	0
111	0	0	783	733	782	50	0	0	0	0
112	0	0	782	734	782	50	0	0	0	0
113	0	0	782	734	782	47	0	0	0	0
114	0	0	782	735	782	58	0	0	0	0
115	0	0	781	736	781	58	0	0	0	0
116	0	0	780	737	782	64	0	0	0	0
117	0	0	779	739	782	66	0	0	0	0
118	0	0	779	739	781	62	0	0	0	0
119	0	0	778	741	782	49	0	0	0	0
120	0	0	779	743	782	46	0	0	0	0
121	0	0	778	744	783	47	0	0	0	0
122	0	0	779	745	782	57	0	0	0	0
123	0	0	779	745	780	54	0	0	0	0
124	0	0	779	747	781	47	0	0	0	0
125	0	0	779	749	781	39	0	0	0	0
126	0	0	779	750	780	32	0	0	0	0
127	0	0	779	751	780	37	0	0	0	0
0	0	0	779	751	778	39	0	0	0	0
1	0	0	780	753	779	50	0	0	0	0
2	0	0	781	754	779	48	0	0	0	0
3	0	0	783	755	778	43	0	0	0	0
4	0	0	785	756	778	49	0	0	0	0
5	0	0	785	757	777	48	0	0	0	0
6	0	0	785	758	777	59	0	0	0	0
7	0	0	786	759	777	60	0	0	0	0
8	0	0	788	761	776	61	0	0	0	0
9	0	0	788	762	775	69	0	0	0	0
10	0	0	790	762	774	71	0	0	0	0
11	0	0	790	763	774	66	0	0	0	0
12	0	0	791	764	773	60	0	0	0	0
13	0	0	793	764	772	61	0	0	0	0
14	0	0	794	765	772	63	0	0	0	0
15	0	0	794	766	771	54	0	0	0	0
16	0	0	794	767	770	56	0	0	0	0
17	0	0	794	768	769	54	0	0	0	0
18	0	0	796	769	770	58	0	0	0	0
19	0	0	798	769	769	54	0	0	0	0
20	0	0	798	771	768	57	0	0	0	0
21	0	0	799	771	767	63	0	0	0	0
22	0	0	799	772	767	67	0	0	0	0
23	0	0	800	774	765	69	0	0	0	0
24	0	0	800	775	765	63	0	0	0	0
25	0	0	802	776	764	64	0	0	0	0
26	0	0	802	776	763	70	0	0	0	0
27	0	0	804	777	763	70	0	0	0	0
28	0	0	805	779	762	71	0	0	0	0
29	0	0	806	781	762	72	0	0	0	0
30	0	0	806	782	761	64	0	0	0	0
31	0	0	808	782	762	57	0	0	0	0
32	0	0	809	784	760	52	0	0	0	0
33	0	0	809	785	759	54	0	0	0	0
34	0	0	811	786	759	60	0	0	0	0
35	0	0	810	787	759	57	0	0	0	0
36	0	0	810	789	758	52	0	0	0	0
37	0	0	811	791	758	53	0	0	0	0
38	0	0	813	791	758	57	0	0	0	0
39	0	0	813	792	757	57	0	0	0	0
40	0	0	813	793	757	58	0	0	0	0
41	0	0	813	794	756	60	0	0	0	0
42	0	0	813	795	757	66	0	0	0	0
43	0	0	814	796	756	65	0	0	0	0
44	0	0	815	797	756	68	0	0	0	0
45	0	0	816	798	756	70	0	0	0	0
46	0	0	814	799	757	74	0	0	0	0
47	0	0	815	799	757	70	0	0	0	0
48	0	0	816	800	758	70	0	0	0	0
49	0	0	817	802	757	78	0	0	0	0
50	0	0	817	801	757	75	0	0	0	0
51	0	0	817	803	758	71	0	0	0	0
52	0	0	817	804	757	66	0	0	0	0
53	0	0	817	804	757	65	0	0	0	0
54	0	0	817	805	757	59	0	0	0	0
55	0	0	816	805	758	54	0	0	0	0
56	0	0	816	807	758	49	0	0	0	0
57	0	0	816	807	758	48	0	0	0	0
58	0	0	816	807	759	45	0	0	0	0
59	0	0	816	808	759	55	0	0	0	0
60	0	0	815	807	759	45	0	0	0	0
61	0	0	816	808	760	61	0	0	0	0
62	0	0	818	807	759	66	0	0	0	0
63	0	0	816	808	759	66	0	0	0	0
64	0	0	814	807	759	67	0	0	0	0
65	0	0	815	807	759	69	0	0	0	0
66	0	0	816	806	759	71	0	0	0	0
67	0	0	815	805	759	71	0	0	0	0
68	0	0	815	805	759	70	0	0	0	0
69	0	0	814	804	760	76	0	0	0	0
70	0	0	814	803	759	77	0	0	0	0
71	0	0	814	802	760	72	0	0	0	0
72	0	0	814	802	759	67	0	0	0	0
73	0	0	814	801	759	65	0	0	0	0
74	0	0	815	801	759	63	0	0	0	0
75	0	0	815	801	759	63	0	0	0	0
76	0	0	814	800	759	57	0	0	0	0
77	0	0	815	800	758	54	0	0	0	0
78	0	0	816	799	758	56	0	0	0	0
79	0	0	815	799	757	59	0	0	0	0
80	0	0	816	799	757	59	0	0	0	0
81	0	0	816	797	757	59	0	0	0	0
82	0	0	816	797	756	65	0	0	0	0
83	0	0	816	798	756	62	0	0	0	0
84	0	0	816	798	756	66	0	0	0	0
85	0	0	816	797	754	67	0	0	0	0
86	0	0	816	797	756	70	0	0	0	0
87	0	0	817	797	756	68	0	0	0	0
88	0	0	816	796	755	67	0	0	0	0
89	0	0	816	797	755	71	0	0	0	0
90	0	0	816	797	755	73	0	0	0	0
91	0	0	815	797	755	67	0	0	0	0
92	0	0	814	796	756	62	0	0	0	0
93	0	0	814	796	755	63	0	0	0	0
94	0	0	813	796	756	59	0	0	0	0
95	0	0	813	796	756	58	0	0	0	0
96	0	0	812	796	756	54	0	0	0	0
97	0	0	811	796	756	53	0	0	0	0
98	0	0	811	796	756	57	0	0	0	0
99	0	0	813	795	755	58	0	0	0	0
100	0	0	812	795	757	56	0	0	0	0
101	0	0	810	795	757	59	0	0	0	0
102	0	0	810	796	757	65	0	0	0	0
103	0	0	809	796	759	64	0	0	0	0
104	0	0	809	797	759	66	0	0	0	0
105	0	0	807	796	759	68	0	0	0	0
106	0	0	807	797	760	72	0	0	0	0
107	0	0	805	797	763	71	0	0	0	0
108	0	0	803	799	763	71	0	0	0	0
109	0	0	802	798	765	75	0	0	0	0
110	0	0	801	799	766	74	0	0	0	0
111	0	0	800	800	766	69	0	0	0	0
112	0	0	798	799	766	62	0	0	0	0
113	0	0	797	802	768	57	0	0	0	0
114	0	0	798	802	769	52	0	0	0	0
115	0	0	795	802	770	36	0	0	0	0
116	0	0	794	803	771	47	0	0	0	0
117	0	0	794	803	773	50	0	0	0	0
118	0	0	792	802	773	50	0	0	0	0
119	0	0	791	802	775	47	0	0	0	0
120	0	0	792	803	775	49	0	0	0	0
121	0	0	791	803	776	50	0	0	0	0
122	0	0	792	803	777	53	0	0	0	0
123	0	0	791	803	777	51	0	0	0	0
124	0	0	793	803	779	48	0	0	0	0
125	0	0	791	802	780	45	0	0	0	0
126	0	0	790	802	781	40	0	0	0	0
127	0	0	791	801	781	27	0	0	0	0
0	0	0	790	801	781	4	0	0	0	0
1	0	0	793	801	781	0	0	0	0	0
2	0	0	792	801	781	625	0	0	0	0
3	0	0	793	801	782	591	0	0	0	0
4	0	0	794	800	781	712	0	0	0	0
5	0	0	794	799	781	744	0	0	0	0
6	0	0	795	799	783	816	0	0	0	0
7	0	0	796	798	783	983	0	0	0	0
8	0	0	794	798	785	1065	0	0	0	0
9	0	0	791	798	786	1083	0	0	0	0
10	0	0	785	797	788	1094	0	0	0	0
11	0	0	778	795	791	1042	0	0	0	0
12	0	0	773	792	793	949	0	0	0	0
13	0	0	771	788	793	1001	0	0	0	0
14	0	0	772	786	792	996	0	0	0	0
15	0	0	777	785	791	984	0	0	0	0
16	0	0	782	784	790	964	0	0	0	0
17	0	0	793	787	791	914	0	0	0	0
18	0	0	803	789	791	873	0	0	0	0
19	0	0	814	791	795	887	0	0	0	0
20	0	0	821	795	799	841	0	0	0	0
21	0	0	818	798	804	838	0	0	0	0
22	0	0	808	800	816	855	0	0	0	0
23	0	0	793	805	843	885	0	0	0	0
24	0	0	753	814	876	863	0	0	0	0
25	0	0	690	822	916	838	0	0	0	0
26	0	0	589	817	959	849	0	0	0	0
27	0	0	438	794	996	837	0	0	0	0
28	0	0	289	756	1028	797	0	0	0	0
29	0	0	188	713	1056	713	0	0	0	0
30	0	0	126	669	1068	609	0	0	0	0
31	0	0	95	627	1079	562	0	0	0	0
32	0	0	158	583	1088	568	0	0	0	0
33	0	0	293	522	1098	506	0	0	0	0
34	0	0	434	471	1117	456	0	0	0	0
35	0	0	537	450	1110	483	0	0	0	0
36	0	0	671	468	1122	487	0	0	0	0
37	0	0	741	505	1159	464	0	0	0	0
38	0	0	743	558	1191	459	0	0	0	0
39	0	0	720	618	1223	439	0	0	0	0
40	0	0	724	680	1265	392	0	0	0	0
41	0	0	748	727	1316	433	0	0	0	0
42	0	0	758	754	1372	446	0	0	0	0
43	0	0	731	757	1421	443	0	0	0	0
44	0	0	663	743	1453	479	0	0	0	0
45	0	0	574	715	1465	513	0	0	0	0
46	0	0	481	668	1465	544	0	0	0	0
47	0	0	375	600	1452	558	0	0	0	0
48	0	0	263	525	1437	561	0	0	0	0
49	0	0	172	439	1376	596	0	0	0	0
50	0	0	117	350	1287	640	0	0	0	0
51	0	0	138	270	1169	656	0	0	0	0
52	0	0	295	206	1042	672	0	0	0	0
53	0	0	505	157	924	684	0	0	0	0
54	0	0	732	118	794	688	0	0	0	0
55	0	0	1012	89	684	688	0	0	0	0
56	0	0	1212	67	610	729	0	0	0	0
57	0	0	1327	54	530	788	0	0	0	0
58	0	0	1393	55	477	853	0	0	0	0
59	0	0	1435	67	446	913	0	0	0	0
60	0	0	1426	77	425	963	0	0	0	0
61	0	0	1285	65	423	1038	0	0	0	0
62	0	0	1216	52	449	1077	0	0	0	0
63	0	0	1223	42	471	1083	0	0	0	0
64	0	0	1254	36	499	1082	0	0	0	0
65	0	0	1267	33	526	1120	0	0	0	0
66	0	0	1246	43	548	1135	0	0	0	0
67	0	0	1191	74	571	1201	0	0	0	0
68	0	0	1148	111	578	1292	0	0	0	0
69	0	0	1102	157	591	1231	0	0	0	0
70	0	0	1044	199	610	1197	0	0	0	0
71	0	0	993	233	636	1239	0	0	0	0
72	0	0	935	261	676	1267	0	0	0	0
73	0	0	856	273	702	1310	0	0	0	0
74	0	0	785	268	726	1284	0	0	0	0
75	0	0	763	252	752	1371	0	0	0	0
76	0	0	774	230	768	1365	0	0	0	0
77	0	0	799	213	778	1361	0	0	0	0
78	0	0	817	206	782	1322	0	0	0	0
79	0	0	828	208	788	1309	0	0	0	0
80	0	0	834	211	793	1319	0	0	0	0
81	0	0	832	216	797	1319	0	0	0	0
82	0	0	831	213	806	1327	0	0	0	0
83	0	0	823	202	817	1318	0	0	0	0
84	0	0	815	180	835	1327	0	0	0	0
85	0	0	815	148	853	1331	0	0	0	0
86	0	0	807	117	874	1344	0	0	0	0
87	0	0	805	89	896	1345	0	0	0	0
88	0	0	793	71	912	1346	0	0	0	0
89	0	0	779	63	928	1354	0	0	0	0
90	0	0	769	62	941	1351	0	0	0	0
91	0	0	760	72	952	1370	0	0	0	0
92	0	0	757	87	961	1375	0	0	0	0
93	0	0	760	107	970	1379	0	0	0	0
94	0	0	771	125	977	1386	0	0	0	0
95	0	0	790	151	980	1390	0	0	0	0
96	0	0	814	175	979	1390	0	0	0	0
97	0	0	840	200	979	1383	0	0	0	0
98	0	0	868	233	974	1381	0	0	0	0
99	0	0	894	267	963	1380	0	0	0	0
100	0	0	914	303	952	1377	0	0	0	0
101	0	0	932	331	941	1379	0	0	0	0
102	0	0	946	353	931	1384	0	0	0	0
103	0	0	959	372	921	1380	0	0	0	0
104	0	0	968	386	913	1378	0	0	0	0
105	0	0	973	399	905	1380	0	0	0	0
106	0	0	972	410	896	1380	0	0	0	0
107	0	0	970	419	888	1379	0	0	0	0
108	0	0	968	426	880	1385	0	0	0	0
109	0	0	957	434	872	1389	0	0	0	0
110	0	0	943	445	860	1392	0	0	0	0
111	0	0	927	455	849	1396	0	0	0	0
112	0	0	911	465	836	1398	0	0	0	0
113	0	0	896	477	821	1399	0	0	0	0
114	0	0	881	490	803	1401	0	0	0	0
115	0	0	868	502	788	1402	0	0	0	0
116	0	0	858	514	769	1403	0	0	0	0
117	0	0	853	527	753	1403	0	0	0	0
118	0	0	851	539	739	1402	0	0	0	0
119	0	0	850	549	726	1401	0	0	0	0
120	0	0	854	558	716	1403	0	0	0	0
121	0	0	858	565	708	1402	0	0	0	0
122	0	0	866	570	700	1409	0	0	0	0
123	0	0	877	575	696	1410	0	0	0	0
124	0	0	889	578	692	1403	0	0	0	0
125	0	0	900	581	690	1393	0	0	0	0
126	0	0	909	583	687	1393	0	0	0	0
127	0	0	914	583	685	1394	0	0	0	0
0	0	0	916	584	687	1387	0	0	0	0
1	0	0	916	582	687	1383	0	0	0	0
2	0	0	915	581	689	1373	0	0	0	0
3	0	0	910	580	693	1373	0	0	0	0
4	0	0	902	582	697	1377	0	0	0	0
5	0	0	892	583	702	1375	0	0	0	0
6	0	0	880	584	710	1370	0	0	0	0
7	0	0	870	585	719	1366	0	0	0	0
8	0	0	855	590	726	1363	0	0	0	0
9	0	0	842	592	735	1361	0	0	0	0
10	0	0	830	593	744	1361	0	0	0	0
11	0	0	815	594	754	1361	0	0	0	0
12	0	0	804	594	763	1359	0	0	0	0
13	0	0	799	593	769	1361	0	0	0	0
14	0	0	796	591	776	1357	0	0	0	0
15	0	0	794	590	782	1352	0	0	0	0
16	0	0	793	591	788	1354	0	0	0	0
17	0	0	792	592	791	1354	0	0	0	0
18	0	0	792	590	796	1347	0	0	0	0
19	0	0	790	587	798	1329	0	0	0	0
20	0	0	790	586	799	1322	0	0	0	0
21	0	0	794	584	803	1320	0	0	0	0
22	0	0	796	582	805	1323	0	0	0	0
23	0	0	797	581	807	1325	0	0	0	0
24	0	0	798	579	808	1327	0	0	0	0
25	0	0	799	578	809	1325	0	0	0	0
26	0	0	801	575	810	1327	0	0	0	0
27	0	0	800	572	809	1325	0	0	0	0
28	0	0	801	570	810	1324	0	0	0	0
29	0	0	804	568	808	1317	0	0	0	0
30	0	0	805	565	807	1315	0	0	0	0
31	0	0	807	562	807	1307	0	0	0	0
32	0	0	810	558	809	1298	0	0	0	0
33	0	0	813	555	808	1303	0	0	0	0
34	0	0	818	552	807	1304	0	0	0	0
35	0	0	819	550	805	1299	0	0	0	0
36	0	0	825	549	805	1294	0	0	0	0
37	0	0	829	550	806	1282	0	0	0	0
38	0	0	833	552	806	1275	0	0	0	0
39	0	0	838	553	807	1267	0	0	0	0
40	0	0	841	554	806	1265	0	0	0	0
41	0	0	843	556	807	1265	0	0	0	0
42	0	0	845	558	808	1262	0	0	0	0
43	0	0	846	559	808	1265	0	0	0	0
44	0	0	846	558	811	1266	0	0	0	0
45	0	0	847	560	813	1257	0	0	0	0
46	0	0	846	559	815	1244	0	0	0	0
47	0	0	846	559	817	1244	0	0	0	0
48	0	0	847	560	820	1243	0	0	0	0
49	0	0	844	561	825	1238	0	0	0	0
50	0	0	844	564	829	1238	0	0	0	0
51	0	0	842	565	834	1227	0	0	0	0
52	0	0	838	567	840	1221	0	0	0	0
53	0	0	833	569	846	1223	0	0	0	0
54	0	0	828	569	850	1211	0	0	0	0
55	0	0	821	569	856	1199	0	0	0	0
56	0	0	816	565	863	1185	0	0	0	0
57	0	0	817	565	870	1184	0	0	0	0
58	0	0	808	557	872	1180	0	0	0	0
59	0	0	796	546	877	1181	0	0	0	0
60	0	0	789	540	879	1169	0	0	0	0
61	0	0	783	530	880	1175	0	0	0	0
62	0	0	778	527	883	1171	0	0	0	0
63	0	0	774	522	882	1171	0	0	0	0
64	0	0	773	520	883	1174	0	0	0	0
65	0	0	771	513	881	1177	0	0	0	0
66	0	0	771	517	882	1175	0	0	0	0
67	0	0	776	517	878	1167	0	0	0	0
68	0	0	776	518	877	1173	0	0	0	0
69	0	0	773	519	876	1169	0	0	0	0
70	0	0	773	521	873	1168	0	0	0	0
71	0	0	775	523	872	1164	0	0	0	0
72	0	0	777	521	871	1160	0	0	0	0
73	0	0	777	523	869	1161	0	0	0	0
74	0	0	779	526	867	1157	0	0	0	0
75	0	0	780	529	865	1154	0	0	0	0
76	0	0	784	534	863	1142	0	0	0	0
77	0	0	786	537	860	1147	0	0	0	0
78	0	0	788	541	858	1141	0	0	0	0
79	0	0	791	544	855	1136	0	0	0	0
80	0	0	793	544	853	1134	0	0	0	0
81	0	0	793	546	851	1131	0	0	0	0
82	0	0	796	547	849	1110	0	0	0	0
83	0	0	797	546	848	1110	0	0	0	0
84	0	0	799	546	846	1112	0	0	0	0
85	0	0	799	544	844	1114	0	0	0	0
86	0	0	798	544	842	1108	0	0	0	0
87	0	0	797	544	840	1108	0	0	0	0
88	0	0	796	546	838	1103	0	0	0	0
89	0	0	794	546	835	1108	0	0	0	0
90	0	0	795	547	833	1105	0	0	0	0
91	0	0	794	548	831	1104	0	0	0	0
92	0	0	792	549	829	1090	0	0	0	0
93	0	0	792	551	827	1079	0	0	0	0
94	0	0	791	553	825	1079	0	0	0	0
95	0	0	792	554	824	1067	0	0	0	0
96	0	0	791	557	822	1068	0	0	0	0
97	0	0	791	559	821	1075	0	0	0	0
98	0	0	790	563	819	1057	0	0	0	0
99	0	0	791	566	818	1048	0	0	0	0
100	0	0	790	569	816	1051	0	0	0	0
101	0	0	792	573	816	1057	0	0	0	0
102	0	0	791	576	813	1060	0	0	0	0
103	0	0	791	581	813	1045	0	0	0	0
104	0	0	791	584	811	1049	0	0	0	0
105	0	0	789	588	810	1057	0	0	0	0
106	0	0	789	592	810	1063	0	0	0	0
107	0	0	791	596	808	1061	0	0	0	0
108	0	0	792	601	806	1050	0	0	0	0
109	0	0	792	603	805	1041	0	0	0	0
110	0	0	791	606	804	1039	0	0	0	0
111	0	0	791	610	802	1036	0	0	0	0
112	0	0	793	613	799	1026	0	0	0	0
113	0	0	795	615	798	1026	0	0	0	0
114	0	0	796	617	796	1022	0	0	0	0
115	0	0	798	619	794	1014	0	0	0	0
116	0	0	799	620	792	1003	0	0	0	0
117	0	0	799	623	790	993	0	0	0	0
118	0	0	800	624	789	995	0	0	0	0
119	0	0	801	626	787	993	0	0	0	0
120	0	0	801	628	785	1012	0	0	0	0
121	0	0	802	630	784	1023	0	0	0	0
122	0	0	803	633	783	1016	0	0	0	0
123	0	0	803	636	782	1011	0	0	0	0
124	0	0	803	638	780	1003	0	0	0	0
125	0	0	804	641	781	990	0	0	0	0
126	0	0	803	644	781	984	0	0	0	0
127	0	0	803	645	780	983	0	0	0	0
0	0	0	803	648	780	975	0	0	0	0
1	0	0	803	650	779	969	0	0	0	0
2	0	0	802	653	778	963	0	0	0	0
3	0	0	803	653	778	943	0	0	0	0
4	0	0	802	657	777	946	0	0	0	0
5	0	0	803	660	777	947	0	0	0	0
6	0	0	801	662	777	948	0	0	0	0
7	0	0	801	665	777	948	0	0	0	0
8	0	0	800	667	777	932	0	0	0	0
9	0	0	801	670	777	905	0	0	0	0
10	0	0	800	672	777	887	0	0	0	0
11	0	0	800	674	777	880	0	0	0	0
12	0	0	798	676	778	868	0	0	0	0
13	0	0	799	677	779	852	0	0	0	0
14	0	0	798	679	778	839	0	0	0	0
15	0	0	797	680	779	830	0	0	0	0
16	0	0	796	683	779	824	0	0	0	0
17	0	0	795	685	780	819	0	0	0	0
18	0	0	792	687	781	808	0	0	0	0
19	0	0	790	689	781	805	0	0	0	0
20	0	0	788	691	783	791	0	0	0	0
21	0	0	787	691	783	787	0	0	0	0
22	0	0	784	692	783	775	0	0	0	0
23	0	0	783	692	785	779	0	0	0	0
24	0	0	781	693	786	779	0	0	0	0
25	0	0	781	693	787	765	0	0	0	0
26	0	0	778	694	788	728	0	0	0	0
27	0	0	778	695	787	733	0	0	0	0
28	0	0	778	696	787	747	0	0	0	0
29	0	0	780	697	789	739	0	0	0	0
30	0	0	779	700	790	725	0	0	0	0
31	0	0	775	700	791	716	0	0	0	0
32	0	0	773	700	792	720	0	0	0	0
33	0	0	773	701	793	701	0	0	0	0
34	0	0	772	701	792	666	0	0	0	0
35	0	0	771	701	795	656	0	0	0	0
36	0	0	772	701	796	638	0	0	0	0
37	0	0	773	703	796	646	0	0	0	0
38	0	0	768	703	798	638	0	0	0	0
39	0	0	773	703	797	654	0	0	0	0
40	0	0	771	703	799	643	0	0	0	0
41	0	0	772	704	799	582	0	0	0	0
42	0	0	771	705	798	567	0	0	0	0
43	0	0	771	706	798	567	0	0	0	0
44	0	0	772	705	799	567	0	0	0	0
45	0	0	772	707	798	560	0	0	0	0
46	0	0	771	706	798	530	0	0	0	0
47	0	0	774	704	799	534	0	0	0	0
48	0	0	774	707	799	534	0	0	0	0
49	0	0	772	706	797	532	0	0	0	0
50	0	0	773	706	797	532	0	0	0	0
51	0	0	773	707	795	533	0	0	0	0
52	0	0	774	706	797	535	0	0	0	0
53	0	0	775	708	795	536	0	0	0	0
54	0	0	775	709	795	568	0	0	0	0
55	0	0	775	711	795	574	0	0	0	0
56	0	0	776	711	796	581	0	0	0	0
57	0	0	778	711	796	569	0	0	0	0
58	0	0	778	711	795	559	0	0	0	0
59	0	0	779	712	794	571	0	0	0	0
60	0	0	780	711	794	575	0	0	0	0
61	0	0	781	712	793	578	0	0	0	0
62	0	0	782	712	793	574	0	0	0	0
63	0	0	783	713	792	563	0	0	0	0
64	0	0	785	713	791	567	0	0	0	0
65	0	0	785	713	790	561	0	0	0	0
66	0	0	785	712	789	559	0	0	0	0
67	0	0	787	713	790	557	0	0	0	0
68	0	0	787	714	788	551	0	0	0	0
69	0	0	788	714	788	550	0	0	0	0
70	0	0	788	714	787	558	0	0	0	0
71	0	0	786	713	787	570	0	0	0	0
72	0	0	788	713	785	570	0	0	0	0
73	0	0	790	714	785	569	0	0	0	0
74	0	0	791	714	785	564	0	0	0	0
75	0	0	791	714	784	563	0	0	0	0
76	0	0	791	714	783	562	0	0	0	0
77	0	0	791	713	783	575	0	0	0	0
78	0	0	789	713	783	573	0	0	0	0
79	0	0	792	713	781	574	0	0	0	0
80	0	0	792	712	782	569	0	0	0	0
81	0	0	792	712	782	573	0	0	0	0
82	0	0	794	711	782	590	0	0	0	0
83	0	0	795	712	781	594	0	0	0	0
84	0	0	795	712	781	594	0	0	0	0
85	0	0	794	712	781	595	0	0	0	0
86	0	0	793	712	781	596	0	0	0	0
87	0	0	794	712	782	596	0	0	0	0
88	0	0	795	711	783	599	0	0	0	0
89	0	0	794	713	783	597	0	0	0	0
90	0	0	793	711	784	583	0	0	0	0
91	0	0	795	712	785	602	0	0	0	0
92	0	0	795	712	786	612	0	0	0	0
93	0	0	794	712	787	615	0	0	0	0
94	0	0	794	711	788	614	0	0	0	0
95	0	0	794	711	789	618	0	0	0	0
96	0	0	793	711	791	616	0	0	0	0
97	0	0	791	710	792	617	0	0	0	0
98	0	0	789	708	792	616	0	0	0	0
99	0	0	790	708	794	613	0	0	0	0
100	0	0	791	708	796	611	0	0	0	0
101	0	0	790	708	798	607	0	0	0	0
102	0	0	789	708	799	615	0	0	0	0
103	0	0	787	707	800	614	0	0	0	0
104	0	0	787	705	801	615	0	0	0	0
105	0	0	786	704	804	614	0	0	0	0
106	0	0	785	703	805	614	0	0	0	0
107	0	0	786	702	805	610	0	0	0	0
108	0	0	786	703	806	611	0	0	0	0
109	0	0	785	701	807	608	0	0	0	0
110	0	0	786	700	809	609	0	0	0	0
111	0	0	786	698	810	609	0	0	0	0
112	0	0	785	699	810	609	0	0	0	0
113	0	0	785	699	811	607	0	0	0	0
114	0	0	785	699	812	611	0	0	0	0
115	0	0	786	697	813	609	0	0	0	0
116	0	0	786	697	814	611	0	0	0	0
117	0	0	786	696	814	615	0	0	0	0
118	0	0	786	694	815	614	0	0	0	0
119	0	0	786	693	813	615	0	0	0	0
120	0	0	786	692	815	617	0	0	0	0
121	0	0	788	692	815	616	0	0	0	0
122	0	0	788	691	815	616	0	0	0	0
123	0	0	788	690	817	613	0	0	0	0
124	0	0	787	689	816	613	0	0	0	0
125	0	0	786	688	817	615	0	0	0	0
126	0	0	786	687	815	614	0	0	0	0
127	0	0	785	686	816	613	0	0	0	0
0	0	0	785	685	816	612	0	0	0	0
1	0	0	786	683	815	612	0	0	0	0
2	0	0	786	683	816	614	0	0	0	0
3	0	0	786	681	816	614	0	0	0	0
4	0	0	786	680	817	612	0	0	0	0
5	0	0	784	676	817	611	0	0	0	0
6	0	0	785	676	818	612	0	0	0	0
7	0	0	783	676	819	613	0	0	0	0
8	0	0	783	673	818	618	0	0	0	0
9	0	0	783	671	819	625	0	0	0	0
10	0	0	782	670	819	628	0	0	0	0
11	0	0	781	667	818	628	0	0	0	0
12	0	0	780	665	819	631	0	0	0	0
13	0	0	780	664	819	631	0	0	0	0
14	0	0	779	662	819	634	0	0	0	0
15	0	0	779	661	819	632	0	0	0	0
16	0	0	778	660	820	628	0	0	0	0
17	0	0	777	657	820	632	0	0	0	0
18	0	0	776	655	820	630	0	0	0	0
19	0	0	775	653	821	625	0	0	0	0
