# bioPlux Text File Format
# Version: 1
# StartDateTime: 2012-03-21 17:41:39
# SamplingFrequency: 1000
# SampledChannels: 1 2 3 4 5 6 7 8
# SamplingResolution: 12
# AcquiringDevice: 00:07:80:93:66:BE
# EndOfHeader
0	0	0	778	661	857	751	0	0	0	0
1	0	0	778	662	855	750	0	0	0	0
2	0	0	776	662	855	750	0	0	0	0
3	0	0	777	662	855	749	0	0	0	0
4	0	0	778	661	856	751	0	0	0	0
5	0	0	777	661	855	754	0	0	0	0
6	0	0	777	662	854	752	0	0	0	0
7	0	0	777	662	856	751	0	0	0	0
8	0	0	777	662	856	749	0	0	0	0
9	0	0	777	661	855	748	0	0	0	0
10	0	0	778	662	855	747	0	0	0	0
11	0	0	777	661	855	746	0	0	0	0
12	0	0	778	661	855	747	0	0	0	0
13	0	0	777	661	855	745	0	0	0	0
14	0	0	778	661	855	742	0	0	0	0
15	0	0	777	661	855	745	0	0	0	0
16	0	0	778	662	853	746	0	0	0	0
17	0	0	778	663	855	748	0	0	0	0
18	0	0	777	661	855	747	0	0	0	0
19	0	0	778	661	855	747	0	0	0	0
20	0	0	776	662	855	747	0	0	0	0
21	0	0	776	662	854	748	0	0	0	0
22	0	0	776	661	855	749	0	0	0	0
23	0	0	776	661	856	747	0	0	0	0
24	0	0	776	660	855	747	0	0	0	0
25	0	0	776	661	854	749	0	0	0	0
26	0	0	777	661	853	749	0	0	0	0
27	0	0	776	660	854	744	0	0	0	0
28	0	0	777	661	854	740	0	0	0	0
29	0	0	777	661	854	737	0	0	0	0
30	0	0	778	661	854	734	0	0	0	0
31	0	0	778	661	854	732	0	0	0	0
32	0	0	776	661	854	732	0	0	0	0
33	0	0	776	661	854	733	0	0	0	0
34	0	0	777	662	853	735	0	0	0	0
35	0	0	776	662	853	734	0	0	0	0
36	0	0	777	661	852	735	0	0	0	0
37	0	0	778	661	854	736	0	0	0	0
38	0	0	778	662	852	734	0	0	0	0
39	0	0	778	661	853	732	0	0	0	0
40	0	0	778	661	852	735	0	0	0	0
41	0	0	777	661	853	737	0	0	0	0
42	0	0	777	661	853	738	0	0	0	0
43	0	0	776	662	852	736	0	0	0	0
44	0	0	776	662	853	738	0	0	0	0
45	0	0	776	661	853	738	0	0	0	0
46	0	0	777	661	853	737	0	0	0	0
47	0	0	777	661	854	735	0	0	0	0
48	0	0	776	661	854	733	0	0	0	0
49	0	0	776	661	853	733	0	0	0	0
50	0	0	777	662	853	731	0	0	0	0
51	0	0	778	662	854	731	0	0	0	0
52	0	0	777	662	854	729	0	0	0	0
53	0	0	777	662	854	730	0	0	0	0
54	0	0	777	662	853	732	0	0	0	0
55	0	0	777	662	853	731	0	0	0	0
56	0	0	777	663	854	732	0	0	0	0
57	0	0	777	662	854	731	0	0	0	0
58	0	0	778	662	855	732	0	0	0	0
59	0	0	777	662	854	732	0	0	0	0
60	0	0	777	662	855	733	0	0	0	0
61	0	0	778	662	856	732	0	0	0	0
62	0	0	778	662	855	734	0	0	0	0
63	0	0	778	663	855	732	0	0	0	0
64	0	0	778	662	854	730	0	0	0	0
65	0	0	778	664	854	731	0	0	0	0
66	0	0	778	663	854	731	0	0	0	0
67	0	0	777	663	855	729	0	0	0	0
68	0	0	778	663	855	724	0	0	0	0
69	0	0	778	663	855	727	0	0	0	0
70	0	0	779	663	855	726	0	0	0	0
71	0	0	779	663	855	724	0	0	0	0
72	0	0	779	663	854	724	0	0	0	0
73	0	0	779	664	854	722	0	0	0	0
74	0	0	779	664	854	722	0	0	0	0
75	0	0	779	664	855	721	0	0	0	0
76	0	0	778	664	855	721	0	0	0	0
77	0	0	777	663	855	721	0	0	0	0
78	0	0	778	664	855	721	0	0	0	0
79	0	0	778	664	855	722	0	0	0	0
80	0	0	778	664	854	721	0	0	0	0
81	0	0	778	665	854	722	0	0	0	0
82	0	0	778	665	854	725	0	0	0	0
83	0	0	778	665	853	724	0	0	0	0
84	0	0	777	664	854	724	0	0	0	0
85	0	0	777	665	854	725	0	0	0	0
86	0	0	777	664	854	725	0	0	0	0
87	0	0	778	664	854	722	0	0	0	0
88	0	0	776	663	853	720	0	0	0	0
89	0	0	776	664	853	722	0	0	0	0
90	0	0	776	665	853	719	0	0	0	0
91	0	0	776	664	854	718	0	0	0	0
92	0	0	775	663	853	717	0	0	0	0
93	0	0	776	664	853	720	0	0	0	0
94	0	0	776	665	854	719	0	0	0	0
95	0	0	776	665	853	719	0	0	0	0
96	0	0	776	665	853	720	0	0	0	0
97	0	0	776	663	853	719	0	0	0	0
98	0	0	776	664	853	722	0	0	0	0
99	0	0	775	665	853	721	0	0	0	0
100	0	0	776	665	854	722	0	0	0	0
101	0	0	775	665	853	722	0	0	0	0
102	0	0	774	664	853	725	0	0	0	0
103	0	0	774	664	853	722	0	0	0	0
104	0	0	775	664	854	724	0	0	0	0
105	0	0	774	664	856	719	0	0	0	0
106	0	0	775	664	854	726	0	0	0	0
107	0	0	773	663	854	723	0	0	0	0
108	0	0	775	664	855	720	0	0	0	0
109	0	0	774	664	854	721	0	0	0	0
110	0	0	775	663	855	719	0	0	0	0
111	0	0	776	664	854	715	0	0	0	0
112	0	0	776	663	855	712	0	0	0	0
113	0	0	776	664	855	711	0	0	0	0
114	0	0	775	664	855	709	0	0	0	0
115	0	0	775	664	855	708	0	0	0	0
116	0	0	775	665	856	708	0	0	0	0
117	0	0	775	663	856	708	0	0	0	0
118	0	0	774	664	856	707	0	0	0	0
119	0	0	774	663	856	706	0	0	0	0
120	0	0	774	663	855	706	0	0	0	0
121	0	0	775	663	855	707	0	0	0	0
122	0	0	776	663	856	708	0	0	0	0
123	0	0	775	664	857	705	0	0	0	0
124	0	0	776	663	857	707	0	0	0	0
125	0	0	776	663	857	708	0	0	0	0
126	0	0	775	663	857	707	0	0	0	0
127	0	0	775	663	856	709	0	0	0	0
0	0	0	775	663	856	706	0	0	0	0
1	0	0	774	664	856	704	0	0	0	0
2	0	0	775	663	857	705	0	0	0	0
3	0	0	776	663	857	701	0	0	0	0
4	0	0	776	663	857	699	0	0	0	0
5	0	0	777	663	857	695	0	0	0	0
6	0	0	776	663	858	692	0	0	0	0
7	0	0	776	662	859	698	0	0	0	0
8	0	0	776	663	858	695	0	0	0	0
9	0	0	774	662	858	696	0	0	0	0
10	0	0	775	662	859	699	0	0	0	0
11	0	0	775	663	859	697	0	0	0	0
12	0	0	775	663	858	695	0	0	0	0
13	0	0	776	663	858	694	0	0	0	0
14	0	0	776	663	859	695	0	0	0	0
15	0	0	775	663	858	693	0	0	0	0
16	0	0	776	663	857	691	0	0	0	0
17	0	0	776	663	859	691	0	0	0	0
18	0	0	776	663	859	692	0	0	0	0
19	0	0	777	662	859	690	0	0	0	0
20	0	0	776	663	859	688	0	0	0	0
21	0	0	778	663	859	686	0	0	0	0
22	0	0	777	663	858	685	0	0	0	0
23	0	0	777	663	859	684	0	0	0	0
24	0	0	777	663	858	683	0	0	0	0
25	0	0	778	663	858	685	0	0	0	0
26	0	0	778	663	859	683	0	0	0	0
27	0	0	777	663	859	678	0	0	0	0
28	0	0	776	663	859	677	0	0	0	0
29	0	0	777	662	859	678	0	0	0	0
30	0	0	777	662	859	681	0	0	0	0
31	0	0	776	663	859	677	0	0	0	0
32	0	0	776	662	859	675	0	0	0	0
33	0	0	777	662	860	675	0	0	0	0
34	0	0	776	663	859	674	0	0	0	0
35	0	0	776	663	860	673	0	0	0	0
36	0	0	777	662	859	673	0	0	0	0
37	0	0	776	663	858	673	0	0	0	0
38	0	0	776	664	859	672	0	0	0	0
39	0	0	777	661	859	673	0	0	0	0
40	0	0	776	663	859	671	0	0	0	0
41	0	0	776	663	859	673	0	0	0	0
42	0	0	776	663	859	671	0	0	0	0
43	0	0	776	661	859	668	0	0	0	0
44	0	0	777	663	859	668	0	0	0	0
45	0	0	777	664	858	668	0	0	0	0
46	0	0	778	664	859	668	0	0	0	0
47	0	0	776	665	859	668	0	0	0	0
48	0	0	776	664	858	668	0	0	0	0
49	0	0	775	664	858	666	0	0	0	0
50	0	0	776	664	859	669	0	0	0	0
51	0	0	775	664	859	670	0	0	0	0
52	0	0	776	664	859	668	0	0	0	0
53	0	0	777	665	859	670	0	0	0	0
54	0	0	776	664	860	670	0	0	0	0
55	0	0	776	664	858	669	0	0	0	0
56	0	0	776	664	859	671	0	0	0	0
57	0	0	777	664	858	675	0	0	0	0
58	0	0	777	665	859	673	0	0	0	0
59	0	0	776	665	859	672	0	0	0	0
60	0	0	774	665	858	671	0	0	0	0
61	0	0	775	664	858	667	0	0	0	0
62	0	0	775	667	858	667	0	0	0	0
63	0	0	774	665	860	669	0	0	0	0
64	0	0	774	666	858	665	0	0	0	0
65	0	0	775	666	858	668	0	0	0	0
66	0	0	775	665	859	667	0	0	0	0
67	0	0	775	665	858	668	0	0	0	0
68	0	0	774	665	858	665	0	0	0	0
69	0	0	774	665	857	665	0	0	0	0
70	0	0	774	665	858	665	0	0	0	0
71	0	0	774	664	858	668	0	0	0	0
72	0	0	774	664	858	667	0	0	0	0
73	0	0	775	665	858	671	0	0	0	0
74	0	0	774	666	857	670	0	0	0	0
75	0	0	775	666	857	669	0	0	0	0
76	0	0	774	666	858	669	0	0	0	0
77	0	0	774	666	859	669	0	0	0	0
78	0	0	774	666	858	671	0	0	0	0
79	0	0	774	665	857	670	0	0	0	0
80	0	0	775	665	858	667	0	0	0	0
81	0	0	775	665	858	669	0	0	0	0
82	0	0	774	665	857	666	0	0	0	0
83	0	0	774	665	858	664	0	0	0	0
84	0	0	775	665	857	661	0	0	0	0
85	0	0	774	665	857	662	0	0	0	0
86	0	0	773	664	857	661	0	0	0	0
87	0	0	774	665	857	661	0	0	0	0
88	0	0	774	665	857	660	0	0	0	0
89	0	0	774	664	857	664	0	0	0	0
90	0	0	773	665	856	665	0	0	0	0
91	0	0	774	664	857	664	0	0	0	0
92	0	0	774	665	857	664	0	0	0	0
93	0	0	774	665	856	661	0	0	0	0
94	0	0	773	665	857	661	0	0	0	0
95	0	0	772	665	856	662	0	0	0	0
96	0	0	772	665	856	663	0	0	0	0
97	0	0	771	665	856	663	0	0	0	0
98	0	0	773	665	856	660	0	0	0	0
99	0	0	773	665	855	658	0	0	0	0
100	0	0	774	665	857	658	0	0	0	0
101	0	0	772	665	856	656	0	0	0	0
102	0	0	773	665	857	654	0	0	0	0
103	0	0	773	665	856	656	0	0	0	0
104	0	0	772	665	856	655	0	0	0	0
105	0	0	773	665	857	656	0	0	0	0
106	0	0	772	665	856	656	0	0	0	0
107	0	0	771	664	857	658	0	0	0	0
108	0	0	771	665	857	656	0	0	0	0
109	0	0	771	665	856	659	0	0	0	0
110	0	0	772	665	856	662	0	0	0	0
111	0	0	771	664	857	663	0	0	0	0
112	0	0	771	665	857	662	0	0	0	0
113	0	0	771	665	857	671	0	0	0	0
114	0	0	771	664	857	677	0	0	0	0
115	0	0	772	665	858	677	0	0	0	0
116	0	0	771	664	857	676	0	0	0	0
117	0	0	770	664	857	677	0	0	0	0
118	0	0	771	665	858	676	0	0	0	0
119	0	0	771	664	857	675	0	0	0	0
120	0	0	771	665	858	669	0	0	0	0
121	0	0	770	663	857	668	0	0	0	0
122	0	0	770	664	857	668	0	0	0	0
123	0	0	770	665	857	665	0	0	0	0
124	0	0	771	663	858	668	0	0	0	0
125	0	0	771	664	858	671	0	0	0	0
126	0	0	771	664	858	670	0	0	0	0
127	0	0	770	665	858	664	0	0	0	0
0	0	0	770	665	858	671	0	0	0	0
1	0	0	770	664	857	667	0	0	0	0
2	0	0	770	665	857	664	0	0	0	0
3	0	0	770	664	857	666	0	0	0	0
4	0	0	769	663	858	663	0	0	0	0
5	0	0	769	664	858	661	0	0	0	0
6	0	0	769	663	858	661	0	0	0	0
7	0	0	769	664	858	670	0	0	0	0
8	0	0	770	664	858	671	0	0	0	0
9	0	0	768	664	858	665	0	0	0	0
10	0	0	769	663	859	659	0	0	0	0
11	0	0	769	663	858	661	0	0	0	0
12	0	0	768	663	858	660	0	0	0	0
13	0	0	768	664	858	654	0	0	0	0
14	0	0	768	663	858	657	0	0	0	0
15	0	0	769	664	859	653	0	0	0	0
16	0	0	768	663	858	649	0	0	0	0
17	0	0	769	663	859	652	0	0	0	0
18	0	0	768	665	858	654	0	0	0	0
19	0	0	768	664	858	651	0	0	0	0
20	0	0	768	664	858	651	0	0	0	0
21	0	0	769	664	857	651	0	0	0	0
22	0	0	767	664	858	651	0	0	0	0
23	0	0	768	663	859	648	0	0	0	0
24	0	0	768	664	859	650	0	0	0	0
25	0	0	769	663	858	647	0	0	0	0
26	0	0	769	665	858	641	0	0	0	0
27	0	0	767	663	858	637	0	0	0	0
28	0	0	768	664	858	632	0	0	0	0
29	0	0	767	664	857	636	0	0	0	0
30	0	0	767	664	858	635	0	0	0	0
31	0	0	767	664	859	629	0	0	0	0
32	0	0	767	663	858	627	0	0	0	0
33	0	0	767	665	858	630	0	0	0	0
34	0	0	768	664	858	630	0	0	0	0
35	0	0	767	665	858	626	0	0	0	0
36	0	0	766	664	858	623	0	0	0	0
37	0	0	767	664	858	625	0	0	0	0
38	0	0	767	664	858	622	0	0	0	0
39	0	0	768	664	859	624	0	0	0	0
40	0	0	767	665	858	628	0	0	0	0
41	0	0	767	665	858	629	0	0	0	0
42	0	0	768	664	858	629	0	0	0	0
43	0	0	767	666	858	628	0	0	0	0
44	0	0	766	664	859	627	0	0	0	0
45	0	0	766	664	858	627	0	0	0	0
46	0	0	766	665	858	628	0	0	0	0
47	0	0	767	665	858	627	0	0	0	0
48	0	0	766	665	858	623	0	0	0	0
49	0	0	766	665	859	629	0	0	0	0
50	0	0	767	665	858	627	0	0	0	0
51	0	0	766	665	857	625	0	0	0	0
52	0	0	767	666	857	622	0	0	0	0
53	0	0	766	665	857	621	0	0	0	0
54	0	0	766	665	858	620	0	0	0	0
55	0	0	767	666	858	620	0	0	0	0
56	0	0	766	667	857	621	0	0	0	0
57	0	0	766	667	857	620	0	0	0	0
58	0	0	765	668	857	622	0	0	0	0
59	0	0	767	666	858	623	0	0	0	0
60	0	0	765	666	858	620	0	0	0	0
61	0	0	766	666	858	621	0	0	0	0
62	0	0	764	667	858	623	0	0	0	0
63	0	0	765	667	858	623	0	0	0	0
64	0	0	765	667	858	622	0	0	0	0
65	0	0	764	667	858	624	0	0	0	0
66	0	0	766	667	858	636	0	0	0	0
67	0	0	766	667	859	635	0	0	0	0
68	0	0	766	668	858	635	0	0	0	0
69	0	0	765	667	858	638	0	0	0	0
70	0	0	765	667	859	636	0	0	0	0
71	0	0	764	667	858	633	0	0	0	0
72	0	0	765	668	858	632	0	0	0	0
73	0	0	764	668	858	631	0	0	0	0
74	0	0	764	668	859	630	0	0	0	0
75	0	0	765	668	859	628	0	0	0	0
76	0	0	764	668	859	630	0	0	0	0
77	0	0	765	669	859	631	0	0	0	0
78	0	0	764	669	858	631	0	0	0	0
79	0	0	764	668	858	631	0	0	0	0
80	0	0	765	669	858	630	0	0	0	0
81	0	0	765	668	859	632	0	0	0	0
82	0	0	765	669	859	635	0	0	0	0
83	0	0	766	668	859	634	0	0	0	0
84	0	0	765	668	859	632	0	0	0	0
85	0	0	765	669	859	633	0	0	0	0
86	0	0	765	670	860	632	0	0	0	0
87	0	0	765	670	859	632	0	0	0	0
88	0	0	764	670	859	630	0	0	0	0
89	0	0	764	670	859	631	0	0	0	0
90	0	0	765	670	858	630	0	0	0	0
91	0	0	765	670	859	625	0	0	0	0
92	0	0	764	670	859	621	0	0	0	0
93	0	0	764	671	858	616	0	0	0	0
94	0	0	764	671	858	599	0	0	0	0
95	0	0	763	672	858	594	0	0	0	0
96	0	0	765	671	858	594	0	0	0	0
97	0	0	764	672	858	594	0	0	0	0
98	0	0	765	672	858	587	0	0	0	0
99	0	0	765	672	858	586	0	0	0	0
100	0	0	765	672	859	589	0	0	0	0
101	0	0	764	673	859	587	0	0	0	0
102	0	0	765	673	858	589	0	0	0	0
103	0	0	764	673	858	591	0	0	0	0
104	0	0	763	673	857	584	0	0	0	0
105	0	0	763	673	858	588	0	0	0	0
106	0	0	763	675	857	587	0	0	0	0
107	0	0	763	674	858	586	0	0	0	0
108	0	0	763	675	857	587	0	0	0	0
109	0	0	763	675	858	589	0	0	0	0
110	0	0	763	675	858	588	0	0	0	0
111	0	0	763	676	857	588	0	0	0	0
112	0	0	763	676	857	589	0	0	0	0
113	0	0	762	677	857	582	0	0	0	0
114	0	0	762	677	857	583	0	0	0	0
115	0	0	763	677	857	576	0	0	0	0
116	0	0	762	677	858	563	0	0	0	0
117	0	0	763	678	857	558	0	0	0	0
118	0	0	763	678	856	556	0	0	0	0
119	0	0	762	678	857	556	0	0	0	0
120	0	0	762	679	857	554	0	0	0	0
121	0	0	762	680	856	554	0	0	0	0
122	0	0	762	679	857	549	0	0	0	0
123	0	0	760	681	856	546	0	0	0	0
124	0	0	761	680	856	547	0	0	0	0
125	0	0	762	680	857	551	0	0	0	0
126	0	0	761	680	857	551	0	0	0	0
127	0	0	760	680	857	543	0	0	0	0
0	0	0	762	681	856	546	0	0	0	0
1	0	0	760	683	855	554	0	0	0	0
2	0	0	760	683	855	553	0	0	0	0
3	0	0	759	682	854	549	0	0	0	0
4	0	0	759	683	856	551	0	0	0	0
5	0	0	760	682	855	559	0	0	0	0
6	0	0	759	683	855	557	0	0	0	0
7	0	0	759	683	854	554	0	0	0	0
8	0	0	757	684	854	551	0	0	0	0
9	0	0	759	685	853	550	0	0	0	0
10	0	0	758	685	854	549	0	0	0	0
11	0	0	758	686	853	547	0	0	0	0
12	0	0	758	685	852	551	0	0	0	0
13	0	0	757	686	853	553	0	0	0	0
14	0	0	759	686	853	548	0	0	0	0
15	0	0	758	687	852	547	0	0	0	0
16	0	0	758	687	852	544	0	0	0	0
17	0	0	758	688	852	550	0	0	0	0
18	0	0	759	687	851	551	0	0	0	0
19	0	0	759	688	852	549	0	0	0	0
20	0	0	757	689	851	548	0	0	0	0
21	0	0	758	689	852	548	0	0	0	0
22	0	0	757	689	853	547	0	0	0	0
23	0	0	758	689	850	545	0	0	0	0
24	0	0	758	690	851	541	0	0	0	0
25	0	0	758	690	849	543	0	0	0	0
26	0	0	757	691	850	541	0	0	0	0
27	0	0	758	692	850	540	0	0	0	0
28	0	0	758	691	851	542	0	0	0	0
29	0	0	757	692	849	539	0	0	0	0
30	0	0	757	692	849	540	0	0	0	0
31	0	0	757	693	848	542	0	0	0	0
32	0	0	758	694	848	544	0	0	0	0
33	0	0	758	695	848	546	0	0	0	0
34	0	0	758	694	847	550	0	0	0	0
35	0	0	757	695	847	548	0	0	0	0
36	0	0	756	696	847	550	0	0	0	0
37	0	0	758	697	847	552	0	0	0	0
38	0	0	758	697	846	553	0	0	0	0
39	0	0	758	698	846	549	0	0	0	0
40	0	0	758	699	845	544	0	0	0	0
41	0	0	759	700	846	549	0	0	0	0
42	0	0	760	699	845	551	0	0	0	0
43	0	0	759	700	846	554	0	0	0	0
44	0	0	760	701	844	551	0	0	0	0
45	0	0	759	702	844	551	0	0	0	0
46	0	0	759	703	844	553	0	0	0	0
47	0	0	758	703	844	550	0	0	0	0
48	0	0	759	703	844	549	0	0	0	0
49	0	0	759	703	843	549	0	0	0	0
50	0	0	759	703	842	553	0	0	0	0
51	0	0	760	705	843	556	0	0	0	0
52	0	0	760	705	843	556	0	0	0	0
53	0	0	759	706	843	556	0	0	0	0
54	0	0	760	707	842	553	0	0	0	0
55	0	0	760	708	841	565	0	0	0	0
56	0	0	762	708	840	562	0	0	0	0
57	0	0	762	709	841	566	0	0	0	0
58	0	0	763	709	842	570	0	0	0	0
59	0	0	762	709	841	570	0	0	0	0
60	0	0	763	709	841	571	0	0	0	0
61	0	0	764	710	840	575	0	0	0	0
62	0	0	763	711	840	578	0	0	0	0
63	0	0	765	711	839	581	0	0	0	0
64	0	0	765	711	839	580	0	0	0	0
65	0	0	767	713	839	583	0	0	0	0
66	0	0	767	714	838	585	0	0	0	0
67	0	0	766	715	839	584	0	0	0	0
68	0	0	763	716	841	586	0	0	0	0
69	0	0	762	716	841	590	0	0	0	0
70	0	0	765	716	840	597	0	0	0	0
71	0	0	768	715	839	600	0	0	0	0
72	0	0	771	716	837	605	0	0	0	0
73	0	0	770	717	835	609	0	0	0	0
74	0	0	770	718	835	619	0	0	0	0
75	0	0	770	718	835	624	0	0	0	0
76	0	0	769	719	836	628	0	0	0	0
77	0	0	770	719	836	628	0	0	0	0
78	0	0	769	719	836	630	0	0	0	0
79	0	0	769	720	835	630	0	0	0	0
80	0	0	769	719	836	630	0	0	0	0
81	0	0	769	720	836	634	0	0	0	0
82	0	0	770	720	836	637	0	0	0	0
83	0	0	770	720	837	635	0	0	0	0
84	0	0	771	720	835	634	0	0	0	0
85	0	0	771	720	835	633	0	0	0	0
86	0	0	773	721	834	636	0	0	0	0
87	0	0	772	722	833	637	0	0	0	0
88	0	0	772	721	833	640	0	0	0	0
89	0	0	772	721	832	639	0	0	0	0
90	0	0	774	722	832	640	0	0	0	0
91	0	0	773	720	832	644	0	0	0	0
92	0	0	773	720	832	645	0	0	0	0
93	0	0	772	720	830	647	0	0	0	0
94	0	0	774	721	830	651	0	0	0	0
95	0	0	774	721	829	658	0	0	0	0
96	0	0	773	720	829	660	0	0	0	0
97	0	0	773	719	828	659	0	0	0	0
98	0	0	774	720	827	653	0	0	0	0
99	0	0	774	719	826	654	0	0	0	0
100	0	0	773	719	825	655	0	0	0	0
101	0	0	774	718	825	652	0	0	0	0
102	0	0	775	718	824	654	0	0	0	0
103	0	0	776	717	824	655	0	0	0	0
104	0	0	775	716	823	652	0	0	0	0
105	0	0	776	716	824	650	0	0	0	0
106	0	0	775	716	823	650	0	0	0	0
107	0	0	775	715	822	648	0	0	0	0
108	0	0	776	714	822	646	0	0	0	0
109	0	0	777	714	821	645	0	0	0	0
110	0	0	778	714	822	646	0	0	0	0
111	0	0	778	713	822	644	0	0	0	0
112	0	0	777	713	821	643	0	0	0	0
113	0	0	777	712	819	643	0	0	0	0
114	0	0	777	712	820	641	0	0	0	0
115	0	0	777	711	820	640	0	0	0	0
116	0	0	777	711	820	638	0	0	0	0
117	0	0	777	710	820	638	0	0	0	0
118	0	0	777	710	819	637	0	0	0	0
119	0	0	777	709	818	640	0	0	0	0
120	0	0	778	708	818	634	0	0	0	0
121	0	0	778	707	819	634	0	0	0	0
122	0	0	777	707	818	636	0	0	0	0
123	0	0	777	707	817	632	0	0	0	0
124	0	0	778	706	817	631	0	0	0	0
125	0	0	779	706	817	630	0	0	0	0
126	0	0	776	705	816	630	0	0	0	0
127	0	0	779	705	816	628	0	0	0	0
0	0	0	779	705	817	627	0	0	0	0
1	0	0	779	703	816	626	0	0	0	0
2	0	0	778	702	816	625	0	0	0	0
3	0	0	779	701	817	626	0	0	0	0
4	0	0	779	701	817	638	0	0	0	0
5	0	0	780	701	819	638	0	0	0	0
6	0	0	779	700	818	636	0	0	0	0
7	0	0	779	699	818	633	0	0	0	0
8	0	0	780	698	819	631	0	0	0	0
9	0	0	779	698	819	626	0	0	0	0
10	0	0	780	697	820	632	0	0	0	0
11	0	0	779	695	820	626	0	0	0	0
12	0	0	779	695	821	620	0	0	0	0
13	0	0	778	696	821	623	0	0	0	0
14	0	0	778	695	821	626	0	0	0	0
15	0	0	778	694	822	626	0	0	0	0
16	0	0	778	693	822	615	0	0	0	0
17	0	0	779	693	822	610	0	0	0	0
18	0	0	778	692	824	615	0	0	0	0
19	0	0	777	692	824	615	0	0	0	0
20	0	0	776	691	824	613	0	0	0	0
21	0	0	776	690	825	613	0	0	0	0
22	0	0	777	689	824	609	0	0	0	0
23	0	0	777	689	825	604	0	0	0	0
24	0	0	775	689	825	585	0	0	0	0
25	0	0	775	688	825	561	0	0	0	0
26	0	0	776	687	826	556	0	0	0	0
27	0	0	775	685	827	554	0	0	0	0
28	0	0	774	686	826	547	0	0	0	0
29	0	0	775	685	826	557	0	0	0	0
30	0	0	775	685	826	550	0	0	0	0
31	0	0	775	684	826	542	0	0	0	0
32	0	0	774	683	826	536	0	0	0	0
33	0	0	774	683	826	531	0	0	0	0
34	0	0	774	683	826	538	0	0	0	0
35	0	0	773	683	825	526	0	0	0	0
36	0	0	774	683	826	513	0	0	0	0
37	0	0	774	683	827	509	0	0	0	0
38	0	0	774	684	827	497	0	0	0	0
39	0	0	773	682	826	491	0	0	0	0
40	0	0	773	682	826	477	0	0	0	0
41	0	0	774	682	826	463	0	0	0	0
42	0	0	774	681	825	486	0	0	0	0
43	0	0	774	681	825	481	0	0	0	0
44	0	0	774	680	826	479	0	0	0	0
45	0	0	774	680	825	482	0	0	0	0
46	0	0	774	680	825	481	0	0	0	0
47	0	0	775	680	825	476	0	0	0	0
48	0	0	776	680	825	479	0	0	0	0
49	0	0	774	680	826	476	0	0	0	0
50	0	0	774	680	827	481	0	0	0	0
51	0	0	774	680	826	483	0	0	0	0
52	0	0	775	680	827	476	0	0	0	0
53	0	0	776	679	827	469	0	0	0	0
54	0	0	776	680	827	463	0	0	0	0
55	0	0	775	680	826	440	0	0	0	0
56	0	0	776	680	827	434	0	0	0	0
57	0	0	777	681	828	447	0	0	0	0
58	0	0	777	682	829	442	0	0	0	0
59	0	0	776	682	829	440	0	0	0	0
60	0	0	777	681	829	441	0	0	0	0
61	0	0	777	682	831	437	0	0	0	0
62	0	0	777	682	832	438	0	0	0	0
63	0	0	780	683	832	443	0	0	0	0
64	0	0	779	685	832	446	0	0	0	0
65	0	0	780	684	834	448	0	0	0	0
66	0	0	780	684	834	448	0	0	0	0
67	0	0	781	684	835	450	0	0	0	0
68	0	0	780	686	835	453	0	0	0	0
69	0	0	779	686	837	451	0	0	0	0
70	0	0	780	686	837	455	0	0	0	0
71	0	0	780	687	839	459	0	0	0	0
72	0	0	781	688	839	461	0	0	0	0
73	0	0	781	688	839	463	0	0	0	0
74	0	0	780	687	841	464	0	0	0	0
75	0	0	782	688	841	465	0	0	0	0
76	0	0	781	688	839	464	0	0	0	0
77	0	0	782	688	841	464	0	0	0	0
78	0	0	781	687	842	464	0	0	0	0
79	0	0	780	688	841	462	0	0	0	0
80	0	0	779	689	842	464	0	0	0	0
81	0	0	780	689	842	464	0	0	0	0
82	0	0	780	689	842	466	0	0	0	0
83	0	0	780	690	842	480	0	0	0	0
84	0	0	779	690	842	482	0	0	0	0
85	0	0	778	690	841	485	0	0	0	0
86	0	0	777	690	843	497	0	0	0	0
87	0	0	776	691	843	506	0	0	0	0
88	0	0	775	692	842	513	0	0	0	0
89	0	0	774	692	842	513	0	0	0	0
90	0	0	774	692	841	516	0	0	0	0
91	0	0	773	693	841	522	0	0	0	0
92	0	0	774	693	841	513	0	0	0	0
93	0	0	773	694	841	513	0	0	0	0
94	0	0	773	694	841	517	0	0	0	0
95	0	0	773	694	841	522	0	0	0	0
96	0	0	773	695	840	522	0	0	0	0
97	0	0	774	696	839	520	0	0	0	0
98	0	0	774	697	840	520	0	0	0	0
99	0	0	771	698	839	524	0	0	0	0
100	0	0	772	698	837	528	0	0	0	0
101	0	0	771	700	837	530	0	0	0	0
102	0	0	773	701	839	535	0	0	0	0
103	0	0	771	700	838	537	0	0	0	0
104	0	0	772	701	838	542	0	0	0	0
105	0	0	774	702	838	546	0	0	0	0
106	0	0	772	702	837	551	0	0	0	0
107	0	0	772	703	837	555	0	0	0	0
108	0	0	774	704	836	560	0	0	0	0
109	0	0	775	704	836	566	0	0	0	0
110	0	0	776	704	836	576	0	0	0	0
111	0	0	775	705	835	582	0	0	0	0
112	0	0	776	705	836	584	0	0	0	0
113	0	0	776	706	836	590	0	0	0	0
114	0	0	776	706	835	599	0	0	0	0
115	0	0	776	707	835	600	0	0	0	0
116	0	0	776	706	835	597	0	0	0	0
117	0	0	776	706	835	597	0	0	0	0
118	0	0	777	707	835	592	0	0	0	0
119	0	0	778	706	834	584	0	0	0	0
120	0	0	777	706	834	576	0	0	0	0
121	0	0	777	705	836	583	0	0	0	0
122	0	0	777	706	836	604	0	0	0	0
123	0	0	776	706	836	624	0	0	0	0
124	0	0	774	706	836	632	0	0	0	0
125	0	0	775	706	837	640	0	0	0	0
126	0	0	774	705	837	620	0	0	0	0
127	0	0	774	704	838	621	0	0	0	0
0	0	0	775	704	839	627	0	0	0	0
1	0	0	774	703	839	634	0	0	0	0
2	0	0	774	702	839	659	0	0	0	0
3	0	0	773	702	839	660	0	0	0	0
4	0	0	774	701	840	657	0	0	0	0
5	0	0	774	701	839	659	0	0	0	0
6	0	0	774	700	841	677	0	0	0	0
7	0	0	773	699	841	683	0	0	0	0
8	0	0	773	697	842	685	0	0	0	0
9	0	0	773	697	843	684	0	0	0	0
10	0	0	773	696	843	687	0	0	0	0
11	0	0	772	695	843	694	0	0	0	0
12	0	0	772	695	843	696	0	0	0	0
13	0	0	770	692	843	700	0	0	0	0
14	0	0	770	692	843	711	0	0	0	0
15	0	0	772	691	844	705	0	0	0	0
16	0	0	771	691	843	713	0	0	0	0
17	0	0	772	690	842	726	0	0	0	0
18	0	0	772	689	843	735	0	0	0	0
19	0	0	772	688	843	741	0	0	0	0
20	0	0	774	688	843	747	0	0	0	0
21	0	0	774	688	843	749	0	0	0	0
22	0	0	773	686	843	758	0	0	0	0
23	0	0	773	688	843	763	0	0	0	0
24	0	0	774	686	841	775	0	0	0	0
25	0	0	773	684	843	782	0	0	0	0
26	0	0	774	685	844	800	0	0	0	0
27	0	0	774	684	843	805	0	0	0	0
28	0	0	776	685	846	824	0	0	0	0
29	0	0	778	683	845	836	0	0	0	0
30	0	0	776	682	845	847	0	0	0	0
31	0	0	777	683	847	862	0	0	0	0
32	0	0	776	683	847	898	0	0	0	0
33	0	0	777	684	848	891	0	0	0	0
34	0	0	777	684	849	899	0	0	0	0
35	0	0	778	685	849	905	0	0	0	0
36	0	0	777	685	850	922	0	0	0	0
37	0	0	776	685	852	951	0	0	0	0
38	0	0	776	682	854	979	0	0	0	0
39	0	0	777	682	855	1017	0	0	0	0
40	0	0	778	681	858	1031	0	0	0	0
41	0	0	777	682	858	1049	0	0	0	0
42	0	0	776	682	861	1049	0	0	0	0
43	0	0	775	682	862	1043	0	0	0	0
44	0	0	774	681	864	1041	0	0	0	0
45	0	0	772	680	866	1061	0	0	0	0
46	0	0	771	680	868	1077	0	0	0	0
47	0	0	771	680	869	1093	0	0	0	0
48	0	0	771	679	871	1125	0	0	0	0
49	0	0	770	678	871	1134	0	0	0	0
50	0	0	769	678	874	1122	0	0	0	0
51	0	0	769	678	876	1146	0	0	0	0
52	0	0	769	677	877	1187	0	0	0	0
53	0	0	768	677	880	1216	0	0	0	0
54	0	0	767	676	880	1249	0	0	0	0
55	0	0	767	675	882	1244	0	0	0	0
56	0	0	766	675	883	1255	0	0	0	0
57	0	0	767	674	886	1274	0	0	0	0
58	0	0	766	672	885	1331	0	0	0	0
59	0	0	765	672	885	1343	0	0	0	0
60	0	0	767	671	887	1353	0	0	0	0
61	0	0	766	670	889	1363	0	0	0	0
62	0	0	764	668	890	1366	0	0	0	0
63	0	0	764	667	891	1368	0	0	0	0
64	0	0	764	667	891	1383	0	0	0	0
65	0	0	763	665	892	1388	0	0	0	0
66	0	0	763	663	893	1403	0	0	0	0
67	0	0	761	661	894	1429	0	0	0	0
68	0	0	759	660	894	1444	0	0	0	0
69	0	0	759	660	895	1458	0	0	0	0
70	0	0	758	659	895	1469	0	0	0	0
71	0	0	756	658	896	1485	0	0	0	0
72	0	0	756	658	896	1483	0	0	0	0
73	0	0	755	657	896	1492	0	0	0	0
74	0	0	752	657	897	1502	0	0	0	0
75	0	0	752	656	897	1525	0	0	0	0
76	0	0	750	658	897	1545	0	0	0	0
77	0	0	747	655	898	1550	0	0	0	0
78	0	0	746	655	898	1574	0	0	0	0
79	0	0	745	655	899	1601	0	0	0	0
80	0	0	743	654	898	1615	0	0	0	0
81	0	0	743	654	899	1633	0	0	0	0
82	0	0	740	653	899	1646	0	0	0	0
83	0	0	739	654	899	1654	0	0	0	0
84	0	0	739	654	897	1660	0	0	0	0
85	0	0	737	654	898	1665	0	0	0	0
86	0	0	738	653	897	1652	0	0	0	0
87	0	0	736	653	897	1647	0	0	0	0
88	0	0	735	654	898	1650	0	0	0	0
89	0	0	735	653	897	1639	0	0	0	0
90	0	0	733	653	897	1650	0	0	0	0
91	0	0	734	653	898	1666	0	0	0	0
92	0	0	733	652	896	1693	0	0	0	0
93	0	0	731	652	897	1719	0	0	0	0
94	0	0	733	652	896	1744	0	0	0	0
95	0	0	731	652	897	1757	0	0	0	0
96	0	0	732	651	896	1775	0	0	0	0
97	0	0	733	650	897	1783	0	0	0	0
98	0	0	733	650	897	1796	0	0	0	0
99	0	0	732	650	898	1795	0	0	0	0
100	0	0	731	650	898	1806	0	0	0	0
101	0	0	730	651	897	1821	0	0	0	0
102	0	0	731	650	897	1840	0	0	0	0
103	0	0	730	649	896	1858	0	0	0	0
104	0	0	730	649	896	1870	0	0	0	0
105	0	0	731	649	896	1890	0	0	0	0
106	0	0	732	648	896	1903	0	0	0	0
107	0	0	730	649	895	1909	0	0	0	0
108	0	0	730	648	895	1920	0	0	0	0
109	0	0	731	648	895	1939	0	0	0	0
110	0	0	730	648	895	1949	0	0	0	0
111	0	0	730	646	894	1960	0	0	0	0
112	0	0	729	646	893	1974	0	0	0	0
113	0	0	730	645	894	1979	0	0	0	0
114	0	0	732	645	894	1988	0	0	0	0
115	0	0	732	641	894	1997	0	0	0	0
116	0	0	731	642	894	2000	0	0	0	0
117	0	0	733	641	892	2007	0	0	0	0
118	0	0	734	641	891	2011	0	0	0	0
119	0	0	732	640	890	2022	0	0	0	0
120	0	0	733	640	890	2026	0	0	0	0
121	0	0	734	639	890	2029	0	0	0	0
122	0	0	734	638	889	2035	0	0	0	0
123	0	0	731	638	889	2035	0	0	0	0
124	0	0	731	638	889	2040	0	0	0	0
125	0	0	733	637	888	2044	0	0	0	0
126	0	0	733	637	889	2054	0	0	0	0
127	0	0	733	636	889	2063	0	0	0	0
0	0	0	733	635	888	2063	0	0	0	0
1	0	0	733	635	890	2063	0	0	0	0
2	0	0	734	634	891	2067	0	0	0	0
3	0	0	733	634	890	2067	0	0	0	0
4	0	0	734	633	892	2075	0	0	0	0
5	0	0	733	632	893	2091	0	0	0	0
6	0	0	736	631	895	2098	0	0	0	0
7	0	0	736	629	896	2107	0	0	0	0
8	0	0	736	630	898	2110	0	0	0	0
9	0	0	738	630	898	2110	0	0	0	0
10	0	0	737	632	900	2119	0	0	0	0
11	0	0	737	631	899	2126	0	0	0	0
12	0	0	738	631	901	2136	0	0	0	0
13	0	0	737	631	904	2147	0	0	0	0
14	0	0	735	631	905	2150	0	0	0	0
15	0	0	734	632	905	2159	0	0	0	0
16	0	0	734	633	907	2169	0	0	0	0
17	0	0	732	633	909	2179	0	0	0	0
18	0	0	733	633	909	2182	0	0	0	0
19	0	0	732	632	910	2178	0	0	0	0
20	0	0	730	634	913	2193	0	0	0	0
21	0	0	733	636	912	2206	0	0	0	0
22	0	0	732	633	915	2219	0	0	0	0
23	0	0	732	633	917	2237	0	0	0	0
24	0	0	733	633	918	2244	0	0	0	0
25	0	0	733	632	918	2247	0	0	0	0
26	0	0	733	632	919	2250	0	0	0	0
27	0	0	734	633	920	2265	0	0	0	0
28	0	0	734	631	922	2279	0	0	0	0
29	0	0	735	631	923	2286	0	0	0	0
30	0	0	736	630	924	2289	0	0	0	0
31	0	0	736	630	925	2288	0	0	0	0
32	0	0	737	629	924	2293	0	0	0	0
33	0	0	738	630	926	2302	0	0	0	1
34	0	0	737	629	925	2300	0	0	0	0
35	0	0	738	631	926	2302	0	0	0	0
36	0	0	737	632	926	2306	0	0	0	0
37	0	0	736	631	926	2316	0	0	0	0
38	0	0	737	629	927	2327	0	0	0	0
39	0	0	736	630	927	2332	0	0	0	0
40	0	0	736	628	927	2337	0	0	0	0
41	0	0	735	629	927	2339	0	0	0	0
42	0	0	735	628	927	2336	0	0	0	0
43	0	0	734	628	926	2335	0	0	0	0
44	0	0	734	628	927	2337	0	0	0	0
45	0	0	732	627	926	2334	0	0	0	0
46	0	0	731	625	926	2339	0	0	0	0
47	0	0	731	624	927	2340	0	0	0	0
48	0	0	730	623	928	2352	0	0	0	0
49	0	0	730	623	927	2360	0	0	0	0
50	0	0	728	621	928	2364	0	0	0	0
51	0	0	729	621	928	2366	0	0	0	0
52	0	0	728	620	929	2367	0	0	0	0
53	0	0	726	618	928	2368	0	0	0	0
54	0	0	726	617	927	2365	0	0	0	0
55	0	0	726	617	927	2362	0	0	0	0
56	0	0	724	616	927	2360	0	0	0	0
57	0	0	724	614	926	2362	0	0	0	0
58	0	0	723	613	927	2365	0	0	0	0
59	0	0	724	610	927	2364	0	0	0	0
60	0	0	722	609	927	2363	0	0	0	0
61	0	0	722	607	926	2364	0	0	0	0
62	0	0	721	606	926	2367	0	0	0	0
63	0	0	720	605	925	2367	0	0	0	0
64	0	0	721	604	924	2374	0	0	0	0
65	0	0	718	603	922	2381	0	0	0	0
66	0	0	717	601	921	2384	0	0	0	0
67	0	0	718	599	919	2387	0	0	0	0
68	0	0	718	598	919	2390	0	0	0	0
69	0	0	718	598	917	2396	0	0	0	0
70	0	0	719	596	915	2397	0	0	0	0
71	0	0	719	596	912	2404	0	0	0	0
72	0	0	718	594	911	2407	0	0	0	0
73	0	0	720	594	910	2411	0	0	0	0
74	0	0	719	594	907	2413	0	0	0	0
75	0	0	720	592	905	2415	0	0	0	0
76	0	0	720	591	904	2417	0	0	0	0
77	0	0	721	590	902	2422	0	0	0	0
78	0	0	721	589	900	2420	0	0	0	0
79	0	0	722	587	898	2419	0	0	0	0
80	0	0	723	586	897	2421	0	0	0	0
81	0	0	722	585	895	2417	0	0	0	0
82	0	0	723	583	896	2424	0	0	0	0
83	0	0	722	581	894	2427	0	0	0	0
84	0	0	724	581	894	2435	0	0	0	0
85	0	0	723	580	891	2440	0	0	0	0
86	0	0	724	578	891	2446	0	0	0	0
87	0	0	725	578	891	2453	0	0	0	0
88	0	0	723	577	889	2459	0	0	0	0
89	0	0	723	577	889	2463	0	0	0	0
90	0	0	723	576	890	2466	0	0	0	0
91	0	0	723	575	889	2470	0	0	0	0
92	0	0	723	575	889	2472	0	0	0	0
93	0	0	722	574	891	2477	0	0	0	0
94	0	0	722	573	891	2483	0	0	0	0
95	0	0	721	572	891	2485	0	0	0	0
96	0	0	719	572	892	2488	0	0	0	0
97	0	0	719	569	892	2489	0	0	0	0
98	0	0	719	572	894	2486	0	0	0	0
99	0	0	718	571	894	2489	0	0	0	0
100	0	0	717	571	896	2488	0	0	0	0
101	0	0	718	571	897	2490	0	0	0	0
102	0	0	716	568	899	2490	0	0	0	0
103	0	0	715	569	901	2490	0	0	0	0
104	0	0	717	568	902	2488	0	0	0	0
105	0	0	716	567	902	2489	0	0	0	0
106	0	0	715	566	904	2493	0	0	0	0
107	0	0	715	566	906	2495	0	0	0	0
108	0	0	716	564	907	2501	0	0	0	0
109	0	0	717	563	909	2504	0	0	0	0
110	0	0	718	563	911	2508	0	0	0	0
111	0	0	718	562	913	2510	0	0	0	0
112	0	0	718	561	913	2510	0	0	0	0
113	0	0	719	562	915	2510	0	0	0	0
114	0	0	720	561	916	2511	0	0	0	0
115	0	0	721	561	918	2512	0	0	0	0
116	0	0	722	561	919	2510	0	0	0	0
117	0	0	723	562	920	2512	0	0	0	0
118	0	0	723	563	921	2510	0	0	0	0
119	0	0	726	563	922	2509	0	0	0	0
120	0	0	728	563	922	2510	0	0	0	0
121	0	0	728	564	924	2509	0	0	0	0
122	0	0	728	566	925	2509	0	0	0	0
123	0	0	730	565	926	2511	0	0	0	0
124	0	0	730	566	926	2507	0	0	0	0
125	0	0	731	567	928	2507	0	0	0	0
126	0	0	733	568	929	2508	0	0	0	0
127	0	0	733	567	928	2510	0	0	0	0
0	0	0	733	568	929	2509	0	0	0	0
1	0	0	735	569	929	2508	0	0	0	0
2	0	0	735	569	929	2511	0	0	0	0
3	0	0	735	569	930	2510	0	0	0	0
4	0	0	735	569	930	2512	0	0	0	0
5	0	0	736	569	930	2513	0	0	0	0
6	0	0	736	569	930	2514	0	0	0	0
7	0	0	736	569	931	2511	0	0	0	0
8	0	0	736	567	932	2511	0	0	0	0
9	0	0	737	567	932	2511	0	0	0	0
10	0	0	736	568	933	2512	0	0	0	0
11	0	0	737	568	933	2514	0	0	0	0
12	0	0	736	568	934	2514	0	0	0	0
13	0	0	736	568	935	2513	0	0	0	0
14	0	0	737	569	935	2513	0	0	0	0
15	0	0	736	569	937	2514	0	0	0	0
16	0	0	736	569	937	2513	0	0	0	0
17	0	0	735	569	937	2512	0	0	0	0
18	0	0	735	570	938	2510	0	0	0	0
19	0	0	735	572	939	2511	0	0	0	0
20	0	0	733	572	940	2510	0	0	0	0
21	0	0	732	573	940	2510	0	0	0	0
22	0	0	732	574	942	2510	0	0	0	0
23	0	0	730	575	942	2510	0	0	0	0
24	0	0	728	577	944	2512	0	0	0	0
25	0	0	726	577	945	2512	0	0	0	0
26	0	0	726	578	946	2512	0	0	0	0
27	0	0	723	577	947	2514	0	0	0	0
28	0	0	722	578	948	2514	0	0	0	0
29	0	0	720	578	950	2513	0	0	0	0
30	0	0	718	578	951	2514	0	0	0	0
31	0	0	717	579	952	2512	0	0	0	0
32	0	0	715	578	953	2512	0	0	0	0
33	0	0	714	576	954	2510	0	0	0	0
34	0	0	713	577	956	2513	0	0	0	0
35	0	0	712	576	957	2518	0	0	0	0
36	0	0	711	576	958	2519	0	0	0	0
37	0	0	711	576	959	2522	0	0	0	0
38	0	0	710	575	961	2522	0	0	0	0
39	0	0	710	574	960	2521	0	0	0	0
40	0	0	708	574	963	2521	0	0	0	0
41	0	0	707	573	964	2524	0	0	0	0
42	0	0	707	572	965	2523	0	0	0	0
43	0	0	706	572	966	2524	0	0	0	0
44	0	0	707	571	967	2526	0	0	0	0
45	0	0	706	570	968	2528	0	0	0	0
46	0	0	706	570	969	2529	0	0	0	0
47	0	0	706	569	969	2530	0	0	0	0
48	0	0	707	567	970	2531	0	0	0	0
49	0	0	708	567	971	2532	0	0	0	0
50	0	0	708	567	972	2533	0	0	0	0
51	0	0	709	566	973	2535	0	0	0	0
52	0	0	708	565	973	2534	0	0	0	0
53	0	0	710	565	973	2536	0	0	0	0
54	0	0	710	564	975	2536	0	0	0	0
55	0	0	710	563	975	2537	0	0	0	0
56	0	0	712	562	976	2538	0	0	0	0
57	0	0	713	562	977	2539	0	0	0	0
58	0	0	712	562	977	2541	0	0	0	0
59	0	0	714	562	977	2544	0	0	0	0
60	0	0	715	561	977	2545	0	0	0	0
61	0	0	718	560	978	2545	0	0	0	0
62	0	0	719	560	977	2548	0	0	0	0
63	0	0	720	561	977	2552	0	0	0	0
64	0	0	722	560	978	2558	0	0	0	0
65	0	0	722	560	977	2565	0	0	0	0
66	0	0	725	560	977	2572	0	0	0	0
67	0	0	725	560	976	2577	0	0	0	0
68	0	0	727	560	976	2583	0	0	0	0
69	0	0	727	560	976	2591	0	0	0	0
70	0	0	729	559	976	2595	0	0	0	0
71	0	0	729	559	975	2600	0	0	0	0
72	0	0	729	561	974	2603	0	0	0	0
73	0	0	730	560	973	2607	0	0	0	0
74	0	0	731	561	973	2612	0	0	0	0
75	0	0	732	561	971	2621	0	0	0	0
76	0	0	733	561	970	2620	0	0	0	0
77	0	0	733	562	970	2623	0	0	0	0
78	0	0	733	562	969	2627	0	0	0	0
79	0	0	734	563	968	2631	0	0	0	0
80	0	0	734	563	968	2632	0	0	0	0
81	0	0	734	563	966	2638	0	0	0	0
82	0	0	733	563	966	2647	0	0	0	0
83	0	0	732	563	966	2653	0	0	0	0
84	0	0	732	563	966	2662	0	0	0	0
85	0	0	730	562	966	2661	0	0	0	0
86	0	0	730	562	966	2665	0	0	0	0
87	0	0	730	561	966	2668	0	0	0	0
88	0	0	729	561	966	2675	0	0	0	0
89	0	0	728	559	966	2679	0	0	0	0
90	0	0	729	558	965	2683	0	0	0	0
91	0	0	729	558	965	2687	0	0	0	0
92	0	0	726	557	964	2692	0	0	0	0
93	0	0	724	558	963	2700	0	0	0	0
94	0	0	723	557	964	2705	0	0	0	0
95	0	0	723	557	963	2707	0	0	0	0
96	0	0	722	557	965	2713	0	0	0	0
97	0	0	722	554	963	2710	0	0	0	0
98	0	0	721	552	963	2711	0	0	0	0
99	0	0	720	552	963	2715	0	0	0	0
100	0	0	719	551	962	2722	0	0	0	0
101	0	0	718	550	962	2722	0	0	0	0
102	0	0	717	550	962	2730	0	0	0	0
103	0	0	716	551	962	2733	0	0	0	0
104	0	0	715	549	962	2739	0	0	0	0
105	0	0	714	547	963	2741	0	0	0	0
106	0	0	714	546	964	2746	0	0	0	0
107	0	0	713	543	965	2751	0	0	0	0
108	0	0	714	541	964	2752	0	0	0	0
109	0	0	712	542	964	2752	0	0	0	0
110	0	0	713	542	965	2761	0	0	0	0
111	0	0	713	541	965	2766	0	0	0	0
112	0	0	712	540	965	2768	0	0	0	0
113	0	0	711	541	966	2781	0	0	0	0
114	0	0	711	541	965	2787	0	0	0	0
115	0	0	711	541	965	2796	0	0	0	0
116	0	0	712	541	964	2803	0	0	0	0
117	0	0	713	541	964	2813	0	0	0	0
118	0	0	712	540	965	2820	0	0	0	0
119	0	0	713	541	965	2830	0	0	0	0
120	0	0	714	542	964	2842	0	0	0	0
121	0	0	715	542	965	2851	0	0	0	0
122	0	0	718	542	965	2856	0	0	0	0
123	0	0	718	541	965	2866	0	0	0	0
124	0	0	719	541	965	2872	0	0	0	0
125	0	0	720	539	965	2876	0	0	0	0
126	0	0	722	540	966	2880	0	0	0	0
127	0	0	724	540	965	2887	0	0	0	0
0	0	0	725	540	965	2906	0	0	0	0
1	0	0	727	540	966	2919	0	0	0	0
2	0	0	729	540	966	2923	0	0	0	0
3	0	0	731	541	967	2926	0	0	0	0
4	0	0	732	541	967	2931	0	0	0	0
5	0	0	733	542	968	2935	0	0	0	0
6	0	0	734	544	968	2942	0	0	0	0
7	0	0	733	544	969	2950	0	0	0	0
8	0	0	733	546	969	2955	0	0	0	0
9	0	0	734	547	968	2962	0	0	0	0
10	0	0	733	548	968	2970	0	0	0	0
11	0	0	733	550	969	2974	0	0	0	0
12	0	0	733	551	969	2977	0	0	0	0
13	0	0	734	553	969	2983	0	0	0	0
14	0	0	734	554	968	2982	0	0	0	0
15	0	0	734	555	968	2983	0	0	0	0
16	0	0	734	558	968	2985	0	0	0	0
17	0	0	734	560	969	2988	0	0	0	0
18	0	0	733	562	967	2992	0	0	0	0
19	0	0	732	564	967	2994	0	0	0	0
20	0	0	734	566	966	3000	0	0	0	0
21	0	0	734	568	966	3002	0	0	0	0
22	0	0	735	569	965	3004	0	0	0	0
23	0	0	734	572	965	3004	0	0	0	0
24	0	0	735	573	964	3003	0	0	0	0
25	0	0	735	575	964	3003	0	0	0	0
26	0	0	736	579	962	3003	0	0	0	0
27	0	0	734	582	959	3002	0	0	0	0
28	0	0	734	586	957	3000	0	0	0	0
29	0	0	734	588	953	3004	0	0	0	0
30	0	0	734	591	952	3007	0	0	0	0
31	0	0	734	593	950	3009	0	0	0	0
32	0	0	736	595	949	3009	0	0	0	0
33	0	0	736	596	948	3009	0	0	0	0
34	0	0	737	598	947	3014	0	0	0	0
35	0	0	735	600	945	3022	0	0	0	0
36	0	0	734	603	943	3024	0	0	0	0
37	0	0	733	606	942	3021	0	0	0	0
38	0	0	732	608	940	3020	0	0	0	0
39	0	0	733	610	939	3011	0	0	0	0
40	0	0	731	614	937	3008	0	0	0	0
41	0	0	731	616	933	3005	0	0	0	0
42	0	0	731	619	933	3006	0	0	0	0
43	0	0	730	622	929	3008	0	0	0	0
44	0	0	730	625	928	3008	0	0	0	0
45	0	0	731	628	926	3000	0	0	0	0
46	0	0	731	631	924	2994	0	0	0	0
47	0	0	731	634	923	2979	0	0	0	0
48	0	0	733	636	921	2973	0	0	0	0
49	0	0	735	639	918	2968	0	0	0	0
50	0	0	736	641	916	2957	0	0	0	0
51	0	0	738	644	913	2949	0	0	0	0
52	0	0	741	647	911	2939	0	0	0	0
53	0	0	742	649	908	2928	0	0	0	0
54	0	0	744	651	907	2929	0	0	0	0
55	0	0	746	653	905	2921	0	0	0	0
56	0	0	748	655	903	2900	0	0	0	0
57	0	0	751	657	901	2879	0	0	0	0
58	0	0	752	659	899	2847	0	0	0	1
59	0	0	754	662	897	2824	0	0	0	0
60	0	0	756	663	894	2814	0	0	0	0
61	0	0	757	665	892	2796	0	0	0	0
62	0	0	759	668	889	2775	0	0	0	0
63	0	0	763	669	887	2762	0	0	0	0
64	0	0	764	671	885	2720	0	0	0	0
65	0	0	764	674	882	2672	0	0	0	0
66	0	0	767	677	878	2644	0	0	0	0
67	0	0	767	678	877	2581	0	0	0	0
68	0	0	769	680	875	2540	0	0	0	0
69	0	0	771	682	872	2494	0	0	0	0
70	0	0	773	684	870	2467	0	0	0	0
71	0	0	775	684	867	2374	0	0	0	0
72	0	0	776	685	865	2310	0	0	0	0
73	0	0	778	687	862	2243	0	0	0	0
74	0	0	776	688	860	2135	0	0	0	0
75	0	0	779	690	857	2072	0	0	0	0
76	0	0	780	690	854	2015	0	0	0	0
77	0	0	781	690	853	1938	0	0	0	0
78	0	0	782	693	850	1815	0	0	0	0
79	0	0	783	694	848	1690	0	0	0	0
80	0	0	784	695	845	1702	0	0	0	0
81	0	0	785	695	842	1633	0	0	0	0
82	0	0	783	697	840	1559	0	0	0	0
83	0	0	784	699	838	1368	0	0	0	0
84	0	0	783	701	836	1228	0	0	0	0
85	0	0	782	703	833	1108	0	0	0	0
86	0	0	782	704	832	1051	0	0	0	0
87	0	0	780	706	830	964	0	0	0	0
88	0	0	780	707	828	871	0	0	0	0
89	0	0	778	708	826	773	0	0	0	0
90	0	0	777	711	823	726	0	0	0	0
91	0	0	777	713	822	699	0	0	0	0
92	0	0	775	714	821	644	0	0	0	0
93	0	0	774	717	819	617	0	0	0	0
94	0	0	772	719	816	643	0	0	0	0
95	0	0	770	721	815	585	0	0	0	0
96	0	0	769	723	814	588	0	0	0	0
97	0	0	769	725	812	588	0	0	0	0
98	0	0	767	729	811	558	0	0	0	0
99	0	0	766	730	809	550	0	0	0	0
100	0	0	764	733	808	526	0	0	0	0
101	0	0	763	736	807	500	0	0	0	0
102	0	0	760	738	805	432	0	0	0	0
103	0	0	759	742	805	423	0	0	0	0
104	0	0	757	745	804	440	0	0	0	0
105	0	0	755	748	803	443	0	0	0	0
106	0	0	754	751	802	439	0	0	0	0
107	0	0	752	754	802	445	0	0	0	0
108	0	0	751	757	800	446	0	0	0	0
109	0	0	749	762	799	442	0	0	0	0
110	0	0	747	765	798	427	0	0	0	0
111	0	0	748	767	798	430	0	0	0	0
112	0	0	746	770	798	435	0	0	0	0
113	0	0	747	773	797	448	0	0	0	0
114	0	0	745	778	796	439	0	0	0	0
115	0	0	745	782	796	464	0	0	0	0
116	0	0	747	785	794	467	0	0	0	0
117	0	0	746	788	795	486	0	0	0	0
118	0	0	747	793	793	461	0	0	0	0
119	0	0	747	797	793	417	0	0	0	0
120	0	0	749	799	793	402	0	0	0	0
121	0	0	750	803	792	396	0	0	0	0
122	0	0	751	806	792	407	0	0	0	0
123	0	0	752	811	790	366	0	0	0	0
124	0	0	753	815	789	333	0	0	0	0
125	0	0	755	820	788	342	0	0	0	0
126	0	0	758	823	784	297	0	0	0	0
127	0	0	757	827	783	291	0	0	0	0
0	0	0	760	830	782	265	0	0	0	0
1	0	0	763	834	780	266	0	0	0	0
2	0	0	764	838	778	243	0	0	0	0
3	0	0	765	842	780	233	0	0	0	0
4	0	0	766	843	775	233	0	0	0	0
5	0	0	767	848	773	233	0	0	0	0
6	0	0	768	849	771	233	0	0	0	0
7	0	0	769	853	770	183	0	0	0	0
8	0	0	770	858	769	169	0	0	0	0
9	0	0	771	862	766	174	0	0	0	0
10	0	0	772	863	764	170	0	0	0	0
11	0	0	772	868	760	173	0	0	0	0
12	0	0	775	871	758	176	0	0	0	0
13	0	0	779	874	755	178	0	0	0	0
14	0	0	781	877	753	178	0	0	0	0
15	0	0	783	879	749	179	0	0	0	0
16	0	0	783	882	750	182	0	0	0	0
17	0	0	786	885	748	184	0	0	0	0
18	0	0	787	888	746	176	0	0	0	0
19	0	0	790	890	745	171	0	0	0	0
20	0	0	792	893	744	168	0	0	0	0
21	0	0	792	895	742	163	0	0	0	0
22	0	0	794	899	740	159	0	0	0	0
23	0	0	797	902	740	155	0	0	0	0
24	0	0	798	905	738	139	0	0	0	0
25	0	0	797	907	737	135	0	0	0	0
26	0	0	797	910	737	133	0	0	0	0
27	0	0	797	913	737	136	0	0	0	0
28	0	0	799	917	737	144	0	0	0	0
29	0	0	798	919	737	145	0	0	0	0
30	0	0	798	923	737	149	0	0	0	0
31	0	0	797	925	737	140	0	0	0	0
32	0	0	796	927	737	137	0	0	0	0
33	0	0	796	929	739	136	0	0	0	0
34	0	0	796	930	738	136	0	0	0	0
35	0	0	796	931	739	140	0	0	0	0
36	0	0	795	933	739	138	0	0	0	0
37	0	0	795	935	741	133	0	0	0	0
38	0	0	794	936	740	128	0	0	0	0
39	0	0	792	938	741	125	0	0	0	0
40	0	0	790	938	741	123	0	0	0	0
41	0	0	788	939	742	104	0	0	0	0
42	0	0	785	940	744	98	0	0	0	0
43	0	0	783	941	744	98	0	0	0	0
44	0	0	779	940	744	105	0	0	0	0
45	0	0	776	941	746	101	0	0	0	0
46	0	0	774	940	746	98	0	0	0	0
47	0	0	773	940	748	108	0	0	0	0
48	0	0	772	941	749	112	0	0	0	0
49	0	0	769	939	749	115	0	0	0	0
50	0	0	768	940	749	116	0	0	0	0
51	0	0	766	938	749	116	0	0	0	0
52	0	0	764	938	750	116	0	0	0	0
53	0	0	762	937	751	112	0	0	0	0
54	0	0	760	935	751	114	0	0	0	0
55	0	0	758	934	753	119	0	0	0	0
56	0	0	756	930	754	123	0	0	0	0
57	0	0	756	926	755	117	0	0	0	0
58	0	0	756	923	756	98	0	0	0	0
59	0	0	756	919	758	94	0	0	0	0
60	0	0	756	916	759	90	0	0	0	0
61	0	0	754	912	760	87	0	0	0	0
62	0	0	755	909	762	80	0	0	0	0
63	0	0	754	905	761	77	0	0	0	0
64	0	0	753	901	762	84	0	0	0	0
65	0	0	754	898	763	85	0	0	0	0
66	0	0	754	894	763	89	0	0	0	0
67	0	0	753	892	764	89	0	0	0	0
68	0	0	754	888	764	102	0	0	0	0
69	0	0	755	885	764	99	0	0	0	0
70	0	0	756	881	764	106	0	0	0	0
71	0	0	758	878	765	100	0	0	0	0
72	0	0	759	875	765	104	0	0	0	0
73	0	0	761	872	765	100	0	0	0	0
74	0	0	761	868	765	100	0	0	0	0
75	0	0	762	865	765	108	0	0	0	0
76	0	0	763	862	765	103	0	0	0	0
77	0	0	764	858	767	110	0	0	0	0
78	0	0	766	854	767	104	0	0	0	0
79	0	0	767	848	767	101	0	0	0	0
80	0	0	768	844	769	103	0	0	0	0
81	0	0	769	839	771	102	0	0	0	0
82	0	0	771	834	773	103	0	0	0	0
83	0	0	771	830	774	102	0	0	0	0
84	0	0	772	825	777	99	0	0	0	0
85	0	0	773	821	778	98	0	0	0	0
86	0	0	774	818	779	99	0	0	0	0
87	0	0	775	815	779	102	0	0	0	0
88	0	0	775	811	781	102	0	0	0	0
89	0	0	777	809	782	100	0	0	0	0
90	0	0	776	805	782	106	0	0	0	0
91	0	0	776	803	783	116	0	0	0	0
92	0	0	777	801	783	130	0	0	0	0
93	0	0	775	801	782	118	0	0	0	0
94	0	0	776	799	784	114	0	0	0	0
95	0	0	776	798	782	118	0	0	0	0
96	0	0	777	797	783	117	0	0	0	0
97	0	0	777	795	783	112	0	0	0	0
98	0	0	777	795	784	107	0	0	0	0
99	0	0	777	791	784	105	0	0	0	0
100	0	0	777	790	785	103	0	0	0	0
101	0	0	778	789	785	102	0	0	0	0
102	0	0	777	788	784	95	0	0	0	0
103	0	0	778	786	786	95	0	0	0	0
104	0	0	780	783	786	98	0	0	0	0
105	0	0	780	781	785	98	0	0	0	0
106	0	0	779	780	785	97	0	0	0	0
107	0	0	781	779	784	103	0	0	0	0
108	0	0	782	778	784	106	0	0	0	0
109	0	0	782	775	783	117	0	0	0	0
110	0	0	784	774	784	116	0	0	0	0
111	0	0	784	773	783	111	0	0	0	0
112	0	0	785	771	783	108	0	0	0	0
113	0	0	786	769	782	111	0	0	0	0
114	0	0	786	767	781	108	0	0	0	0
115	0	0	786	766	781	114	0	0	0	0
116	0	0	788	764	781	109	0	0	0	0
117	0	0	789	762	780	106	0	0	0	0
118	0	0	791	760	781	97	0	0	0	0
119	0	0	791	758	781	93	0	0	0	0
120	0	0	793	756	782	97	0	0	0	0
121	0	0	793	754	782	94	0	0	0	0
122	0	0	794	752	782	87	0	0	0	0
123	0	0	795	750	784	92	0	0	0	0
124	0	0	796	748	783	92	0	0	0	0
125	0	0	797	747	784	91	0	0	0	0
126	0	0	797	746	784	88	0	0	0	0
127	0	0	799	745	784	92	0	0	0	0
0	0	0	799	743	785	93	0	0	0	0
1	0	0	800	742	785	96	0	0	0	0
2	0	0	800	742	784	96	0	0	0	0
3	0	0	801	740	784	97	0	0	0	0
4	0	0	801	740	784	98	0	0	0	0
5	0	0	801	740	784	93	0	0	0	0
6	0	0	800	740	785	87	0	0	0	0
7	0	0	800	740	784	84	0	0	0	0
8	0	0	800	740	784	84	0	0	0	0
9	0	0	799	741	783	84	0	0	0	0
10	0	0	800	739	784	77	0	0	0	0
11	0	0	800	740	784	78	0	0	0	0
12	0	0	798	739	783	74	0	0	0	0
13	0	0	798	739	784	71	0	0	0	0
14	0	0	797	741	785	68	0	0	0	0
15	0	0	798	739	785	64	0	0	0	0
16	0	0	797	739	785	69	0	0	0	0
17	0	0	797	739	785	64	0	0	0	0
18	0	0	796	739	787	68	0	0	0	0
19	0	0	798	738	786	76	0	0	0	0
20	0	0	797	737	787	84	0	0	0	0
21	0	0	796	737	786	90	0	0	0	0
22	0	0	796	736	787	89	0	0	0	0
23	0	0	795	736	788	87	0	0	0	0
24	0	0	795	735	788	91	0	0	0	0
25	0	0	793	735	787	83	0	0	0	0
26	0	0	792	735	788	75	0	0	0	0
27	0	0	792	735	788	85	0	0	0	0
28	0	0	793	736	788	86	0	0	0	0
29	0	0	793	736	789	92	0	0	0	0
30	0	0	793	735	789	83	0	0	0	0
31	0	0	792	736	789	81	0	0	0	0
32	0	0	792	737	789	82	0	0	0	0
33	0	0	793	736	788	72	0	0	0	0
34	0	0	791	737	789	66	0	0	0	0
35	0	0	791	737	788	66	0	0	0	0
36	0	0	791	737	787	67	0	0	0	0
37	0	0	792	738	787	67	0	0	0	0
38	0	0	792	738	786	64	0	0	0	0
39	0	0	791	739	785	68	0	0	0	0
40	0	0	793	739	787	72	0	0	0	0
41	0	0	793	740	784	75	0	0	0	0
42	0	0	794	741	784	66	0	0	0	0
43	0	0	794	742	784	68	0	0	0	0
44	0	0	792	743	783	70	0	0	0	0
45	0	0	793	745	782	79	0	0	0	0
46	0	0	793	746	782	74	0	0	0	0
47	0	0	793	747	780	81	0	0	0	0
48	0	0	794	750	781	77	0	0	0	0
49	0	0	795	751	780	78	0	0	0	0
50	0	0	795	751	778	74	0	0	0	0
51	0	0	795	753	778	70	0	0	0	0
52	0	0	796	754	777	62	0	0	0	0
53	0	0	797	755	775	63	0	0	0	0
54	0	0	796	756	775	58	0	0	0	0
55	0	0	798	757	775	60	0	0	0	0
56	0	0	798	758	772	57	0	0	0	0
57	0	0	799	759	772	57	0	0	0	0
58	0	0	802	759	770	58	0	0	0	0
59	0	0	800	760	770	68	0	0	0	0
60	0	0	801	761	770	71	0	0	0	0
61	0	0	803	763	767	71	0	0	0	0
62	0	0	802	763	766	69	0	0	0	0
63	0	0	804	764	766	72	0	0	0	0
64	0	0	804	765	765	74	0	0	0	0
65	0	0	806	765	764	64	0	0	0	0
66	0	0	807	766	762	66	0	0	0	0
67	0	0	805	766	760	78	0	0	0	0
68	0	0	806	766	761	77	0	0	0	0
69	0	0	807	766	759	72	0	0	0	0
70	0	0	807	767	757	69	0	0	0	0
71	0	0	810	767	757	65	0	0	0	0
72	0	0	810	767	755	61	0	0	0	0
73	0	0	811	766	756	55	0	0	0	0
74	0	0	811	768	754	49	0	0	0	0
75	0	0	813	768	754	50	0	0	0	0
76	0	0	815	768	753	49	0	0	0	0
77	0	0	815	768	751	65	0	0	0	0
78	0	0	814	768	750	69	0	0	0	0
79	0	0	815	769	749	70	0	0	0	0
80	0	0	816	769	749	68	0	0	0	0
81	0	0	815	769	747	66	0	0	0	0
82	0	0	816	768	747	66	0	0	0	0
83	0	0	816	768	746	67	0	0	0	0
84	0	0	816	769	746	71	0	0	0	0
85	0	0	817	769	745	66	0	0	0	0
86	0	0	817	769	744	65	0	0	0	0
87	0	0	816	768	743	67	0	0	0	0
88	0	0	818	769	743	65	0	0	0	0
89	0	0	817	769	743	67	0	0	0	0
90	0	0	817	769	742	61	0	0	0	0
91	0	0	817	768	742	57	0	0	0	0
92	0	0	817	769	742	58	0	0	0	0
93	0	0	817	769	741	66	0	0	0	0
94	0	0	816	770	741	62	0	0	0	0
95	0	0	818	771	741	57	0	0	0	0
96	0	0	817	771	740	64	0	0	0	0
97	0	0	817	771	740	66	0	0	0	0
98	0	0	816	771	740	67	0	0	0	0
99	0	0	816	773	740	69	0	0	0	0
100	0	0	816	773	740	74	0	0	0	0
101	0	0	814	773	739	77	0	0	0	0
102	0	0	814	775	738	79	0	0	0	0
103	0	0	813	775	738	79	0	0	0	0
104	0	0	813	777	738	73	0	0	0	0
105	0	0	813	777	739	75	0	0	0	0
106	0	0	812	777	739	70	0	0	0	0
107	0	0	812	778	739	77	0	0	0	0
108	0	0	810	780	739	76	0	0	0	0
109	0	0	809	781	739	74	0	0	0	0
110	0	0	808	783	738	67	0	0	0	0
111	0	0	808	782	741	71	0	0	0	0
112	0	0	807	782	740	66	0	0	0	0
113	0	0	807	783	740	59	0	0	0	0
114	0	0	807	785	741	54	0	0	0	0
115	0	0	806	784	740	54	0	0	0	0
116	0	0	806	786	742	55	0	0	0	0
117	0	0	806	787	742	54	0	0	0	0
118	0	0	805	787	742	58	0	0	0	0
119	0	0	807	787	742	59	0	0	0	0
120	0	0	807	788	744	61	0	0	0	0
121	0	0	807	789	743	60	0	0	0	0
122	0	0	805	789	743	59	0	0	0	0
123	0	0	805	789	745	62	0	0	0	0
124	0	0	805	790	746	61	0	0	0	0
125	0	0	804	790	748	61	0	0	0	0
126	0	0	805	790	747	60	0	0	0	0
127	0	0	805	790	747	62	0	0	0	0
0	0	0	805	790	748	62	0	0	0	0
1	0	0	805	789	749	62	0	0	0	0
2	0	0	807	790	748	56	0	0	0	0
3	0	0	807	791	749	54	0	0	0	0
4	0	0	808	790	751	54	0	0	0	0
5	0	0	808	791	751	47	0	0	0	0
6	0	0	808	790	751	46	0	0	0	0
7	0	0	809	791	752	44	0	0	0	0
8	0	0	808	791	752	40	0	0	0	0
9	0	0	809	791	753	39	0	0	0	0
10	0	0	810	791	753	38	0	0	0	0
11	0	0	809	791	755	36	0	0	0	0
12	0	0	810	792	756	33	0	0	0	0
13	0	0	810	792	755	26	0	0	0	0
14	0	0	810	792	756	9	0	0	0	0
15	0	0	811	789	757	0	0	0	0	0
16	0	0	808	791	757	3	0	0	0	0
17	0	0	811	790	757	5	0	0	0	0
18	0	0	811	790	757	8	0	0	0	0
19	0	0	812	791	758	14	0	0	0	0
20	0	0	809	791	760	16	0	0	0	0
21	0	0	808	791	761	22	0	0	0	0
22	0	0	807	794	762	20	0	0	0	0
23	0	0	802	796	763	16	0	0	0	0
24	0	0	801	797	765	21	0	0	0	0
25	0	0	802	798	769	16	0	0	0	0
26	0	0	800	798	771	112	0	0	0	0
27	0	0	804	797	773	501	0	0	0	0
28	0	0	808	796	772	879	0	0	0	0
29	0	0	811	795	773	1265	0	0	0	0
30	0	0	810	797	771	1532	0	0	0	0
31	0	0	809	797	773	1692	0	0	0	0
32	0	0	807	797	775	1784	0	0	0	0
33	0	0	807	798	776	1841	0	0	0	0
34	0	0	804	799	778	1839	0	0	0	0
35	0	0	801	801	778	1775	0	0	0	0
36	0	0	796	802	778	1659	0	0	0	0
37	0	0	792	803	779	1546	0	0	0	0
38	0	0	791	802	777	1433	0	0	0	0
39	0	0	787	801	777	1319	0	0	0	0
40	0	0	783	799	775	1251	0	0	0	0
41	0	0	776	798	776	1260	0	0	0	0
42	0	0	772	798	778	1277	0	0	0	0
43	0	0	766	797	782	1279	0	0	0	0
44	0	0	761	797	785	1251	0	0	0	0
45	0	0	757	797	789	1213	0	0	0	0
46	0	0	754	798	794	1154	0	0	0	0
47	0	0	752	799	797	1036	0	0	0	0
48	0	0	752	802	800	949	0	0	0	0
49	0	0	751	804	803	884	0	0	0	0
50	0	0	749	808	808	833	0	0	0	0
51	0	0	748	814	813	717	0	0	0	0
52	0	0	744	821	820	577	0	0	0	0
53	0	0	735	831	831	513	0	0	0	0
54	0	0	708	846	852	447	0	0	0	0
55	0	0	671	874	881	434	0	0	0	0
56	0	0	618	910	916	446	0	0	0	0
57	0	0	560	953	956	411	0	0	0	0
58	0	0	503	999	995	434	0	0	0	0
59	0	0	454	1033	1021	450	0	0	0	0
60	0	0	405	1054	1037	397	0	0	0	0
61	0	0	342	1062	1050	291	0	0	0	0
62	0	0	265	1050	1068	288	0	0	0	0
63	0	0	189	1012	1095	236	0	0	0	0
64	0	0	130	960	1143	233	0	0	0	0
65	0	0	94	915	1203	177	0	0	0	0
66	0	0	76	873	1262	157	0	0	0	0
67	0	0	72	836	1316	170	0	0	0	0
68	0	0	92	804	1365	142	0	0	0	0
69	0	0	147	772	1399	182	0	0	0	0
70	0	0	248	725	1405	268	0	0	0	0
71	0	0	391	666	1382	318	0	0	0	0
72	0	0	555	629	1350	438	0	0	0	0
73	0	0	706	640	1323	498	0	0	0	0
74	0	0	821	690	1308	584	0	0	0	0
75	0	0	899	743	1301	629	0	0	0	0
76	0	0	950	763	1289	649	0	0	0	0
77	0	0	978	750	1278	671	0	0	0	0
78	0	0	973	713	1266	679	0	0	0	0
79	0	0	942	659	1246	779	0	0	0	0
80	0	0	909	603	1228	804	0	0	0	0
81	0	0	892	545	1184	962	0	0	0	0
82	0	0	911	483	1133	1045	0	0	0	0
83	0	0	951	422	1073	1109	0	0	0	0
84	0	0	993	368	1005	1192	0	0	0	0
85	0	0	1009	322	942	1357	0	0	0	0
86	0	0	1011	284	891	1471	0	0	0	0
87	0	0	1030	254	858	1558	0	0	0	0
88	0	0	1058	228	838	1631	0	0	0	0
89	0	0	1072	199	836	1682	0	0	0	0
90	0	0	1079	172	843	1774	0	0	0	0
91	0	0	1086	151	852	1831	0	0	0	0
92	0	0	1074	138	855	1903	0	0	0	0
93	0	0	1075	105	880	1946	0	0	0	0
94	0	0	1076	79	887	1969	0	0	0	0
95	0	0	1059	63	897	2028	0	0	0	0
96	0	0	1031	68	908	2069	0	0	0	0
97	0	0	1007	64	927	2070	0	0	0	0
98	0	0	979	68	941	2095	0	0	0	0
99	0	0	945	80	951	2117	0	0	0	0
100	0	0	913	79	965	2131	0	0	0	0
101	0	0	882	69	984	2152	0	0	0	0
102	0	0	859	55	1004	2186	0	0	0	0
103	0	0	831	49	1018	2210	0	0	0	0
104	0	0	794	52	1030	2235	0	0	0	0
105	0	0	755	55	1043	2278	0	0	0	0
106	0	0	717	55	1057	2308	0	0	0	0
107	0	0	680	55	1079	2338	0	0	0	0
108	0	0	652	49	1098	2377	0	0	0	0
109	0	0	632	41	1118	2375	0	0	0	0
110	0	0	621	35	1137	2385	0	0	0	0
111	0	0	618	33	1157	2397	0	0	0	0
112	0	0	620	36	1175	2410	0	0	0	0
113	0	0	626	45	1188	2412	0	0	0	0
114	0	0	636	62	1198	2407	0	0	0	0
115	0	0	651	77	1206	2415	0	0	0	0
116	0	0	666	96	1210	2420	0	0	0	0
117	0	0	680	114	1214	2424	0	0	0	0
118	0	0	688	133	1217	2424	0	0	0	0
119	0	0	695	152	1218	2426	0	0	0	0
120	0	0	698	173	1215	2430	0	0	0	0
121	0	0	700	193	1208	2430	0	0	0	0
122	0	0	708	213	1203	2431	0	0	0	0
123	0	0	713	233	1194	2424	0	0	0	0
124	0	0	716	255	1183	2420	0	0	0	0
125	0	0	716	277	1169	2411	0	0	0	0
126	0	0	720	294	1159	2406	0	0	0	0
127	0	0	723	308	1148	2406	0	0	0	0
0	0	0	728	321	1138	2404	0	0	0	0
1	0	0	733	334	1129	2400	0	0	0	0
2	0	0	734	347	1119	2399	0	0	0	0
3	0	0	739	361	1110	2403	0	0	0	0
4	0	0	747	375	1102	2402	0	0	0	0
5	0	0	752	389	1093	2406	0	0	0	0
6	0	0	756	404	1084	2411	0	0	0	0
7	0	0	759	420	1075	2413	0	0	0	0
8	0	0	759	436	1067	2416	0	0	0	0
9	0	0	762	450	1060	2425	0	0	0	0
10	0	0	763	463	1054	2429	0	0	0	0
11	0	0	762	477	1044	2431	0	0	0	0
12	0	0	767	491	1033	2437	0	0	0	0
13	0	0	772	501	1026	2439	0	0	0	0
14	0	0	776	509	1016	2442	0	0	0	0
15	0	0	782	519	1005	2449	0	0	0	0
16	0	0	791	525	995	2452	0	0	0	0
17	0	0	799	534	982	2454	0	0	0	0
18	0	0	805	543	972	2459	0	0	0	0
19	0	0	812	553	958	2459	0	0	0	0
20	0	0	816	563	948	2463	0	0	0	0
21	0	0	820	572	935	2464	0	0	0	0
22	0	0	821	582	923	2462	0	0	0	0
23	0	0	825	592	907	2460	0	0	0	0
24	0	0	828	599	898	2456	0	0	0	0
25	0	0	827	604	885	2452	0	0	0	0
26	0	0	828	608	875	2447	0	0	0	0
27	0	0	829	611	864	2449	0	0	0	0
28	0	0	829	615	857	2448	0	0	0	0
29	0	0	829	619	847	2449	0	0	0	0
30	0	0	826	623	840	2448	0	0	0	0
31	0	0	825	626	833	2446	0	0	0	0
32	0	0	823	627	828	2447	0	0	0	0
33	0	0	822	633	822	2446	0	0	0	0
34	0	0	818	634	817	2444	0	0	0	0
35	0	0	817	637	815	2440	0	0	0	0
36	0	0	815	641	813	2441	0	0	0	0
37	0	0	813	641	810	2443	0	0	0	0
38	0	0	809	640	810	2443	0	0	0	0
39	0	0	806	642	808	2443	0	0	0	0
40	0	0	803	643	807	2441	0	0	0	0
41	0	0	798	644	807	2439	0	0	0	0
42	0	0	793	646	806	2437	0	0	0	0
43	0	0	789	649	806	2433	0	0	0	0
44	0	0	785	653	804	2430	0	0	0	0
45	0	0	781	655	803	2430	0	0	0	0
46	0	0	779	657	802	2427	0	0	0	0
47	0	0	778	660	801	2426	0	0	0	0
48	0	0	777	662	801	2426	0	0	0	0
49	0	0	776	665	800	2424	0	0	0	0
50	0	0	776	667	799	2419	0	0	0	0
51	0	0	777	669	798	2418	0	0	0	0
52	0	0	779	671	797	2414	0	0	0	0
53	0	0	783	672	796	2415	0	0	0	0
54	0	0	782	675	796	2411	0	0	0	0
55	0	0	785	676	795	2408	0	0	0	0
56	0	0	787	678	795	2407	0	0	0	0
57	0	0	791	679	793	2406	0	0	0	0
58	0	0	793	682	795	2404	0	0	0	0
59	0	0	795	685	795	2404	0	0	0	0
60	0	0	796	686	796	2405	0	0	0	0
61	0	0	796	689	796	2405	0	0	0	0
62	0	0	798	688	796	2402	0	0	0	0
63	0	0	799	690	800	2405	0	0	0	0
64	0	0	799	691	803	2399	0	0	0	0
65	0	0	798	692	804	2396	0	0	0	0
66	0	0	799	693	808	2396	0	0	0	0
67	0	0	800	693	811	2394	0	0	0	0
68	0	0	799	689	816	2392	0	0	0	0
69	0	0	800	685	821	2393	0	0	0	0
70	0	0	799	679	825	2391	0	0	0	0
71	0	0	799	675	831	2390	0	0	0	0
72	0	0	798	671	836	2389	0	0	0	0
73	0	0	795	668	840	2388	0	0	0	0
74	0	0	790	665	845	2387	0	0	0	0
75	0	0	788	661	851	2385	0	0	0	0
76	0	0	787	656	856	2383	0	0	0	0
77	0	0	786	652	861	2377	0	0	0	0
78	0	0	783	650	866	2376	0	0	0	0
79	0	0	783	648	871	2373	0	0	0	0
80	0	0	782	646	875	2370	0	0	0	0
81	0	0	780	643	879	2355	0	0	0	0
82	0	0	778	641	883	2328	0	0	0	0
83	0	0	776	639	887	2342	0	0	0	0
84	0	0	774	637	891	2338	0	0	0	0
85	0	0	772	636	896	2339	0	0	0	0
86	0	0	770	635	898	2330	0	0	0	0
87	0	0	768	635	902	2329	0	0	0	0
88	0	0	766	634	905	2328	0	0	0	0
89	0	0	764	634	907	2328	0	0	0	0
90	0	0	763	634	910	2319	0	0	0	0
91	0	0	761	634	913	2313	0	0	0	0
92	0	0	760	632	916	2308	0	0	0	0
93	0	0	758	634	919	2313	0	0	0	0
94	0	0	757	634	922	2301	0	0	0	0
95	0	0	755	633	925	2298	0	0	0	0
96	0	0	754	631	928	2292	0	0	0	0
97	0	0	753	630	932	2287	0	0	0	0
98	0	0	753	629	935	2278	0	0	0	0
99	0	0	750	628	938	2269	0	0	0	0
100	0	0	751	627	939	2253	0	0	0	0
101	0	0	751	626	944	2240	0	0	0	0
102	0	0	752	624	946	2230	0	0	0	0
103	0	0	753	623	949	2239	0	0	0	0
104	0	0	751	623	951	2236	0	0	0	0
105	0	0	752	622	953	2228	0	0	0	0
106	0	0	751	622	956	2227	0	0	0	0
107	0	0	753	620	957	2221	0	0	0	0
108	0	0	753	620	958	2221	0	0	0	0
109	0	0	752	621	960	2215	0	0	0	0
110	0	0	753	621	960	2205	0	0	0	0
111	0	0	753	621	961	2196	0	0	0	0
112	0	0	753	622	962	2191	0	0	0	0
113	0	0	753	621	961	2187	0	0	0	0
114	0	0	754	621	961	2177	0	0	0	0
115	0	0	755	621	959	2171	0	0	0	0
116	0	0	756	622	958	2157	0	0	0	0
117	0	0	756	623	955	2151	0	0	0	0
118	0	0	757	623	952	2149	0	0	0	0
119	0	0	758	625	950	2146	0	0	0	0
120	0	0	759	625	948	2141	0	0	0	0
121	0	0	763	626	946	2132	0	0	0	0
122	0	0	761	626	943	2124	0	0	0	0
123	0	0	763	626	940	2119	0	0	0	0
124	0	0	763	627	937	2111	0	0	0	0
125	0	0	765	627	934	2109	0	0	0	0
126	0	0	766	627	932	2106	0	0	0	0
127	0	0	767	627	928	2101	0	0	0	0
0	0	0	768	627	926	2096	0	0	0	0
1	0	0	768	627	922	2092	0	0	0	0
2	0	0	769	628	920	2081	0	0	0	0
3	0	0	769	628	917	2076	0	0	0	0
4	0	0	769	630	915	2072	0	0	0	0
5	0	0	771	631	911	2068	0	0	0	0
6	0	0	773	633	911	2051	0	0	0	0
7	0	0	775	633	908	2032	0	0	0	0
8	0	0	775	635	907	2028	0	0	0	0
9	0	0	776	636	904	2021	0	0	0	0
10	0	0	778	636	904	2017	0	0	0	0
11	0	0	778	638	900	2007	0	0	0	0
12	0	0	778	638	898	1998	0	0	0	0
13	0	0	779	640	897	1996	0	0	0	0
14	0	0	780	643	895	1990	0	0	0	0
15	0	0	779	641	892	1983	0	0	0	0
16	0	0	780	644	890	1977	0	0	0	0
17	0	0	779	645	888	1965	0	0	0	0
18	0	0	780	646	886	1958	0	0	0	0
19	0	0	779	647	884	1951	0	0	0	0
20	0	0	781	648	882	1946	0	0	0	0
21	0	0	780	651	881	1947	0	0	0	0
22	0	0	780	651	878	1940	0	0	0	0
23	0	0	779	653	876	1927	0	0	0	0
24	0	0	779	655	872	1921	0	0	0	0
25	0	0	780	655	870	1915	0	0	0	0
26	0	0	779	657	867	1912	0	0	0	0
27	0	0	778	658	865	1901	0	0	0	0
28	0	0	777	659	862	1888	0	0	0	0
29	0	0	777	661	860	1864	0	0	0	0
30	0	0	779	662	857	1852	0	0	0	0
31	0	0	778	664	854	1845	0	0	0	0
32	0	0	778	665	852	1817	0	0	0	0
33	0	0	780	667	849	1789	0	0	0	0
34	0	0	779	667	847	1778	0	0	0	0
35	0	0	778	667	844	1774	0	0	0	0
36	0	0	778	669	843	1762	0	0	0	0
37	0	0	779	670	841	1730	0	0	0	0
38	0	0	778	670	838	1712	0	0	0	0
39	0	0	779	671	836	1703	0	0	0	0
40	0	0	778	672	835	1702	0	0	0	0
41	0	0	777	674	832	1709	0	0	0	0
42	0	0	777	675	831	1697	0	0	0	0
43	0	0	776	677	829	1680	0	0	0	0
44	0	0	776	679	828	1676	0	0	0	0
45	0	0	777	680	826	1661	0	0	0	0
46	0	0	777	682	825	1660	0	0	0	0
47	0	0	776	684	824	1654	0	0	0	0
48	0	0	775	687	824	1645	0	0	0	0
49	0	0	774	685	822	1636	0	0	0	0
50	0	0	774	688	821	1618	0	0	0	0
51	0	0	775	691	820	1604	0	0	0	0
52	0	0	775	692	819	1590	0	0	0	0
53	0	0	775	695	818	1576	0	0	0	0
54	0	0	775	697	817	1546	0	0	0	0
55	0	0	774	700	816	1526	0	0	0	0
56	0	0	775	702	815	1524	0	0	0	0
57	0	0	774	703	816	1525	0	0	0	0
58	0	0	774	705	814	1514	0	0	0	0
59	0	0	773	707	814	1490	0	0	0	0
60	0	0	775	710	814	1482	0	0	0	0
61	0	0	776	712	813	1466	0	0	0	0
62	0	0	776	714	812	1437	0	0	0	0
63	0	0	774	718	811	1411	0	0	0	0
64	0	0	773	719	811	1402	0	0	0	0
65	0	0	773	721	810	1404	0	0	0	0
66	0	0	773	723	809	1402	0	0	0	0
67	0	0	773	725	809	1389	0	0	0	0
68	0	0	771	726	807	1381	0	0	0	0
69	0	0	770	726	807	1364	0	0	0	0
70	0	0	771	726	807	1346	0	0	0	0
71	0	0	769	728	807	1331	0	0	0	0
72	0	0	769	729	805	1329	0	0	0	0
73	0	0	770	729	806	1312	0	0	0	0
74	0	0	771	730	807	1306	0	0	0	0
75	0	0	771	731	805	1303	0	0	0	0
76	0	0	771	733	804	1294	0	0	0	0
77	0	0	770	733	803	1293	0	0	0	0
78	0	0	770	735	802	1295	0	0	0	0
79	0	0	770	735	802	1303	0	0	0	0
80	0	0	769	737	802	1289	0	0	0	0
81	0	0	770	738	802	1286	0	0	0	0
82	0	0	769	738	801	1287	0	0	0	0
83	0	0	769	738	802	1285	0	0	0	0
84	0	0	769	739	801	1293	0	0	0	0
85	0	0	770	740	801	1275	0	0	0	0
86	0	0	770	742	800	1279	0	0	0	0
87	0	0	771	742	800	1279	0	0	0	0
88	0	0	770	743	798	1265	0	0	0	0
89	0	0	770	745	798	1261	0	0	0	0
90	0	0	771	745	798	1264	0	0	0	0
91	0	0	771	746	797	1269	0	0	0	0
92	0	0	772	747	796	1264	0	0	0	0
93	0	0	771	748	795	1273	0	0	0	0
94	0	0	773	749	794	1273	0	0	0	0
95	0	0	772	749	793	1279	0	0	0	0
96	0	0	773	749	793	1278	0	0	0	0
97	0	0	773	749	792	1273	0	0	0	0
98	0	0	773	750	793	1271	0	0	0	0
99	0	0	774	751	792	1270	0	0	0	0
100	0	0	775	749	793	1275	0	0	0	0
101	0	0	775	748	793	1279	0	0	0	0
102	0	0	776	747	793	1282	0	0	0	0
103	0	0	777	746	794	1281	0	0	0	0
104	0	0	778	746	793	1281	0	0	0	0
105	0	0	780	746	794	1279	0	0	0	0
106	0	0	781	744	795	1277	0	0	0	0
107	0	0	781	744	795	1282	0	0	0	0
108	0	0	782	743	795	1280	0	0	0	0
109	0	0	783	742	796	1278	0	0	0	0
110	0	0	784	740	797	1274	0	0	0	0
111	0	0	785	740	798	1270	0	0	0	0
112	0	0	784	738	800	1281	0	0	0	0
113	0	0	785	737	800	1280	0	0	0	0
114	0	0	786	736	800	1271	0	0	0	0
115	0	0	787	736	802	1273	0	0	0	0
116	0	0	787	734	803	1280	0	0	0	0
117	0	0	789	733	804	1284	0	0	0	0
118	0	0	789	733	805	1282	0	0	0	0
119	0	0	790	731	805	1279	0	0	0	0
120	0	0	792	730	806	1272	0	0	0	0
121	0	0	791	730	808	1278	0	0	0	0
122	0	0	790	729	809	1278	0	0	0	0
123	0	0	788	728	810	1277	0	0	0	0
124	0	0	788	726	812	1279	0	0	0	0
125	0	0	788	724	814	1274	0	0	0	0
126	0	0	786	723	815	1274	0	0	0	0
127	0	0	788	721	816	1278	0	0	0	0
0	0	0	788	719	817	1281	0	0	0	0
1	0	0	787	717	819	1279	0	0	0	0
2	0	0	788	715	821	1275	0	0	0	0
3	0	0	786	713	823	1274	0	0	0	0
4	0	0	785	712	824	1276	0	0	0	0
5	0	0	787	709	826	1277	0	0	0	0
6	0	0	787	706	827	1274	0	0	0	0
7	0	0	785	705	828	1277	0	0	0	0
8	0	0	785	703	830	1276	0	0	0	0
9	0	0	783	700	831	1269	0	0	0	0
10	0	0	783	698	835	1268	0	0	0	0
11	0	0	782	696	835	1263	0	0	0	0
12	0	0	783	695	835	1268	0	0	0	0
13	0	0	782	691	838	1274	0	0	0	0
14	0	0	779	690	840	1270	0	0	0	0
15	0	0	778	687	841	1265	0	0	0	0
16	0	0	778	686	842	1263	0	0	0	0
17	0	0	778	683	844	1267	0	0	0	0
18	0	0	776	681	845	1267	0	0	0	0
19	0	0	777	679	847	1271	0	0	0	0
20	0	0	776	676	848	1264	0	0	0	0
21	0	0	775	675	850	1266	0	0	0	0
22	0	0	775	673	852	1260	0	0	0	0
23	0	0	773	671	853	1262	0	0	0	0
24	0	0	772	669	855	1272	0	0	0	0
25	0	0	771	667	856	1295	0	0	0	0
26	0	0	772	666	858	1305	0	0	0	0
27	0	0	771	664	859	1309	0	0	0	0
28	0	0	769	662	861	1295	0	0	0	0
29	0	0	768	659	862	1297	0	0	0	0
30	0	0	767	657	864	1301	0	0	0	0
31	0	0	768	656	865	1305	0	0	0	0
32	0	0	767	654	867	1311	0	0	0	0
33	0	0	767	652	869	1300	0	0	0	0
34	0	0	766	650	870	1307	0	0	0	0
35	0	0	765	648	873	1303	0	0	0	0
36	0	0	766	646	874	1308	0	0	0	0
37	0	0	765	645	874	1310	0	0	0	0
38	0	0	764	643	875	1303	0	0	0	0
39	0	0	763	642	875	1297	0	0	0	0
40	0	0	762	641	877	1309	0	0	0	0
41	0	0	761	639	880	1312	0	0	0	0
42	0	0	761	638	879	1308	0	0	0	0
43	0	0	762	637	881	1301	0	0	0	0
44	0	0	761	635	881	1300	0	0	0	0
45	0	0	760	634	883	1291	0	0	0	0
46	0	0	760	633	883	1296	0	0	0	0
47	0	0	760	631	885	1299	0	0	0	0
48	0	0	759	630	885	1291	0	0	0	0
49	0	0	758	629	886	1294	0	0	0	0
50	0	0	758	628	886	1295	0	0	0	0
51	0	0	759	627	887	1295	0	0	0	0
52	0	0	759	626	887	1298	0	0	0	0
53	0	0	760	625	889	1291	0	0	0	0
54	0	0	759	624	889	1294	0	0	0	0
55	0	0	758	623	889	1295	0	0	0	0
56	0	0	760	622	889	1297	0	0	0	0
57	0	0	760	622	891	1296	0	0	0	0
58	0	0	759	621	890	1293	0	0	0	0
59	0	0	759	621	890	1286	0	0	0	0
60	0	0	760	621	891	1271	0	0	0	0
61	0	0	760	620	890	1272	0	0	0	0
62	0	0	760	618	891	1300	0	0	0	0
63	0	0	760	618	890	1287	0	0	0	0
64	0	0	760	618	890	1286	0	0	0	0
65	0	0	760	618	890	1284	0	0	0	0
66	0	0	760	617	889	1287	0	0	0	0
67	0	0	760	617	888	1284	0	0	0	0
68	0	0	761	617	889	1275	0	0	0	0
69	0	0	761	616	887	1280	0	0	0	0
70	0	0	761	617	887	1280	0	0	0	0
71	0	0	762	617	886	1281	0	0	0	0
72	0	0	763	619	886	1279	0	0	0	0
73	0	0	764	618	885	1284	0	0	0	0
74	0	0	764	619	883	1283	0	0	0	0
75	0	0	762	620	883	1286	0	0	0	0
76	0	0	765	621	881	1289	0	0	0	0
77	0	0	765	621	881	1294	0	0	0	0
78	0	0	766	623	880	1288	0	0	0	0
79	0	0	765	623	879	1287	0	0	0	0
80	0	0	766	624	879	1288	0	0	0	0
81	0	0	766	625	878	1290	0	0	0	0
82	0	0	767	626	878	1292	0	0	0	0
83	0	0	767	626	877	1299	0	0	0	0
84	0	0	768	629	877	1300	0	0	0	0
85	0	0	768	629	876	1300	0	0	0	0
86	0	0	770	631	875	1299	0	0	0	0
87	0	0	771	631	875	1298	0	0	0	0
88	0	0	771	633	873	1295	0	0	0	0
89	0	0	772	635	873	1289	0	0	0	0
90	0	0	773	636	871	1301	0	0	0	0
91	0	0	773	637	872	1302	0	0	0	0
92	0	0	774	639	870	1309	0	0	0	0
93	0	0	773	641	870	1311	0	0	0	0
94	0	0	775	643	869	1313	0	0	0	0
95	0	0	776	644	867	1311	0	0	0	0
96	0	0	775	645	866	1314	0	0	0	0
97	0	0	776	646	866	1309	0	0	0	0
98	0	0	776	648	866	1308	0	0	0	0
99	0	0	776	649	865	1309	0	0	0	0
100	0	0	776	651	865	1314	0	0	0	0
101	0	0	777	651	863	1311	0	0	0	0
102	0	0	777	652	862	1310	0	0	0	0
103	0	0	779	655	862	1312	0	0	0	0
104	0	0	779	655	860	1318	0	0	0	0
105	0	0	779	657	860	1315	0	0	0	0
106	0	0	780	659	859	1318	0	0	0	0
107	0	0	781	659	858	1318	0	0	0	0
108	0	0	780	661	857	1320	0	0	0	0
109	0	0	780	661	855	1321	0	0	0	0
110	0	0	781	663	855	1329	0	0	0	0
111	0	0	780	664	853	1327	0	0	0	0
112	0	0	779	666	853	1334	0	0	0	0
113	0	0	780	666	853	1339	0	0	0	0
114	0	0	781	667	851	1347	0	0	0	0
115	0	0	780	669	850	1344	0	0	0	0
116	0	0	781	670	850	1351	0	0	0	0
117	0	0	780	671	848	1357	0	0	0	0
118	0	0	780	672	848	1358	0	0	0	0
119	0	0	780	673	847	1358	0	0	0	0
120	0	0	780	674	846	1362	0	0	0	0
121	0	0	780	675	845	1358	0	0	0	0
122	0	0	780	676	844	1362	0	0	0	0
123	0	0	779	677	844	1364	0	0	0	0
124	0	0	778	678	842	1362	0	0	0	0
125	0	0	780	679	842	1363	0	0	0	0
126	0	0	779	680	839	1365	0	0	0	0
127	0	0	778	680	840	1366	0	0	0	0
0	0	0	780	681	839	1366	0	0	0	0
1	0	0	779	682	837	1370	0	0	0	0
2	0	0	779	683	838	1367	0	0	0	0
3	0	0	778	682	837	1368	0	0	0	0
4	0	0	779	684	837	1370	0	0	0	0
5	0	0	780	685	837	1371	0	0	0	0
6	0	0	778	685	836	1372	0	0	0	0
7	0	0	778	686	836	1374	0	0	0	0
8	0	0	779	685	835	1376	0	0	0	0
9	0	0	778	687	835	1375	0	0	0	0
10	0	0	778	687	835	1372	0	0	0	0
11	0	0	778	687	835	1373	0	0	0	0
12	0	0	779	688	834	1374	0	0	0	0
13	0	0	779	687	835	1376	0	0	0	0
14	0	0	779	688	834	1375	0	0	0	0
15	0	0	778	687	835	1377	0	0	0	0
16	0	0	779	688	833	1378	0	0	0	0
17	0	0	778	688	833	1377	0	0	0	0
18	0	0	779	689	833	1378	0	0	0	0
19	0	0	780	689	834	1380	0	0	0	0
20	0	0	779	688	834	1382	0	0	0	0
21	0	0	779	688	834	1382	0	0	0	0
22	0	0	779	689	834	1383	0	0	0	0
23	0	0	779	688	834	1384	0	0	0	0
24	0	0	779	689	834	1384	0	0	0	0
25	0	0	779	689	835	1386	0	0	0	0
26	0	0	780	688	835	1387	0	0	0	0
27	0	0	780	689	835	1388	0	0	0	0
28	0	0	779	687	837	1388	0	0	0	0
29	0	0	779	688	836	1388	0	0	0	0
30	0	0	780	687	837	1390	0	0	0	0
31	0	0	780	687	837	1389	0	0	0	0
32	0	0	779	687	837	1390	0	0	0	0
33	0	0	779	687	836	1390	0	0	0	0
34	0	0	779	687	837	1389	0	0	0	0
35	0	0	778	686	839	1390	0	0	0	0
36	0	0	779	686	840	1394	0	0	0	0
37	0	0	778	686	840	1394	0	0	0	0
38	0	0	779	686	840	1397	0	0	0	0
39	0	0	778	684	840	1398	0	0	0	0
40	0	0	779	684	841	1401	0	0	0	0
41	0	0	781	684	843	1401	0	0	0	0
42	0	0	779	682	841	1400	0	0	0	0
43	0	0	779	684	842	1404	0	0	0	0
44	0	0	779	683	843	1404	0	0	0	0
45	0	0	778	681	844	1404	0	0	0	0
46	0	0	778	681	845	1404	0	0	0	0
47	0	0	779	681	845	1405	0	0	0	0
48	0	0	779	680	846	1407	0	0	0	0
49	0	0	779	679	847	1410	0	0	0	0
50	0	0	779	679	848	1410	0	0	0	0
51	0	0	779	677	848	1407	0	0	0	0
52	0	0	779	678	849	1405	0	0	0	0
53	0	0	780	677	849	1407	0	0	0	0
54	0	0	780	677	850	1405	0	0	0	0
55	0	0	777	675	850	1404	0	0	0	0
56	0	0	778	675	851	1411	0	0	0	0
57	0	0	778	674	852	1412	0	0	0	0
58	0	0	778	673	853	1415	0	0	0	0
59	0	0	778	673	854	1416	0	0	0	0
60	0	0	776	671	855	1418	0	0	0	0
61	0	0	777	670	855	1420	0	0	0	0
62	0	0	777	670	855	1421	0	0	0	0
63	0	0	775	669	856	1419	0	0	0	0
64	0	0	776	668	856	1420	0	0	0	0
65	0	0	775	668	857	1421	0	0	0	0
66	0	0	775	667	858	1422	0	0	0	0
67	0	0	777	667	858	1420	0	0	0	0
68	0	0	777	667	858	1420	0	0	0	0
69	0	0	778	665	859	1419	0	0	0	0
70	0	0	777	665	860	1422	0	0	0	0
71	0	0	776	664	860	1421	0	0	0	0
72	0	0	776	664	861	1419	0	0	0	0
73	0	0	775	664	860	1420	0	0	0	0
74	0	0	775	663	861	1420	0	0	0	0
75	0	0	776	663	862	1419	0	0	0	0
76	0	0	775	662	862	1420	0	0	0	0
77	0	0	774	662	862	1420	0	0	0	0
78	0	0	774	662	862	1421	0	0	0	0
79	0	0	774	662	863	1423	0	0	0	0
80	0	0	773	661	863	1422	0	0	0	0
81	0	0	773	661	863	1421	0	0	0	0
82	0	0	774	661	863	1422	0	0	0	0
83	0	0	775	661	863	1424	0	0	0	0
84	0	0	774	661	863	1428	0	0	0	0
85	0	0	773	660	863	1428	0	0	0	0
86	0	0	773	660	863	1427	0	0	0	0
87	0	0	773	660	863	1423	0	0	0	0
88	0	0	773	660	864	1427	0	0	0	0
89	0	0	774	660	864	1426	0	0	0	0
90	0	0	773	660	864	1423	0	0	0	0
91	0	0	773	659	864	1424	0	0	0	0
92	0	0	773	659	863	1426	0	0	0	0
93	0	0	774	659	863	1423	0	0	0	0
94	0	0	773	659	863	1424	0	0	0	0
95	0	0	773	661	863	1422	0	0	0	0
96	0	0	771	659	863	1424	0	0	0	0
97	0	0	772	660	863	1423	0	0	0	0
98	0	0	772	659	864	1421	0	0	0	0
99	0	0	773	660	863	1421	0	0	0	0
100	0	0	772	659	863	1423	0	0	0	0
101	0	0	772	659	863	1423	0	0	0	0
102	0	0	772	659	863	1424	0	0	0	0
103	0	0	772	659	862	1427	0	0	0	0
104	0	0	773	659	863	1426	0	0	0	0
105	0	0	773	659	863	1428	0	0	0	0
106	0	0	773	659	861	1426	0	0	0	0
107	0	0	773	661	860	1427	0	0	0	0
108	0	0	773	660	859	1427	0	0	0	0
109	0	0	773	661	859	1425	0	0	0	0
110	0	0	774	660	860	1423	0	0	0	1
111	0	0	773	660	860	1421	0	0	0	0
112	0	0	774	659	860	1423	0	0	0	0
113	0	0	774	660	859	1424	0	0	0	0
114	0	0	774	660	859	1422	0	0	0	0
115	0	0	772	660	860	1421	0	0	0	0
116	0	0	774	661	859	1424	0	0	0	0
117	0	0	773	661	858	1425	0	0	0	0
118	0	0	773	660	858	1423	0	0	0	0
119	0	0	774	661	859	1424	0	0	0	0
120	0	0	773	660	858	1422	0	0	0	0
121	0	0	773	662	857	1427	0	0	0	0
122	0	0	775	661	857	1428	0	0	0	0
123	0	0	774	662	857	1426	0	0	0	0
124	0	0	774	662	856	1427	0	0	0	0
125	0	0	774	662	856	1426	0	0	0	0
126	0	0	773	661	856	1426	0	0	0	0
127	0	0	774	663	856	1427	0	0	0	0
0	0	0	775	663	855	1426	0	0	0	0
1	0	0	774	663	855	1426	0	0	0	0
2	0	0	775	663	854	1424	0	0	0	0
3	0	0	774	662	854	1425	0	0	0	0
4	0	0	774	662	854	1423	0	0	0	0
5	0	0	775	664	854	1423	0	0	0	0
6	0	0	775	663	854	1423	0	0	0	0
7	0	0	775	664	853	1423	0	0	0	0
8	0	0	774	663	853	1422	0	0	0	0
9	0	0	774	664	853	1425	0	0	0	0
10	0	0	775	663	852	1421	0	0	0	0
11	0	0	775	664	853	1421	0	0	0	0
12	0	0	775	664	852	1420	0	0	0	0
13	0	0	775	664	852	1422	0	0	0	0
14	0	0	775	663	852	1423	0	0	0	0
15	0	0	776	665	851	1423	0	0	0	0
16	0	0	776	666	851	1423	0	0	0	0
17	0	0	776	665	850	1422	0	0	0	0
18	0	0	775	665	850	1403	0	0	0	0
19	0	0	775	665	851	1401	0	0	0	0
20	0	0	775	666	850	1400	0	0	0	0
21	0	0	775	666	850	1403	0	0	0	0
22	0	0	776	666	851	1401	0	0	0	0
23	0	0	775	665	851	1398	0	0	0	0
24	0	0	775	665	851	1395	0	0	0	0
25	0	0	775	665	851	1395	0	0	0	0
26	0	0	774	665	851	1392	0	0	0	0
27	0	0	774	665	850	1391	0	0	0	0
28	0	0	773	665	851	1391	0	0	0	0
29	0	0	773	665	851	1391	0	0	0	0
30	0	0	774	666	851	1389	0	0	0	0
31	0	0	773	665	850	1393	0	0	0	0
32	0	0	774	665	851	1394	0	0	0	0
33	0	0	774	666	851	1394	0	0	0	0
34	0	0	774	665	850	1395	0	0	0	0
35	0	0	774	665	851	1397	0	0	0	0
36	0	0	774	665	851	1399	0	0	0	0
37	0	0	774	665	851	1394	0	0	0	0
38	0	0	774	665	852	1392	0	0	0	0
39	0	0	773	665	851	1392	0	0	0	0
40	0	0	775	664	851	1397	0	0	0	0
41	0	0	775	665	852	1398	0	0	0	0
42	0	0	775	666	852	1396	0	0	0	0
43	0	0	774	665	852	1391	0	0	0	0
44	0	0	774	665	853	1391	0	0	0	0
45	0	0	774	666	852	1391	0	0	0	0
46	0	0	773	666	853	1390	0	0	0	0
47	0	0	773	666	853	1389	0	0	0	0
48	0	0	773	665	853	1387	0	0	0	0
49	0	0	774	663	853	1388	0	0	0	0
50	0	0	775	664	854	1388	0	0	0	0
51	0	0	774	665	853	1387	0	0	0	0
52	0	0	774	664	853	1390	0	0	0	0
53	0	0	774	664	853	1391	0	0	0	0
54	0	0	774	663	854	1391	0	0	0	0
55	0	0	773	665	854	1388	0	0	0	0
56	0	0	773	665	854	1390	0	0	0	0
57	0	0	774	665	854	1389	0	0	0	0
58	0	0	773	664	854	1393	0	0	0	0
59	0	0	773	663	854	1392	0	0	0	0
60	0	0	774	663	854	1395	0	0	0	0
61	0	0	773	665	854	1388	0	0	0	0
62	0	0	773	664	854	1387	0	0	0	0
63	0	0	774	663	854	1392	0	0	0	0
64	0	0	774	663	855	1391	0	0	0	0
65	0	0	775	665	854	1393	0	0	0	0
66	0	0	775	664	854	1391	0	0	0	0
67	0	0	774	664	854	1390	0	0	0	0
68	0	0	775	664	856	1390	0	0	0	0
69	0	0	774	664	855	1387	0	0	0	0
70	0	0	775	663	855	1393	0	0	0	0
71	0	0	775	663	855	1394	0	0	0	0
72	0	0	775	663	856	1391	0	0	0	0
73	0	0	775	663	855	1391	0	0	0	0
74	0	0	776	663	854	1392	0	0	0	0
75	0	0	775	663	855	1393	0	0	0	0
76	0	0	776	663	856	1396	0	0	0	0
77	0	0	776	662	857	1400	0	0	0	0
78	0	0	777	662	857	1398	0	0	0	0
79	0	0	777	662	855	1396	0	0	0	0
80	0	0	777	662	855	1397	0	0	0	0
81	0	0	777	662	855	1399	0	0	0	0
82	0	0	776	663	856	1395	0	0	0	0
83	0	0	777	661	856	1397	0	0	0	0
84	0	0	776	661	857	1397	0	0	0	0
85	0	0	777	661	855	1393	0	0	0	0
86	0	0	777	662	855	1393	0	0	0	0
87	0	0	777	662	856	1394	0	0	0	0
88	0	0	777	662	855	1391	0	0	0	0
89	0	0	777	662	856	1390	0	0	0	0
90	0	0	778	663	855	1394	0	0	0	0
91	0	0	779	660	855	1393	0	0	0	0
92	0	0	778	663	856	1393	0	0	0	0
93	0	0	777	662	857	1394	0	0	0	0
94	0	0	777	662	857	1393	0	0	0	0
95	0	0	777	663	855	1393	0	0	0	0
96	0	0	778	663	855	1393	0	0	0	0
97	0	0	778	662	856	1396	0	0	0	0
98	0	0	778	663	856	1395	0	0	0	0
99	0	0	778	663	857	1394	0	0	0	0
100	0	0	778	663	856	1395	0	0	0	0
101	0	0	777	663	856	1394	0	0	0	0
102	0	0	778	664	857	1393	0	0	0	0
103	0	0	779	664	856	1394	0	0	0	0
104	0	0	778	663	856	1393	0	0	0	0
105	0	0	778	664	856	1392	0	0	0	0
106	0	0	778	664	856	1390	0	0	0	0
107	0	0	778	663	856	1389	0	0	0	0
108	0	0	779	663	856	1390	0	0	0	0
109	0	0	778	664	856	1392	0	0	0	0
110	0	0	778	664	856	1391	0	0	0	0
111	0	0	779	664	856	1392	0	0	0	0
112	0	0	778	664	857	1392	0	0	0	0
113	0	0	777	664	856	1391	0	0	0	0
114	0	0	778	663	857	1389	0	0	0	0
115	0	0	777	664	856	1391	0	0	0	0
116	0	0	777	664	855	1393	0	0	0	0
117	0	0	777	665	856	1397	0	0	0	0
118	0	0	777	664	856	1394	0	0	0	0
119	0	0	778	664	856	1394	0	0	0	0
120	0	0	778	665	856	1396	0	0	0	0
121	0	0	779	666	857	1397	0	0	0	0
122	0	0	778	663	856	1395	0	0	0	0
123	0	0	778	665	857	1396	0	0	0	0
124	0	0	778	665	856	1396	0	0	0	0
125	0	0	778	665	856	1398	0	0	0	0
126	0	0	778	665	856	1395	0	0	0	0
