# bioPlux Text File Format
# Version: 1
# StartDateTime: 2012-03-21 15:38:15
# SamplingFrequency: 1000
# SampledChannels: 1 2 3 4 5 6 7 8
# SamplingResolution: 12
# AcquiringDevice: 00:07:80:93:66:BE
# EndOfHeader
0	0	0	759	652	830	29	0	0	0	0
1	0	0	758	653	829	26	0	0	0	0
2	0	0	758	653	829	18	0	0	0	0
3	0	0	758	654	830	14	0	0	0	0
4	0	0	757	654	831	15	0	0	0	0
5	0	0	758	655	829	25	0	0	0	0
6	0	0	758	657	829	29	0	0	0	0
7	0	0	758	656	830	27	0	0	0	0
8	0	0	758	656	829	26	0	0	0	0
9	0	0	757	656	830	26	0	0	0	0
10	0	0	760	657	830	25	0	0	0	0
11	0	0	758	658	829	24	0	0	0	0
12	0	0	757	658	829	24	0	0	0	0
13	0	0	758	659	830	26	0	0	0	0
14	0	0	756	660	830	25	0	0	0	0
15	0	0	756	660	830	27	0	0	0	0
16	0	0	756	661	828	28	0	0	0	0
17	0	0	756	661	830	28	0	0	0	0
18	0	0	756	661	831	27	0	0	0	0
19	0	0	755	662	832	28	0	0	0	0
20	0	0	756	663	831	30	0	0	0	0
21	0	0	755	664	832	29	0	0	0	0
22	0	0	755	665	831	30	0	0	0	0
23	0	0	756	666	831	32	0	0	0	0
24	0	0	755	667	833	30	0	0	0	0
25	0	0	755	668	831	28	0	0	0	0
26	0	0	755	667	831	25	0	0	0	0
27	0	0	755	669	832	20	0	0	0	0
28	0	0	756	669	832	9	0	0	0	0
29	0	0	755	669	831	9	0	0	0	0
30	0	0	755	672	832	0	0	0	0	0
31	0	0	754	672	831	0	0	0	0	0
32	0	0	754	673	831	0	0	0	0	0
33	0	0	755	674	830	0	0	0	0	0
34	0	0	754	674	830	0	0	0	0	0
35	0	0	755	675	829	1	0	0	0	0
36	0	0	755	675	829	1	0	0	0	0
37	0	0	755	676	829	2	0	0	0	0
38	0	0	755	676	828	4	0	0	0	0
39	0	0	755	676	828	1	0	0	0	0
40	0	0	756	677	828	2	0	0	0	0
41	0	0	756	678	827	2	0	0	0	0
42	0	0	756	679	827	2	0	0	0	0
43	0	0	755	680	827	4	0	0	0	0
44	0	0	754	682	825	3	0	0	0	0
45	0	0	756	683	826	0	0	0	0	0
46	0	0	756	684	825	0	0	0	0	0
47	0	0	754	685	825	0	0	0	0	0
48	0	0	755	686	825	0	0	0	0	0
49	0	0	754	688	825	0	0	0	0	0
50	0	0	755	689	825	0	0	0	0	0
51	0	0	755	691	824	0	0	0	0	0
52	0	0	754	691	824	0	0	0	0	0
53	0	0	755	692	824	0	0	0	0	0
54	0	0	755	693	822	0	0	0	0	0
55	0	0	756	694	823	0	0	0	0	0
56	0	0	758	694	822	0	0	0	0	0
57	0	0	760	695	823	0	0	0	0	0
58	0	0	759	696	824	0	0	0	0	0
59	0	0	759	698	822	0	0	0	0	0
60	0	0	759	699	821	0	0	0	0	0
61	0	0	760	700	821	0	0	0	0	0
62	0	0	760	702	820	0	0	0	0	0
63	0	0	761	703	820	1	0	0	0	0
64	0	0	762	704	820	0	0	0	0	0
65	0	0	761	705	820	0	0	0	0	0
66	0	0	762	707	819	0	0	0	0	0
67	0	0	763	708	819	0	0	0	0	0
68	0	0	764	709	818	0	0	0	0	0
69	0	0	764	710	817	0	0	0	0	0
70	0	0	765	709	817	0	0	0	0	0
71	0	0	764	709	817	0	0	0	0	0
72	0	0	762	708	821	0	0	0	0	0
73	0	0	763	708	824	0	0	0	0	0
74	0	0	769	707	821	0	0	0	0	0
75	0	0	774	707	818	0	0	0	0	0
76	0	0	775	708	815	0	0	0	0	0
77	0	0	772	709	815	0	0	0	0	0
78	0	0	771	711	815	1	0	0	0	0
79	0	0	770	712	816	0	0	0	0	0
80	0	0	772	713	816	2	0	0	0	0
81	0	0	773	713	819	2	0	0	0	0
82	0	0	775	712	816	1	0	0	0	0
83	0	0	777	711	816	3	0	0	0	0
84	0	0	777	711	815	3	0	0	0	0
85	0	0	779	712	815	1	0	0	0	0
86	0	0	780	712	814	0	0	0	0	0
87	0	0	780	712	815	0	0	0	0	0
88	0	0	781	713	813	0	0	0	0	0
89	0	0	780	714	813	0	0	0	0	0
90	0	0	781	714	813	0	0	0	0	0
91	0	0	781	715	813	0	0	0	0	0
92	0	0	782	717	813	0	0	0	0	0
93	0	0	780	718	812	0	0	0	0	0
94	0	0	780	718	810	0	0	0	0	0
95	0	0	781	717	810	0	0	0	0	0
96	0	0	781	719	811	0	0	0	0	0
97	0	0	781	719	810	0	0	0	0	0
98	0	0	781	719	811	0	0	0	0	0
99	0	0	782	721	810	0	0	0	0	0
100	0	0	781	722	810	0	0	0	0	0
101	0	0	782	721	808	0	0	0	0	0
102	0	0	782	723	808	0	0	0	0	0
103	0	0	781	723	808	1	0	0	0	0
104	0	0	780	723	806	0	0	0	0	0
105	0	0	780	723	806	0	0	0	0	0
106	0	0	780	723	805	0	0	0	0	0
107	0	0	778	723	805	0	0	0	0	0
108	0	0	779	724	806	0	0	0	0	0
109	0	0	781	724	803	0	0	0	0	0
110	0	0	779	724	804	0	0	0	0	0
111	0	0	780	724	803	0	0	0	0	0
112	0	0	781	724	803	0	0	0	0	0
113	0	0	780	724	802	0	0	0	0	0
114	0	0	780	722	803	0	0	0	0	0
115	0	0	779	723	802	0	0	0	0	0
116	0	0	778	724	801	0	0	0	0	0
117	0	0	777	723	801	0	0	0	0	0
118	0	0	776	724	801	0	0	0	0	0
119	0	0	776	724	802	0	0	0	0	0
120	0	0	775	724	801	0	0	0	0	0
121	0	0	774	724	802	0	0	0	0	0
122	0	0	773	723	802	0	0	0	0	0
123	0	0	773	722	801	2	0	0	0	0
124	0	0	772	722	800	1	0	0	0	0
125	0	0	773	722	801	0	0	0	0	0
126	0	0	773	722	801	0	0	0	0	0
127	0	0	774	722	799	0	0	0	0	0
0	0	0	774	721	800	0	0	0	0	0
1	0	0	774	721	799	0	0	0	0	0
2	0	0	775	720	799	0	0	0	0	0
3	0	0	775	721	798	0	0	0	0	0
4	0	0	776	720	797	0	0	0	0	0
5	0	0	776	720	797	0	0	0	0	0
6	0	0	776	720	796	0	0	0	0	0
7	0	0	777	719	796	0	0	0	0	0
8	0	0	776	718	797	0	0	0	0	0
9	0	0	777	718	796	0	0	0	0	0
10	0	0	777	719	795	0	0	0	0	0
11	0	0	778	718	794	0	0	0	0	0
12	0	0	778	719	794	2	0	0	0	0
13	0	0	778	717	793	1	0	0	0	0
14	0	0	779	717	791	1	0	0	0	0
15	0	0	781	716	792	3	0	0	0	0
16	0	0	782	716	791	3	0	0	0	0
17	0	0	783	716	790	0	0	0	0	0
18	0	0	783	716	789	0	0	0	0	0
19	0	0	783	714	789	0	0	0	0	0
20	0	0	784	714	789	0	0	0	0	0
21	0	0	785	714	787	0	0	0	0	0
22	0	0	785	713	787	0	0	0	0	0
23	0	0	785	713	787	0	0	0	0	0
24	0	0	786	713	787	0	0	0	0	0
25	0	0	785	713	786	0	0	0	0	0
26	0	0	784	713	785	0	0	0	0	0
27	0	0	783	712	785	0	0	0	0	0
28	0	0	784	712	785	0	0	0	0	0
29	0	0	783	711	785	1	0	0	0	0
30	0	0	782	710	785	2	0	0	0	0
31	0	0	782	709	784	2	0	0	0	0
32	0	0	782	708	785	3	0	0	0	0
33	0	0	781	708	785	3	0	0	0	0
34	0	0	781	706	785	3	0	0	0	0
35	0	0	780	705	785	5	0	0	0	0
36	0	0	779	704	785	3	0	0	0	0
37	0	0	779	703	786	1	0	0	0	0
38	0	0	778	702	786	0	0	0	0	0
39	0	0	778	700	786	0	0	0	0	0
40	0	0	777	700	787	0	0	0	0	0
41	0	0	776	699	787	0	0	0	0	0
42	0	0	774	698	787	0	0	0	0	0
43	0	0	773	697	788	0	0	0	0	0
44	0	0	772	696	788	0	0	0	0	0
45	0	0	772	695	791	0	0	0	0	0
46	0	0	772	695	790	0	0	0	0	0
47	0	0	770	693	792	0	0	0	0	0
48	0	0	770	693	792	1	0	0	0	0
49	0	0	772	691	793	1	0	0	0	0
50	0	0	770	693	795	3	0	0	0	0
51	0	0	768	689	795	5	0	0	0	0
52	0	0	767	689	797	12	0	0	0	0
53	0	0	769	687	798	15	0	0	0	0
54	0	0	770	686	798	15	0	0	0	0
55	0	0	770	686	799	17	0	0	0	0
56	0	0	770	684	800	15	0	0	0	0
57	0	0	772	684	802	13	0	0	0	0
58	0	0	773	683	802	15	0	0	0	0
59	0	0	775	684	803	13	0	0	0	0
60	0	0	777	683	802	11	0	0	0	0
61	0	0	777	683	802	11	0	0	0	0
62	0	0	778	682	803	18	0	0	0	0
63	0	0	778	683	804	22	0	0	0	0
64	0	0	779	683	804	31	0	0	0	0
65	0	0	780	683	804	32	0	0	0	0
66	0	0	780	683	803	35	0	0	0	0
67	0	0	781	684	804	38	0	0	0	0
68	0	0	783	684	805	42	0	0	0	0
69	0	0	783	684	804	44	0	0	0	0
70	0	0	787	685	805	44	0	0	0	0
71	0	0	787	685	804	44	0	0	0	0
72	0	0	788	685	806	42	0	0	0	0
73	0	0	788	685	806	39	0	0	0	0
74	0	0	787	685	806	41	0	0	0	0
75	0	0	787	684	807	45	0	0	0	0
76	0	0	786	683	806	45	0	0	0	0
77	0	0	786	683	808	44	0	0	0	0
78	0	0	785	681	808	40	0	0	0	0
79	0	0	784	679	809	46	0	0	0	0
80	0	0	784	679	811	47	0	0	0	0
81	0	0	784	675	810	47	0	0	0	0
82	0	0	785	675	812	44	0	0	0	0
83	0	0	785	673	813	42	0	0	0	0
84	0	0	784	671	814	141	0	0	0	0
85	0	0	784	669	815	146	0	0	0	0
86	0	0	783	667	816	136	0	0	0	0
87	0	0	783	665	816	141	0	0	0	0
88	0	0	784	663	816	143	0	0	0	0
89	0	0	783	661	817	143	0	0	0	0
90	0	0	785	660	818	146	0	0	0	0
91	0	0	784	658	817	146	0	0	0	0
92	0	0	784	657	818	149	0	0	0	0
93	0	0	784	655	817	152	0	0	0	0
94	0	0	783	651	818	146	0	0	0	0
95	0	0	786	651	819	144	0	0	0	0
96	0	0	785	649	817	130	0	0	0	0
97	0	0	784	647	819	137	0	0	0	0
98	0	0	784	646	820	138	0	0	0	0
99	0	0	785	645	820	142	0	0	0	0
100	0	0	785	643	820	142	0	0	0	0
101	0	0	785	643	821	150	0	0	0	0
102	0	0	783	642	821	155	0	0	0	0
103	0	0	783	642	822	151	0	0	0	0
104	0	0	782	642	823	141	0	0	0	0
105	0	0	782	641	824	149	0	0	0	0
106	0	0	782	642	824	147	0	0	0	0
107	0	0	781	641	826	147	0	0	0	0
108	0	0	782	641	827	162	0	0	0	0
109	0	0	783	638	829	172	0	0	0	0
110	0	0	784	639	830	157	0	0	0	0
111	0	0	784	639	830	182	0	0	0	0
112	0	0	784	639	832	168	0	0	0	0
113	0	0	785	638	833	154	0	0	0	0
114	0	0	785	637	833	130	0	0	0	0
115	0	0	786	637	835	143	0	0	0	0
116	0	0	784	637	835	126	0	0	0	0
117	0	0	782	636	837	155	0	0	0	0
118	0	0	782	636	838	166	0	0	0	0
119	0	0	781	634	838	132	0	0	0	0
120	0	0	779	635	840	146	0	0	0	0
121	0	0	776	633	840	250	0	0	0	0
122	0	0	776	632	841	271	0	0	0	0
123	0	0	774	631	841	282	0	0	0	0
124	0	0	772	631	842	298	0	0	0	0
125	0	0	769	631	841	279	0	0	0	0
126	0	0	768	628	841	279	0	0	0	0
127	0	0	765	630	842	295	0	0	0	0
0	0	0	764	630	841	288	0	0	0	0
1	0	0	762	630	842	244	0	0	0	0
2	0	0	760	631	841	273	0	0	0	0
3	0	0	758	632	840	304	0	0	0	0
4	0	0	758	633	839	289	0	0	0	0
5	0	0	756	633	838	242	0	0	0	0
6	0	0	756	633	837	294	0	0	0	0
7	0	0	753	634	837	308	0	0	0	0
8	0	0	751	635	837	325	0	0	0	0
9	0	0	751	635	836	316	0	0	0	0
10	0	0	750	637	835	326	0	0	0	0
11	0	0	749	637	836	338	0	0	0	0
12	0	0	747	638	835	340	0	0	0	0
13	0	0	747	638	834	336	0	0	0	0
14	0	0	746	639	833	317	0	0	0	0
15	0	0	747	638	833	258	0	0	0	0
16	0	0	747	638	833	283	0	0	0	0
17	0	0	748	639	833	276	0	0	0	0
18	0	0	748	636	833	274	0	0	0	0
19	0	0	748	636	833	308	0	0	0	0
20	0	0	749	637	834	347	0	0	0	0
21	0	0	749	635	834	373	0	0	0	0
22	0	0	749	637	835	382	0	0	0	0
23	0	0	749	637	833	387	0	0	0	0
24	0	0	749	638	834	388	0	0	0	0
25	0	0	749	637	835	390	0	0	0	0
26	0	0	749	638	836	391	0	0	0	0
27	0	0	749	639	837	398	0	0	0	0
28	0	0	750	639	836	395	0	0	0	0
29	0	0	749	639	838	388	0	0	0	0
30	0	0	750	640	838	383	0	0	0	0
31	0	0	750	641	839	392	0	0	0	0
32	0	0	751	641	839	394	0	0	0	0
33	0	0	751	640	839	395	0	0	0	0
34	0	0	751	639	842	395	0	0	0	0
35	0	0	755	638	843	401	0	0	0	0
36	0	0	754	638	846	415	0	0	0	0
37	0	0	757	639	846	410	0	0	0	0
38	0	0	759	637	847	419	0	0	0	0
39	0	0	763	634	848	422	0	0	0	0
40	0	0	766	632	849	427	0	0	0	0
41	0	0	767	630	850	426	0	0	0	0
42	0	0	766	630	851	429	0	0	0	0
43	0	0	764	631	850	429	0	0	0	0
44	0	0	761	631	849	439	0	0	0	0
45	0	0	760	632	847	440	0	0	0	0
46	0	0	760	634	847	440	0	0	0	0
47	0	0	760	633	846	441	0	0	0	0
48	0	0	758	633	845	427	0	0	0	0
49	0	0	758	635	845	422	0	0	0	0
50	0	0	759	637	843	418	0	0	0	0
51	0	0	759	637	843	419	0	0	0	0
52	0	0	759	640	843	420	0	0	0	0
53	0	0	759	641	841	431	0	0	0	0
54	0	0	759	643	841	447	0	0	0	0
55	0	0	759	644	842	444	0	0	0	0
56	0	0	761	644	842	437	0	0	0	0
57	0	0	760	645	843	444	0	0	0	0
58	0	0	760	647	842	456	0	0	0	0
59	0	0	758	647	843	472	0	0	0	0
60	0	0	758	648	844	470	0	0	0	0
61	0	0	759	647	844	473	0	0	0	0
62	0	0	759	648	844	474	0	0	0	0
63	0	0	759	649	844	467	0	0	0	0
64	0	0	758	648	844	474	0	0	0	0
65	0	0	758	648	843	478	0	0	0	0
66	0	0	758	648	842	482	0	0	0	0
67	0	0	758	648	842	482	0	0	0	0
68	0	0	759	648	841	474	0	0	0	0
69	0	0	758	649	841	471	0	0	0	0
70	0	0	759	648	840	467	0	0	0	0
71	0	0	758	647	840	473	0	0	0	0
72	0	0	757	648	840	474	0	0	0	0
73	0	0	756	648	839	477	0	0	0	0
74	0	0	755	647	841	488	0	0	0	0
75	0	0	754	645	841	488	0	0	0	0
76	0	0	755	644	841	498	0	0	0	0
77	0	0	754	640	841	503	0	0	0	0
78	0	0	754	637	842	507	0	0	0	0
79	0	0	753	634	841	509	0	0	0	0
80	0	0	752	632	842	510	0	0	0	0
81	0	0	751	630	842	496	0	0	0	0
82	0	0	751	629	842	448	0	0	0	0
83	0	0	749	628	844	441	0	0	0	0
84	0	0	750	628	844	451	0	0	0	0
85	0	0	749	626	843	481	0	0	0	0
86	0	0	750	624	844	516	0	0	0	0
87	0	0	749	623	844	533	0	0	0	0
88	0	0	750	624	842	548	0	0	0	0
89	0	0	749	623	842	540	0	0	0	0
90	0	0	749	622	842	526	0	0	0	0
91	0	0	749	621	841	529	0	0	0	0
92	0	0	746	619	841	521	0	0	0	0
93	0	0	747	617	842	526	0	0	0	0
94	0	0	746	616	842	528	0	0	0	0
95	0	0	746	615	842	538	0	0	0	0
96	0	0	746	614	843	559	0	0	0	0
97	0	0	744	613	843	567	0	0	0	0
98	0	0	743	612	842	565	0	0	0	0
99	0	0	742	611	843	589	0	0	0	0
100	0	0	742	609	844	620	0	0	0	0
101	0	0	742	607	843	630	0	0	0	0
102	0	0	741	608	844	641	0	0	0	0
103	0	0	742	607	843	640	0	0	0	0
104	0	0	742	607	842	646	0	0	0	0
105	0	0	742	607	842	681	0	0	0	0
106	0	0	743	608	843	695	0	0	0	0
107	0	0	742	607	843	709	0	0	0	0
108	0	0	744	606	843	713	0	0	0	0
109	0	0	744	607	843	717	0	0	0	0
110	0	0	744	607	842	713	0	0	0	0
111	0	0	744	609	843	714	0	0	0	0
112	0	0	743	610	842	727	0	0	0	0
113	0	0	744	610	843	744	0	0	0	0
114	0	0	745	609	843	755	0	0	0	0
115	0	0	747	611	842	750	0	0	0	0
116	0	0	749	611	842	740	0	0	0	0
117	0	0	748	614	843	742	0	0	0	0
118	0	0	749	614	843	725	0	0	0	0
119	0	0	750	614	842	728	0	0	0	0
120	0	0	751	617	843	750	0	0	0	0
121	0	0	750	619	842	752	0	0	0	0
122	0	0	749	620	843	777	0	0	0	0
123	0	0	748	622	843	804	0	0	0	0
124	0	0	746	622	843	816	0	0	0	0
125	0	0	745	623	843	853	0	0	0	0
126	0	0	743	623	844	880	0	0	0	0
127	0	0	742	623	844	897	0	0	0	0
0	0	0	742	623	845	906	0	0	0	0
1	0	0	742	624	845	913	0	0	0	0
2	0	0	741	624	847	906	0	0	0	0
3	0	0	741	626	845	918	0	0	0	0
4	0	0	742	627	845	930	0	0	0	0
5	0	0	741	627	844	941	0	0	0	0
6	0	0	742	626	845	943	0	0	0	0
7	0	0	742	627	844	962	0	0	0	0
8	0	0	742	627	844	967	0	0	0	0
9	0	0	743	625	844	965	0	0	0	0
10	0	0	743	626	844	971	0	0	0	0
11	0	0	744	626	843	982	0	0	0	0
12	0	0	744	625	843	1002	0	0	0	0
13	0	0	744	624	842	1023	0	0	0	0
14	0	0	742	623	841	1007	0	0	0	0
15	0	0	744	622	841	1029	0	0	0	0
16	0	0	743	621	840	1033	0	0	0	0
17	0	0	743	619	841	1033	0	0	0	0
18	0	0	743	617	842	1018	0	0	0	0
19	0	0	743	614	841	1008	0	0	0	0
20	0	0	742	612	842	1002	0	0	0	0
21	0	0	742	610	841	1022	0	0	0	0
22	0	0	741	608	842	1019	0	0	0	0
23	0	0	740	606	842	1003	0	0	0	0
24	0	0	738	604	843	1001	0	0	0	0
25	0	0	737	602	843	991	0	0	0	0
26	0	0	735	601	845	995	0	0	0	0
27	0	0	734	598	843	1007	0	0	0	0
28	0	0	732	597	846	1030	0	0	0	0
29	0	0	730	595	847	1050	0	0	0	0
30	0	0	729	593	846	1057	0	0	0	0
31	0	0	729	594	848	1062	0	0	0	0
32	0	0	726	591	848	1068	0	0	0	0
33	0	0	724	591	847	1070	0	0	0	0
34	0	0	724	589	849	1077	0	0	0	0
35	0	0	722	588	850	1095	0	0	0	0
36	0	0	722	589	851	1120	0	0	0	0
37	0	0	722	588	851	1119	0	0	0	0
38	0	0	721	587	852	1136	0	0	0	0
39	0	0	720	586	853	1148	0	0	0	0
40	0	0	720	584	855	1162	0	0	0	0
41	0	0	718	584	855	1179	0	0	0	0
42	0	0	715	582	857	1182	0	0	0	0
43	0	0	714	582	858	1176	0	0	0	0
44	0	0	712	581	858	1174	0	0	0	0
45	0	0	710	580	859	1172	0	0	0	0
46	0	0	709	578	861	1173	0	0	0	0
47	0	0	707	577	861	1172	0	0	0	0
48	0	0	705	577	862	1159	0	0	0	0
49	0	0	702	574	864	1142	0	0	0	0
50	0	0	702	572	865	1135	0	0	0	0
51	0	0	702	571	865	1148	0	0	0	0
52	0	0	700	571	866	1163	0	0	0	0
53	0	0	699	569	866	1191	0	0	0	0
54	0	0	699	567	867	1213	0	0	0	0
55	0	0	699	565	868	1234	0	0	0	0
56	0	0	700	564	867	1250	0	0	0	0
57	0	0	700	562	866	1265	0	0	0	0
58	0	0	701	561	867	1263	0	0	0	0
59	0	0	701	561	868	1257	0	0	0	0
60	0	0	702	560	867	1270	0	0	0	0
61	0	0	703	558	867	1287	0	0	0	0
62	0	0	703	558	867	1290	0	0	0	0
63	0	0	705	557	866	1291	0	0	0	0
64	0	0	706	555	866	1310	0	0	0	0
65	0	0	706	553	866	1320	0	0	0	0
66	0	0	707	552	865	1331	0	0	0	0
67	0	0	708	551	865	1341	0	0	0	0
68	0	0	709	549	866	1358	0	0	0	0
69	0	0	709	548	866	1376	0	0	0	0
70	0	0	710	545	867	1385	0	0	0	0
71	0	0	711	544	866	1398	0	0	0	0
72	0	0	710	543	868	1406	0	0	0	0
73	0	0	710	543	868	1413	0	0	0	0
74	0	0	709	540	869	1418	0	0	0	0
75	0	0	709	539	868	1426	0	0	0	0
76	0	0	709	539	869	1444	0	0	0	0
77	0	0	709	537	869	1461	0	0	0	0
78	0	0	708	537	869	1476	0	0	0	0
79	0	0	708	535	870	1481	0	0	0	0
80	0	0	708	535	869	1478	0	0	0	0
81	0	0	709	534	870	1474	0	0	0	0
82	0	0	708	534	869	1476	0	0	0	0
83	0	0	708	535	867	1478	0	0	0	0
84	0	0	706	534	868	1485	0	0	0	0
85	0	0	707	535	867	1503	0	0	0	0
86	0	0	706	536	867	1506	0	0	0	0
87	0	0	705	535	866	1510	0	0	0	0
88	0	0	706	535	865	1512	0	0	0	0
89	0	0	705	536	865	1513	0	0	0	0
90	0	0	704	536	865	1515	0	0	0	0
91	0	0	704	538	866	1525	0	0	0	0
92	0	0	702	538	866	1532	0	0	0	0
93	0	0	700	538	867	1538	0	0	0	0
94	0	0	697	538	868	1525	0	0	0	0
95	0	0	697	538	869	1519	0	0	0	0
96	0	0	695	538	869	1527	0	0	0	0
97	0	0	692	538	871	1544	0	0	0	0
98	0	0	692	539	872	1549	0	0	0	0
99	0	0	691	538	874	1564	0	0	0	0
100	0	0	692	538	876	1568	0	0	0	0
101	0	0	691	539	875	1593	0	0	0	0
102	0	0	691	539	877	1598	0	0	0	0
103	0	0	690	539	878	1623	0	0	0	0
104	0	0	691	538	879	1658	0	0	0	0
105	0	0	691	539	879	1688	0	0	0	0
106	0	0	691	539	879	1702	0	0	0	0
107	0	0	692	538	880	1709	0	0	0	0
108	0	0	693	538	880	1719	0	0	0	0
109	0	0	692	538	881	1727	0	0	0	0
110	0	0	694	538	881	1731	0	0	0	0
111	0	0	695	537	881	1730	0	0	0	0
112	0	0	696	537	882	1739	0	0	0	0
113	0	0	697	537	882	1751	0	0	0	0
114	0	0	697	536	883	1761	0	0	0	0
115	0	0	698	537	883	1776	0	0	0	0
116	0	0	699	536	884	1788	0	0	0	0
117	0	0	700	536	885	1801	0	0	0	0
118	0	0	698	538	884	1816	0	0	0	0
119	0	0	698	537	885	1820	0	0	0	0
120	0	0	697	538	885	1829	0	0	0	0
121	0	0	696	539	886	1845	0	0	0	0
122	0	0	695	540	887	1878	0	0	0	0
123	0	0	694	540	888	1907	0	0	0	0
124	0	0	693	540	889	1904	0	0	0	0
125	0	0	692	541	889	1908	0	0	0	0
126	0	0	692	542	890	1916	0	0	0	0
127	0	0	692	542	891	1924	0	0	0	0
0	0	0	690	542	890	1933	0	0	0	0
1	0	0	691	542	891	1937	0	0	0	0
2	0	0	690	542	891	1945	0	0	0	0
3	0	0	690	544	891	1950	0	0	0	0
4	0	0	690	542	892	1954	0	0	0	0
5	0	0	690	541	892	1956	0	0	0	0
6	0	0	689	540	892	1973	0	0	0	0
7	0	0	691	539	892	1984	0	0	0	0
8	0	0	691	539	892	1990	0	0	0	0
9	0	0	691	538	893	1998	0	0	0	0
10	0	0	692	538	894	2009	0	0	0	0
11	0	0	692	536	895	2010	0	0	0	0
12	0	0	694	535	896	2017	0	0	0	0
13	0	0	695	535	896	2026	0	0	0	0
14	0	0	697	534	896	2039	0	0	0	0
15	0	0	698	533	896	2051	0	0	0	0
16	0	0	699	532	897	2062	0	0	0	0
17	0	0	697	531	898	2074	0	0	0	0
18	0	0	699	530	899	2078	0	0	0	0
19	0	0	699	529	899	2085	0	0	0	0
20	0	0	698	527	901	2094	0	0	0	0
21	0	0	698	527	902	2116	0	0	0	0
22	0	0	698	527	902	2134	0	0	0	0
23	0	0	698	526	903	2143	0	0	0	0
24	0	0	696	524	904	2150	0	0	0	0
25	0	0	695	523	905	2153	0	0	0	0
26	0	0	694	523	906	2164	0	0	0	0
27	0	0	693	522	906	2167	0	0	0	0
28	0	0	694	521	907	2170	0	0	0	0
29	0	0	692	521	907	2174	0	0	0	0
30	0	0	695	521	908	2188	0	0	0	0
31	0	0	696	520	908	2201	0	0	0	0
32	0	0	695	519	908	2203	0	0	0	0
33	0	0	696	518	909	2205	0	0	0	0
34	0	0	697	519	909	2205	0	0	0	0
35	0	0	697	518	908	2207	0	0	0	0
36	0	0	699	517	909	2212	0	0	0	0
37	0	0	700	517	909	2216	0	0	0	0
38	0	0	699	515	910	2221	0	0	0	0
39	0	0	698	515	910	2227	0	0	0	0
40	0	0	697	514	911	2236	0	0	0	0
41	0	0	699	513	911	2241	0	0	0	0
42	0	0	697	513	911	2246	0	0	0	0
43	0	0	697	513	912	2253	0	0	0	0
44	0	0	696	513	912	2265	0	0	0	0
45	0	0	695	513	913	2272	0	0	0	0
46	0	0	696	513	914	2278	0	0	0	0
47	0	0	696	513	915	2285	0	0	0	0
48	0	0	695	514	915	2296	0	0	0	0
49	0	0	697	514	917	2300	0	0	0	0
50	0	0	697	514	917	2303	0	0	0	0
51	0	0	700	514	918	2305	0	0	0	0
52	0	0	700	515	918	2306	0	0	0	0
53	0	0	701	517	919	2308	0	0	0	0
54	0	0	703	518	920	2311	0	0	0	0
55	0	0	704	519	919	2306	0	0	0	0
56	0	0	705	519	920	2311	0	0	0	0
57	0	0	707	518	919	2312	0	0	0	0
58	0	0	711	517	919	2316	0	0	0	0
59	0	0	712	520	920	2316	0	0	0	0
60	0	0	715	520	918	2315	0	0	0	0
61	0	0	716	519	918	2316	0	0	0	0
62	0	0	719	518	917	2319	0	0	0	0
63	0	0	721	517	916	2327	0	0	0	0
64	0	0	723	516	916	2336	0	0	0	0
65	0	0	725	516	914	2337	0	0	0	0
66	0	0	727	516	915	2348	0	0	0	0
67	0	0	727	517	914	2348	0	0	0	0
68	0	0	728	518	913	2351	0	0	0	0
69	0	0	728	517	913	2354	0	0	0	0
70	0	0	729	518	913	2360	0	0	0	0
71	0	0	729	518	912	2364	0	0	0	0
72	0	0	729	518	911	2359	0	0	0	0
73	0	0	728	516	911	2367	0	0	0	0
74	0	0	728	516	910	2377	0	0	0	0
75	0	0	728	516	910	2387	0	0	0	0
76	0	0	728	515	910	2390	0	0	0	0
77	0	0	729	514	909	2394	0	0	0	0
78	0	0	730	513	908	2396	0	0	0	0
79	0	0	732	512	908	2396	0	0	0	0
80	0	0	733	511	908	2401	0	0	0	0
81	0	0	733	512	907	2410	0	0	0	0
82	0	0	736	510	907	2413	0	0	0	0
83	0	0	738	508	906	2419	0	0	0	0
84	0	0	739	507	905	2425	0	0	0	0
85	0	0	740	507	906	2430	0	0	0	0
86	0	0	740	507	907	2434	0	0	0	0
87	0	0	741	506	906	2436	0	0	0	0
88	0	0	741	506	905	2444	0	0	0	0
89	0	0	740	506	904	2446	0	0	0	0
90	0	0	742	505	903	2444	0	0	0	0
91	0	0	742	504	903	2448	0	0	0	0
92	0	0	743	503	901	2448	0	0	0	0
93	0	0	743	503	900	2452	0	0	0	0
94	0	0	744	504	900	2451	0	0	0	0
95	0	0	744	504	899	2449	0	0	0	0
96	0	0	744	503	899	2453	0	0	0	0
97	0	0	744	503	899	2455	0	0	0	0
98	0	0	744	502	899	2455	0	0	0	0
99	0	0	745	501	899	2459	0	0	0	0
100	0	0	744	500	900	2461	0	0	0	0
101	0	0	743	499	900	2469	0	0	0	0
102	0	0	743	497	900	2485	0	0	0	0
103	0	0	743	495	902	2499	0	0	0	0
104	0	0	745	496	900	2508	0	0	0	0
105	0	0	744	495	902	2513	0	0	0	0
106	0	0	745	495	903	2522	0	0	0	0
107	0	0	745	494	904	2527	0	0	0	0
108	0	0	747	493	905	2540	0	0	0	0
109	0	0	746	492	905	2550	0	0	0	0
110	0	0	748	491	905	2555	0	0	0	0
111	0	0	751	491	906	2551	0	0	0	0
112	0	0	751	490	905	2547	0	0	0	0
113	0	0	753	491	904	2553	0	0	0	0
114	0	0	755	494	904	2555	0	0	0	0
115	0	0	757	496	904	2562	0	0	0	0
116	0	0	758	498	905	2565	0	0	0	0
117	0	0	759	500	905	2566	0	0	0	0
118	0	0	761	501	905	2567	0	0	0	0
119	0	0	761	503	904	2572	0	0	0	0
120	0	0	763	505	902	2575	0	0	0	0
121	0	0	763	506	901	2580	0	0	0	0
122	0	0	761	508	901	2583	0	0	0	0
123	0	0	761	512	900	2586	0	0	0	0
124	0	0	763	513	899	2588	0	0	0	0
125	0	0	762	515	899	2591	0	0	0	0
126	0	0	762	515	898	2592	0	0	0	0
127	0	0	765	515	897	2593	0	0	0	0
0	0	0	765	517	897	2590	0	0	0	0
1	0	0	767	520	896	2594	0	0	0	0
2	0	0	767	520	894	2599	0	0	0	0
3	0	0	767	522	895	2601	0	0	0	0
4	0	0	768	522	894	2604	0	0	0	0
5	0	0	770	523	893	2611	0	0	0	0
6	0	0	772	525	892	2615	0	0	0	0
7	0	0	774	527	891	2622	0	0	0	0
8	0	0	775	530	889	2629	0	0	0	0
9	0	0	775	529	887	2631	0	0	0	0
10	0	0	777	531	887	2636	0	0	0	0
11	0	0	776	532	885	2639	0	0	0	0
12	0	0	776	534	885	2639	0	0	0	0
13	0	0	776	535	884	2638	0	0	0	0
14	0	0	776	540	882	2637	0	0	0	0
15	0	0	775	541	882	2632	0	0	0	0
16	0	0	774	541	881	2630	0	0	0	0
17	0	0	775	545	881	2628	0	0	0	0
18	0	0	772	546	881	2628	0	0	0	0
19	0	0	772	548	880	2628	0	0	0	0
20	0	0	771	551	881	2627	0	0	0	0
21	0	0	768	553	880	2626	0	0	0	0
22	0	0	766	557	879	2624	0	0	0	0
23	0	0	764	559	880	2623	0	0	0	0
24	0	0	762	560	878	2621	0	0	0	0
25	0	0	761	562	878	2616	0	0	0	0
26	0	0	758	564	877	2615	0	0	0	0
27	0	0	756	566	877	2617	0	0	0	0
28	0	0	755	569	876	2618	0	0	0	0
29	0	0	752	572	876	2615	0	0	0	0
30	0	0	751	574	874	2609	0	0	0	0
31	0	0	749	575	874	2605	0	0	0	0
32	0	0	748	576	874	2600	0	0	0	0
33	0	0	745	577	872	2595	0	0	0	0
34	0	0	745	577	871	2594	0	0	0	0
35	0	0	744	577	870	2590	0	0	0	0
36	0	0	742	579	869	2588	0	0	0	0
37	0	0	741	581	867	2583	0	0	0	0
38	0	0	741	583	867	2580	0	0	0	0
39	0	0	742	585	865	2577	0	0	0	0
40	0	0	741	586	864	2571	0	0	0	0
41	0	0	740	588	863	2568	0	0	0	0
42	0	0	739	592	862	2561	0	1	0	0
43	0	0	739	593	860	2550	0	0	0	0
44	0	0	738	595	859	2539	0	0	0	0
45	0	0	737	598	858	2534	0	0	0	0
46	0	0	738	600	856	2521	0	0	0	0
47	0	0	738	601	855	2505	0	0	0	0
48	0	0	738	603	855	2494	0	0	0	0
49	0	0	740	605	854	2485	0	0	0	0
50	0	0	741	608	853	2469	0	0	0	0
51	0	0	740	609	853	2456	0	0	0	0
52	0	0	742	611	851	2433	0	0	0	0
53	0	0	742	613	851	2411	0	0	0	0
54	0	0	743	615	850	2407	0	0	0	0
55	0	0	745	617	849	2403	0	0	0	0
56	0	0	744	618	847	2374	0	0	0	0
57	0	0	743	620	845	2334	0	0	0	0
58	0	0	743	622	845	2310	0	0	0	0
59	0	0	743	625	843	2286	0	0	0	0
60	0	0	744	626	842	2249	0	0	0	0
61	0	0	746	629	840	2205	0	0	0	0
62	0	0	746	631	839	2181	0	0	0	0
63	0	0	744	632	837	2196	0	0	0	0
64	0	0	746	634	835	2159	0	0	0	0
65	0	0	744	638	833	2130	0	0	0	0
66	0	0	744	640	832	2076	0	0	0	0
67	0	0	743	643	830	2047	0	0	0	0
68	0	0	744	645	829	1965	0	0	0	0
69	0	0	747	647	826	1928	0	0	0	0
70	0	0	747	650	825	1877	0	0	0	0
71	0	0	749	653	824	1846	0	0	0	0
72	0	0	748	655	821	1792	0	0	0	0
73	0	0	749	658	820	1752	0	0	0	0
74	0	0	749	661	818	1724	0	0	0	0
75	0	0	751	663	817	1678	0	0	0	0
76	0	0	751	665	816	1637	0	0	0	0
77	0	0	752	667	815	1565	0	0	0	0
78	0	0	751	670	814	1461	0	0	0	0
79	0	0	752	672	813	1426	0	0	0	0
80	0	0	754	674	812	1329	0	0	0	0
81	0	0	753	676	811	1216	0	0	0	0
82	0	0	756	679	810	1123	0	0	0	0
83	0	0	756	681	807	1018	0	0	0	0
84	0	0	757	684	807	907	0	0	0	0
85	0	0	756	686	807	862	0	0	0	0
86	0	0	761	689	806	751	0	0	0	0
87	0	0	762	692	805	685	0	0	0	0
88	0	0	763	692	805	599	0	0	0	0
89	0	0	764	696	804	585	0	0	0	0
90	0	0	765	698	803	503	0	0	0	0
91	0	0	768	700	803	473	0	0	0	0
92	0	0	769	705	803	448	0	0	0	0
93	0	0	771	707	801	414	0	0	0	0
94	0	0	772	710	801	359	0	0	0	0
95	0	0	774	712	800	342	0	0	0	0
96	0	0	775	714	799	307	0	0	0	0
97	0	0	778	715	801	333	0	0	0	0
98	0	0	781	718	801	327	0	0	0	0
99	0	0	783	724	800	301	0	0	0	0
100	0	0	783	727	799	275	0	0	0	0
101	0	0	786	730	800	215	0	0	0	0
102	0	0	786	734	801	204	0	0	0	0
103	0	0	787	734	799	178	0	0	0	0
104	0	0	789	738	799	216	0	0	0	0
105	0	0	790	741	798	176	0	0	0	0
106	0	0	789	742	797	173	0	0	0	0
107	0	0	790	749	798	137	0	0	0	0
108	0	0	790	753	798	191	0	0	0	0
109	0	0	790	756	797	153	0	0	0	0
110	0	0	790	754	797	103	0	0	0	0
111	0	0	792	758	796	111	0	0	0	0
112	0	0	794	762	797	140	0	0	0	0
113	0	0	795	768	797	96	0	0	0	0
114	0	0	793	776	797	93	0	0	0	0
115	0	0	790	779	796	120	0	0	0	0
116	0	0	792	783	796	138	0	0	0	0
117	0	0	792	790	797	136	0	0	0	0
118	0	0	791	793	797	135	0	0	0	0
119	0	0	793	796	799	133	0	0	0	0
120	0	0	791	800	800	141	0	0	0	0
121	0	0	789	806	799	134	0	0	0	0
122	0	0	788	808	800	135	0	0	0	0
123	0	0	787	811	800	135	0	0	0	0
124	0	0	786	815	800	133	0	0	0	0
125	0	0	787	819	801	126	0	0	0	0
126	0	0	788	823	802	120	0	0	0	0
127	0	0	790	829	802	128	0	0	0	0
0	0	0	792	834	803	96	0	0	0	0
1	0	0	789	837	804	81	0	0	0	0
2	0	0	789	841	804	68	0	0	0	0
3	0	0	788	845	804	82	0	0	0	0
4	0	0	790	850	805	70	0	0	0	0
5	0	0	790	854	805	55	0	0	0	0
6	0	0	791	857	804	13	0	0	0	0
7	0	0	793	861	804	15	0	0	0	0
8	0	0	795	865	803	19	0	0	0	0
9	0	0	794	867	802	23	0	0	0	0
10	0	0	794	869	801	17	0	0	0	0
11	0	0	794	871	800	35	0	0	0	0
12	0	0	793	872	797	19	0	0	0	0
13	0	0	790	873	796	16	0	0	0	0
14	0	0	789	878	794	17	0	0	0	0
15	0	0	788	880	794	21	0	0	0	0
16	0	0	788	882	792	21	0	0	0	0
17	0	0	788	883	790	16	0	0	0	0
18	0	0	785	884	789	10	0	0	0	0
19	0	0	780	886	788	9	0	0	0	0
20	0	0	777	886	787	3	0	0	0	0
21	0	0	776	888	787	1	0	0	0	0
22	0	0	774	888	786	0	0	0	0	0
23	0	0	773	890	787	0	0	0	0	0
24	0	0	772	891	787	1	0	0	0	0
25	0	0	771	891	786	0	0	0	0	0
26	0	0	770	895	785	0	0	0	0	0
27	0	0	767	895	784	2	0	0	0	0
28	0	0	766	897	785	5	0	0	0	0
29	0	0	763	897	786	6	0	0	0	0
30	0	0	761	897	784	8	0	0	0	0
31	0	0	758	900	784	8	0	0	0	0
32	0	0	754	903	785	10	0	0	0	0
33	0	0	752	906	784	8	0	0	0	0
34	0	0	750	907	783	9	0	0	0	0
35	0	0	748	908	783	12	0	0	0	0
36	0	0	744	907	782	10	0	0	0	0
37	0	0	743	908	782	4	0	0	0	0
38	0	0	741	907	782	0	0	0	0	0
39	0	0	738	907	783	0	0	0	0	0
40	0	0	733	905	783	0	0	0	0	0
41	0	0	732	903	784	0	0	0	0	0
42	0	0	730	901	783	0	0	0	0	0
43	0	0	728	898	783	0	0	0	0	0
44	0	0	727	899	784	0	0	0	0	0
45	0	0	725	900	785	0	0	0	0	0
46	0	0	721	902	784	0	0	0	0	0
47	0	0	718	905	784	0	0	0	0	0
48	0	0	717	908	785	2	0	0	0	0
49	0	0	716	908	786	4	0	0	0	0
50	0	0	715	909	786	6	0	0	0	0
51	0	0	715	911	787	8	0	0	0	0
52	0	0	715	909	787	11	0	0	0	0
53	0	0	715	908	787	10	0	0	0	0
54	0	0	717	907	790	12	0	0	0	0
55	0	0	718	905	790	15	0	0	0	0
56	0	0	719	904	790	13	0	0	0	0
57	0	0	721	901	790	8	0	0	0	0
58	0	0	723	901	792	4	0	0	0	0
59	0	0	726	899	793	3	0	0	0	0
60	0	0	727	898	791	0	0	0	0	0
61	0	0	730	897	793	0	0	0	0	0
62	0	0	733	894	793	0	0	0	0	0
63	0	0	736	892	794	0	0	0	0	0
64	0	0	738	890	795	0	0	0	0	0
65	0	0	741	886	794	0	0	0	0	0
66	0	0	745	883	796	0	0	0	0	0
67	0	0	747	881	797	3	0	0	0	0
68	0	0	751	879	796	7	0	0	0	0
69	0	0	755	877	797	7	0	0	0	0
70	0	0	757	875	797	12	0	0	0	0
71	0	0	759	872	798	11	0	0	0	0
72	0	0	763	868	798	14	0	0	0	0
73	0	0	767	864	798	10	0	0	0	0
74	0	0	771	861	798	12	0	0	0	0
75	0	0	774	857	799	14	0	0	0	0
76	0	0	778	853	798	12	0	0	0	0
77	0	0	781	849	798	6	0	0	0	0
78	0	0	784	847	799	1	0	0	0	0
79	0	0	785	844	799	0	0	0	0	0
80	0	0	787	840	798	0	0	0	0	0
81	0	0	790	837	798	0	0	0	0	0
82	0	0	790	836	797	0	0	0	0	0
83	0	0	791	835	796	0	0	0	0	0
84	0	0	792	832	796	0	0	0	0	0
85	0	0	792	830	797	0	0	0	0	0
86	0	0	793	827	796	0	0	0	0	0
87	0	0	793	824	795	0	0	0	0	0
88	0	0	794	821	794	1	0	0	0	0
89	0	0	793	818	794	1	0	0	0	0
90	0	0	794	814	792	7	0	0	0	0
91	0	0	794	810	793	6	0	0	0	0
92	0	0	794	808	791	8	0	0	0	0
93	0	0	795	804	790	7	0	0	0	0
94	0	0	795	801	789	9	0	0	0	0
95	0	0	794	796	788	12	0	0	0	0
96	0	0	798	790	787	11	0	0	0	0
97	0	0	800	786	785	5	0	0	0	0
98	0	0	800	784	785	0	0	0	0	0
99	0	0	799	781	785	0	0	0	0	0
100	0	0	799	775	785	0	0	0	0	0
101	0	0	799	770	785	0	0	0	0	0
102	0	0	799	765	785	0	0	0	0	0
103	0	0	797	762	785	0	0	0	0	0
104	0	0	796	760	786	0	0	0	0	0
105	0	0	793	760	785	0	0	0	0	0
106	0	0	790	761	785	0	0	0	0	0
107	0	0	787	764	784	0	0	0	0	0
108	0	0	786	762	783	3	0	0	0	0
109	0	0	785	762	782	4	0	0	0	0
110	0	0	784	760	780	9	0	0	0	0
111	0	0	783	760	779	8	0	0	0	0
112	0	0	783	757	778	11	0	0	0	0
113	0	0	782	755	777	9	0	0	0	0
114	0	0	785	753	778	10	0	0	0	0
115	0	0	786	749	776	13	0	0	0	0
116	0	0	786	747	776	12	0	0	0	0
117	0	0	785	745	777	7	0	0	0	0
118	0	0	785	743	777	3	0	0	0	0
119	0	0	785	744	778	1	0	0	0	0
120	0	0	785	743	777	0	0	0	0	0
121	0	0	784	742	776	0	0	0	0	0
122	0	0	783	742	777	0	0	0	0	0
123	0	0	784	742	778	0	0	0	0	0
124	0	0	783	741	777	0	0	0	0	0
125	0	0	782	740	776	0	0	0	0	0
126	0	0	782	741	777	0	0	0	0	0
127	0	0	780	742	777	0	0	0	0	0
0	0	0	781	741	777	3	0	0	0	0
1	0	0	781	740	778	2	0	0	0	0
2	0	0	782	739	777	6	0	0	0	0
3	0	0	781	738	776	7	0	0	0	0
4	0	0	780	738	776	9	0	0	0	0
5	0	0	779	739	775	6	0	0	0	0
6	0	0	779	738	776	10	0	0	0	0
7	0	0	779	738	776	12	0	0	0	0
8	0	0	780	738	776	10	0	0	0	0
9	0	0	780	738	776	5	0	0	0	0
10	0	0	780	738	776	0	0	0	0	0
11	0	0	779	739	775	0	0	0	0	0
12	0	0	780	739	775	0	0	0	0	0
13	0	0	780	740	774	0	0	0	0	0
14	0	0	780	741	775	0	0	0	0	0
15	0	0	780	740	775	0	0	0	0	0
16	0	0	781	740	775	0	0	0	0	0
17	0	0	781	741	774	0	0	0	0	0
18	0	0	782	742	774	0	0	0	0	0
19	0	0	783	743	774	0	0	0	0	0
20	0	0	783	743	774	0	0	0	0	0
21	0	0	784	743	774	2	0	0	0	0
22	0	0	786	745	774	5	0	0	0	0
23	0	0	786	746	774	5	0	0	0	0
24	0	0	787	746	774	8	0	0	0	0
25	0	0	788	747	774	6	0	0	0	0
26	0	0	789	748	775	8	0	0	0	0
27	0	0	790	750	775	10	0	0	0	0
28	0	0	791	750	774	8	0	0	0	0
29	0	0	790	750	774	3	0	0	0	0
30	0	0	790	751	774	0	0	0	0	0
31	0	0	792	752	772	0	0	0	0	0
32	0	0	792	753	774	0	0	0	0	0
33	0	0	793	755	773	0	0	0	0	0
34	0	0	794	756	773	0	0	0	0	0
35	0	0	794	757	772	0	0	0	0	0
36	0	0	794	758	772	0	0	0	0	0
37	0	0	795	760	771	0	0	0	0	0
38	0	0	794	760	770	0	0	0	0	0
39	0	0	794	762	769	0	0	0	0	0
40	0	0	795	764	768	1	0	0	0	0
41	0	0	794	764	768	0	0	0	0	0
42	0	0	794	766	768	5	0	0	0	0
43	0	0	793	767	766	5	0	0	0	0
44	0	0	795	769	767	8	0	0	0	0
45	0	0	794	770	766	5	0	0	0	0
46	0	0	796	771	765	7	0	0	0	0
47	0	0	796	772	765	11	0	0	0	0
48	0	0	795	774	765	8	0	0	0	0
49	0	0	796	775	764	2	0	0	0	0
50	0	0	798	777	763	0	0	0	0	0
51	0	0	797	778	764	0	0	0	0	0
52	0	0	797	779	762	0	0	0	0	0
53	0	0	798	779	762	0	0	0	0	0
54	0	0	798	779	762	0	0	0	0	0
55	0	0	799	781	762	0	0	0	0	0
56	0	0	800	782	762	0	0	0	0	0
57	0	0	802	783	761	0	0	0	0	0
58	0	0	803	784	761	0	0	0	0	0
59	0	0	804	785	762	0	0	0	0	0
60	0	0	804	786	761	0	0	0	0	0
61	0	0	804	785	762	0	0	0	0	0
62	0	0	803	786	762	3	0	0	0	0
63	0	0	803	786	762	3	0	0	0	0
64	0	0	804	787	762	7	0	0	0	0
65	0	0	805	787	762	4	0	0	0	0
66	0	0	804	788	763	6	0	0	0	0
67	0	0	804	788	762	9	0	0	0	0
68	0	0	805	788	763	7	0	0	0	0
69	0	0	805	788	764	1	0	0	0	0
70	0	0	805	789	764	0	0	0	0	0
71	0	0	805	789	765	0	0	0	0	0
72	0	0	804	789	766	0	0	0	0	0
73	0	0	804	789	765	0	0	0	0	0
74	0	0	805	789	765	0	0	0	0	0
75	0	0	806	790	766	0	0	0	0	0
76	0	0	806	790	768	0	0	0	0	0
77	0	0	806	790	767	0	0	0	0	0
78	0	0	807	791	767	0	0	0	0	0
79	0	0	807	790	767	0	0	0	0	0
80	0	0	806	790	767	0	0	0	0	0
81	0	0	807	789	767	0	0	0	0	0
82	0	0	806	789	767	2	0	0	0	0
83	0	0	807	788	767	2	0	0	0	0
84	0	0	808	788	767	6	0	0	0	0
85	0	0	806	788	767	4	0	0	0	0
86	0	0	808	788	766	6	0	0	0	0
87	0	0	808	787	766	8	0	0	0	0
88	0	0	808	787	766	5	0	0	0	0
89	0	0	809	786	766	0	0	0	0	0
90	0	0	809	785	766	0	0	0	0	0
91	0	0	810	784	766	0	0	0	0	0
92	0	0	812	783	766	0	0	0	0	0
93	0	0	811	782	765	0	0	0	0	0
94	0	0	812	780	765	0	0	0	0	0
95	0	0	812	780	764	0	0	0	0	0
96	0	0	814	780	765	0	0	0	0	0
97	0	0	813	779	764	0	0	0	0	0
98	0	0	813	778	763	0	0	0	0	0
99	0	0	814	777	764	0	0	0	0	0
100	0	0	815	776	764	0	0	0	0	0
101	0	0	815	775	764	0	0	0	0	0
102	0	0	815	774	764	1	0	0	0	0
103	0	0	815	774	764	1	0	0	0	0
104	0	0	813	774	765	4	0	0	0	0
105	0	0	813	774	765	1	0	0	0	0
106	0	0	813	774	765	4	0	0	0	0
107	0	0	812	774	766	7	0	0	0	0
108	0	0	812	773	767	6	0	0	0	0
109	0	0	812	773	767	0	0	0	0	0
110	0	0	812	772	768	0	0	0	0	0
111	0	0	812	772	769	0	0	0	0	0
112	0	0	811	772	769	0	0	0	0	0
113	0	0	811	772	771	0	0	0	0	0
114	0	0	810	771	772	0	0	0	0	0
115	0	0	809	772	772	0	0	0	0	0
116	0	0	809	771	774	0	0	0	0	0
117	0	0	809	772	773	0	0	0	0	0
118	0	0	810	772	773	0	0	0	0	0
119	0	0	809	771	775	0	0	0	0	0
120	0	0	807	770	776	0	0	0	0	0
121	0	0	808	770	777	0	0	0	0	0
122	0	0	807	771	777	0	0	0	0	0
123	0	0	809	772	778	0	0	0	0	0
124	0	0	808	773	779	1	0	0	0	0
125	0	0	806	772	780	0	0	0	0	0
126	0	0	807	773	781	2	0	0	0	0
127	0	0	805	773	780	4	0	0	0	0
0	0	0	804	773	780	2	0	0	0	0
1	0	0	804	773	779	0	0	0	0	0
2	0	0	803	774	781	0	0	0	0	0
3	0	0	802	774	780	0	0	0	0	0
4	0	0	803	775	781	0	0	0	0	0
5	0	0	803	775	782	0	0	0	0	0
6	0	0	802	775	782	0	0	0	0	0
7	0	0	801	776	782	0	0	0	0	0
8	0	0	803	777	782	0	0	0	0	0
9	0	0	803	777	781	0	0	0	0	0
10	0	0	803	777	781	0	0	0	0	0
11	0	0	803	777	780	0	0	0	0	0
12	0	0	803	776	779	0	0	0	0	0
13	0	0	803	777	779	0	0	0	0	0
14	0	0	803	776	778	0	0	0	0	0
15	0	0	803	777	777	0	0	0	0	0
16	0	0	803	777	776	0	0	0	0	0
17	0	0	804	777	776	0	0	0	0	0
18	0	0	804	777	774	0	0	0	0	0
19	0	0	803	777	774	0	0	0	0	0
20	0	0	802	777	773	0	0	0	0	0
21	0	0	802	776	772	0	0	0	0	0
22	0	0	804	777	772	0	0	0	0	0
23	0	0	802	777	772	0	0	0	0	0
24	0	0	802	778	771	0	0	0	0	0
25	0	0	802	778	772	0	0	0	0	0
26	0	0	800	780	772	0	0	0	0	0
27	0	0	798	779	772	0	0	0	0	0
28	0	0	799	780	773	0	0	0	0	0
29	0	0	799	779	775	0	0	0	0	0
30	0	0	799	779	776	0	0	0	0	0
31	0	0	794	781	777	0	0	0	0	0
32	0	0	791	781	779	0	0	0	0	0
33	0	0	788	782	782	0	0	0	0	0
34	0	0	785	783	784	0	0	0	0	0
35	0	0	786	784	785	0	0	0	0	0
36	0	0	789	784	784	78	0	0	0	0
37	0	0	796	784	784	17	0	0	0	0
38	0	0	801	785	782	62	0	0	0	0
39	0	0	802	784	781	126	0	0	0	0
40	0	0	798	783	780	302	0	0	0	0
41	0	0	792	782	781	608	0	0	0	0
42	0	0	785	782	783	814	0	0	0	0
43	0	0	778	781	786	1168	0	0	0	0
44	0	0	770	779	792	1395	0	0	0	0
45	0	0	763	776	797	1679	0	0	0	0
46	0	0	751	775	801	1807	0	0	0	0
47	0	0	743	770	807	1843	0	0	0	0
48	0	0	733	768	812	1896	0	0	0	0
49	0	0	728	768	817	1896	0	0	0	0
50	0	0	725	767	821	1948	0	0	0	0
51	0	0	724	768	824	1959	0	0	0	0
52	0	0	722	770	830	1991	0	0	0	0
53	0	0	717	771	838	2041	0	0	0	0
54	0	0	712	773	845	2087	0	0	0	0
55	0	0	710	773	851	2154	0	0	0	0
56	0	0	708	772	854	2209	0	0	0	0
57	0	0	707	770	859	2243	0	0	0	0
58	0	0	706	770	863	2264	0	0	0	0
59	0	0	704	767	866	2288	0	0	0	0
60	0	0	706	765	869	2356	0	0	0	0
61	0	0	705	760	871	2425	0	0	0	0
62	0	0	701	756	873	2443	0	0	0	0
63	0	0	699	751	873	2433	0	0	0	0
64	0	0	702	746	873	2440	0	0	0	0
65	0	0	705	741	876	2461	0	0	0	0
66	0	0	708	737	878	2410	0	0	0	0
67	0	0	713	733	878	2414	0	0	0	0
68	0	0	718	729	880	2363	0	0	0	0
69	0	0	721	726	882	2304	0	0	0	0
70	0	0	724	722	883	2208	0	0	0	0
71	0	0	727	719	886	2152	0	0	0	0
72	0	0	727	716	891	2079	0	0	0	0
73	0	0	722	715	902	2061	0	0	0	0
74	0	0	708	712	919	1949	0	0	0	0
75	0	0	676	708	940	1940	0	0	0	0
76	0	0	631	699	970	1788	0	0	0	0
77	0	0	574	691	1006	1709	0	0	0	0
78	0	0	509	681	1047	1666	0	0	0	0
79	0	0	449	672	1089	1738	0	0	0	0
80	0	0	398	664	1134	1620	0	0	0	0
81	0	0	367	658	1174	1602	0	0	0	0
82	0	0	358	653	1209	1572	0	0	0	0
83	0	0	376	639	1226	1571	0	0	0	0
84	0	0	431	617	1226	1573	0	0	0	0
85	0	0	504	603	1224	1538	0	0	0	0
86	0	0	560	596	1231	1549	0	0	0	0
87	0	0	591	583	1248	1603	0	0	0	0
88	0	0	610	566	1255	1665	0	0	0	0
89	0	0	607	528	1254	1687	0	0	0	0
90	0	0	591	479	1249	1719	0	0	0	0
91	0	0	563	424	1243	1804	0	0	0	0
92	0	0	531	375	1225	1845	0	0	0	0
93	0	0	536	333	1199	1872	0	0	0	0
94	0	0	586	305	1146	1946	0	0	0	0
95	0	0	683	295	1087	2011	0	0	0	0
96	0	0	793	286	1028	2092	0	0	0	0
97	0	0	902	264	976	2156	0	0	0	0
98	0	0	979	222	912	2205	0	0	0	0
99	0	0	1018	162	846	2247	0	0	0	0
100	0	0	1023	109	780	2289	0	0	0	0
101	0	0	1027	77	719	2344	0	0	0	0
102	0	0	1033	56	668	2387	0	0	0	0
103	0	0	1059	44	627	2419	0	0	0	0
104	0	0	1071	36	600	2458	0	0	0	0
105	0	0	1066	32	593	2471	0	0	0	0
106	0	0	1052	29	608	2496	0	0	0	0
107	0	0	1040	30	625	2522	0	0	0	0
108	0	0	1027	52	639	2551	0	0	0	0
109	0	0	1014	87	651	2575	0	0	0	0
110	0	0	1011	125	662	2585	0	0	0	0
111	0	0	1015	158	666	2614	0	0	0	0
112	0	0	1015	192	671	2625	0	0	0	0
113	0	0	1018	223	675	2635	0	0	0	0
114	0	0	1018	252	678	2645	0	0	0	0
115	0	0	1010	277	681	2647	0	0	0	0
116	0	0	999	293	697	2664	0	0	0	0
117	0	0	975	309	714	2671	0	0	0	0
118	0	0	948	326	739	2677	0	0	0	0
119	0	0	916	332	770	2677	0	0	0	0
120	0	0	886	337	799	2677	0	0	0	0
121	0	0	861	335	832	2688	0	0	0	0
122	0	0	835	328	863	2710	0	0	0	0
123	0	0	811	316	892	2730	0	0	0	0
124	0	0	796	292	918	2732	0	0	0	0
125	0	0	782	266	945	2743	0	0	0	0
126	0	0	771	238	968	2750	0	0	0	0
127	0	0	761	214	991	2754	0	0	0	0
0	0	0	750	195	1009	2757	0	0	0	0
1	0	0	742	178	1023	2761	0	0	0	0
2	0	0	735	167	1030	2771	0	0	0	0
3	0	0	729	161	1033	2778	0	0	0	0
4	0	0	728	158	1031	2784	0	0	0	0
5	0	0	731	160	1028	2783	0	0	0	0
6	0	0	736	163	1022	2785	0	0	0	0
7	0	0	746	172	1013	2789	0	0	0	0
8	0	0	759	179	1002	2789	0	0	0	0
9	0	0	780	190	989	2789	0	0	0	0
10	0	0	802	202	980	2790	0	0	0	0
11	0	0	828	214	971	2790	0	0	0	0
12	0	0	853	228	961	2791	0	0	0	0
13	0	0	875	243	953	2791	0	0	0	0
14	0	0	894	262	948	2791	0	0	0	0
15	0	0	907	281	942	2789	0	0	0	0
16	0	0	915	298	938	2791	0	0	0	0
17	0	0	918	314	934	2789	0	0	0	0
18	0	0	916	328	930	2791	0	0	0	0
19	0	0	912	339	927	2794	0	0	0	0
20	0	0	904	352	924	2801	0	0	0	0
21	0	0	892	365	920	2804	0	0	0	0
22	0	0	880	379	916	2805	0	0	0	0
23	0	0	868	394	915	2806	0	0	0	0
24	0	0	854	406	914	2808	0	0	0	0
25	0	0	840	419	913	2810	0	0	0	0
26	0	0	825	431	914	2812	0	0	0	0
27	0	0	812	444	912	2813	0	0	0	0
28	0	0	798	456	911	2813	0	0	0	0
29	0	0	786	469	907	2814	0	0	0	0
30	0	0	776	482	902	2815	0	0	0	0
31	0	0	766	493	896	2814	0	0	0	0
32	0	0	759	502	889	2812	0	0	0	0
33	0	0	757	512	882	2812	0	0	0	0
34	0	0	757	517	875	2810	0	0	0	0
35	0	0	759	522	867	2810	0	0	0	0
36	0	0	763	525	858	2809	0	0	0	0
37	0	0	768	531	852	2808	0	0	0	0
38	0	0	774	533	845	2806	0	0	0	0
39	0	0	779	538	837	2804	0	0	0	0
40	0	0	787	542	830	2805	0	0	0	0
41	0	0	795	547	822	2802	0	0	0	0
42	0	0	802	551	817	2803	0	0	0	0
43	0	0	810	556	809	2802	0	0	0	0
44	0	0	819	562	802	2801	0	0	0	0
45	0	0	824	567	795	2799	0	0	0	0
46	0	0	831	572	789	2799	0	0	0	0
47	0	0	839	576	783	2798	0	0	0	0
48	0	0	845	578	775	2797	0	0	0	0
49	0	0	853	581	770	2795	0	0	0	0
50	0	0	859	583	766	2795	0	0	0	0
51	0	0	864	585	764	2795	0	0	0	0
52	0	0	867	586	759	2792	0	0	0	0
53	0	0	869	588	759	2792	0	0	0	0
54	0	0	870	589	757	2791	0	0	0	0
55	0	0	867	590	756	2791	0	0	0	0
56	0	0	864	590	757	2790	0	0	0	0
57	0	0	859	592	760	2788	0	0	0	0
58	0	0	852	593	762	2787	0	0	0	0
59	0	0	845	593	766	2788	0	0	0	0
60	0	0	835	594	771	2790	0	0	0	0
61	0	0	829	595	775	2792	0	0	0	0
62	0	0	821	595	780	2790	0	0	0	0
63	0	0	814	596	785	2789	0	0	0	0
64	0	0	809	597	789	2785	0	0	0	0
65	0	0	803	598	794	2782	0	0	0	0
66	0	0	798	601	798	2780	0	0	0	0
67	0	0	795	602	802	2779	0	0	0	0
68	0	0	791	604	806	2776	0	0	0	0
69	0	0	789	606	810	2773	0	0	0	0
70	0	0	785	606	815	2772	0	0	0	0
71	0	0	782	607	817	2768	0	0	0	0
72	0	0	783	611	820	2765	0	0	0	0
73	0	0	781	613	823	2763	0	0	0	0
74	0	0	781	612	827	2762	0	0	0	0
75	0	0	781	612	827	2761	0	0	0	0
76	0	0	783	611	829	2758	0	0	0	0
77	0	0	783	608	832	2756	0	0	0	0
78	0	0	785	608	832	2753	0	0	0	0
79	0	0	788	607	832	2751	0	0	0	0
80	0	0	790	606	833	2751	0	0	0	0
81	0	0	791	602	832	2748	0	0	0	0
82	0	0	792	600	833	2745	0	0	0	0
83	0	0	794	598	834	2740	0	0	0	0
84	0	0	797	597	834	2737	0	0	0	0
85	0	0	797	597	834	2734	0	0	0	0
86	0	0	799	597	834	2733	0	0	0	0
87	0	0	799	593	835	2731	0	0	0	0
88	0	0	800	591	835	2726	0	0	0	0
89	0	0	800	589	837	2719	0	0	0	0
90	0	0	800	586	839	2715	0	0	0	0
91	0	0	800	584	840	2712	0	0	0	0
92	0	0	801	582	841	2707	0	0	0	0
93	0	0	799	580	842	2703	0	0	0	0
94	0	0	798	577	843	2701	0	0	0	0
95	0	0	796	577	845	2695	0	0	0	0
96	0	0	794	577	847	2691	0	0	0	0
97	0	0	792	577	848	2684	0	0	0	0
98	0	0	789	577	850	2680	0	0	0	0
99	0	0	786	577	852	2679	0	0	0	0
100	0	0	783	576	855	2674	0	0	0	0
101	0	0	780	575	858	2664	0	0	0	0
102	0	0	776	573	860	2657	0	0	0	0
103	0	0	771	571	863	2654	0	0	0	0
104	0	0	768	568	865	2645	0	0	0	0
105	0	0	766	566	868	2636	0	0	0	0
106	0	0	761	563	869	2633	0	0	0	0
107	0	0	760	560	871	2633	0	0	0	0
108	0	0	757	556	873	2625	0	0	0	0
109	0	0	757	553	874	2617	0	0	0	0
110	0	0	758	551	875	2609	0	0	0	0
111	0	0	756	549	875	2603	0	0	0	0
112	0	0	757	548	875	2593	0	0	0	0
113	0	0	757	546	875	2579	0	0	0	0
114	0	0	757	545	876	2566	0	0	0	0
115	0	0	758	545	875	2555	0	0	0	0
116	0	0	757	545	875	2539	0	0	0	0
117	0	0	758	545	874	2529	0	0	0	0
118	0	0	758	545	872	2513	0	0	0	0
119	0	0	758	546	873	2507	0	0	0	0
120	0	0	759	548	871	2495	0	0	0	0
121	0	0	762	551	869	2478	0	0	0	0
122	0	0	762	552	868	2458	0	0	0	0
123	0	0	763	556	868	2451	0	0	0	0
124	0	0	764	558	866	2447	0	0	0	0
125	0	0	766	560	863	2440	0	0	0	0
126	0	0	767	564	861	2429	0	0	0	0
127	0	0	768	567	860	2422	0	0	0	0
0	0	0	770	571	858	2416	0	0	0	0
1	0	0	772	574	855	2409	0	0	0	0
2	0	0	775	578	853	2400	0	0	0	0
3	0	0	776	580	851	2402	0	0	0	0
4	0	0	777	585	849	2396	0	0	0	0
5	0	0	780	589	847	2381	0	0	0	0
6	0	0	780	593	845	2349	0	0	0	0
7	0	0	782	597	845	2340	0	0	0	0
8	0	0	782	602	844	2334	0	0	0	0
9	0	0	785	605	843	2321	0	0	0	0
10	0	0	786	608	842	2299	0	0	0	0
11	0	0	787	613	841	2297	0	0	0	0
12	0	0	789	616	841	2294	0	0	0	0
13	0	0	790	619	841	2274	0	0	0	0
14	0	0	790	624	841	2261	0	0	0	0
15	0	0	792	627	841	2250	0	0	0	0
16	0	0	794	631	840	2236	0	0	0	0
17	0	0	794	635	839	2218	0	0	0	0
18	0	0	795	638	839	2208	0	0	0	0
19	0	0	796	644	839	2198	0	0	0	0
20	0	0	798	648	839	2185	0	0	0	0
21	0	0	799	652	838	2166	0	0	0	0
22	0	0	800	656	838	2154	0	0	0	0
23	0	0	800	661	837	2140	0	0	0	0
24	0	0	801	666	837	2123	0	0	0	0
25	0	0	802	670	836	2104	0	0	0	0
26	0	0	802	674	836	2087	0	0	0	0
27	0	0	803	679	836	2074	0	0	0	0
28	0	0	803	682	833	2051	0	0	0	0
29	0	0	804	687	833	2032	0	0	0	0
30	0	0	804	691	830	2016	0	0	0	0
31	0	0	805	694	829	2018	0	0	0	0
32	0	0	805	697	828	2019	0	0	0	0
33	0	0	805	699	825	2008	0	0	0	0
34	0	0	807	701	825	2009	0	0	0	0
35	0	0	806	703	825	2005	0	0	0	0
36	0	0	807	704	823	1997	0	0	0	0
37	0	0	806	706	821	1979	0	0	0	0
38	0	0	807	706	818	1955	0	0	0	0
39	0	0	806	708	817	1939	0	0	0	0
40	0	0	807	711	814	1941	0	0	0	0
41	0	0	806	712	812	1917	0	0	0	0
42	0	0	805	714	811	1905	0	0	0	0
43	0	0	804	714	808	1869	0	0	0	0
44	0	0	804	715	807	1858	0	0	0	0
45	0	0	805	716	804	1836	0	0	0	0
46	0	0	806	716	803	1836	0	0	0	0
47	0	0	804	716	801	1809	0	0	0	0
48	0	0	804	716	798	1786	0	0	0	0
49	0	0	804	716	796	1768	0	0	0	0
50	0	0	805	715	794	1749	0	0	0	0
51	0	0	805	713	791	1728	0	0	0	0
52	0	0	804	713	789	1706	0	0	0	0
53	0	0	803	712	786	1682	0	0	0	0
54	0	0	801	709	783	1663	0	0	0	0
55	0	0	801	709	782	1646	0	0	0	0
56	0	0	802	708	781	1642	0	0	0	0
57	0	0	800	707	778	1645	0	0	0	0
58	0	0	800	706	775	1643	0	0	0	0
59	0	0	798	705	773	1626	0	0	0	0
60	0	0	797	705	772	1618	0	0	0	0
61	0	0	798	704	771	1608	0	0	0	0
62	0	0	798	702	770	1589	0	0	0	0
63	0	0	795	701	770	1563	0	0	0	0
64	0	0	794	701	768	1545	0	0	0	0
65	0	0	794	701	768	1536	0	0	0	0
66	0	0	794	701	767	1541	0	0	0	0
67	0	0	795	700	768	1542	0	0	0	0
68	0	0	793	701	767	1523	0	0	0	0
69	0	0	793	701	767	1506	0	0	0	0
70	0	0	793	701	767	1468	0	0	0	0
71	0	0	793	701	768	1462	0	0	0	0
72	0	0	792	702	768	1468	0	0	0	0
73	0	0	792	703	768	1466	0	0	0	0
74	0	0	791	703	768	1450	0	0	0	0
75	0	0	790	705	770	1428	0	0	0	0
76	0	0	788	705	770	1429	0	0	0	0
77	0	0	788	707	771	1419	0	0	0	0
78	0	0	787	708	771	1411	0	0	0	0
79	0	0	786	709	772	1399	0	0	0	0
80	0	0	784	711	774	1392	0	0	0	0
81	0	0	784	711	775	1390	0	0	0	0
82	0	0	785	712	775	1382	0	0	0	0
83	0	0	783	713	776	1372	0	0	0	0
84	0	0	783	713	777	1364	0	0	0	0
85	0	0	781	714	778	1361	0	0	0	0
86	0	0	779	715	779	1359	0	0	0	0
87	0	0	778	716	778	1351	0	0	0	0
88	0	0	780	716	779	1350	0	0	0	0
89	0	0	779	718	780	1326	0	0	0	0
90	0	0	777	719	782	1298	0	0	0	0
91	0	0	778	721	782	1295	0	0	0	0
92	0	0	778	722	781	1292	0	0	0	0
93	0	0	776	722	782	1298	0	0	0	0
94	0	0	777	724	783	1303	0	0	0	0
95	0	0	777	725	784	1308	0	0	0	0
96	0	0	777	726	784	1305	0	0	0	0
97	0	0	776	727	784	1297	0	0	0	0
98	0	0	776	728	786	1297	0	0	0	0
99	0	0	775	729	786	1304	0	0	0	0
100	0	0	776	729	787	1296	0	0	0	0
101	0	0	775	730	787	1293	0	0	0	0
102	0	0	775	731	787	1282	0	0	0	0
103	0	0	775	730	788	1270	0	0	0	0
104	0	0	775	731	789	1258	0	0	0	0
105	0	0	777	733	790	1253	0	0	0	0
106	0	0	776	732	789	1232	0	0	0	0
107	0	0	777	732	789	1222	0	0	0	0
108	0	0	777	731	790	1218	0	0	0	0
109	0	0	776	732	790	1219	0	0	0	0
110	0	0	778	732	790	1217	0	0	0	0
111	0	0	778	732	791	1212	0	0	0	0
112	0	0	778	732	792	1208	0	0	0	0
113	0	0	778	732	793	1209	0	0	0	0
114	0	0	778	731	792	1210	0	0	0	0
115	0	0	779	731	792	1207	0	0	0	0
116	0	0	780	730	793	1200	0	0	0	0
117	0	0	781	729	793	1195	0	0	0	0
118	0	0	781	730	794	1192	0	0	0	0
119	0	0	781	730	795	1192	0	0	0	0
120	0	0	784	729	794	1197	0	0	0	0
121	0	0	784	728	795	1202	0	0	0	0
122	0	0	785	727	796	1212	0	0	0	0
123	0	0	786	726	795	1210	0	0	0	0
124	0	0	787	725	796	1209	0	0	0	0
125	0	0	786	724	796	1204	0	0	0	0
126	0	0	787	724	798	1206	0	0	0	0
127	0	0	787	723	799	1208	0	0	0	0
0	0	0	787	722	799	1211	0	0	0	0
1	0	0	787	721	800	1212	0	0	0	0
2	0	0	790	720	800	1212	0	0	0	0
3	0	0	791	719	801	1217	0	0	0	0
4	0	0	791	719	801	1225	0	0	0	0
5	0	0	791	717	803	1227	0	0	0	0
6	0	0	792	713	802	1227	0	0	0	0
7	0	0	793	713	803	1225	0	0	0	0
8	0	0	796	712	804	1225	0	0	0	0
9	0	0	797	709	805	1224	0	0	0	0
10	0	0	798	710	806	1221	0	0	0	0
11	0	0	798	708	807	1223	0	0	0	0
12	0	0	799	705	807	1229	0	0	0	0
13	0	0	800	704	808	1230	0	0	0	0
14	0	0	800	702	809	1232	0	0	0	0
15	0	0	799	701	809	1233	0	0	0	0
16	0	0	799	699	810	1237	0	0	0	0
17	0	0	800	697	811	1238	0	0	0	0
18	0	0	802	696	812	1237	0	0	0	0
19	0	0	803	694	813	1242	0	0	0	0
20	0	0	801	692	814	1251	0	0	0	0
21	0	0	801	692	815	1255	0	0	0	0
22	0	0	802	690	815	1256	0	0	0	0
23	0	0	800	687	815	1260	0	0	0	0
24	0	0	801	685	816	1266	0	0	0	0
25	0	0	801	684	817	1268	0	0	0	0
26	0	0	799	682	817	1271	0	0	0	0
27	0	0	798	679	818	1274	0	0	0	0
28	0	0	799	677	818	1279	0	0	0	0
29	0	0	800	675	818	1278	0	0	0	0
30	0	0	797	673	818	1279	0	0	0	0
31	0	0	797	671	818	1282	0	0	0	0
32	0	0	795	668	817	1287	0	0	0	0
33	0	0	794	667	819	1289	0	0	0	0
34	0	0	793	663	818	1294	0	0	0	0
35	0	0	791	660	819	1293	0	0	0	0
36	0	0	791	658	820	1284	0	0	0	0
37	0	0	791	655	820	1282	0	0	0	0
38	0	0	788	653	820	1279	0	0	0	0
39	0	0	787	649	820	1281	0	0	0	0
40	0	0	786	647	820	1281	0	0	0	0
41	0	0	785	644	821	1281	0	0	0	0
42	0	0	785	642	821	1282	0	0	0	0
43	0	0	784	638	821	1283	0	0	0	0
44	0	0	783	635	822	1292	0	0	0	0
45	0	0	782	630	822	1295	0	0	0	0
46	0	0	781	627	823	1301	0	0	0	0
47	0	0	781	624	824	1304	0	0	0	0
48	0	0	779	620	824	1306	0	0	0	0
49	0	0	778	617	824	1308	0	0	0	0
50	0	0	778	615	823	1311	0	0	0	0
51	0	0	778	613	824	1314	0	0	0	0
52	0	0	778	610	826	1322	0	0	0	0
53	0	0	776	607	826	1326	0	0	0	0
54	0	0	774	605	826	1331	0	0	0	0
55	0	0	773	603	826	1334	0	0	0	0
56	0	0	772	601	827	1335	0	0	0	0
57	0	0	771	600	828	1337	0	0	0	0
58	0	0	770	598	829	1339	0	0	0	0
59	0	0	770	597	829	1341	0	0	0	0
60	0	0	768	593	830	1343	0	0	0	0
61	0	0	769	591	831	1344	0	0	0	0
62	0	0	767	590	834	1342	0	0	0	0
63	0	0	767	589	832	1340	0	0	0	0
64	0	0	766	589	833	1345	0	0	0	0
65	0	0	767	588	834	1339	0	0	0	0
66	0	0	765	587	833	1341	0	0	0	0
67	0	0	766	586	834	1345	0	0	0	0
68	0	0	766	586	834	1346	0	0	0	0
69	0	0	766	585	835	1348	0	0	0	0
70	0	0	765	585	834	1349	0	0	0	0
71	0	0	765	585	834	1352	0	0	0	0
72	0	0	766	585	834	1354	0	0	0	0
73	0	0	765	586	834	1356	0	0	0	0
74	0	0	764	585	834	1358	0	0	0	0
75	0	0	765	585	834	1363	0	0	0	0
76	0	0	764	586	835	1365	0	0	0	0
77	0	0	765	586	832	1369	0	0	0	0
78	0	0	766	586	833	1364	0	0	0	0
79	0	0	767	586	833	1369	0	0	0	0
80	0	0	767	588	833	1370	0	0	0	0
81	0	0	766	589	831	1372	0	0	0	0
82	0	0	766	589	830	1372	0	0	0	0
83	0	0	767	590	830	1375	0	0	0	0
84	0	0	767	590	830	1374	0	0	0	0
85	0	0	767	591	830	1374	0	0	0	0
86	0	0	767	592	830	1377	0	0	0	0
87	0	0	767	594	829	1378	0	0	0	0
88	0	0	767	594	828	1377	0	0	0	0
89	0	0	767	596	828	1378	0	0	0	0
90	0	0	769	598	827	1380	0	0	0	0
91	0	0	769	598	827	1382	0	0	0	0
92	0	0	770	599	826	1382	0	0	0	0
93	0	0	769	601	824	1381	0	0	0	0
94	0	0	770	603	825	1381	0	0	0	0
95	0	0	771	604	824	1385	0	0	0	0
96	0	0	772	605	824	1385	0	0	0	0
97	0	0	772	605	823	1386	0	0	0	0
98	0	0	771	608	822	1385	0	0	0	0
99	0	0	772	610	822	1383	0	0	0	0
100	0	0	773	610	821	1379	0	0	0	0
101	0	0	774	609	820	1379	0	0	0	0
102	0	0	774	612	820	1379	0	0	0	0
103	0	0	776	614	819	1388	0	0	0	0
104	0	0	775	615	818	1387	0	0	0	0
105	0	0	777	616	818	1386	0	0	0	0
106	0	0	778	617	817	1386	0	0	0	0
107	0	0	778	617	817	1390	0	0	0	0
108	0	0	779	617	817	1389	0	0	0	0
109	0	0	780	619	817	1387	0	0	0	0
110	0	0	782	620	816	1391	0	0	0	0
111	0	0	782	621	816	1391	0	0	0	0
112	0	0	783	622	816	1390	0	0	0	0
113	0	0	782	623	816	1391	0	0	0	0
114	0	0	783	624	815	1393	0	0	0	0
115	0	0	783	625	815	1393	0	0	0	0
116	0	0	783	626	815	1394	0	0	0	0
117	0	0	784	627	815	1394	0	0	0	0
118	0	0	786	628	815	1396	0	0	0	0
119	0	0	786	629	815	1395	0	0	0	0
120	0	0	787	631	815	1395	0	0	0	0
121	0	0	786	631	814	1394	0	0	0	0
122	0	0	787	632	814	1393	0	0	0	0
123	0	0	787	633	815	1396	0	0	0	0
124	0	0	787	634	815	1396	0	0	0	0
125	0	0	789	635	816	1395	0	0	0	0
126	0	0	787	636	814	1390	0	0	0	0
127	0	0	788	637	815	1392	0	0	0	0
0	0	0	788	637	816	1392	0	0	0	0
1	0	0	786	638	815	1393	0	0	0	0
2	0	0	788	639	816	1395	0	0	0	0
3	0	0	787	639	816	1395	0	0	0	0
4	0	0	788	640	816	1396	0	0	0	0
5	0	0	789	642	816	1398	0	0	0	0
6	0	0	788	642	816	1400	0	0	0	0
7	0	0	789	643	817	1399	0	0	0	0
8	0	0	788	643	817	1399	0	0	0	0
9	0	0	789	643	817	1395	0	0	0	0
10	0	0	790	644	816	1396	0	0	0	0
11	0	0	790	644	816	1394	0	0	0	0
12	0	0	790	648	815	1394	0	0	0	0
13	0	0	790	645	816	1391	0	0	0	0
14	0	0	791	647	815	1392	0	0	0	0
15	0	0	790	647	815	1390	0	0	0	0
16	0	0	789	648	816	1388	0	0	0	0
17	0	0	789	647	815	1387	0	0	0	0
18	0	0	789	648	815	1390	0	0	0	0
19	0	0	788	649	815	1392	0	0	0	0
20	0	0	789	649	815	1390	0	0	0	0
21	0	0	789	649	814	1391	0	0	0	0
22	0	0	789	650	814	1391	0	0	0	0
23	0	0	789	650	815	1394	0	0	0	0
24	0	0	789	650	814	1391	0	0	0	0
25	0	0	789	650	814	1390	0	0	0	0
26	0	0	788	651	813	1390	0	0	0	0
27	0	0	790	651	814	1387	0	0	0	0
28	0	0	790	652	813	1381	0	0	0	0
29	0	0	789	651	813	1382	0	0	0	0
30	0	0	789	653	812	1379	0	0	0	0
31	0	0	790	653	812	1379	0	0	0	0
32	0	0	788	653	812	1377	0	0	0	0
33	0	0	788	652	812	1372	0	0	0	0
34	0	0	788	653	811	1369	0	0	0	0
35	0	0	788	653	811	1375	0	0	0	0
36	0	0	789	654	810	1372	0	0	0	0
37	0	0	789	654	810	1373	0	0	0	0
38	0	0	788	654	809	1375	0	0	0	0
39	0	0	789	655	809	1372	0	0	0	0
40	0	0	788	655	809	1368	0	0	0	0
41	0	0	788	655	809	1370	0	0	0	0
42	0	0	787	655	808	1365	0	0	0	0
43	0	0	788	656	808	1363	0	0	0	0
44	0	0	788	657	807	1365	0	0	0	0
45	0	0	788	657	807	1365	0	0	0	0
46	0	0	788	657	807	1368	0	0	0	0
47	0	0	787	656	806	1367	0	0	0	0
48	0	0	787	656	806	1363	0	0	0	0
49	0	0	788	657	805	1360	0	0	0	0
50	0	0	789	656	806	1361	0	0	0	0
51	0	0	787	656	806	1360	0	0	0	0
52	0	0	786	657	806	1357	0	0	0	0
53	0	0	788	657	806	1358	0	0	0	0
54	0	0	787	655	806	1360	0	0	0	0
55	0	0	787	655	805	1358	0	0	0	0
56	0	0	786	656	805	1355	0	0	0	0
57	0	0	787	656	805	1353	0	0	0	0
58	0	0	786	656	805	1353	0	0	0	0
59	0	0	787	655	804	1352	0	0	0	0
60	0	0	786	656	806	1349	0	0	0	0
61	0	0	787	655	805	1348	0	0	0	0
62	0	0	787	655	805	1353	0	0	0	0
63	0	0	785	653	804	1353	0	0	0	0
64	0	0	786	653	804	1345	0	0	0	0
65	0	0	785	654	804	1347	0	0	0	0
66	0	0	784	654	804	1345	0	0	0	0
67	0	0	784	653	804	1346	0	0	0	0
68	0	0	784	654	805	1345	0	0	0	0
69	0	0	785	652	805	1344	0	0	0	0
70	0	0	784	651	804	1340	0	0	0	0
71	0	0	784	653	805	1339	0	0	0	0
72	0	0	784	652	805	1332	0	0	0	0
73	0	0	783	652	805	1333	0	0	0	0
74	0	0	783	651	805	1331	0	0	0	0
75	0	0	784	651	806	1330	0	0	0	0
76	0	0	782	651	805	1331	0	0	0	0
77	0	0	782	651	805	1333	0	0	0	0
78	0	0	782	651	805	1333	0	0	0	0
79	0	0	782	650	805	1331	0	0	0	0
80	0	0	781	652	806	1333	0	0	0	0
81	0	0	780	651	807	1336	0	0	0	0
82	0	0	779	649	807	1342	0	0	0	0
83	0	0	777	650	808	1341	0	0	0	0
84	0	0	777	649	808	1344	0	0	0	0
85	0	0	776	650	809	1342	0	0	0	0
86	0	0	776	649	809	1342	0	0	0	0
87	0	0	775	649	810	1341	0	0	0	0
88	0	0	774	649	810	1338	0	0	0	0
89	0	0	774	648	810	1348	0	0	0	0
90	0	0	775	648	811	1346	0	0	0	0
91	0	0	775	648	812	1346	0	0	0	0
92	0	0	774	647	812	1348	0	0	0	0
93	0	0	773	646	812	1346	0	0	0	0
94	0	0	774	646	813	1342	0	0	0	0
95	0	0	774	645	814	1343	0	0	0	0
96	0	0	773	644	814	1340	0	0	0	0
97	0	0	773	644	815	1342	0	0	0	0
98	0	0	772	644	815	1343	0	0	0	0
99	0	0	772	643	815	1344	0	0	0	0
100	0	0	772	643	817	1349	0	0	0	0
101	0	0	771	643	818	1344	0	0	0	0
102	0	0	770	642	817	1342	0	0	0	0
103	0	0	771	642	819	1338	0	0	0	0
104	0	0	770	642	820	1338	0	0	0	0
105	0	0	770	640	820	1335	0	0	0	0
106	0	0	770	640	820	1338	0	0	0	0
107	0	0	770	640	820	1334	0	0	0	0
108	0	0	770	642	821	1334	0	0	0	0
109	0	0	771	640	821	1332	0	0	0	0
110	0	0	770	640	822	1320	0	0	0	0
111	0	0	770	639	823	1326	0	0	0	0
112	0	0	771	640	824	1317	0	0	0	0
113	0	0	769	640	823	1315	0	0	0	0
114	0	0	769	639	824	1325	0	0	0	0
115	0	0	770	638	824	1317	0	0	0	0
116	0	0	769	638	824	1320	0	0	0	0
117	0	0	770	638	824	1321	0	0	0	0
118	0	0	769	637	824	1321	0	0	0	0
119	0	0	770	637	825	1314	0	0	0	0
120	0	0	769	637	825	1308	0	0	0	0
121	0	0	769	638	825	1310	0	0	0	0
122	0	0	770	638	824	1311	0	0	0	0
123	0	0	768	638	825	1307	0	0	0	0
124	0	0	768	637	824	1307	0	0	0	0
125	0	0	769	638	825	1305	0	0	0	0
126	0	0	769	638	825	1304	0	0	0	0
127	0	0	770	639	825	1300	0	0	0	0
0	0	0	770	639	826	1299	0	0	0	0
1	0	0	770	638	826	1294	0	0	0	0
2	0	0	771	638	826	1290	0	0	0	0
3	0	0	771	638	827	1291	0	0	0	0
4	0	0	773	637	827	1291	0	0	0	0
5	0	0	773	637	827	1286	0	0	0	0
6	0	0	774	638	826	1280	0	0	0	0
7	0	0	773	637	826	1284	0	0	0	0
8	0	0	773	637	827	1281	0	0	0	0
9	0	0	773	636	826	1277	0	0	0	0
10	0	0	773	636	827	1274	0	0	0	0
11	0	0	774	636	827	1272	0	0	0	0
12	0	0	774	636	827	1267	0	0	0	0
13	0	0	774	636	827	1259	0	0	0	0
14	0	0	774	636	827	1260	0	0	0	0
15	0	0	773	636	827	1267	0	0	0	0
16	0	0	775	636	829	1269	0	0	0	0
17	0	0	775	635	829	1264	0	0	0	0
18	0	0	774	635	829	1268	0	0	0	0
19	0	0	775	636	828	1261	0	0	0	0
20	0	0	774	635	828	1265	0	0	0	0
21	0	0	774	635	828	1267	0	0	0	0
22	0	0	774	634	828	1264	0	0	0	0
23	0	0	775	635	827	1255	0	0	0	0
24	0	0	775	635	828	1259	0	0	0	0
25	0	0	774	635	827	1261	0	0	0	0
26	0	0	773	635	827	1259	0	0	0	0
27	0	0	775	635	827	1248	0	0	0	0
28	0	0	775	636	828	1245	0	0	0	0
29	0	0	774	636	827	1240	0	0	0	0
30	0	0	774	636	828	1240	0	0	0	0
31	0	0	774	636	828	1241	0	0	0	0
32	0	0	773	636	827	1222	0	0	0	0
33	0	0	774	636	828	1214	0	0	0	0
34	0	0	774	635	828	1208	0	0	0	0
35	0	0	774	635	828	1196	0	0	0	0
36	0	0	776	635	828	1195	0	0	0	0
37	0	0	776	636	828	1190	0	0	0	0
38	0	0	776	637	827	1187	0	0	0	0
39	0	0	776	637	827	1182	0	0	0	0
40	0	0	777	636	828	1180	0	0	0	0
41	0	0	776	636	828	1177	0	0	0	0
42	0	0	777	636	829	1176	0	0	0	0
43	0	0	777	637	828	1173	0	0	0	0
44	0	0	777	637	827	1164	0	0	0	0
45	0	0	777	637	827	1164	0	0	0	0
46	0	0	778	636	827	1170	0	0	0	0
47	0	0	779	637	827	1159	0	0	0	0
48	0	0	779	638	827	1156	0	0	0	0
49	0	0	778	638	826	1157	0	0	0	0
50	0	0	778	638	827	1162	0	0	0	0
51	0	0	779	638	827	1171	0	0	0	0
52	0	0	778	638	827	1164	0	0	0	0
53	0	0	778	639	827	1167	0	0	0	0
54	0	0	779	640	826	1182	0	0	0	0
55	0	0	778	640	826	1180	0	0	0	0
56	0	0	777	641	826	1182	0	0	0	0
57	0	0	778	641	826	1178	0	0	0	0
58	0	0	778	641	826	1171	0	0	0	0
59	0	0	778	642	826	1162	0	0	0	0
60	0	0	778	643	826	1146	0	0	0	0
61	0	0	778	644	825	1143	0	0	0	0
62	0	0	780	644	825	1137	0	0	0	0
63	0	0	779	644	825	1133	0	0	0	0
64	0	0	780	645	825	1138	0	0	0	0
65	0	0	779	645	826	1142	0	0	0	0
66	0	0	780	646	825	1138	0	0	0	0
67	0	0	781	646	825	1137	0	0	0	0
68	0	0	781	645	824	1138	0	0	0	0
69	0	0	780	646	825	1146	0	0	0	0
70	0	0	779	645	824	1151	0	0	0	0
71	0	0	780	646	824	1153	0	0	0	0
72	0	0	780	647	823	1155	0	0	0	0
73	0	0	781	646	824	1157	0	0	0	0
74	0	0	781	647	824	1161	0	0	0	0
75	0	0	781	647	823	1159	0	0	0	0
76	0	0	780	647	824	1157	0	0	0	0
77	0	0	781	647	825	1164	0	0	0	0
78	0	0	782	646	825	1158	0	0	0	0
79	0	0	782	647	823	1136	0	0	0	0
80	0	0	782	648	824	1122	0	0	0	0
81	0	0	783	649	823	1123	0	0	0	0
82	0	0	781	648	823	1128	0	0	0	0
83	0	0	782	648	823	1130	0	0	0	0
84	0	0	782	647	822	1129	0	0	0	0
85	0	0	784	647	823	1124	0	0	0	0
86	0	0	783	651	822	1131	0	0	0	0
87	0	0	783	649	822	1129	0	0	0	0
88	0	0	782	649	822	1129	0	0	0	0
89	0	0	782	648	821	1132	0	0	0	0
90	0	0	783	649	821	1112	0	0	0	0
91	0	0	784	649	821	1104	0	0	0	0
92	0	0	783	649	820	1095	0	0	0	0
93	0	0	783	648	820	1089	0	0	0	0
94	0	0	783	650	820	1081	0	0	0	0
95	0	0	783	650	820	1085	0	0	0	0
96	0	0	783	651	819	1084	0	0	0	0
97	0	0	783	651	819	1077	0	0	0	0
98	0	0	784	651	819	1073	0	0	0	0
99	0	0	784	651	818	1083	0	0	0	0
100	0	0	783	650	817	1082	0	0	0	0
101	0	0	783	650	817	1077	0	0	0	0
102	0	0	783	651	816	1063	0	0	0	0
103	0	0	783	651	818	1045	0	0	0	0
104	0	0	782	652	817	1043	0	0	0	0
105	0	0	782	651	817	1086	0	0	0	0
106	0	0	782	651	817	1081	0	0	0	0
107	0	0	782	651	817	1068	0	0	0	0
108	0	0	781	651	816	1080	0	0	0	0
109	0	0	782	650	817	1087	0	0	0	0
110	0	0	782	650	817	1086	0	0	0	0
111	0	0	781	650	818	1076	0	0	0	0
112	0	0	782	650	817	1064	0	0	0	0
113	0	0	782	650	817	1024	0	0	0	0
114	0	0	781	650	816	1008	0	0	0	0
115	0	0	780	649	817	1006	0	0	0	0
116	0	0	781	650	818	1005	0	0	0	0
117	0	0	779	649	816	999	0	0	0	0
118	0	0	779	649	817	1003	0	0	0	0
119	0	0	779	649	817	994	0	0	0	0
120	0	0	779	649	817	995	0	0	0	0
121	0	0	780	649	817	986	0	0	0	0
122	0	0	779	649	816	975	0	0	0	0
123	0	0	779	648	817	971	0	0	0	0
124	0	0	778	647	816	964	0	0	0	0
125	0	0	778	646	817	952	0	0	0	0
126	0	0	780	646	816	946	0	0	0	0
127	0	0	780	646	816	949	0	0	0	0
0	0	0	778	646	816	949	0	0	0	0
1	0	0	779	645	816	944	0	0	0	0
2	0	0	779	644	816	945	0	0	0	0
3	0	0	778	643	815	958	0	0	0	0
4	0	0	779	643	815	965	0	0	0	0
5	0	0	780	642	815	974	0	0	0	0
6	0	0	779	642	814	973	0	0	0	0
7	0	0	780	642	815	985	0	0	0	0
8	0	0	781	642	814	959	0	0	0	0
9	0	0	781	641	813	957	0	0	0	0
10	0	0	780	641	814	976	0	0	0	0
11	0	0	780	640	813	993	0	0	0	0
12	0	0	779	640	814	987	0	0	0	0
13	0	0	780	639	813	990	0	0	0	0
14	0	0	780	639	814	977	0	0	0	0
15	0	0	780	639	814	976	0	0	0	0
16	0	0	780	638	812	976	0	0	0	0
17	0	0	781	637	813	979	0	0	0	0
18	0	0	781	637	813	973	0	0	0	0
19	0	0	782	637	814	945	0	0	0	0
20	0	0	782	636	813	943	0	0	0	0
21	0	0	783	636	814	944	0	0	0	0
22	0	0	782	635	814	928	0	0	0	0
23	0	0	781	635	814	924	0	0	0	0
24	0	0	782	635	811	925	0	0	0	0
25	0	0	783	635	815	926	0	0	0	0
26	0	0	782	635	815	928	0	0	0	0
27	0	0	782	635	815	948	0	0	0	0
28	0	0	782	634	815	944	0	0	0	0
29	0	0	783	635	815	955	0	0	0	0
30	0	0	783	633	815	957	0	0	0	0
31	0	0	783	634	815	961	0	0	0	0
32	0	0	783	633	816	958	0	0	0	0
33	0	0	782	633	815	952	0	0	0	0
34	0	0	783	634	815	943	0	0	0	0
35	0	0	783	633	816	931	0	0	0	0
36	0	0	784	633	815	929	0	0	0	0
37	0	0	783	633	816	938	0	0	0	0
38	0	0	784	633	816	945	0	0	0	0
39	0	0	785	633	815	934	0	0	0	0
40	0	0	785	632	817	935	0	0	0	0
41	0	0	784	633	817	932	0	0	0	0
42	0	0	784	632	816	920	0	0	0	0
43	0	0	784	632	817	923	0	0	0	0
44	0	0	784	631	817	936	0	0	0	0
45	0	0	783	631	818	939	0	0	0	0
46	0	0	783	632	818	951	0	0	0	0
47	0	0	783	632	818	949	0	0	0	0
48	0	0	784	632	818	948	0	0	0	0
49	0	0	783	633	816	949	0	0	0	0
50	0	0	784	633	817	957	0	0	0	0
51	0	0	783	633	818	955	0	0	0	0
52	0	0	782	631	817	951	0	0	0	0
53	0	0	782	631	817	939	0	0	0	0
54	0	0	783	631	817	938	0	0	0	0
55	0	0	783	632	817	934	0	0	0	0
56	0	0	782	633	817	925	0	0	0	0
57	0	0	784	632	816	931	0	0	0	0
58	0	0	782	633	816	958	0	0	0	0
59	0	0	782	633	815	976	0	0	0	0
60	0	0	782	632	816	978	0	0	0	0
61	0	0	782	633	815	991	0	0	0	0
62	0	0	780	633	814	987	0	0	0	0
63	0	0	781	634	814	976	0	0	0	0
64	0	0	781	635	815	956	0	0	0	0
65	0	0	780	634	814	954	0	0	0	0
66	0	0	781	635	814	954	0	0	0	0
67	0	0	780	636	814	948	0	0	0	0
68	0	0	780	636	814	947	0	0	0	0
69	0	0	781	635	813	942	0	0	0	0
70	0	0	781	635	814	943	0	0	0	0
71	0	0	780	636	812	943	0	0	0	0
72	0	0	780	635	813	914	0	0	0	0
73	0	0	779	635	813	918	0	0	0	0
74	0	0	780	635	812	927	0	0	0	0
75	0	0	779	635	813	939	0	0	0	0
76	0	0	779	636	813	910	0	0	0	0
77	0	0	780	635	813	896	0	0	0	0
78	0	0	781	635	814	899	0	0	0	0
79	0	0	782	636	812	907	0	0	0	0
80	0	0	781	636	813	891	0	0	0	0
81	0	0	781	636	813	896	0	0	0	0
82	0	0	781	636	812	875	0	0	0	0
83	0	0	781	636	811	869	0	0	0	0
84	0	0	783	637	812	864	0	0	0	0
85	0	0	784	637	812	860	0	0	0	0
86	0	0	785	637	812	854	0	0	0	0
87	0	0	784	636	811	849	0	0	0	0
88	0	0	783	637	811	845	0	0	0	0
89	0	0	783	637	811	824	0	0	0	0
90	0	0	784	637	811	818	0	0	0	0
91	0	0	784	637	810	826	0	0	0	0
92	0	0	784	637	811	832	0	0	0	0
93	0	0	785	637	810	846	0	0	0	0
94	0	0	784	637	810	837	0	0	0	0
95	0	0	783	637	809	841	0	0	0	0
96	0	0	784	638	810	846	0	0	0	0
97	0	0	784	638	810	846	0	0	0	0
98	0	0	784	638	810	852	0	0	0	0
99	0	0	784	638	810	857	0	0	0	0
100	0	0	784	637	809	856	0	0	0	0
101	0	0	785	638	809	848	0	0	0	0
102	0	0	784	637	809	846	0	0	0	0
103	0	0	786	638	808	844	0	0	0	0
104	0	0	785	637	808	843	0	0	0	0
105	0	0	785	637	808	849	0	0	0	0
106	0	0	785	637	808	846	0	0	0	0
107	0	0	784	638	808	848	0	0	0	0
108	0	0	784	638	809	851	0	0	0	0
109	0	0	785	637	809	846	0	0	0	0
110	0	0	785	638	809	846	0	0	0	0
111	0	0	784	637	808	853	0	0	0	0
112	0	0	785	637	808	851	0	0	0	0
113	0	0	785	637	808	835	0	0	0	0
114	0	0	785	637	808	825	0	0	0	0
115	0	0	786	636	809	854	0	0	0	0
116	0	0	786	637	808	861	0	0	0	0
117	0	0	787	638	809	858	0	0	0	0
118	0	0	787	636	809	859	0	0	0	0
119	0	0	787	637	809	866	0	0	0	0
120	0	0	786	636	810	874	0	0	0	0
121	0	0	787	638	809	873	0	0	0	0
122	0	0	787	638	811	873	0	0	0	0
123	0	0	786	637	811	877	0	0	0	0
124	0	0	787	638	811	877	0	0	0	0
125	0	0	788	637	810	879	0	0	0	0
126	0	0	788	637	811	887	0	0	0	0
127	0	0	787	638	812	887	0	0	0	0
0	0	0	786	638	812	884	0	0	0	0
1	0	0	787	638	812	884	0	0	0	0
2	0	0	787	638	812	884	0	0	0	0
3	0	0	787	639	813	880	0	0	0	0
4	0	0	788	639	813	883	0	0	0	0
5	0	0	789	639	813	879	0	0	0	0
6	0	0	788	640	814	872	0	0	0	0
7	0	0	788	638	814	869	0	0	0	0
8	0	0	789	639	815	864	0	0	0	0
9	0	0	789	639	814	865	0	0	0	0
10	0	0	790	639	816	864	0	0	0	0
11	0	0	789	639	816	869	0	0	0	0
12	0	0	790	639	815	870	0	0	0	0
13	0	0	790	639	816	866	0	0	0	0
14	0	0	790	640	815	871	0	0	0	0
15	0	0	790	638	816	867	0	0	0	0
16	0	0	791	639	817	859	0	0	0	0
17	0	0	792	639	816	858	0	0	0	0
18	0	0	792	638	816	861	0	0	0	0
19	0	0	792	639	816	856	0	0	0	0
20	0	0	792	640	816	857	0	0	0	0
21	0	0	793	639	816	856	0	0	0	0
22	0	0	791	639	816	861	0	0	0	0
23	0	0	791	639	816	863	0	0	0	0
24	0	0	792	639	817	860	0	0	0	0
25	0	0	792	639	816	872	0	0	0	0
26	0	0	793	639	816	874	0	0	0	0
27	0	0	794	639	816	872	0	0	0	0
28	0	0	792	639	815	869	0	0	0	0
29	0	0	792	640	816	861	0	0	0	0
30	0	0	791	639	816	844	0	0	0	0
31	0	0	792	640	816	832	0	0	0	0
32	0	0	792	639	816	828	0	0	0	0
33	0	0	791	638	814	827	0	0	0	0
34	0	0	792	639	814	827	0	0	0	0
35	0	0	792	640	814	835	0	0	0	0
36	0	0	792	639	814	835	0	0	0	0
37	0	0	792	639	813	841	0	0	0	0
38	0	0	790	638	814	843	0	0	0	0
39	0	0	791	638	814	839	0	0	0	0
40	0	0	791	640	813	838	0	0	0	0
41	0	0	790	639	813	827	0	0	0	0
42	0	0	791	639	814	829	0	0	0	0
43	0	0	790	639	813	820	0	0	0	0
44	0	0	789	640	812	820	0	0	0	0
45	0	0	790	641	813	824	0	0	0	0
46	0	0	790	640	813	823	0	0	0	0
47	0	0	790	639	813	815	0	0	0	0
48	0	0	788	640	812	810	0	0	0	0
49	0	0	789	639	813	811	0	0	0	0
50	0	0	789	639	813	809	0	0	0	0
51	0	0	789	639	813	806	0	0	0	0
52	0	0	788	639	813	806	0	0	0	0
53	0	0	787	639	812	803	0	0	0	0
54	0	0	787	639	812	805	0	0	0	0
55	0	0	787	639	812	811	0	0	0	0
56	0	0	787	639	812	814	0	0	0	0
57	0	0	787	638	812	815	0	0	0	0
58	0	0	788	639	811	818	0	0	0	0
59	0	0	788	639	812	813	0	0	0	0
60	0	0	790	640	812	816	0	0	0	0
61	0	0	788	639	811	815	0	0	0	0
62	0	0	788	638	811	814	0	0	0	0
63	0	0	787	639	810	816	0	0	0	0
64	0	0	786	639	811	816	0	0	0	0
65	0	0	786	640	811	810	0	0	0	0
66	0	0	787	639	811	817	0	0	0	0
67	0	0	786	638	810	823	0	0	0	0
68	0	0	785	638	810	820	0	0	0	0
69	0	0	785	638	810	817	0	0	0	0
70	0	0	785	639	810	817	0	0	0	0
71	0	0	785	638	810	818	0	0	0	0
72	0	0	784	637	810	825	0	0	0	0
73	0	0	784	637	810	824	0	0	0	0
74	0	0	783	637	810	826	0	0	0	0
75	0	0	783	637	811	828	0	0	0	0
76	0	0	784	636	811	827	0	0	0	0
77	0	0	783	636	811	826	0	0	0	0
78	0	0	785	637	811	828	0	0	0	0
79	0	0	782	636	810	829	0	0	0	0
80	0	0	783	636	810	821	0	0	0	0
81	0	0	783	636	810	824	0	0	0	0
82	0	0	783	636	810	827	0	0	0	0
83	0	0	783	636	809	826	0	0	0	0
84	0	0	782	636	810	824	0	0	0	0
85	0	0	783	635	811	822	0	0	0	0
86	0	0	784	635	811	820	0	0	0	0
87	0	0	783	635	810	820	0	0	0	0
88	0	0	784	635	810	818	0	0	0	0
89	0	0	785	635	810	815	0	0	0	0
90	0	0	784	635	810	815	0	0	0	0
91	0	0	785	634	810	815	0	0	0	0
92	0	0	786	635	810	817	0	0	0	0
93	0	0	786	634	810	819	0	0	0	0
94	0	0	786	634	811	822	0	0	0	0
95	0	0	785	634	810	824	0	0	0	0
96	0	0	786	634	809	824	0	0	0	0
97	0	0	786	634	810	829	0	0	0	0
98	0	0	785	634	810	826	0	0	0	0
99	0	0	786	633	810	821	0	0	0	0
100	0	0	786	634	811	818	0	0	0	0
101	0	0	786	634	810	809	0	0	0	0
102	0	0	785	634	811	813	0	0	0	0
103	0	0	785	634	810	810	0	0	0	0
104	0	0	785	634	811	811	0	0	0	0
105	0	0	785	634	811	821	0	0	0	0
106	0	0	786	634	811	818	0	0	0	0
107	0	0	785	634	811	827	0	0	0	0
108	0	0	785	634	811	825	0	0	0	0
109	0	0	786	633	810	819	0	0	0	0
110	0	0	785	633	811	813	0	0	0	0
111	0	0	784	634	811	817	0	0	0	0
112	0	0	784	634	811	817	0	0	0	0
113	0	0	785	634	810	820	0	0	0	0
114	0	0	785	633	811	819	0	0	0	0
115	0	0	784	633	810	822	0	0	0	0
116	0	0	785	634	811	822	0	0	0	0
117	0	0	785	634	811	833	0	0	0	0
118	0	0	785	634	811	839	0	0	0	0
119	0	0	785	634	810	838	0	0	0	0
120	0	0	785	634	811	837	0	0	0	0
121	0	0	785	634	811	840	0	0	0	0
122	0	0	786	634	811	838	0	0	0	0
123	0	0	786	634	811	840	0	0	0	0
124	0	0	788	634	812	839	0	0	0	0
125	0	0	788	634	811	837	0	0	0	0
126	0	0	786	634	812	838	0	0	0	0
127	0	0	787	635	813	844	0	0	0	0
0	0	0	786	635	812	848	0	0	0	0
1	0	0	787	635	813	852	0	0	0	0
2	0	0	787	634	813	849	0	0	0	0
3	0	0	787	634	813	853	0	0	0	0
4	0	0	788	635	813	855	0	0	0	0
5	0	0	787	635	813	850	0	0	0	0
6	0	0	788	636	814	851	0	0	0	0
7	0	0	787	637	814	856	0	0	0	0
8	0	0	787	636	814	855	0	0	0	0
9	0	0	788	636	815	854	0	0	0	0
10	0	0	787	637	815	855	0	0	0	0
11	0	0	788	637	815	857	0	0	0	0
12	0	0	788	637	815	856	0	0	0	0
13	0	0	789	637	815	856	0	0	0	0
14	0	0	788	637	816	859	0	0	0	0
15	0	0	788	638	816	859	0	0	0	0
16	0	0	787	638	817	857	0	0	0	0
17	0	0	788	638	816	856	0	0	0	0
18	0	0	788	638	816	856	0	0	0	0
19	0	0	787	638	816	863	0	0	0	0
20	0	0	787	638	816	867	0	0	0	0
21	0	0	788	638	816	871	0	0	0	0
22	0	0	788	638	816	870	0	0	0	0
23	0	0	787	638	817	871	0	0	0	0
24	0	0	786	638	816	873	0	0	0	0
25	0	0	786	638	816	876	0	0	0	0
26	0	0	787	639	817	879	0	0	0	0
27	0	0	786	640	817	879	0	0	0	0
28	0	0	786	638	817	879	0	0	0	0
29	0	0	785	639	816	881	0	0	0	0
30	0	0	786	638	816	885	0	0	0	0
31	0	0	786	638	817	887	0	0	0	0
32	0	0	786	638	817	889	0	0	0	0
33	0	0	787	638	817	890	0	0	0	0
34	0	0	785	637	817	891	0	0	0	0
35	0	0	786	638	817	896	0	0	0	0
36	0	0	787	637	815	893	0	0	0	0
37	0	0	786	638	816	895	0	0	0	0
38	0	0	786	638	817	896	0	0	0	0
39	0	0	787	636	817	899	0	0	0	0
40	0	0	786	636	817	900	0	0	0	0
41	0	0	786	637	817	901	0	0	0	0
42	0	0	787	637	817	900	0	0	0	0
43	0	0	787	637	817	900	0	0	0	0
44	0	0	787	637	817	903	0	0	0	0
45	0	0	787	637	816	905	0	0	0	0
46	0	0	787	636	817	909	0	0	0	0
47	0	0	787	637	817	914	0	0	0	0
48	0	0	786	636	817	910	0	0	0	0
49	0	0	786	637	817	911	0	0	0	0
50	0	0	786	636	816	914	0	0	0	0
51	0	0	786	637	816	915	0	0	0	0
52	0	0	787	637	816	918	0	0	0	0
53	0	0	786	637	817	922	0	0	0	0
54	0	0	786	637	816	926	0	0	0	0
55	0	0	787	637	816	935	0	0	0	0
56	0	0	787	638	815	937	0	0	0	0
57	0	0	784	638	816	938	0	0	0	0
58	0	0	786	637	816	940	0	0	0	0
59	0	0	785	638	816	942	0	0	0	0
60	0	0	785	639	815	943	0	0	0	0
61	0	0	787	638	816	949	0	0	0	0
62	0	0	785	638	816	948	0	0	0	0
63	0	0	786	638	815	951	0	0	0	0
64	0	0	786	638	815	958	0	0	0	0
65	0	0	787	638	815	963	0	0	0	0
66	0	0	786	639	815	966	0	0	0	0
67	0	0	786	637	815	968	0	0	0	0
68	0	0	785	638	815	969	0	0	0	0
69	0	0	785	637	815	972	0	0	0	0
70	0	0	786	639	815	974	0	0	0	0
71	0	0	786	638	815	974	0	0	0	0
72	0	0	787	638	816	979	0	0	0	0
73	0	0	785	639	816	978	0	0	0	0
74	0	0	785	638	816	982	0	0	0	0
75	0	0	786	639	816	984	0	0	0	0
76	0	0	786	639	816	985	0	0	0	0
77	0	0	786	639	816	987	0	0	0	0
78	0	0	785	640	817	988	0	0	0	0
79	0	0	785	640	817	991	0	0	0	0
80	0	0	785	640	816	992	0	0	0	0
81	0	0	784	641	815	995	0	0	0	0
82	0	0	784	641	816	993	0	0	0	0
83	0	0	785	640	817	995	0	0	0	0
84	0	0	785	641	817	999	0	0	0	0
85	0	0	783	641	816	1000	0	0	0	0
86	0	0	784	641	817	1003	0	0	0	0
87	0	0	783	640	817	1006	0	0	0	0
88	0	0	784	641	817	1008	0	0	0	0
89	0	0	784	640	817	1008	0	0	0	0
90	0	0	784	640	817	1007	0	0	0	0
91	0	0	784	640	817	1006	0	0	0	0
92	0	0	783	640	818	1009	0	0	0	0
93	0	0	783	640	818	1012	0	0	0	0
94	0	0	782	641	818	1015	0	0	0	0
95	0	0	783	641	818	1015	0	0	0	0
96	0	0	783	640	818	1014	0	0	0	0
97	0	0	782	641	818	1014	0	0	0	0
98	0	0	783	641	818	1017	0	0	0	0
99	0	0	783	640	818	1016	0	0	0	0
100	0	0	783	641	819	1015	0	0	0	0
101	0	0	784	640	818	1019	0	0	0	0
102	0	0	784	640	818	1018	0	0	0	0
103	0	0	785	640	818	1035	0	0	0	0
104	0	0	784	640	819	1043	0	0	0	0
105	0	0	784	640	818	1042	0	0	0	0
106	0	0	784	639	818	1042	0	0	0	0
107	0	0	785	640	818	1043	0	0	0	0
108	0	0	784	640	818	1045	0	0	0	0
109	0	0	785	639	817	1048	0	0	0	0
110	0	0	786	639	819	1049	0	0	0	0
111	0	0	785	639	817	1050	0	0	0	0
112	0	0	786	639	818	1050	0	0	0	0
113	0	0	787	638	819	1051	0	0	0	0
114	0	0	786	638	818	1054	0	0	0	0
115	0	0	787	638	819	1054	0	0	0	0
116	0	0	786	638	818	1054	0	0	0	0
117	0	0	787	638	817	1049	0	0	0	0
118	0	0	786	639	818	1048	0	0	0	0
119	0	0	786	639	818	1047	0	0	0	0
120	0	0	786	638	819	1045	0	0	0	0
121	0	0	785	638	818	1047	0	0	0	0
122	0	0	786	638	819	1047	0	0	0	0
123	0	0	785	638	818	1048	0	0	0	0
124	0	0	785	638	817	1049	0	0	0	0
125	0	0	785	639	818	1051	0	0	0	0
126	0	0	785	638	818	1053	0	0	0	0
127	0	0	785	638	817	1053	0	0	0	0
0	0	0	785	639	818	1057	0	0	0	0
1	0	0	785	638	818	1060	0	0	0	0
2	0	0	784	639	818	1061	0	0	0	0
3	0	0	784	639	818	1064	0	0	0	0
4	0	0	784	639	818	1067	0	0	0	0
5	0	0	784	639	818	1066	0	0	0	0
6	0	0	784	639	819	1070	0	0	0	0
7	0	0	784	639	818	1077	0	0	0	0
8	0	0	784	639	818	1084	0	0	0	0
9	0	0	784	639	819	1087	0	0	0	0
10	0	0	784	639	819	1092	0	0	0	0
11	0	0	784	639	819	1091	0	0	0	0
12	0	0	784	639	818	1090	0	0	0	0
13	0	0	783	639	818	1088	0	0	0	0
14	0	0	783	640	819	1089	0	0	0	0
15	0	0	782	640	819	1090	0	0	0	0
16	0	0	783	639	820	1098	0	0	0	0
17	0	0	783	640	819	1102	0	0	0	0
18	0	0	783	639	819	1101	0	0	0	0
19	0	0	782	639	820	1112	0	0	0	0
20	0	0	783	640	820	1108	0	0	0	0
21	0	0	783	640	819	1114	0	0	0	0
22	0	0	784	639	820	1113	0	0	0	0
23	0	0	783	639	819	1116	0	0	0	0
24	0	0	784	640	820	1123	0	0	0	0
25	0	0	783	639	819	1136	0	0	0	0
26	0	0	783	639	820	1135	0	0	0	0
27	0	0	783	639	820	1126	0	0	0	0
28	0	0	784	639	820	1132	0	0	0	0
29	0	0	782	639	819	1132	0	0	0	0
30	0	0	782	639	820	1135	0	0	0	0
31	0	0	783	640	819	1140	0	0	0	0
32	0	0	784	640	819	1142	0	0	0	0
33	0	0	783	640	818	1142	0	0	0	0
34	0	0	783	641	819	1145	0	0	0	0
35	0	0	783	641	820	1154	0	0	0	0
36	0	0	783	640	820	1157	0	0	0	0
37	0	0	784	641	819	1160	0	0	0	0
38	0	0	784	640	819	1160	0	0	0	0
39	0	0	783	640	819	1162	0	0	0	0
40	0	0	783	640	819	1167	0	0	0	0
41	0	0	783	640	819	1172	0	0	0	0
42	0	0	783	639	819	1171	0	0	0	0
43	0	0	782	639	819	1177	0	0	0	0
44	0	0	780	640	819	1180	0	0	0	0
45	0	0	782	640	819	1181	0	0	0	0
46	0	0	782	640	819	1181	0	0	0	0
47	0	0	782	640	819	1188	0	0	0	0
48	0	0	782	640	818	1187	0	0	0	0
49	0	0	782	639	817	1188	0	0	0	0
50	0	0	782	639	817	1193	0	0	0	0
51	0	0	782	639	816	1190	0	0	0	0
52	0	0	782	639	818	1190	0	0	0	0
53	0	0	783	637	817	1189	0	0	0	0
54	0	0	783	638	817	1186	0	0	0	0
55	0	0	783	639	817	1183	0	0	0	0
56	0	0	783	638	816	1188	0	0	0	0
57	0	0	784	639	816	1195	0	0	0	0
58	0	0	784	640	816	1197	0	0	0	0
59	0	0	784	638	816	1203	0	0	0	0
60	0	0	785	639	816	1206	0	0	0	0
61	0	0	784	638	817	1207	0	0	0	0
62	0	0	784	639	816	1212	0	0	0	0
63	0	0	784	638	815	1221	0	0	0	0
64	0	0	784	638	815	1227	0	0	0	0
65	0	0	784	638	816	1227	0	0	0	0
66	0	0	784	637	815	1233	0	0	0	0
67	0	0	783	638	815	1235	0	0	0	0
68	0	0	783	639	815	1233	0	0	0	0
69	0	0	781	638	814	1239	0	0	0	0
70	0	0	782	638	815	1244	0	0	0	0
71	0	0	782	638	815	1249	0	0	0	0
72	0	0	783	638	815	1249	0	0	0	0
73	0	0	782	637	813	1250	0	0	0	0
74	0	0	782	637	815	1259	0	0	0	0
75	0	0	782	638	815	1258	0	0	0	0
76	0	0	783	638	815	1257	0	0	0	0
77	0	0	782	637	814	1258	0	0	0	0
78	0	0	782	637	813	1259	0	0	0	0
79	0	0	782	637	815	1261	0	0	0	0
80	0	0	783	638	814	1265	0	0	0	0
81	0	0	782	637	814	1267	0	0	0	0
82	0	0	783	637	815	1268	0	0	0	0
83	0	0	782	637	814	1271	0	0	0	0
84	0	0	782	636	816	1273	0	0	0	0
85	0	0	782	636	815	1269	0	0	0	0
86	0	0	783	636	816	1272	0	0	0	0
87	0	0	784	637	816	1276	0	0	0	0
88	0	0	783	636	816	1279	0	0	0	0
89	0	0	784	636	815	1280	0	0	0	0
90	0	0	783	635	816	1280	0	0	0	0
91	0	0	782	636	816	1280	0	0	0	0
92	0	0	783	637	816	1279	0	0	0	0
93	0	0	783	637	816	1279	0	0	0	0
94	0	0	782	637	819	1279	0	0	0	0
95	0	0	782	637	817	1281	0	0	0	0
96	0	0	783	636	817	1285	0	0	0	0
97	0	0	782	636	817	1294	0	0	0	0
98	0	0	782	636	817	1300	0	0	0	0
99	0	0	783	636	818	1305	0	0	0	0
100	0	0	782	635	818	1312	0	0	0	0
101	0	0	782	636	818	1315	0	0	0	0
102	0	0	781	636	818	1321	0	0	0	0
103	0	0	782	636	817	1325	0	0	0	0
104	0	0	783	637	820	1328	0	0	0	0
105	0	0	783	636	819	1327	0	0	0	0
106	0	0	783	637	819	1334	0	0	0	0
107	0	0	782	636	820	1334	0	0	0	0
108	0	0	782	635	820	1333	0	0	0	0
109	0	0	782	638	820	1329	0	0	0	0
110	0	0	782	638	820	1332	0	0	0	0
111	0	0	781	638	820	1337	0	0	0	0
112	0	0	781	637	820	1338	0	0	0	0
113	0	0	783	637	821	1343	0	0	0	0
114	0	0	783	637	820	1339	0	0	0	0
115	0	0	784	638	821	1341	0	0	0	0
116	0	0	783	638	820	1345	0	0	0	0
117	0	0	784	639	821	1350	0	0	0	0
118	0	0	782	639	820	1355	0	0	0	0
119	0	0	782	638	821	1359	0	0	0	0
120	0	0	783	638	822	1363	0	0	0	0
121	0	0	783	639	821	1365	0	0	0	0
122	0	0	783	639	821	1368	0	0	0	0
123	0	0	783	639	822	1380	0	0	0	0
124	0	0	783	639	821	1384	0	0	0	0
125	0	0	783	639	822	1388	0	0	0	0
126	0	0	782	640	822	1388	0	0	0	0
127	0	0	782	640	822	1386	0	0	0	0
0	0	0	782	640	823	1387	0	0	0	0
1	0	0	781	640	823	1386	0	0	0	0
2	0	0	782	641	822	1389	0	0	0	0
3	0	0	782	642	823	1387	0	0	0	0
4	0	0	782	641	822	1389	0	0	0	0
5	0	0	783	641	823	1391	0	0	0	0
6	0	0	783	642	823	1386	0	0	0	0
7	0	0	783	641	823	1388	0	0	0	0
8	0	0	783	642	823	1389	0	0	0	0
9	0	0	782	641	823	1386	0	0	0	0
10	0	0	782	641	823	1390	0	0	0	0
11	0	0	783	642	824	1395	0	0	0	0
12	0	0	783	642	824	1398	0	0	0	0
13	0	0	783	642	824	1398	0	0	0	0
14	0	0	783	641	824	1402	0	0	0	0
15	0	0	783	642	824	1407	0	0	0	0
16	0	0	781	641	824	1410	0	0	0	0
17	0	0	782	643	825	1408	0	0	0	0
18	0	0	782	643	823	1412	0	0	0	0
19	0	0	781	643	824	1408	0	0	0	0
20	0	0	781	643	823	1407	0	0	0	0
21	0	0	783	642	824	1409	0	0	0	0
22	0	0	782	642	825	1412	0	0	0	0
23	0	0	783	643	824	1416	0	0	0	0
24	0	0	783	642	824	1419	0	0	0	0
25	0	0	783	644	824	1422	0	0	0	0
26	0	0	783	644	825	1426	0	0	0	0
27	0	0	782	644	823	1429	0	0	0	0
28	0	0	782	643	823	1433	0	0	0	0
29	0	0	782	644	824	1441	0	0	0	0
30	0	0	783	643	824	1443	0	0	0	0
31	0	0	783	644	824	1448	0	0	0	0
32	0	0	783	644	825	1452	0	0	0	0
33	0	0	783	643	826	1454	0	0	0	0
34	0	0	783	645	825	1456	0	0	0	0
35	0	0	783	644	825	1458	0	0	0	0
36	0	0	782	644	825	1459	0	0	0	0
37	0	0	783	644	826	1458	0	0	0	0
38	0	0	782	644	825	1462	0	0	0	0
39	0	0	783	644	826	1462	0	0	0	0
40	0	0	782	644	825	1462	0	0	0	0
41	0	0	783	644	824	1461	0	0	0	0
42	0	0	784	644	825	1462	0	0	0	0
43	0	0	783	644	824	1465	0	0	0	0
44	0	0	783	645	825	1465	0	0	0	0
45	0	0	783	644	826	1466	0	0	0	0
46	0	0	783	644	825	1466	0	0	0	0
47	0	0	784	644	826	1467	0	0	0	0
48	0	0	783	643	825	1469	0	0	0	0
49	0	0	785	644	825	1469	0	0	0	0
50	0	0	785	644	825	1471	0	0	0	0
51	0	0	785	644	825	1473	0	0	0	0
52	0	0	785	643	824	1476	0	0	0	0
53	0	0	786	644	825	1476	0	0	0	0
54	0	0	785	643	824	1478	0	0	0	0
55	0	0	785	644	825	1482	0	0	0	0
56	0	0	785	643	826	1485	0	0	0	0
57	0	0	785	644	825	1485	0	0	0	0
58	0	0	784	644	824	1488	0	0	0	0
59	0	0	783	643	823	1488	0	0	0	0
60	0	0	783	643	824	1493	0	0	0	0
61	0	0	784	642	823	1491	0	0	0	0
62	0	0	784	644	822	1491	0	0	0	0
63	0	0	784	644	822	1493	0	0	0	0
64	0	0	784	644	823	1493	0	0	0	0
65	0	0	784	644	821	1495	0	0	0	0
66	0	0	784	644	821	1491	0	0	0	0
67	0	0	783	644	822	1495	0	0	0	0
68	0	0	783	644	822	1493	0	0	0	0
69	0	0	785	643	822	1501	0	0	0	0
70	0	0	784	643	822	1499	0	0	0	0
71	0	0	785	644	822	1497	0	0	0	0
72	0	0	784	643	821	1499	0	0	0	0
73	0	0	784	644	821	1499	0	0	0	0
74	0	0	783	642	821	1499	0	0	0	0
75	0	0	783	643	821	1502	0	0	0	0
76	0	0	785	643	820	1501	0	0	0	0
77	0	0	786	642	820	1495	0	0	0	0
78	0	0	784	643	820	1494	0	0	0	0
79	0	0	786	643	820	1493	0	0	0	0
80	0	0	785	643	820	1492	0	0	0	0
81	0	0	784	641	820	1491	0	0	0	0
82	0	0	784	642	820	1491	0	0	0	0
83	0	0	784	643	820	1495	0	0	0	0
84	0	0	784	642	820	1495	0	0	0	0
85	0	0	783	642	820	1493	0	0	0	0
86	0	0	783	642	819	1494	0	0	0	0
87	0	0	783	642	819	1496	0	0	0	0
88	0	0	783	643	819	1497	0	0	0	0
89	0	0	782	642	819	1498	0	0	0	0
90	0	0	782	642	818	1499	0	0	0	0
91	0	0	782	641	818	1496	0	0	0	0
92	0	0	782	642	819	1498	0	0	0	0
93	0	0	782	642	819	1499	0	0	0	0
94	0	0	782	642	818	1499	0	0	0	0
95	0	0	782	642	818	1497	0	0	0	0
