# bioPlux Text File Format
# Version: 1
# StartDateTime: 2012-03-20 13:12:04
# SamplingFrequency: 1000
# SampledChannels: 1 2 3 4 5 6 7 8
# SamplingResolution: 12
# AcquiringDevice: 00:07:80:93:66:BE
# EndOfHeader
0	1	0	816	651	694	883	0	0	0	0
1	1	0	817	651	694	882	0	0	0	0
2	1	0	818	651	693	881	0	0	0	0
3	1	0	817	652	693	878	0	0	0	0
4	1	0	817	652	693	876	0	0	0	0
5	1	0	818	651	692	873	0	0	0	0
6	1	0	818	651	692	874	0	0	0	0
7	1	0	817	651	693	869	0	0	0	0
8	1	0	818	651	693	865	0	0	0	0
9	1	0	819	652	692	864	0	0	0	0
10	1	0	818	652	692	863	0	0	0	0
11	1	0	819	652	693	862	0	0	0	0
12	1	0	819	651	692	860	0	0	0	0
13	1	0	818	651	692	860	0	0	0	0
14	1	0	818	651	692	858	0	0	0	0
15	1	0	819	652	692	859	0	0	0	0
16	1	0	818	652	692	857	0	0	0	0
17	1	0	819	651	692	856	0	0	0	0
18	1	0	819	651	692	859	0	0	0	0
19	1	0	819	651	691	856	0	0	0	0
20	1	0	820	652	691	854	0	0	0	0
21	1	0	821	651	691	856	0	0	0	0
22	1	0	821	652	691	852	0	0	0	0
23	1	0	821	651	690	854	0	0	0	0
24	1	0	821	651	690	854	0	0	0	0
25	1	0	821	651	690	850	0	0	0	0
26	1	0	821	652	690	849	0	0	0	0
27	1	0	822	651	690	847	0	0	0	0
28	1	0	822	651	690	842	0	0	0	0
29	1	0	822	652	689	831	0	0	0	0
30	1	0	821	652	689	820	0	0	0	0
31	1	0	822	653	689	813	0	0	0	0
32	1	0	821	652	689	811	0	0	0	0
33	1	0	821	652	689	808	0	0	0	0
34	1	0	821	653	690	809	0	0	0	0
35	1	0	821	652	688	807	0	0	0	0
36	1	0	821	653	689	806	0	0	0	0
37	1	0	819	652	689	808	0	0	0	0
38	1	0	820	653	688	816	0	0	0	0
39	1	0	819	653	689	814	0	0	0	0
40	1	0	819	654	689	815	0	0	0	0
41	1	0	820	653	688	814	0	0	0	0
42	1	0	821	654	688	818	0	0	0	0
43	1	0	820	654	687	815	0	0	0	0
44	1	0	821	654	689	812	0	0	0	0
45	1	0	821	654	689	810	0	0	0	0
46	1	0	822	655	689	810	0	0	0	0
47	1	0	822	655	687	812	0	0	0	0
48	1	0	822	655	688	806	0	0	0	0
49	1	0	822	655	688	805	0	0	0	0
50	1	0	822	656	689	802	0	0	0	0
51	1	0	822	656	688	799	0	0	0	0
52	1	0	822	655	688	800	0	0	0	0
53	1	0	822	657	688	800	0	0	0	0
54	1	0	823	657	689	800	0	0	0	0
55	1	0	823	658	688	799	0	0	0	0
56	1	0	823	658	688	795	0	0	0	0
57	1	0	822	657	689	798	0	0	0	0
58	1	0	824	658	689	797	0	0	0	0
59	1	0	825	657	689	799	0	0	0	0
60	1	0	824	657	689	801	0	0	0	0
61	1	0	824	660	689	799	0	0	0	0
62	1	0	824	659	689	799	0	0	0	0
63	1	0	825	660	689	796	0	0	0	0
64	1	0	823	661	689	796	0	0	0	0
65	1	0	825	661	688	799	0	0	0	0
66	1	0	824	660	687	790	0	0	0	0
67	1	0	824	661	689	787	0	0	0	0
68	1	0	825	661	689	785	0	0	0	0
69	1	0	825	662	688	789	0	0	0	0
70	1	0	824	663	689	787	0	0	0	0
71	1	0	825	664	689	740	0	0	0	0
72	1	0	825	663	689	726	0	0	0	0
73	1	0	824	663	689	725	0	0	0	0
74	1	0	824	664	690	721	0	0	0	0
75	1	0	824	664	690	720	0	0	0	0
76	1	0	825	665	690	719	0	0	0	0
77	1	0	825	666	690	717	0	0	0	0
78	1	0	823	666	689	716	0	0	0	0
79	1	0	825	667	690	708	0	0	0	0
80	1	0	825	669	690	692	0	0	0	0
81	1	0	825	669	690	687	0	0	0	0
82	1	0	825	669	690	685	0	0	0	0
83	1	0	824	670	690	689	0	0	0	0
84	1	0	826	670	690	687	0	0	0	0
85	1	0	826	672	691	679	0	0	0	0
86	1	0	826	672	690	673	0	0	0	0
87	1	0	827	672	691	674	0	0	0	0
88	1	0	826	672	692	669	0	0	0	0
89	1	0	828	672	691	667	0	0	0	0
90	1	0	827	672	691	667	0	0	0	0
91	1	0	827	673	692	662	0	0	0	0
92	1	0	826	676	691	661	0	0	0	0
93	1	0	827	676	691	662	0	0	0	0
94	1	0	828	676	691	666	0	0	0	0
95	1	0	828	677	692	671	0	0	0	0
96	1	0	827	679	692	676	0	0	0	0
97	1	0	827	680	692	672	0	0	0	0
98	1	0	828	681	693	673	0	0	0	0
99	1	0	829	679	691	663	0	0	0	0
100	1	0	828	682	692	655	0	0	0	0
101	1	0	829	683	693	648	0	0	0	0
102	1	0	830	683	692	642	0	0	0	0
103	1	0	829	683	693	644	0	0	0	0
104	1	0	829	684	694	642	0	0	0	0
105	1	0	829	684	694	643	0	0	0	0
106	1	0	828	685	695	642	0	0	0	0
107	1	0	828	685	695	641	0	0	0	0
108	1	0	828	686	695	639	0	0	0	0
109	1	0	827	687	695	638	0	0	0	0
110	1	0	827	688	695	637	0	0	0	0
111	1	0	828	689	696	638	0	0	0	0
112	1	0	826	689	696	637	0	0	0	0
113	1	0	827	690	697	637	0	0	0	0
114	1	0	826	691	698	641	0	0	0	0
115	1	0	827	692	698	640	0	0	0	0
116	1	0	827	692	698	637	0	0	0	0
117	1	0	826	692	698	636	0	0	0	0
118	1	0	826	693	699	635	0	0	0	0
119	1	0	828	694	700	635	0	0	0	0
120	1	0	826	695	700	632	0	0	0	0
121	1	0	827	696	700	631	0	0	0	0
122	1	0	828	696	700	632	0	0	0	0
123	1	0	828	697	699	634	0	0	0	0
124	1	0	827	697	700	639	0	0	0	0
125	1	0	825	698	701	640	0	0	0	0
126	1	0	826	698	702	644	0	0	0	0
127	1	0	826	699	703	643	0	0	0	0
0	1	0	825	700	703	637	0	0	0	0
1	1	0	826	701	704	634	0	0	0	0
2	1	0	826	702	704	635	0	0	0	0
3	1	0	825	701	704	635	0	0	0	0
4	1	0	825	703	704	637	0	0	0	0
5	1	0	824	704	705	636	0	0	0	0
6	1	0	826	705	704	636	0	0	0	0
7	1	0	825	706	704	637	0	0	0	0
8	1	0	825	706	704	637	0	0	0	0
9	1	0	825	707	705	637	0	0	0	0
10	1	0	824	708	705	637	0	0	0	0
11	1	0	823	708	705	636	0	0	0	0
12	1	0	823	710	705	636	0	0	0	0
13	1	0	825	710	707	639	0	0	0	0
14	1	0	826	711	706	638	0	0	0	0
15	1	0	826	710	706	633	0	0	0	0
16	1	0	826	711	706	633	0	0	0	0
17	1	0	826	711	706	632	0	0	0	0
18	1	0	825	712	708	631	0	0	0	0
19	1	0	825	713	707	630	0	0	0	0
20	1	0	824	712	705	624	0	0	0	0
21	1	0	825	713	707	621	0	0	0	0
22	1	0	824	713	706	622	0	0	0	0
23	1	0	825	714	707	616	0	0	0	0
24	1	0	824	714	708	612	0	0	0	0
25	1	0	825	715	708	614	0	0	0	0
26	1	0	823	715	708	615	0	0	0	0
27	1	0	823	715	708	614	0	0	0	0
28	1	0	824	717	709	612	0	0	0	0
29	1	0	823	716	709	612	0	0	0	0
30	1	0	824	717	710	613	0	0	0	0
31	1	0	822	717	710	613	0	0	0	0
32	1	0	822	718	710	614	0	0	0	0
33	1	0	821	718	712	613	0	0	0	0
34	1	0	822	718	712	613	0	0	0	0
35	1	0	821	719	713	614	0	0	0	0
36	1	0	820	720	713	614	0	0	0	0
37	1	0	821	720	713	611	0	0	0	0
38	1	0	820	719	713	611	0	0	0	0
39	1	0	819	720	715	608	0	0	0	0
40	1	0	819	721	715	606	0	0	0	0
41	1	0	818	721	716	604	0	0	0	0
42	1	0	818	721	717	603	0	0	0	0
43	1	0	818	720	717	599	0	0	0	0
44	1	0	818	721	717	598	0	0	0	0
45	1	0	817	720	719	597	0	0	0	0
46	1	0	816	720	718	593	0	0	0	0
47	1	0	816	720	720	595	0	0	0	0
48	1	0	815	721	720	593	0	0	0	0
49	1	0	814	719	720	592	0	0	0	0
50	1	0	814	720	721	591	0	0	0	0
51	1	0	814	719	721	588	0	0	0	0
52	1	0	813	719	722	587	0	0	0	0
53	1	0	813	721	723	587	0	0	0	0
54	1	0	812	719	723	586	0	0	0	0
55	1	0	812	719	724	587	0	0	0	0
56	1	0	810	719	724	587	0	0	0	0
57	1	0	809	718	724	590	0	0	0	0
58	1	0	809	718	725	589	0	0	0	0
59	1	0	808	718	725	589	0	0	0	0
60	1	0	808	717	726	586	0	0	0	0
61	1	0	807	716	725	583	0	0	0	0
62	1	0	807	716	725	586	0	0	0	0
63	1	0	808	715	728	581	0	0	0	0
64	1	0	808	715	727	580	0	0	0	0
65	1	0	808	714	727	579	0	0	0	0
66	1	0	808	713	727	578	0	0	0	0
67	1	0	808	713	727	579	0	0	0	0
68	1	0	810	712	727	577	0	0	0	0
69	1	0	809	711	726	577	0	0	0	0
70	1	0	811	711	726	562	0	0	0	0
71	1	0	811	711	726	564	0	0	0	0
72	1	0	811	710	725	558	0	0	0	0
73	1	0	812	709	725	555	0	0	0	0
74	1	0	813	709	725	547	0	0	0	0
75	1	0	813	709	724	545	0	0	0	0
76	1	0	815	708	724	541	0	0	0	0
77	1	0	816	708	723	543	0	0	0	0
78	1	0	817	707	723	545	0	0	0	0
79	1	0	818	705	722	543	0	0	0	0
80	1	0	818	706	721	538	0	0	0	0
81	1	0	820	705	720	538	0	0	0	0
82	1	0	821	705	719	523	0	0	0	0
83	1	0	822	704	719	520	0	0	0	0
84	1	0	824	703	718	523	0	0	0	0
85	1	0	825	702	717	525	0	0	0	0
86	1	0	827	701	717	526	0	0	0	0
87	1	0	827	700	715	522	0	0	0	0
88	1	0	829	700	715	519	0	0	0	0
89	1	0	829	699	713	520	0	0	0	0
90	1	0	831	698	713	513	0	0	0	0
91	1	0	831	697	712	514	0	0	0	0
92	1	0	830	697	711	517	0	0	0	0
93	1	0	831	696	712	526	0	0	0	0
94	1	0	832	695	711	523	0	0	0	0
95	1	0	833	695	711	528	0	0	0	0
96	1	0	831	695	710	533	0	0	0	0
97	1	0	831	693	710	535	0	0	0	0
98	1	0	831	694	710	534	0	0	0	0
99	1	0	830	693	709	530	0	0	0	0
100	1	0	829	693	709	531	0	0	0	0
101	1	0	830	692	710	526	0	0	0	0
102	1	0	828	692	709	528	0	0	0	0
103	1	0	828	691	708	526	0	0	0	0
104	1	0	827	691	710	517	0	0	0	0
105	1	0	826	691	710	514	0	0	0	0
106	1	0	827	691	710	514	0	0	0	0
107	1	0	826	690	709	512	0	0	0	0
108	1	0	826	690	710	513	0	0	0	0
109	1	0	827	691	709	515	0	0	0	0
110	1	0	827	690	708	512	0	0	0	0
111	1	0	827	692	707	514	0	0	0	0
112	1	0	827	690	708	501	0	0	0	0
113	1	0	827	690	709	499	0	0	0	0
114	1	0	826	689	707	501	0	0	0	0
115	1	0	825	689	706	499	0	0	0	0
116	1	0	825	689	707	509	0	0	0	0
117	1	0	822	689	707	509	0	0	0	0
118	1	0	825	689	706	506	0	0	0	0
119	1	0	824	688	705	507	0	0	0	0
120	1	0	825	688	705	520	0	0	0	0
121	1	0	826	688	705	520	0	0	0	0
122	1	0	826	687	705	525	0	0	0	0
123	1	0	825	686	704	525	0	0	0	0
124	1	0	824	686	705	526	0	0	0	0
125	1	0	825	686	704	526	0	0	0	0
126	1	0	825	687	703	524	0	0	0	0
127	1	0	826	686	704	529	0	0	0	0
0	1	0	826	685	703	530	0	0	0	0
1	1	0	825	685	701	530	0	0	0	0
2	1	0	825	683	701	533	0	0	0	0
3	1	0	824	682	701	533	0	0	0	0
4	1	0	824	681	699	535	0	0	0	0
5	1	0	823	681	699	534	0	0	0	0
6	1	0	823	681	699	535	0	0	0	0
7	1	0	822	679	698	536	0	0	0	0
8	1	0	822	678	697	534	0	0	0	0
9	1	0	822	679	697	535	0	0	0	0
10	1	0	824	678	696	535	0	0	0	0
11	1	0	822	678	697	538	0	0	0	0
12	1	0	823	678	696	534	0	0	0	0
13	1	0	823	679	696	528	0	0	0	0
14	1	0	821	678	695	536	0	0	0	0
15	1	0	824	678	695	537	0	0	0	0
16	1	0	823	678	695	535	0	0	0	0
17	1	0	822	679	694	528	0	0	0	0
18	1	0	821	678	694	528	0	0	0	0
19	1	0	820	677	694	525	0	0	0	0
20	1	0	818	677	694	531	0	0	0	0
21	1	0	817	677	694	532	0	0	0	0
22	1	0	819	679	694	528	0	0	0	0
23	1	0	817	678	694	529	0	0	0	0
24	1	0	817	679	695	529	0	0	0	0
25	1	0	816	680	696	531	0	0	0	0
26	1	0	816	680	696	533	0	0	0	0
27	1	0	815	680	695	547	0	0	0	0
28	1	0	815	681	695	548	0	0	0	0
29	1	0	814	680	696	537	0	0	0	0
30	1	0	814	682	697	538	0	0	0	0
31	1	0	814	681	696	539	0	0	0	0
32	1	0	815	682	696	540	0	0	0	0
33	1	0	814	683	696	540	0	0	0	0
34	1	0	813	683	697	539	0	0	0	0
35	1	0	813	685	698	544	0	0	0	0
36	1	0	812	686	698	546	0	0	0	0
37	1	0	813	687	699	541	0	0	0	0
38	1	0	811	687	699	550	0	0	0	0
39	1	0	811	688	700	557	0	0	0	0
40	1	0	810	689	701	560	0	0	0	0
41	1	0	810	689	703	570	0	0	0	0
42	1	0	809	690	703	573	0	0	0	0
43	1	0	810	690	703	574	0	0	0	0
44	1	0	810	691	703	578	0	0	0	0
45	1	0	809	691	704	585	0	0	0	0
46	1	0	809	692	703	584	0	0	0	0
47	1	0	811	693	703	586	0	0	0	0
48	1	0	812	694	703	587	0	0	0	0
49	1	0	812	693	704	587	0	0	0	0
50	1	0	812	695	703	599	0	0	0	0
51	1	0	813	695	702	604	0	0	0	0
52	1	0	813	694	702	607	0	0	0	0
53	1	0	812	696	702	610	0	0	0	0
54	1	0	813	696	702	609	0	0	0	0
55	1	0	814	698	702	608	0	0	0	0
56	1	0	814	699	703	610	0	0	0	0
57	1	0	814	699	702	609	0	0	0	0
58	1	0	814	700	702	610	0	0	0	0
59	1	0	815	701	701	613	0	0	0	0
60	1	0	815	702	701	612	0	0	0	0
61	1	0	816	703	702	613	0	0	0	0
62	1	0	816	704	703	615	0	0	0	0
63	1	0	817	705	703	619	0	0	0	0
64	1	0	818	706	703	617	0	0	0	0
65	1	0	818	708	703	620	0	0	0	0
66	1	0	819	708	702	622	0	0	0	0
67	1	0	820	709	701	622	0	0	0	0
68	1	0	822	711	700	624	0	0	0	0
69	1	0	822	709	699	627	0	0	0	0
70	1	0	824	711	699	628	0	0	0	0
71	1	0	823	709	698	629	0	0	0	0
72	1	0	825	710	699	629	0	0	0	0
73	1	0	826	711	697	628	0	0	0	0
74	1	0	826	710	696	633	0	0	0	0
75	1	0	826	710	696	640	0	0	0	0
76	1	0	828	709	695	645	0	0	0	0
77	1	0	827	706	694	644	0	0	0	0
78	1	0	827	703	692	645	0	0	0	0
79	1	0	827	701	691	652	0	0	0	0
80	1	0	827	698	690	694	0	0	0	0
81	1	0	826	696	690	715	0	0	0	0
82	1	0	829	696	688	719	0	0	0	0
83	1	0	829	694	687	723	0	0	0	0
84	1	0	830	693	686	726	0	0	0	0
85	1	0	831	691	687	722	0	0	0	0
86	1	0	830	689	684	728	0	0	0	0
87	1	0	830	689	686	747	0	0	0	0
88	1	0	830	688	683	762	0	0	0	0
89	1	0	830	685	683	770	0	0	0	0
90	1	0	829	682	682	774	0	0	0	0
91	1	0	829	680	681	777	0	0	0	0
92	1	0	829	677	680	784	0	0	0	0
93	1	0	829	675	677	770	0	0	0	0
94	1	0	828	672	678	771	0	0	0	0
95	1	0	826	669	676	770	0	0	0	0
96	1	0	826	666	677	772	0	0	0	0
97	1	0	824	663	675	777	0	0	0	0
98	1	0	822	659	674	784	0	0	0	0
99	1	0	822	658	674	793	0	0	0	0
100	1	0	821	655	674	796	0	0	0	0
101	1	0	821	655	675	804	0	0	0	0
102	1	0	821	655	674	814	0	0	0	0
103	1	0	821	656	675	818	0	0	0	0
104	1	0	819	657	675	822	0	0	0	0
105	1	0	820	655	675	818	0	0	0	0
106	1	0	818	657	677	823	0	0	0	0
107	1	0	817	656	678	841	0	0	0	0
108	1	0	817	654	678	833	0	0	0	0
109	1	0	816	652	678	840	0	0	0	0
110	1	0	816	650	677	861	0	0	0	0
111	1	0	817	650	677	877	0	0	0	0
112	1	0	818	649	677	885	0	0	0	0
113	1	0	818	648	677	893	0	0	0	0
114	1	0	817	648	676	882	0	0	0	0
115	1	0	818	647	677	883	0	0	0	0
116	1	0	817	643	677	895	0	0	0	0
117	1	0	816	643	675	897	0	0	0	0
118	1	0	818	639	675	898	0	0	0	0
119	1	0	819	639	677	907	0	0	0	0
120	1	0	819	637	676	911	0	0	0	0
121	1	0	822	635	677	924	0	0	0	0
122	1	0	822	633	676	928	0	0	0	0
123	1	0	822	632	675	932	0	0	0	0
124	1	0	822	630	677	932	0	0	0	0
125	1	0	821	627	675	940	0	0	1	0
126	1	0	824	626	674	943	0	0	0	0
127	1	0	824	624	674	955	0	0	0	0
0	1	0	825	624	672	961	0	0	0	0
1	1	0	826	621	670	977	0	0	0	0
2	1	0	827	619	669	993	0	0	0	0
3	1	0	828	617	668	1002	0	0	0	0
4	1	0	830	615	667	1004	0	0	0	0
5	1	0	829	614	666	1008	0	0	0	0
6	1	0	828	611	665	1027	0	0	0	0
7	1	0	831	610	664	1038	0	0	0	0
8	1	0	834	612	662	1043	0	0	0	0
9	1	0	836	610	662	1046	0	0	0	0
10	1	0	837	610	660	1054	0	0	0	0
11	1	0	840	609	659	1057	0	0	0	0
12	1	0	841	609	658	1059	0	0	0	0
13	1	0	844	610	658	1058	0	0	0	0
14	1	0	842	608	657	1062	0	0	0	0
15	1	0	844	608	656	1067	0	0	0	0
16	1	0	847	610	656	1068	0	0	0	0
17	1	0	848	611	656	1069	0	0	0	0
18	1	0	848	610	655	1071	0	0	0	0
19	1	0	848	612	655	1076	0	0	0	0
20	1	0	848	613	656	1093	0	0	0	0
21	1	0	851	615	654	1107	0	0	0	0
22	1	0	850	616	657	1110	0	0	0	0
23	1	0	850	618	657	1116	0	0	0	0
24	1	0	851	619	659	1116	0	0	0	0
25	1	0	849	619	657	1122	0	0	0	0
26	1	0	850	620	659	1128	0	0	0	0
27	1	0	849	620	658	1133	0	0	0	0
28	1	0	851	619	658	1145	0	0	0	0
29	1	0	852	620	659	1150	0	0	0	0
30	1	0	852	618	659	1154	0	0	0	0
31	1	0	852	617	659	1160	0	0	0	0
32	1	0	853	615	658	1160	0	0	0	0
33	1	0	855	616	658	1161	0	0	0	0
34	1	0	857	616	658	1169	0	0	0	0
35	1	0	858	618	657	1173	0	0	0	0
36	1	0	861	619	659	1176	0	0	0	0
37	1	0	859	620	659	1180	0	0	0	0
38	1	0	858	619	656	1185	0	0	0	0
39	1	0	861	620	656	1186	0	0	0	0
40	1	0	861	619	656	1213	0	0	0	0
41	1	0	862	621	655	1227	0	0	0	0
42	1	0	863	622	655	1243	0	0	0	0
43	1	0	863	623	654	1243	0	0	0	0
44	1	0	864	625	654	1245	0	0	0	0
45	1	0	864	624	651	1258	0	0	0	0
46	1	0	865	625	650	1271	0	0	0	0
47	1	0	865	627	647	1271	0	0	0	0
48	1	0	867	628	647	1281	0	0	0	0
49	1	0	867	628	647	1288	0	0	0	0
50	1	0	868	631	647	1293	0	0	0	0
51	1	0	867	632	646	1292	0	0	0	0
52	1	0	869	632	644	1294	0	0	0	0
53	1	0	870	632	644	1302	0	0	0	0
54	1	0	867	630	644	1307	0	0	0	0
55	1	0	868	631	645	1317	0	0	0	0
56	1	0	868	631	644	1321	0	0	0	0
57	1	0	867	632	646	1324	0	0	0	0
58	1	0	867	633	646	1326	0	0	0	0
59	1	0	865	633	648	1330	0	0	0	0
60	1	0	865	633	648	1329	0	0	0	0
61	1	0	867	633	648	1330	0	0	0	0
62	1	0	864	630	647	1336	0	0	0	0
63	1	0	863	629	648	1342	0	0	0	0
64	1	0	863	630	650	1345	0	0	0	0
65	1	0	863	632	652	1352	0	0	0	0
66	1	0	861	630	651	1357	0	0	0	0
67	1	0	861	630	653	1358	0	0	0	0
68	1	0	860	629	653	1359	0	0	0	0
69	1	0	860	630	654	1363	0	0	0	0
70	1	0	859	631	653	1367	0	0	0	0
71	1	0	858	632	654	1379	0	0	0	0
72	1	0	858	633	654	1386	0	0	0	0
73	1	0	858	634	655	1394	0	0	0	0
74	1	0	858	633	656	1403	0	0	0	0
75	1	0	859	635	658	1414	0	0	0	0
76	1	0	855	635	660	1425	0	0	0	0
77	1	0	857	634	661	1431	0	0	0	0
78	1	0	857	634	660	1440	0	0	0	0
79	1	0	856	630	660	1448	0	0	0	0
80	1	0	858	636	660	1452	0	0	0	0
81	1	0	860	631	660	1457	0	0	0	0
82	1	0	859	629	661	1462	0	0	0	0
83	1	0	860	627	661	1464	0	0	0	0
84	1	0	861	626	664	1475	0	0	0	0
85	1	0	860	626	664	1480	0	0	0	0
86	1	0	858	626	664	1492	0	0	0	0
87	1	0	858	625	664	1502	0	0	0	0
88	1	0	858	625	665	1512	0	0	0	0
89	1	0	859	624	664	1523	0	0	0	0
90	1	0	859	626	665	1536	0	0	0	0
91	1	0	856	625	665	1552	0	0	0	0
92	1	0	855	625	665	1557	0	0	0	0
93	1	0	853	625	665	1567	0	0	0	0
94	1	0	854	625	664	1577	0	0	0	0
95	1	0	851	626	665	1576	0	0	0	0
96	1	0	852	626	665	1575	0	0	0	0
97	1	0	852	626	664	1590	0	0	0	0
98	1	0	854	625	662	1601	0	0	0	0
99	1	0	855	625	663	1615	0	0	0	0
100	1	0	856	625	663	1619	0	0	0	0
101	1	0	856	623	661	1630	0	0	0	0
102	1	0	857	623	661	1624	0	0	0	0
103	1	0	857	620	658	1615	0	0	0	0
104	1	0	858	619	657	1612	0	0	0	0
105	1	0	858	617	657	1610	0	0	0	0
106	1	0	859	616	657	1614	0	0	0	0
107	1	0	859	616	656	1621	0	0	0	0
108	1	0	860	615	656	1627	0	0	0	0
109	1	0	860	615	657	1635	0	0	0	0
110	1	0	860	614	656	1639	0	0	0	0
111	1	0	860	614	655	1643	0	0	0	0
112	1	0	859	613	655	1646	0	0	0	0
113	1	0	858	612	654	1656	0	0	0	0
114	1	0	859	609	654	1663	0	0	0	0
115	1	0	857	607	655	1667	0	0	0	0
116	1	0	858	607	655	1667	0	0	0	0
117	1	0	858	604	654	1666	0	0	0	0
118	1	0	859	600	654	1666	0	0	0	0
119	1	0	860	598	654	1667	0	0	0	0
120	1	0	859	595	652	1671	0	0	0	0
121	1	0	860	592	651	1666	0	0	0	0
122	1	0	861	589	648	1661	0	0	0	0
123	1	0	861	586	645	1661	0	0	0	0
124	1	0	863	583	643	1662	0	0	0	0
125	1	0	864	580	641	1664	0	0	0	0
126	1	0	864	579	641	1669	0	0	0	0
127	1	0	867	578	641	1668	0	0	0	0
0	1	0	870	575	638	1672	0	0	0	0
1	1	0	871	572	637	1680	0	0	0	0
2	1	0	872	570	636	1679	0	0	0	0
3	1	0	873	569	636	1687	0	0	0	0
4	1	0	875	569	634	1691	0	0	0	0
5	1	0	876	568	633	1700	0	0	0	0
6	1	0	875	566	632	1704	0	0	0	0
7	1	0	877	563	630	1704	0	0	0	0
8	1	0	878	561	627	1710	0	0	0	0
9	1	0	879	561	627	1726	0	0	0	0
10	1	0	880	560	625	1734	0	0	0	0
11	1	0	882	559	624	1741	0	0	0	0
12	1	0	880	559	623	1744	0	0	0	0
13	1	0	882	558	622	1748	0	0	0	0
14	1	0	883	559	622	1755	0	0	0	0
15	1	0	884	558	621	1763	0	0	0	0
16	1	0	882	559	622	1769	0	0	0	0
17	1	0	882	558	621	1781	0	0	0	0
18	1	0	883	558	620	1794	0	0	0	0
19	1	0	883	558	620	1799	0	0	0	0
20	1	0	884	557	619	1805	0	0	0	0
21	1	0	883	556	621	1815	0	0	0	0
22	1	0	884	557	621	1826	0	0	0	0
23	1	0	886	558	622	1847	0	0	0	0
24	1	0	886	559	622	1862	0	0	0	0
25	1	0	886	558	623	1869	0	0	0	0
26	1	0	886	557	621	1878	0	0	0	0
27	1	0	886	556	619	1880	0	0	0	0
28	1	0	888	557	621	1891	0	0	0	0
29	1	0	889	558	623	1899	0	0	0	0
30	1	0	888	556	622	1905	0	0	0	0
31	1	0	889	555	623	1917	0	0	0	0
32	1	0	888	554	623	1921	0	0	0	0
33	1	0	889	553	622	1941	0	0	0	0
34	1	0	888	552	623	1953	0	0	0	0
35	1	0	887	550	621	1960	0	0	0	0
36	1	0	887	548	621	1969	0	0	0	0
37	1	0	887	548	621	1981	0	0	0	0
38	1	0	887	546	621	2001	0	0	0	0
39	1	0	886	545	621	2001	0	0	0	0
40	1	0	885	544	619	2008	0	0	0	0
41	1	0	885	542	621	2015	0	0	0	0
42	1	0	885	542	621	2008	0	0	0	0
43	1	0	885	540	621	2027	0	0	0	0
44	1	0	885	541	622	2034	0	0	0	0
45	1	0	885	540	621	2049	0	0	0	0
46	1	0	886	538	622	2074	0	0	0	0
47	1	0	886	538	622	2085	0	0	0	0
48	1	0	886	537	623	2101	0	0	0	0
49	1	0	886	538	623	2111	0	0	0	0
50	1	0	887	538	622	2115	0	0	0	0
51	1	0	886	539	623	2131	0	0	0	0
52	1	0	887	539	623	2145	0	0	0	0
53	1	0	889	539	621	2151	0	0	0	0
54	1	0	889	539	622	2159	0	0	0	0
55	1	0	890	540	623	2169	0	0	0	0
56	1	0	889	540	622	2174	0	0	0	0
57	1	0	889	540	622	2179	0	0	0	0
58	1	0	891	540	622	2197	0	0	0	0
59	1	0	892	541	622	2203	0	0	0	0
60	1	0	892	540	621	2215	0	0	0	0
61	1	0	895	542	622	2223	0	0	0	0
62	1	0	893	543	622	2227	0	0	0	0
63	1	0	894	543	621	2238	0	0	0	0
64	1	0	894	543	622	2244	0	0	0	0
65	1	0	895	544	622	2253	0	0	0	0
66	1	0	895	545	622	2257	0	0	0	0
67	1	0	899	545	621	2268	0	0	0	0
68	1	0	899	544	623	2279	0	0	0	0
69	1	0	900	547	623	2294	0	0	0	0
70	1	0	899	547	624	2296	0	0	0	0
71	1	0	900	547	623	2304	0	0	0	0
72	1	0	901	548	623	2304	0	0	0	0
73	1	0	901	549	624	2306	0	0	0	0
74	1	0	900	549	624	2319	0	0	0	0
75	1	0	901	550	625	2325	0	0	0	0
76	1	0	900	550	625	2334	0	0	0	0
77	1	0	900	551	624	2352	0	0	0	0
78	1	0	900	550	625	2365	0	0	0	0
79	1	0	900	551	624	2385	0	0	0	0
80	1	0	900	551	624	2402	0	0	0	0
81	1	0	901	551	624	2398	0	0	0	0
82	1	0	901	551	623	2408	0	0	0	0
83	1	0	901	549	621	2418	0	0	0	0
84	1	0	901	550	620	2422	0	0	0	0
85	1	0	900	551	619	2412	0	0	0	0
86	1	0	899	552	619	2415	0	0	0	0
87	1	0	900	551	619	2412	0	0	0	0
88	1	0	900	552	618	2414	0	0	0	0
89	1	0	900	552	617	2424	0	0	0	0
90	1	0	900	552	615	2431	0	0	0	0
91	1	0	901	551	616	2444	0	0	0	0
92	1	0	900	551	615	2451	0	0	0	0
93	1	0	900	552	613	2465	0	0	0	0
94	1	0	900	552	614	2465	0	0	0	0
95	1	0	899	551	612	2466	0	0	0	0
96	1	0	898	550	611	2469	0	0	0	0
97	1	0	898	550	610	2477	0	0	0	0
98	1	0	898	550	610	2484	0	0	0	0
99	1	0	898	550	609	2488	0	0	0	0
100	1	0	898	550	608	2487	0	0	0	0
101	1	0	898	549	608	2487	0	0	0	0
102	1	0	899	550	607	2487	0	0	0	0
103	1	0	899	549	607	2493	0	0	0	0
104	1	0	898	549	606	2500	0	0	0	0
105	1	0	897	548	605	2502	0	0	0	0
106	1	0	898	548	605	2503	0	0	0	0
107	1	0	899	548	603	2503	0	0	0	0
108	1	0	899	548	603	2508	0	0	0	0
109	1	0	899	547	601	2515	0	0	0	0
110	1	0	899	546	600	2517	0	0	0	0
111	1	0	898	546	600	2519	0	0	0	0
112	1	0	900	545	600	2523	0	0	0	0
113	1	0	899	545	600	2523	0	0	0	0
114	1	0	899	545	598	2522	0	0	0	0
115	1	0	900	545	598	2522	0	0	0	0
116	1	0	900	546	596	2525	0	0	0	0
117	1	0	902	546	596	2528	0	0	0	0
118	1	0	901	546	593	2529	0	0	0	0
119	1	0	901	546	593	2531	0	0	0	0
120	1	0	902	547	593	2525	0	0	0	0
121	1	0	902	547	592	2512	0	0	0	0
122	1	0	903	547	591	2518	0	0	0	0
123	1	0	903	546	591	2520	0	0	0	0
124	1	0	903	549	590	2521	0	0	0	0
125	1	0	902	549	588	2524	0	0	0	0
126	1	0	903	548	588	2535	0	0	0	0
127	1	0	902	548	587	2536	0	0	0	0
0	1	0	901	550	586	2540	0	0	0	0
1	1	0	901	550	586	2542	0	0	0	0
2	1	0	901	549	585	2543	0	0	0	0
3	1	0	900	550	585	2550	0	0	0	0
4	1	0	901	551	584	2553	0	0	0	0
5	1	0	900	553	584	2552	0	0	0	0
6	1	0	900	554	584	2555	0	0	0	0
7	1	0	899	553	583	2557	0	0	0	0
8	1	0	900	554	584	2560	0	0	0	0
9	1	0	901	555	582	2563	0	0	0	0
10	1	0	903	555	581	2569	0	0	0	0
11	1	0	904	556	582	2570	0	0	0	0
12	1	0	904	556	580	2575	0	0	0	0
13	1	0	903	555	580	2580	0	0	0	0
14	1	0	902	554	578	2591	0	0	0	0
15	1	0	902	554	578	2608	0	0	0	0
16	1	0	907	556	577	2618	0	0	0	0
17	1	0	906	556	576	2622	0	0	0	0
18	1	0	905	555	576	2627	0	0	0	0
19	1	0	907	553	574	2628	0	0	0	0
20	1	0	908	554	574	2631	0	0	0	0
21	1	0	908	554	572	2635	0	0	0	0
22	1	0	908	553	570	2642	0	0	0	0
23	1	0	910	554	570	2648	0	0	0	0
24	1	0	910	552	567	2651	0	0	0	0
25	1	0	911	551	566	2654	0	0	0	0
26	1	0	911	550	565	2656	0	0	0	0
27	1	0	912	551	563	2656	0	0	0	0
28	1	0	913	549	562	2657	0	0	0	0
29	1	0	915	549	561	2660	0	0	0	0
30	1	0	917	548	562	2662	0	0	0	0
31	1	0	918	545	560	2668	0	0	0	0
32	1	0	919	545	560	2667	0	0	0	0
33	1	0	919	543	557	2668	0	0	0	0
34	1	0	918	541	557	2672	0	0	0	0
35	1	0	919	541	555	2676	0	0	0	0
36	1	0	920	539	554	2682	0	0	0	0
37	1	0	920	539	552	2686	0	0	0	0
38	1	0	922	537	550	2687	0	0	0	0
39	1	0	922	535	550	2686	0	0	0	0
40	1	0	922	535	548	2688	0	0	0	0
41	1	0	922	532	548	2690	0	0	0	0
42	1	0	920	532	548	2689	0	0	0	0
43	1	0	919	531	547	2687	0	0	0	0
44	1	0	918	530	546	2688	0	0	0	0
45	1	0	916	530	547	2693	0	0	0	0
46	1	0	912	531	547	2697	0	0	0	0
47	1	0	911	532	548	2702	0	0	0	0
48	1	0	908	531	547	2703	0	0	0	0
49	1	0	905	532	548	2707	0	0	0	0
50	1	0	902	530	548	2709	0	0	0	0
51	1	0	896	529	549	2712	0	0	0	0
52	1	0	893	531	551	2718	0	0	0	0
53	1	0	891	530	553	2721	0	0	0	0
54	1	0	887	533	552	2725	0	0	0	0
55	1	0	884	532	555	2734	0	0	0	0
56	1	0	882	533	556	2734	0	0	0	0
57	1	0	879	534	558	2736	0	0	0	0
58	1	0	876	534	558	2744	0	0	0	0
59	1	0	872	532	559	2745	0	0	0	0
60	1	0	869	533	560	2745	0	0	0	0
61	1	0	867	532	562	2746	0	0	0	0
62	1	0	865	533	564	2758	0	0	0	0
63	1	0	864	533	566	2761	0	0	0	0
64	1	0	861	531	567	2765	0	0	0	0
65	1	0	860	532	568	2775	0	0	0	0
66	1	0	859	533	569	2783	0	0	0	0
67	1	0	858	533	571	2785	0	0	0	0
68	1	0	856	531	572	2781	0	0	0	0
69	1	0	855	530	573	2777	0	0	0	0
70	1	0	853	527	574	2781	0	0	0	0
71	1	0	853	527	575	2785	0	0	0	0
72	1	0	854	527	577	2786	0	0	0	0
73	1	0	852	529	578	2784	0	0	0	0
74	1	0	852	528	579	2787	0	0	0	0
75	1	0	851	528	579	2789	0	0	0	0
76	1	0	851	527	580	2789	0	0	0	0
77	1	0	850	527	580	2795	0	0	0	0
78	1	0	849	528	582	2794	0	0	0	0
79	1	0	846	528	583	2792	0	0	0	0
80	1	0	843	527	585	2797	0	0	0	0
81	1	0	842	527	586	2803	0	0	0	0
82	1	0	841	526	587	2812	0	0	0	0
83	1	0	840	525	589	2815	0	0	0	0
84	1	0	839	526	590	2818	0	0	0	0
85	1	0	837	527	591	2816	0	0	0	0
86	1	0	834	526	590	2814	0	0	0	0
87	1	0	833	525	592	2811	0	0	0	0
88	1	0	833	525	592	2811	0	0	0	0
89	1	0	831	525	592	2811	0	0	0	0
90	1	0	829	525	593	2811	0	0	0	0
91	1	0	828	524	592	2812	0	0	0	0
92	1	0	826	525	592	2813	0	0	0	0
93	1	0	825	526	593	2816	0	0	0	0
94	1	0	824	525	594	2816	0	0	0	0
95	1	0	826	525	595	2821	0	0	0	0
96	1	0	826	525	595	2816	0	0	0	0
97	1	0	826	525	596	2814	0	0	0	0
98	1	0	827	526	596	2816	0	0	0	0
99	1	0	830	527	597	2809	0	0	0	0
100	1	0	829	528	596	2808	0	0	0	0
101	1	0	829	528	597	2812	0	0	0	0
102	1	0	831	531	597	2814	0	0	0	0
103	1	0	831	530	597	2817	0	0	0	0
104	1	0	832	531	597	2817	0	0	0	0
105	1	0	832	532	596	2815	0	0	0	0
106	1	0	832	531	597	2810	0	0	0	0
107	1	0	834	532	596	2804	0	0	0	0
108	1	0	835	531	595	2798	0	0	0	0
109	1	0	836	532	596	2795	0	0	0	0
110	1	0	839	532	597	2784	0	0	0	0
111	1	0	839	535	596	2780	0	0	0	0
112	1	0	842	538	596	2772	0	0	0	0
113	1	0	843	540	597	2762	0	0	0	0
114	1	0	843	541	597	2763	0	0	0	0
115	1	0	843	544	597	2760	0	0	0	0
116	1	0	845	546	598	2752	0	0	0	0
117	1	0	845	549	599	2741	0	0	0	0
118	1	0	843	549	599	2720	0	0	0	0
119	1	0	845	552	600	2719	0	0	0	0
120	1	0	845	552	599	2725	0	0	0	0
121	1	0	845	554	600	2717	0	0	0	0
122	1	0	845	556	600	2681	0	0	0	0
123	1	0	844	558	600	2661	0	0	0	0
124	1	0	843	560	599	2639	0	0	0	0
125	1	0	845	562	600	2627	0	0	0	0
126	1	0	844	563	599	2616	0	0	0	0
127	1	0	845	565	600	2599	0	0	0	0
0	1	0	846	568	600	2558	0	0	0	0
1	1	0	847	572	601	2542	0	0	0	0
2	1	0	850	577	603	2539	0	0	0	0
3	1	0	850	581	604	2521	0	0	0	0
4	1	0	853	585	606	2506	0	0	0	0
5	1	0	856	589	609	2475	0	0	0	0
6	1	0	858	595	612	2470	0	0	0	0
7	1	0	860	601	616	2432	0	0	0	0
8	1	0	861	605	618	2361	0	0	0	0
9	1	0	863	608	622	2331	0	0	0	0
10	1	0	865	612	625	2304	0	0	0	0
11	1	0	864	614	628	2283	0	0	0	0
12	1	0	864	615	630	2262	0	0	0	0
13	1	0	863	615	632	2204	0	0	0	0
14	1	0	864	618	633	2143	0	0	0	0
15	1	0	864	620	636	2103	0	0	0	0
16	1	0	864	622	639	2080	0	0	0	0
17	1	0	862	625	639	2064	0	0	0	0
18	1	0	862	626	641	2038	0	0	0	0
19	1	0	861	628	643	2030	0	0	0	0
20	1	0	861	631	645	2009	0	0	0	0
21	1	0	860	634	646	1927	0	0	0	0
22	1	0	861	637	649	1883	0	0	0	0
23	1	0	861	640	651	1859	0	0	0	0
24	1	0	860	642	653	1806	0	0	0	0
25	1	0	858	645	654	1801	0	0	0	0
26	1	0	860	649	657	1733	0	0	0	0
27	1	0	858	653	659	1693	0	0	0	0
28	1	0	857	656	661	1638	0	0	0	0
29	1	0	858	660	663	1651	0	0	0	0
30	1	0	855	665	664	1618	0	0	0	0
31	1	0	854	667	667	1552	0	0	0	0
32	1	0	852	671	670	1473	0	0	0	0
33	1	0	850	675	671	1384	0	0	0	0
34	1	0	847	678	673	1339	0	0	0	0
35	1	0	847	683	677	1269	0	0	0	0
36	1	0	845	687	681	1205	0	0	0	0
37	1	0	844	692	683	1149	0	0	0	0
38	1	0	842	696	685	986	0	0	0	0
39	1	0	841	700	688	833	0	0	0	0
40	1	0	838	704	690	775	0	0	0	0
41	1	0	835	707	692	708	0	0	0	0
42	1	0	834	711	695	627	0	0	0	0
43	1	0	832	716	698	561	0	0	0	0
44	1	0	832	720	701	499	0	0	0	0
45	1	0	829	723	704	506	0	0	0	0
46	1	0	828	727	706	485	0	0	0	0
47	1	0	827	731	709	473	0	0	0	0
48	1	0	825	733	712	483	0	0	0	0
49	1	0	825	737	715	448	0	0	0	0
50	1	0	824	741	717	431	0	0	0	0
51	1	0	823	743	720	406	0	0	0	0
52	1	0	821	746	721	369	0	0	0	0
53	1	0	822	748	724	401	0	0	0	0
54	1	0	821	748	724	387	0	0	0	0
55	1	0	822	752	726	407	0	0	0	0
56	1	0	822	753	727	422	0	0	0	0
57	1	0	821	755	729	410	0	0	0	0
58	1	0	822	757	732	397	0	0	0	0
59	1	0	823	762	733	391	0	0	0	0
60	1	0	825	764	734	381	0	0	0	0
61	1	0	824	765	735	365	0	0	0	0
62	1	0	823	768	736	365	0	0	0	0
63	1	0	823	770	736	360	0	0	0	0
64	1	0	822	772	735	337	0	0	0	0
65	1	0	821	774	736	343	0	0	0	0
66	1	0	820	776	736	347	0	0	0	0
67	1	0	820	778	736	348	0	0	0	0
68	1	0	819	779	736	343	0	0	0	0
69	1	0	819	783	736	372	0	0	0	0
70	1	0	819	787	737	356	0	0	0	0
71	1	0	821	789	737	315	0	0	0	0
72	1	0	822	792	737	300	0	0	0	0
73	1	0	822	795	735	286	0	0	0	0
74	1	0	822	799	735	270	0	0	0	0
75	1	0	823	802	733	251	0	0	0	0
76	1	0	822	804	733	244	0	0	0	0
77	1	0	822	807	733	234	0	0	0	0
78	1	0	822	811	732	230	0	0	0	0
79	1	0	821	813	733	229	0	0	0	0
80	1	0	821	816	731	227	0	0	0	0
81	1	0	820	821	732	222	0	0	0	0
82	1	0	819	824	732	219	0	0	0	0
83	1	0	819	827	732	216	0	0	0	0
84	1	0	817	829	733	214	0	0	0	0
85	1	0	815	833	732	216	0	0	0	0
86	1	0	813	837	733	212	0	0	0	0
87	1	0	812	840	732	215	0	0	0	0
88	1	0	813	843	733	214	0	0	0	0
89	1	0	811	845	732	212	0	0	0	0
90	0	0	810	849	733	213	0	0	0	0
91	0	0	808	851	733	212	0	0	0	0
92	0	0	807	854	735	213	0	0	0	0
93	0	0	804	856	735	216	0	0	0	0
94	0	0	805	858	736	209	0	0	0	0
95	0	0	806	861	737	192	0	0	0	0
96	0	0	805	864	739	188	0	0	0	0
97	0	0	804	866	739	190	0	0	0	0
98	0	0	804	870	740	193	0	0	0	0
99	0	0	804	872	740	194	0	0	0	0
100	0	0	806	874	742	189	0	0	0	0
101	0	0	807	876	742	188	0	0	0	0
102	0	0	808	879	743	185	0	0	0	0
103	0	0	809	881	743	177	0	0	0	0
104	0	0	810	882	743	176	0	0	0	0
105	0	0	814	883	744	175	0	0	0	0
106	0	0	817	886	744	178	0	0	0	0
107	0	0	818	886	743	178	0	0	0	0
108	0	0	818	889	744	177	0	0	0	0
109	0	0	823	892	744	180	0	0	0	0
110	0	0	824	894	743	184	0	0	0	0
111	0	0	826	895	743	183	0	0	0	0
112	0	0	827	898	743	184	0	0	0	0
113	0	0	829	899	742	187	0	0	0	0
114	0	0	830	901	742	187	0	0	0	0
115	0	0	831	902	741	185	0	0	0	0
116	0	0	833	904	744	184	0	0	0	0
117	0	0	834	904	741	187	0	0	0	0
118	0	0	835	906	741	188	0	0	0	0
119	0	0	836	908	741	182	0	0	0	0
120	0	0	839	909	741	175	0	0	0	0
121	0	0	840	909	744	172	0	0	0	0
122	0	0	843	911	743	172	0	0	0	0
123	0	0	844	913	743	164	0	0	0	0
124	0	0	845	913	743	161	0	0	0	0
125	0	0	846	912	743	154	0	0	0	0
126	0	0	848	912	744	151	0	0	0	0
127	0	0	851	914	745	160	0	0	0	0
0	0	0	854	912	744	162	0	0	0	0
1	0	0	856	912	744	163	0	0	0	0
2	0	0	858	912	744	168	0	0	0	0
3	0	0	859	911	744	164	0	0	0	0
4	0	0	862	911	743	161	0	0	0	0
5	0	0	863	910	745	165	0	0	0	0
6	0	0	866	910	746	167	0	0	0	0
7	0	0	869	910	747	163	0	0	0	0
8	0	0	870	909	746	162	0	0	0	0
9	0	0	871	908	747	164	0	0	0	0
10	0	0	871	908	748	165	0	0	0	0
11	0	0	873	907	749	163	0	0	0	0
12	0	0	874	906	750	153	0	0	0	0
13	0	0	873	905	750	146	0	0	0	0
14	0	0	872	905	751	142	0	0	0	0
15	0	0	872	904	752	137	0	0	0	0
16	0	0	873	904	753	135	0	0	0	0
17	0	0	871	901	754	132	0	0	0	0
18	0	0	870	901	754	132	0	0	0	0
19	0	0	870	900	756	131	0	0	0	0
20	0	0	867	899	757	131	0	0	0	0
21	0	0	865	897	759	132	0	0	0	0
22	0	0	864	894	759	137	0	0	0	0
23	0	0	861	893	760	137	0	0	0	0
24	0	0	859	892	761	132	0	0	0	0
25	0	0	857	892	762	129	0	0	0	0
26	0	0	853	889	763	131	0	0	0	0
27	0	0	849	888	764	131	0	0	0	0
28	0	0	847	886	764	130	0	0	0	0
29	0	0	844	884	765	133	0	0	0	0
30	0	0	840	882	767	136	0	0	0	0
31	0	0	836	881	768	134	0	0	0	0
32	0	0	832	878	768	129	0	0	0	0
33	0	0	829	876	769	127	0	0	0	0
34	0	0	825	874	771	125	0	0	0	0
35	0	0	822	871	772	119	0	0	0	0
36	0	0	819	869	773	118	0	0	0	0
37	0	0	816	866	774	113	0	0	0	0
38	0	0	812	864	775	117	0	0	0	0
39	0	0	810	860	776	120	0	0	0	0
40	0	0	807	857	777	119	0	0	0	0
41	0	0	804	851	777	120	0	0	0	0
42	0	0	802	847	777	122	0	0	0	0
43	0	0	801	842	777	121	0	0	0	0
44	0	0	800	838	777	124	0	0	0	0
45	0	0	798	833	778	126	0	0	0	0
46	0	0	797	829	779	124	0	0	0	0
47	0	0	797	824	777	125	0	0	0	0
48	0	0	797	820	779	124	0	0	0	0
49	0	0	798	818	779	126	0	0	0	0
50	0	0	797	814	780	126	0	0	0	0
51	0	0	797	811	781	124	0	0	0	0
52	0	0	798	808	782	116	0	0	0	0
53	0	0	798	806	783	114	0	0	0	0
54	0	0	799	802	783	114	0	0	0	0
55	0	0	796	801	783	109	0	0	0	0
56	0	0	796	798	784	106	0	0	0	0
57	0	0	794	795	784	104	0	0	0	0
58	0	0	793	793	784	101	0	0	0	0
59	0	0	793	791	785	103	0	0	0	0
60	0	0	793	788	784	99	0	0	0	0
61	0	0	790	787	784	98	0	0	0	0
62	0	0	789	784	785	103	0	0	0	0
63	0	0	789	781	784	106	0	0	0	0
64	0	0	788	781	783	107	0	0	0	0
65	0	0	787	778	782	111	0	0	0	0
66	0	0	786	777	781	111	0	0	0	0
67	0	0	786	775	781	112	0	0	0	0
68	0	0	788	774	780	111	0	0	0	0
69	0	0	787	772	780	113	0	0	0	0
70	0	0	787	769	780	114	0	0	0	0
71	0	0	786	769	779	110	0	0	0	0
72	0	0	786	768	779	104	0	0	0	0
73	0	0	787	767	779	103	0	0	0	0
74	0	0	787	767	778	102	0	0	0	0
75	0	0	787	764	779	98	0	0	0	0
76	0	0	788	764	778	97	0	0	0	0
77	0	0	787	763	777	95	0	0	0	0
78	0	0	789	760	776	96	0	0	0	0
79	0	0	788	759	776	99	0	0	0	0
80	0	0	789	759	775	100	0	0	0	0
81	0	0	789	757	775	101	0	0	0	0
82	0	0	789	756	775	107	0	0	0	0
83	0	0	790	755	774	108	0	0	0	0
84	0	0	788	754	774	107	0	0	0	0
85	0	0	787	752	774	111	0	0	0	0
86	0	0	788	752	773	111	0	0	0	0
87	0	0	788	750	773	113	0	0	0	0
88	0	0	788	750	772	111	0	0	0	0
89	0	0	789	750	772	113	0	0	0	0
90	0	0	788	750	770	114	0	0	0	0
91	0	0	788	749	769	113	0	0	0	0
92	0	0	788	749	768	104	0	0	0	0
93	0	0	788	749	767	102	0	0	0	0
94	0	0	788	749	767	101	0	0	0	0
95	0	0	788	749	767	98	0	0	0	0
96	0	0	788	748	767	96	0	0	0	0
97	0	0	788	748	765	94	0	0	0	0
98	0	0	788	748	765	95	0	0	0	0
99	0	0	788	747	764	98	0	0	0	0
100	0	0	788	749	765	97	0	0	0	0
101	0	0	789	748	764	98	0	0	0	0
102	0	0	790	749	763	104	0	0	0	0
103	0	0	789	749	764	108	0	0	0	0
104	0	0	789	749	762	108	0	0	0	0
105	0	0	789	749	762	113	0	0	0	0
106	0	0	790	749	762	114	0	0	0	0
107	0	0	790	748	762	116	0	0	0	0
108	0	0	791	748	762	115	0	0	0	0
109	0	0	792	748	762	117	0	0	0	0
110	0	0	793	749	762	119	0	0	0	0
111	0	0	792	749	761	116	0	0	0	0
112	0	0	794	749	762	109	0	0	0	0
113	0	0	793	749	760	109	0	0	0	0
114	0	0	794	750	761	108	0	0	0	0
115	0	0	795	750	762	103	0	0	0	0
116	0	0	796	750	762	103	0	0	0	0
117	0	0	794	749	762	102	0	0	0	0
118	0	0	795	751	761	103	0	0	0	0
119	0	0	794	752	762	105	0	0	0	0
120	0	0	794	753	761	104	0	0	0	0
121	0	0	794	751	761	105	0	0	0	0
122	0	0	793	752	761	111	0	0	0	0
123	0	0	794	753	761	117	0	0	0	0
124	0	0	793	754	761	117	0	0	0	0
125	0	0	792	754	762	121	0	0	0	0
126	0	0	791	754	762	121	0	0	0	0
127	0	0	790	755	763	122	0	0	0	0
0	0	0	789	756	763	120	0	0	0	0
1	0	0	790	757	763	122	0	0	0	0
2	0	0	790	757	763	123	0	0	0	0
3	0	0	791	757	764	124	0	0	0	0
4	0	0	792	758	763	117	0	0	0	0
5	0	0	789	758	762	114	0	0	0	0
6	0	0	789	759	762	114	0	0	0	0
7	0	0	790	761	764	108	0	0	0	0
8	0	0	790	760	763	105	0	0	0	0
9	0	0	789	760	764	101	0	0	0	0
10	0	0	789	761	763	101	0	0	0	0
11	0	0	789	761	763	106	0	0	0	0
12	0	0	788	762	763	107	0	0	0	0
13	0	0	788	764	764	108	0	0	0	0
14	0	0	786	764	764	114	0	0	0	0
15	0	0	785	766	763	117	0	0	0	0
16	0	0	784	766	763	116	0	0	0	0
17	0	0	784	767	762	121	0	0	0	0
18	0	0	784	767	762	119	0	0	0	0
19	0	0	782	769	762	123	0	0	0	0
20	0	0	782	770	762	121	0	0	0	0
21	0	0	781	770	761	126	0	0	0	0
22	0	0	781	772	761	125	0	0	0	0
23	0	0	781	772	761	122	0	0	0	0
24	0	0	780	772	760	112	0	0	0	0
25	0	0	780	773	759	111	0	0	0	0
26	0	0	780	774	759	113	0	0	0	0
27	0	0	779	774	759	106	0	0	0	0
28	0	0	780	775	759	110	0	0	0	0
29	0	0	781	774	759	106	0	0	0	0
30	0	0	781	775	758	105	0	0	0	0
31	0	0	781	776	757	105	0	0	0	0
32	0	0	781	775	758	106	0	0	0	0
33	0	0	782	775	757	108	0	0	0	0
34	0	0	783	775	756	114	0	0	0	0
35	0	0	783	775	756	115	0	0	0	0
36	0	0	784	776	755	115	0	0	0	0
37	0	0	784	774	755	119	0	0	0	0
38	0	0	785	775	756	119	0	0	0	0
39	0	0	786	775	755	121	0	0	0	0
40	0	0	786	774	754	122	0	0	0	0
41	0	0	785	775	755	122	0	0	0	0
42	0	0	786	776	755	123	0	0	0	0
43	0	0	785	776	755	122	0	0	0	0
44	0	0	785	776	755	115	0	0	0	0
45	0	0	786	777	755	114	0	0	0	0
46	0	0	785	778	755	113	0	0	0	0
47	0	0	783	776	755	109	0	0	0	0
48	0	0	784	776	755	108	0	0	0	0
49	0	0	784	776	755	106	0	0	0	0
50	0	0	784	776	755	108	0	0	0	0
51	0	0	785	777	755	110	0	0	0	0
52	0	0	785	776	755	110	0	0	0	0
53	0	0	785	777	755	110	0	0	0	0
54	0	0	786	777	755	115	0	0	0	0
55	0	0	788	777	754	117	0	0	0	0
56	1	0	788	777	754	116	0	0	0	0
57	1	0	789	776	754	120	0	0	0	0
58	1	0	791	777	754	120	0	0	0	0
59	1	0	792	777	753	121	0	0	0	0
60	1	0	792	778	752	120	0	0	0	0
61	1	0	792	779	752	120	0	0	0	0
62	1	0	793	778	752	121	0	0	0	0
63	1	0	794	778	751	120	0	0	0	0
64	1	0	795	778	751	113	0	0	0	0
65	1	0	796	777	751	112	0	0	0	0
66	1	0	798	778	750	113	0	0	0	0
67	1	0	798	778	749	109	0	0	0	0
68	1	0	798	778	748	108	0	0	0	0
69	1	0	800	778	748	106	0	0	0	0
70	1	0	800	778	748	109	0	0	0	0
71	1	0	801	778	747	110	0	0	0	0
72	1	0	801	779	748	109	0	0	0	0
73	1	0	802	779	747	109	0	0	0	0
74	1	0	802	778	748	114	0	0	0	0
75	1	0	805	779	747	119	0	0	0	0
76	1	0	805	779	747	117	0	0	0	0
77	1	0	805	779	747	121	0	0	0	0
78	1	0	805	779	747	121	0	0	0	0
79	1	0	805	779	748	122	0	0	0	0
80	1	0	806	779	749	121	0	0	0	0
81	1	0	805	780	748	121	0	0	0	0
82	1	0	806	779	748	121	0	0	0	0
83	1	0	808	779	748	119	0	0	0	0
84	1	0	810	778	747	113	0	0	0	0
85	1	0	810	778	748	110	0	0	0	0
86	1	0	810	779	748	109	0	0	0	0
87	1	0	810	779	747	104	0	0	0	0
88	1	0	810	780	747	102	0	0	0	0
89	1	0	811	780	747	100	0	0	0	0
90	1	0	812	780	747	99	0	0	0	0
91	1	0	813	781	747	99	0	0	0	0
92	1	0	814	780	747	101	0	0	0	0
93	1	0	814	780	747	101	0	0	0	0
94	1	0	813	779	748	105	0	0	0	0
95	1	0	813	780	749	106	0	0	0	0
96	1	0	813	780	747	104	0	0	0	0
97	1	0	812	779	747	106	0	0	0	0
98	1	0	814	780	748	105	0	0	0	0
99	1	0	813	779	748	102	0	0	0	0
100	1	0	814	777	748	100	0	0	0	0
101	1	0	812	778	749	98	0	0	0	0
102	1	0	812	776	748	94	0	0	0	0
103	1	0	811	776	749	84	0	0	0	0
104	1	0	812	777	750	60	0	0	0	0
105	1	0	814	777	751	64	0	0	0	0
106	1	0	814	777	751	76	0	0	0	0
107	1	0	813	775	752	67	0	0	0	0
108	1	0	814	775	753	62	0	0	0	0
109	1	0	815	774	753	62	0	0	0	0
110	1	0	815	773	753	61	0	0	0	0
111	1	0	814	773	754	62	0	0	0	0
112	1	0	817	774	753	61	0	0	0	0
113	1	0	817	774	753	63	0	0	0	0
114	1	0	819	774	754	68	0	0	0	0
115	1	0	819	774	752	73	0	0	0	0
116	1	0	821	773	752	74	0	0	0	0
117	1	0	823	775	751	77	0	0	0	0
118	1	0	826	774	748	80	0	0	0	0
119	1	0	827	774	747	85	0	0	0	0
120	1	0	832	773	744	88	0	0	0	0
121	1	0	831	774	742	92	0	0	0	0
122	1	0	832	775	742	92	0	0	0	0
123	1	0	828	776	740	93	0	0	0	0
124	1	0	824	775	741	87	0	0	0	0
125	1	0	822	772	741	84	0	0	0	0
126	1	0	821	773	741	82	0	0	0	0
127	1	0	820	773	742	65	0	0	0	0
0	1	0	821	773	742	951	0	0	0	0
1	1	0	821	773	742	952	0	0	0	0
2	1	0	821	773	742	904	0	0	0	0
3	1	0	824	773	740	952	0	0	0	0
4	1	0	826	772	737	1111	0	0	0	0
5	1	0	829	774	735	1165	0	0	0	0
6	1	0	836	775	730	1281	0	0	0	0
7	1	0	838	776	725	1298	0	0	0	0
8	1	0	843	777	722	1252	0	0	0	0
9	1	0	845	778	718	1205	0	0	0	0
10	1	0	849	777	715	1084	0	0	0	0
11	1	0	852	778	713	1073	0	0	0	0
12	1	0	855	778	711	1058	0	0	0	0
13	1	0	858	778	708	980	0	0	0	0
14	1	0	864	778	703	927	0	0	0	0
15	1	0	868	777	696	905	0	0	0	0
16	1	0	872	777	689	920	0	0	0	0
17	1	0	876	777	683	912	0	0	0	0
18	1	0	877	779	675	950	0	0	0	0
19	1	0	877	779	668	926	0	0	0	0
20	1	0	878	779	663	871	0	0	0	0
21	1	0	878	781	658	821	0	0	0	0
22	1	0	873	782	653	765	0	0	0	0
23	1	0	873	783	649	635	0	0	0	0
24	1	0	874	784	642	621	0	0	0	0
25	1	0	875	785	637	616	0	0	0	0
26	1	0	882	787	628	559	0	0	0	0
27	1	0	892	792	608	644	0	0	0	0
28	1	0	911	796	584	619	0	0	0	0
29	1	0	936	799	556	550	0	0	0	0
30	1	0	980	804	525	529	0	0	0	0
31	1	0	1047	806	493	588	0	0	0	0
32	1	0	1126	806	469	606	0	0	0	0
33	1	0	1211	802	448	582	0	0	0	0
34	1	0	1302	792	426	587	0	0	0	0
35	1	0	1384	771	406	609	0	0	0	0
36	1	0	1431	741	387	586	0	0	0	0
37	1	0	1429	706	366	496	0	0	0	0
38	1	0	1386	669	341	571	0	0	0	0
39	1	0	1317	636	314	548	0	0	0	0
40	1	0	1245	620	288	464	0	0	0	0
41	1	0	1178	617	274	456	0	0	0	0
42	1	0	1123	616	286	464	0	0	0	0
43	1	0	1074	614	317	442	0	0	0	0
44	1	0	1040	614	345	373	0	0	0	0
45	1	0	1025	622	366	389	0	0	0	0
46	1	0	1025	633	373	405	0	0	0	0
47	1	0	1027	643	368	330	0	0	0	0
48	1	0	1026	643	358	344	0	0	0	0
49	1	0	1013	626	342	381	0	0	0	0
50	1	0	980	602	327	431	0	0	0	0
51	1	0	933	573	322	476	0	0	0	0
52	1	0	878	535	322	539	0	0	0	0
53	1	0	815	476	339	555	0	0	0	0
54	1	0	742	409	367	601	0	0	0	0
55	1	0	664	349	405	643	0	0	0	0
56	1	0	585	307	454	755	0	0	0	0
57	1	0	519	282	508	768	0	0	0	0
58	1	0	475	262	559	917	0	0	0	0
59	1	0	442	240	607	958	0	0	0	0
60	1	0	419	222	656	954	0	0	0	0
61	1	0	410	203	701	987	0	0	0	0
62	1	0	405	179	732	1047	0	0	0	0
63	1	0	411	160	748	1162	0	0	0	0
64	1	0	404	134	750	1213	0	0	0	0
65	1	0	411	119	745	1197	0	0	0	0
66	1	0	441	102	747	1211	0	0	0	0
67	1	0	461	87	751	1264	0	0	0	0
68	1	0	475	71	759	1348	0	0	0	0
69	1	0	495	68	762	1397	0	0	0	0
70	1	0	530	86	760	1437	0	0	0	0
71	1	0	565	104	751	1508	0	0	0	0
72	1	0	605	120	738	1533	0	0	0	0
73	1	0	645	129	732	1560	0	0	0	0
74	1	0	690	138	723	1598	0	0	0	0
75	1	0	741	145	712	1627	0	0	0	0
76	1	0	791	156	697	1629	0	0	0	0
77	1	0	839	180	682	1648	0	0	0	0
78	1	0	880	163	665	1607	0	0	0	0
79	1	0	914	147	650	1639	0	0	0	0
80	1	0	944	136	634	1656	0	0	0	0
81	1	0	964	126	616	1641	0	0	0	0
82	1	0	978	115	598	1661	0	0	0	0
83	1	0	984	108	581	1673	0	0	0	0
84	1	0	980	96	564	1684	0	0	0	0
85	1	0	968	81	550	1714	0	0	0	0
86	1	0	946	63	531	1769	0	0	0	0
87	1	0	923	50	517	1799	0	0	0	0
88	1	0	893	40	502	1817	0	0	0	0
89	1	0	861	35	492	1848	0	0	0	0
90	1	0	827	31	486	1830	0	0	0	0
91	1	0	795	31	482	1818	0	0	0	0
92	1	0	765	31	484	1831	0	0	0	0
93	1	0	740	37	486	1820	0	0	0	0
94	1	0	715	47	488	1828	0	0	0	0
95	1	0	696	60	488	1838	0	0	0	0
96	1	0	679	77	490	1843	0	0	0	0
97	1	0	665	92	490	1835	0	0	0	0
98	1	0	657	107	492	1830	0	0	0	0
99	1	0	657	126	496	1828	0	0	0	0
100	1	0	663	147	501	1831	0	0	0	0
101	1	0	674	172	507	1807	0	0	0	0
102	1	0	692	201	520	1785	0	0	0	0
103	1	0	710	228	533	1755	0	0	0	0
104	1	0	727	253	543	1743	0	0	0	0
105	1	0	741	274	553	1711	0	0	0	0
106	1	0	751	293	563	1706	0	0	0	0
107	1	0	760	309	574	1696	0	0	0	0
108	1	0	769	323	584	1696	0	0	0	0
109	1	0	776	336	596	1697	0	0	0	0
110	1	0	785	347	606	1676	0	0	0	0
111	1	0	793	356	615	1641	0	0	0	0
112	1	0	807	366	622	1630	0	0	0	0
113	1	0	821	378	629	1622	0	0	0	0
114	1	0	831	392	634	1610	0	0	0	0
115	1	0	840	405	641	1606	0	0	0	0
116	1	0	846	421	647	1608	0	0	0	0
117	1	0	847	432	653	1611	0	0	0	0
118	1	0	842	444	657	1600	0	0	0	0
119	1	0	833	457	665	1577	0	0	0	0
120	1	0	821	471	669	1545	0	0	0	0
121	1	0	807	484	675	1514	0	0	0	0
122	1	0	789	501	680	1480	0	0	0	0
123	1	0	771	518	683	1462	0	0	0	0
124	1	0	757	531	686	1458	0	0	0	0
125	1	0	741	545	690	1436	0	0	0	0
126	1	0	727	558	692	1424	0	0	0	0
127	1	0	714	569	693	1425	0	0	0	0
0	1	0	705	579	695	1426	0	0	0	0
1	1	0	698	586	697	1400	0	0	0	0
2	1	0	694	590	698	1382	0	0	0	0
3	1	0	691	593	698	1368	0	0	0	0
4	1	0	693	596	698	1379	0	0	0	0
5	1	0	697	599	699	1346	0	0	0	0
6	1	0	703	601	701	1334	0	0	0	0
7	1	0	710	604	701	1325	0	0	0	0
8	1	0	717	605	701	1312	0	0	0	0
9	1	0	724	605	699	1300	0	0	0	0
10	1	0	733	610	699	1294	0	0	0	0
11	1	0	741	609	695	1279	0	0	0	0
12	1	0	749	611	692	1267	0	0	0	0
13	1	0	756	614	690	1227	0	0	0	0
14	1	0	763	618	687	1244	0	0	0	0
15	1	0	768	620	682	1119	0	0	0	0
16	1	0	773	623	678	1100	0	0	0	0
17	1	0	777	624	673	1054	0	0	0	0
18	1	0	779	625	670	995	0	0	0	0
19	1	0	781	628	664	971	0	0	0	0
20	1	0	785	630	660	952	0	0	0	0
21	1	0	786	632	657	929	0	0	0	0
22	1	0	787	633	655	899	0	0	0	0
23	1	0	789	636	653	860	0	0	0	0
24	1	0	789	641	651	841	0	0	0	0
25	1	0	792	643	650	830	0	0	0	0
26	1	0	791	646	650	821	0	0	0	0
27	1	0	790	647	649	775	0	0	0	0
28	1	0	789	647	651	769	0	0	0	0
29	1	0	787	652	651	744	0	0	0	0
30	1	0	786	652	654	707	0	0	0	0
31	1	0	782	654	655	681	0	0	0	0
32	1	0	780	655	656	664	0	0	0	0
33	1	0	777	655	658	641	0	0	0	0
34	1	0	774	653	661	609	0	0	0	0
35	1	0	771	651	663	592	0	0	0	0
36	1	0	769	650	665	542	0	0	0	0
37	1	0	765	649	666	512	0	0	0	0
38	1	0	762	647	669	509	0	0	0	0
39	1	0	761	644	671	488	0	0	0	0
40	1	0	760	641	673	499	0	0	0	0
41	1	0	760	638	674	486	0	0	0	0
42	1	0	761	634	677	487	0	0	0	0
43	1	0	763	632	678	560	0	0	0	0
44	1	0	764	628	679	561	0	0	0	0
45	1	0	766	625	680	506	0	0	0	0
46	1	0	767	622	681	492	0	0	0	0
47	1	0	772	619	682	450	0	0	0	0
48	1	0	774	618	682	444	0	0	0	0
49	1	0	777	614	683	416	0	0	0	0
50	1	0	781	610	684	420	0	0	0	0
51	1	0	786	608	682	438	0	0	0	0
52	1	0	789	605	682	433	0	0	0	0
53	1	0	792	603	682	394	0	0	0	0
54	1	0	793	600	682	398	0	0	0	0
55	1	0	796	598	682	371	0	0	0	0
56	1	0	798	597	682	346	0	0	0	0
57	1	0	798	594	681	317	0	0	0	0
58	1	0	800	591	681	260	0	0	0	0
59	1	0	802	589	680	289	0	0	0	0
60	1	0	805	586	678	262	0	0	0	0
61	1	0	807	583	678	247	0	0	0	0
62	1	0	808	582	678	236	0	0	0	0
63	1	0	811	581	677	252	0	0	0	0
64	1	0	813	578	676	259	0	0	0	0
65	1	0	812	577	675	247	0	0	0	0
66	1	0	814	577	674	205	0	0	0	0
67	1	0	816	574	672	248	0	0	0	0
68	1	0	817	575	671	240	0	0	0	0
69	1	0	818	573	670	207	0	0	0	0
70	1	0	818	572	669	205	0	0	0	0
71	1	0	820	571	668	210	0	0	0	0
72	1	0	819	571	667	172	0	0	0	0
73	1	0	820	571	666	198	0	0	0	0
74	1	0	820	573	665	207	0	0	0	0
75	1	0	821	574	665	245	0	0	0	0
76	1	0	820	575	663	255	0	0	0	0
77	1	0	821	576	664	255	0	0	0	0
78	1	0	821	577	661	273	0	0	0	0
79	1	0	820	579	660	279	0	0	0	0
80	1	0	821	582	660	271	0	0	0	0
81	1	0	822	584	660	265	0	0	0	0
82	1	0	822	585	658	261	0	0	0	0
83	1	0	822	585	658	247	0	0	0	0
84	1	0	821	588	657	254	0	0	0	0
85	1	0	823	591	657	233	0	0	0	0
86	1	0	824	594	657	274	0	0	0	0
87	1	0	826	591	659	274	0	0	0	0
88	1	0	825	606	658	261	0	0	0	0
89	1	0	821	607	659	236	0	0	0	0
90	1	0	821	608	659	246	0	0	0	0
91	1	0	821	611	659	248	0	0	0	0
92	1	0	823	616	661	250	0	0	0	0
93	1	0	823	620	664	252	0	0	0	0
94	1	0	822	625	664	265	0	0	0	0
95	1	0	826	630	667	265	0	0	0	0
96	1	0	824	635	668	268	0	0	0	0
97	1	0	823	641	669	264	0	0	0	0
98	1	0	821	645	671	266	0	0	0	0
99	1	0	822	650	673	286	0	0	0	0
100	1	0	820	654	674	322	0	0	0	0
101	1	0	818	660	676	338	0	0	0	0
102	1	0	817	665	678	333	0	0	0	0
103	1	0	817	669	679	327	0	0	0	0
104	1	0	817	674	681	363	0	0	0	0
105	1	0	816	679	682	386	0	0	0	0
106	1	0	816	683	685	388	0	0	0	0
107	1	0	816	689	687	398	0	0	0	0
108	1	0	816	693	689	368	0	0	0	0
109	1	0	814	698	690	375	0	0	0	0
110	1	0	812	704	692	373	0	0	0	0
111	1	0	812	708	693	373	0	0	0	0
112	1	0	812	712	696	368	0	0	0	0
113	1	0	811	717	698	382	0	0	0	0
114	1	0	810	722	699	383	0	0	0	0
115	1	0	812	727	702	384	0	0	0	0
116	1	0	810	731	704	378	0	0	0	0
117	1	0	810	734	705	397	0	0	0	0
118	1	0	809	739	706	379	0	0	0	0
119	1	0	808	743	709	388	0	0	0	0
120	1	0	808	747	712	392	0	0	0	0
121	1	0	807	751	713	389	0	0	0	0
122	1	0	806	752	715	380	0	0	0	0
123	1	0	803	756	717	379	0	0	0	0
124	1	0	803	759	719	381	0	0	0	0
125	1	0	802	762	720	385	0	0	0	0
126	1	0	802	765	722	382	0	0	0	0
127	1	0	799	764	724	381	0	0	0	0
0	1	0	800	768	725	378	0	0	0	0
1	1	0	799	770	728	382	0	0	0	0
2	1	0	801	773	730	388	0	0	0	0
3	1	0	799	776	731	392	0	0	0	0
4	1	0	800	777	733	395	0	0	0	0
5	1	0	800	779	735	408	0	0	0	0
6	1	0	800	781	736	419	0	0	0	0
7	1	0	799	780	737	429	0	0	0	0
8	1	0	800	781	739	430	0	0	0	0
9	1	0	800	782	738	429	0	0	0	0
10	1	0	802	783	739	425	0	0	0	0
11	1	0	802	784	739	429	0	0	0	0
12	1	0	803	786	738	430	0	0	0	0
13	1	0	803	786	740	440	0	0	0	0
14	1	0	804	786	742	447	0	0	0	0
15	1	0	804	786	741	450	0	0	0	0
16	1	0	803	784	742	450	0	0	0	0
17	1	0	804	784	742	454	0	0	0	0
18	1	0	804	782	743	456	0	0	0	0
19	1	0	805	781	742	460	0	0	0	0
20	1	0	806	782	742	464	0	0	0	0
21	1	0	807	780	742	459	0	0	0	0
22	1	0	808	779	742	448	0	0	0	0
23	1	0	808	778	743	461	0	0	0	0
24	1	0	808	777	742	451	0	0	0	0
25	1	0	809	777	742	453	0	0	0	0
26	1	0	809	777	742	443	0	0	0	0
27	1	0	810	776	743	444	0	0	0	0
28	1	0	811	775	743	448	0	0	0	0
29	1	0	811	775	742	435	0	0	0	0
30	1	0	811	774	742	427	0	0	0	0
31	1	0	813	774	742	432	0	0	0	0
32	1	0	813	773	741	431	0	0	0	0
33	1	0	814	774	740	424	0	0	0	0
34	1	0	814	772	740	411	0	0	0	0
35	1	0	814	771	740	402	0	0	0	0
36	1	0	815	770	740	411	0	0	0	0
37	1	0	815	770	740	425	0	0	0	0
38	1	0	815	769	739	432	0	0	0	0
39	1	0	815	767	739	431	0	0	0	0
40	1	0	815	768	738	427	0	0	0	0
41	1	0	815	768	738	430	0	0	0	0
42	1	0	817	768	738	413	0	0	0	0
43	1	0	816	768	739	410	0	0	0	0
44	1	0	816	768	739	408	0	0	0	0
45	1	0	816	769	738	422	0	0	0	0
46	1	0	817	769	738	425	0	0	0	0
47	1	0	816	769	737	423	0	0	0	0
48	1	0	817	767	739	422	0	0	0	0
49	1	0	818	766	738	418	0	0	0	0
50	1	0	818	766	737	422	0	0	0	0
51	1	0	817	765	737	424	0	0	0	0
52	1	0	817	765	737	420	0	0	0	0
53	1	0	818	764	738	422	0	0	0	0
54	1	0	818	764	737	422	0	0	0	0
55	1	0	818	763	736	424	0	0	0	0
56	1	0	819	763	735	424	0	0	0	0
57	1	0	819	761	735	426	0	0	0	0
58	1	0	821	761	733	431	0	0	0	0
59	1	0	822	759	733	433	0	0	0	0
60	1	0	821	758	732	424	0	0	0	0
61	1	0	822	757	730	412	0	0	0	0
62	1	0	823	756	729	413	0	0	0	0
63	1	0	823	756	727	423	0	0	0	0
64	1	0	823	755	726	432	0	0	0	0
65	1	0	823	753	726	441	0	0	0	0
66	1	0	826	752	723	446	0	0	0	0
67	1	0	825	751	723	451	0	0	0	0
68	1	0	826	749	721	450	0	0	0	0
69	1	0	826	747	719	451	0	0	0	0
70	1	0	827	747	717	457	0	0	0	0
71	1	0	826	746	716	460	0	0	0	0
72	1	0	828	744	713	463	0	0	0	0
73	1	0	828	742	713	466	0	0	0	0
74	1	0	827	740	710	471	0	0	0	0
75	1	0	827	739	708	471	0	0	0	0
76	1	0	826	737	707	471	0	0	0	0
77	1	0	826	735	705	468	0	0	0	0
78	1	0	827	733	702	467	0	0	0	0
79	1	0	826	731	701	454	0	0	0	0
80	1	0	825	729	698	445	0	0	0	0
81	1	0	825	727	697	438	0	0	0	0
82	1	0	824	725	696	467	0	0	0	0
83	1	0	824	723	694	466	0	0	0	0
84	1	0	823	720	692	471	0	0	0	0
85	1	0	821	718	690	463	0	0	0	0
86	1	0	822	715	690	462	0	0	0	0
87	1	0	820	712	689	462	0	0	0	0
88	1	0	819	709	687	461	0	0	0	0
89	1	0	818	706	685	470	0	0	0	0
90	1	0	815	702	684	458	0	0	0	0
91	1	0	816	698	682	451	0	0	0	0
92	1	0	814	695	682	470	0	0	0	0
93	1	0	813	692	679	471	0	0	0	0
94	1	0	811	688	679	473	0	0	0	0
95	1	0	809	684	678	479	0	0	0	0
96	1	0	809	680	678	484	0	0	0	0
97	1	0	805	676	677	474	0	0	0	0
98	1	0	803	672	676	474	0	0	0	0
99	1	0	802	667	675	469	0	0	0	0
100	1	0	800	664	673	463	0	0	0	0
101	1	0	798	658	673	460	0	0	0	0
102	1	0	794	652	672	465	0	0	0	0
103	1	0	791	647	670	461	0	0	0	0
104	1	0	789	642	669	457	0	0	0	0
105	1	0	786	637	670	451	0	0	0	0
106	1	0	782	631	669	459	0	0	0	0
107	1	0	779	628	670	469	0	0	0	0
108	1	0	775	624	671	476	0	0	0	0
109	1	0	773	619	671	479	0	0	0	0
110	1	0	771	617	672	483	0	0	0	0
111	1	0	770	611	672	484	0	0	0	0
112	1	0	769	607	673	486	0	0	0	0
113	1	0	767	603	674	486	0	0	0	0
114	1	0	767	599	674	492	0	0	0	0
115	1	0	766	594	675	499	0	0	0	0
116	1	0	766	591	674	505	0	0	0	0
117	1	0	767	586	675	512	0	0	0	0
118	1	0	766	584	675	507	0	0	0	0
119	1	0	767	580	676	505	0	0	0	0
120	1	0	768	577	676	500	0	0	0	0
121	1	0	767	573	676	510	0	0	0	0
122	1	0	771	570	677	521	0	0	0	0
123	1	0	772	567	676	518	0	0	0	0
124	1	0	775	565	677	505	0	0	0	0
125	1	0	778	563	677	507	0	0	0	0
126	1	0	782	561	676	512	0	0	0	0
127	1	0	784	558	675	514	0	0	0	0
0	1	0	787	556	675	506	0	0	0	0
1	1	0	790	553	674	504	0	0	0	0
2	1	0	794	552	674	503	0	0	0	0
3	1	0	797	550	673	512	0	0	0	0
4	1	0	798	549	673	514	0	0	0	0
5	1	0	801	548	671	514	0	0	0	0
6	1	0	804	548	670	520	0	0	0	0
7	1	0	805	547	669	522	0	0	0	0
8	1	0	806	547	669	521	0	0	0	0
9	1	0	807	546	668	520	0	0	0	0
10	1	0	808	545	667	517	0	0	0	0
11	1	0	809	545	667	509	0	0	0	0
12	1	0	809	546	667	510	0	0	0	0
13	1	0	809	548	667	508	0	0	0	0
14	1	0	809	549	667	516	0	0	0	0
15	1	0	809	548	667	506	0	0	0	0
16	1	0	810	550	668	504	0	0	0	0
17	1	0	810	552	669	504	0	0	0	0
18	1	0	810	553	669	507	0	0	0	0
19	1	0	810	555	671	508	0	0	0	0
20	1	0	811	557	670	514	0	0	0	0
21	1	0	811	561	672	517	0	0	0	0
22	1	0	812	563	673	531	0	0	0	0
23	1	0	812	566	674	534	0	0	0	0
24	1	0	812	569	676	522	0	0	0	0
25	1	0	813	572	677	521	0	0	0	0
26	1	0	814	575	678	508	0	0	0	0
27	1	0	814	579	678	496	0	0	0	0
28	1	0	815	581	679	512	0	0	0	0
29	1	0	816	584	680	518	0	0	0	0
30	1	0	817	587	681	518	0	0	0	0
31	1	0	816	590	683	515	0	0	0	0
32	1	0	817	593	683	525	0	0	0	0
33	1	0	818	596	683	525	0	0	0	0
34	1	0	818	599	682	531	0	0	0	0
35	1	0	819	603	683	527	0	0	0	0
36	1	0	818	605	683	523	0	0	0	0
37	1	0	819	608	684	523	0	0	0	0
38	1	0	820	612	684	520	0	0	0	0
39	1	0	820	614	684	513	0	0	0	0
40	1	0	821	617	685	510	0	0	0	0
41	1	0	820	619	684	509	0	0	0	0
42	1	0	820	622	684	514	0	0	0	0
43	1	0	820	625	685	525	0	0	0	0
44	1	0	819	626	686	527	0	0	0	0
45	1	0	819	629	685	532	0	0	0	0
46	1	0	820	631	686	527	0	0	0	0
47	1	0	817	633	687	527	0	0	0	0
48	1	0	817	635	687	534	0	0	0	0
49	1	0	816	637	688	525	0	0	0	0
50	1	0	815	638	688	522	0	0	0	0
51	1	0	814	638	689	520	0	0	0	0
52	1	0	813	641	690	521	0	0	0	0
53	1	0	811	643	690	523	0	0	0	0
54	1	0	810	645	691	521	0	0	0	0
55	1	0	808	646	692	520	0	0	0	0
56	1	0	808	647	693	514	0	0	0	0
57	1	0	806	648	694	508	0	0	0	0
58	1	0	807	649	695	505	0	0	0	0
59	1	0	804	650	697	503	0	0	0	0
60	1	0	803	651	696	503	0	0	0	0
61	1	0	802	651	698	507	0	0	0	0
62	1	0	801	653	699	519	0	0	0	0
63	1	0	800	652	701	519	0	0	0	0
64	1	0	799	653	702	529	0	0	0	0
65	1	0	797	653	702	530	0	0	0	0
66	1	0	797	653	704	532	0	0	0	0
67	1	0	797	654	704	534	0	0	0	0
68	1	0	797	654	705	537	0	0	0	0
69	1	0	797	655	706	536	0	0	0	0
70	1	0	796	655	707	537	0	0	0	0
71	1	0	797	654	706	538	0	0	0	0
72	1	0	796	655	707	534	0	0	0	0
73	1	0	795	655	708	535	0	0	0	0
74	1	0	795	655	708	526	0	0	0	0
75	1	0	796	655	709	533	0	0	0	0
76	1	0	795	655	709	538	0	0	0	0
77	1	0	794	655	708	530	0	0	0	0
78	1	0	794	656	709	523	0	0	0	0
79	1	0	794	656	709	521	0	0	0	0
80	1	0	792	655	709	536	0	0	0	0
81	1	0	792	655	709	535	0	0	0	0
82	1	0	792	655	709	543	0	0	0	0
83	1	0	792	655	707	533	0	0	0	0
84	1	0	792	655	709	538	0	0	0	0
85	1	0	793	655	708	541	0	0	0	0
86	1	0	793	656	708	547	0	0	0	0
87	1	0	792	655	708	564	0	0	0	0
88	1	0	791	655	708	548	0	0	0	0
89	1	0	792	655	707	547	0	0	0	0
90	1	0	792	655	708	541	0	0	0	0
91	1	0	791	654	707	539	0	0	0	0
92	1	0	791	654	707	536	0	0	0	0
93	1	0	792	653	708	537	0	0	0	0
94	1	0	793	654	708	539	0	0	0	0
95	1	0	792	654	707	539	0	0	0	0
96	1	0	792	653	707	539	0	0	0	0
97	1	0	791	653	706	533	0	0	0	0
98	1	0	792	653	707	535	0	0	0	0
99	1	0	793	653	706	538	0	0	0	0
100	1	0	793	653	705	538	0	0	0	0
101	1	0	793	653	706	538	0	0	0	0
102	1	0	792	653	706	540	0	0	0	0
103	1	0	794	653	706	544	0	0	0	0
104	1	0	794	652	706	552	0	0	0	0
105	1	0	794	652	707	558	0	0	0	0
106	1	0	794	652	706	555	0	0	0	0
107	1	0	795	652	706	548	0	0	0	0
108	1	0	796	652	706	549	0	0	0	0
109	1	0	795	652	707	553	0	0	0	0
110	1	0	795	652	705	544	0	0	0	0
111	1	0	795	651	706	543	0	0	0	0
112	1	0	797	651	706	538	0	0	0	0
113	1	0	796	652	704	543	0	0	0	0
114	1	0	797	652	705	535	0	0	0	0
115	1	0	797	651	704	533	0	0	0	0
116	1	0	797	651	704	535	0	0	0	0
117	1	0	798	651	705	523	0	0	0	0
118	1	0	798	651	705	523	0	0	0	0
119	1	0	798	651	705	519	0	0	0	0
120	1	0	798	651	705	519	0	0	0	0
121	1	0	797	651	704	522	0	0	0	0
122	1	0	797	651	705	526	0	0	0	0
123	1	0	797	651	705	526	0	0	0	0
124	1	0	797	650	704	534	0	0	0	0
125	1	0	797	650	704	534	0	0	0	0
126	1	0	797	650	705	541	0	0	0	0
127	1	0	798	650	704	543	0	0	0	0
0	1	0	799	650	703	541	0	0	0	0
1	1	0	798	650	703	543	0	0	0	0
2	1	0	799	649	702	543	0	0	0	0
3	1	0	799	649	703	544	0	0	0	0
4	1	0	800	649	702	543	0	0	0	0
5	1	0	800	649	702	542	0	0	0	0
6	1	0	800	650	702	545	0	0	0	0
7	1	0	800	649	701	543	0	0	0	0
8	1	0	802	649	701	546	0	0	0	0
9	1	0	801	649	702	536	0	0	0	0
10	1	0	802	649	701	534	0	0	0	0
11	1	0	801	649	700	534	0	0	0	0
12	1	0	803	649	701	535	0	0	0	0
13	1	0	802	648	700	534	0	0	0	0
14	1	0	802	649	700	539	0	0	0	0
15	1	0	803	647	701	534	0	0	0	0
16	1	0	804	649	700	535	0	0	0	0
17	1	0	803	648	700	536	0	0	0	0
18	1	0	803	648	701	535	0	0	0	0
19	1	0	804	648	700	538	0	0	0	0
20	1	0	805	648	701	533	0	0	0	0
21	1	0	806	648	701	532	0	0	0	0
22	1	0	806	647	700	534	0	0	0	0
23	1	0	806	647	700	536	0	0	0	0
24	1	0	807	647	700	533	0	0	0	0
25	1	0	808	646	699	534	0	0	0	0
26	1	0	807	646	698	536	0	0	0	0
27	1	0	806	646	698	534	0	0	0	0
28	1	0	806	645	699	536	0	0	0	0
29	1	0	807	646	699	529	0	0	0	0
30	1	0	807	646	699	531	0	0	0	0
31	1	0	809	645	698	532	0	0	0	0
32	1	0	808	645	698	548	0	0	0	0
33	1	0	808	646	697	549	0	0	0	0
34	1	0	808	645	697	552	0	0	0	0
35	1	0	808	645	697	534	0	0	0	0
36	1	0	807	646	695	530	0	0	0	0
37	1	0	807	644	696	533	0	0	0	0
38	1	0	809	644	695	530	0	0	0	0
39	1	0	809	645	695	531	0	0	0	0
40	1	0	810	643	696	532	0	0	0	0
41	1	0	809	644	695	532	0	0	0	0
42	1	0	808	643	693	533	0	0	0	0
43	1	0	809	644	694	543	0	0	0	0
44	1	0	810	642	694	529	0	0	0	0
45	1	0	810	642	694	537	0	0	0	0
46	1	0	809	643	694	538	0	0	0	0
47	1	0	809	643	694	537	0	0	0	0
48	1	0	809	643	693	529	0	0	0	0
49	1	0	810	644	694	543	0	0	0	0
50	1	0	810	642	693	542	0	0	0	0
51	1	0	809	642	693	544	0	0	0	0
52	1	0	809	642	692	542	0	0	0	0
53	1	0	809	643	692	541	0	0	0	0
54	1	0	808	642	692	553	0	0	0	0
55	1	0	808	642	691	563	0	0	0	0
56	1	0	808	643	691	538	0	0	0	0
57	1	0	807	643	691	546	0	0	0	0
58	1	0	807	642	690	551	0	0	0	0
59	1	0	807	642	691	571	0	0	0	0
60	1	0	809	643	691	555	0	0	0	0
61	1	0	808	643	690	538	0	0	0	0
62	1	0	808	643	690	537	0	0	0	0
63	1	0	808	644	690	539	0	0	0	0
64	1	0	809	643	689	554	0	0	0	0
65	1	0	808	645	689	550	0	0	0	0
66	1	0	808	644	688	550	0	0	0	0
67	1	0	809	645	689	539	0	0	0	0
68	1	0	807	644	688	545	0	0	0	0
69	1	0	808	644	688	541	0	0	0	0
70	1	0	808	644	688	541	0	0	0	0
71	1	0	808	644	688	559	0	0	0	0
72	1	0	807	644	687	550	0	0	0	0
73	1	0	808	644	687	552	0	0	0	0
74	1	0	808	644	687	552	0	0	0	0
75	1	0	808	644	687	535	0	0	0	0
76	1	0	808	646	687	533	0	0	0	0
77	1	0	808	646	687	529	0	0	0	0
78	1	0	808	646	687	532	0	0	0	0
79	1	0	808	646	687	537	0	0	0	0
80	1	0	808	646	687	531	0	0	0	0
81	1	0	808	646	687	533	0	0	0	0
82	1	0	807	646	687	529	0	0	0	0
83	1	0	806	647	686	526	0	0	0	0
84	1	0	805	647	687	524	0	0	0	0
85	1	0	806	648	686	523	0	0	0	0
86	1	0	805	649	687	527	0	0	0	0
87	1	0	806	648	687	521	0	0	0	0
88	1	0	805	649	687	524	0	0	0	0
89	1	0	806	648	687	527	0	0	0	0
90	1	0	806	649	686	534	0	0	0	0
91	1	0	804	650	688	541	0	0	0	0
92	1	0	805	649	687	538	0	0	0	0
93	1	0	804	650	687	542	0	0	0	0
94	1	0	805	651	688	544	0	0	0	0
95	1	0	804	651	687	549	0	0	0	0
96	1	0	804	653	687	557	0	0	0	0
97	1	0	803	652	686	557	0	0	0	0
98	1	0	802	652	686	559	0	0	0	0
99	1	0	804	653	686	559	0	0	0	0
100	1	0	802	652	687	558	0	0	0	0
101	1	0	802	653	687	558	0	0	0	0
102	1	0	801	652	687	562	0	0	0	0
103	1	0	802	653	687	562	0	0	0	0
104	1	0	800	652	687	561	0	0	0	0
105	1	0	799	653	686	563	0	0	0	0
106	1	0	800	652	687	566	0	0	0	0
107	1	0	799	653	686	565	0	0	0	0
108	1	0	800	652	687	560	0	0	0	0
109	1	0	800	653	687	569	0	0	0	0
110	1	0	800	653	687	567	0	0	0	0
111	1	0	800	654	687	569	0	0	0	0
112	1	0	798	653	688	571	0	0	0	0
113	1	0	798	653	688	569	0	0	0	0
114	1	0	797	653	688	562	0	0	0	0
115	1	0	796	654	687	566	0	0	0	0
116	1	0	796	654	687	570	0	0	0	0
117	1	0	797	654	688	562	0	0	0	0
118	1	0	798	653	688	557	0	0	0	0
119	1	0	797	654	688	555	0	0	0	0
120	1	0	796	654	688	551	0	0	0	0
121	1	0	796	654	688	537	0	0	0	0
122	1	0	797	654	690	533	0	0	0	0
123	1	0	796	654	688	535	0	0	0	0
124	1	0	796	654	688	535	0	0	0	0
125	1	0	796	654	690	539	0	0	0	0
126	1	0	797	654	690	536	0	0	0	0
127	1	0	797	654	690	533	0	0	0	0
0	1	0	796	654	691	533	0	0	0	0
1	1	0	796	654	692	533	0	0	0	0
2	1	0	796	655	691	537	0	0	0	0
3	1	0	795	655	692	538	0	0	0	0
4	1	0	795	654	693	542	0	0	0	0
5	1	0	795	654	693	555	0	0	0	0
6	1	0	795	654	694	550	0	0	0	0
7	1	0	795	652	695	546	0	0	0	0
8	1	0	795	654	695	550	0	0	0	0
9	1	0	794	653	695	555	0	0	0	0
10	1	0	794	654	696	557	0	0	0	0
11	1	0	796	653	696	560	0	0	0	0
12	1	0	794	652	696	560	0	0	0	0
13	1	0	794	652	697	560	0	0	0	0
14	1	0	794	652	697	555	0	0	0	0
15	1	0	794	652	698	559	0	0	0	0
16	1	0	795	651	697	558	0	0	0	0
17	1	0	795	652	699	554	0	0	0	0
18	1	0	794	650	699	548	0	0	0	0
19	1	0	793	650	700	543	0	0	0	0
20	1	0	795	649	701	548	0	0	0	0
21	1	0	796	649	701	554	0	0	0	0
22	1	0	796	649	701	556	0	0	0	0
23	1	0	795	648	701	553	0	0	0	0
24	1	0	795	649	702	556	0	0	0	0
25	1	0	795	647	702	559	0	0	0	0
26	1	0	795	647	703	559	0	0	0	0
27	1	0	796	646	703	560	0	0	0	0
28	1	0	796	645	704	560	0	0	0	0
29	1	0	795	645	704	557	0	0	0	0
30	1	0	795	645	705	557	0	0	0	0
31	1	0	795	643	704	559	0	0	0	0
32	1	0	795	643	705	562	0	0	0	0
33	1	0	796	642	705	568	0	0	0	0
34	1	0	795	642	706	568	0	0	0	0
35	1	0	796	642	706	561	0	0	0	0
36	1	0	796	642	706	557	0	0	0	0
37	1	0	797	640	706	557	0	0	0	0
38	1	0	796	640	707	559	0	0	0	0
39	1	0	797	640	707	559	0	0	0	0
40	1	0	796	640	707	556	0	0	0	0
41	1	0	796	640	707	555	0	0	0	0
42	1	0	797	639	708	553	0	0	0	0
43	1	0	797	639	708	553	0	0	0	0
44	1	0	797	638	708	557	0	0	0	0
45	1	0	798	637	709	560	0	0	0	0
46	1	0	798	637	710	561	0	0	0	0
47	1	0	799	637	710	560	0	0	0	0
48	1	0	799	636	709	555	0	0	0	0
49	1	0	799	637	710	554	0	0	0	0
50	1	0	799	636	709	555	0	0	0	0
51	1	0	800	635	710	556	0	0	0	0
52	1	0	800	635	710	554	0	0	0	0
53	1	0	800	634	710	557	0	0	0	0
54	1	0	801	634	710	559	0	0	0	0
55	1	0	801	634	710	556	0	0	0	0
56	1	0	801	635	711	554	0	0	0	0
57	1	0	800	636	710	554	0	0	0	0
58	1	0	800	635	710	552	0	0	0	0
59	1	0	801	635	711	547	0	0	0	0
60	1	0	800	635	709	555	0	0	0	0
61	1	0	800	633	710	552	0	0	0	0
62	1	0	803	634	710	554	0	0	0	0
63	1	0	802	633	709	561	0	0	0	0
64	1	0	803	634	709	538	0	0	0	0
65	1	0	804	634	709	535	0	0	0	0
66	1	0	802	634	709	535	0	0	0	0
67	1	0	802	635	709	541	0	0	0	0
68	1	0	803	634	709	548	0	0	0	0
69	1	0	802	634	708	548	0	0	0	0
70	1	0	803	634	709	547	0	0	0	0
71	1	0	803	635	708	551	0	0	0	0
72	1	0	803	634	708	552	0	0	0	0
73	1	0	803	634	709	550	0	0	0	0
74	1	0	803	634	708	553	0	0	0	0
75	1	0	803	635	708	548	0	0	0	0
76	1	0	802	634	707	546	0	0	0	0
77	1	0	803	634	708	545	0	0	0	0
78	1	0	803	635	707	547	0	0	0	0
79	1	0	802	635	707	547	0	0	0	0
80	1	0	802	634	707	552	0	0	0	0
81	1	0	803	635	707	551	0	0	0	0
82	1	0	803	635	707	550	0	0	0	0
