# bioPlux Text File Format
# Version: 1
# StartDateTime: 2012-03-21 16:11:33
# SamplingFrequency: 1000
# SampledChannels: 1 2 3 4 5 6 7 8
# SamplingResolution: 12
# AcquiringDevice: 00:07:80:93:66:BE
# EndOfHeader
0	0	0	776	638	816	926	0	0	0	0
1	0	0	776	638	816	923	0	0	0	0
2	0	0	775	639	817	921	0	0	0	0
3	0	0	775	639	817	919	0	0	0	0
4	0	0	775	638	816	917	0	0	0	0
5	0	0	775	638	817	918	0	0	0	0
6	0	0	774	639	817	918	0	0	0	0
7	0	0	774	639	817	918	0	0	0	0
8	0	0	774	639	818	918	0	0	0	0
9	0	0	774	639	817	919	0	0	0	0
10	0	0	775	638	818	919	0	0	0	0
11	0	0	774	639	817	910	0	0	0	0
12	0	0	775	640	818	896	0	0	0	0
13	0	0	774	640	815	892	0	0	0	0
14	0	0	774	640	817	890	0	0	0	0
15	0	0	775	640	817	887	0	0	0	0
16	0	0	775	640	817	889	0	0	0	0
17	0	0	774	640	817	889	0	0	0	0
18	0	0	774	640	819	889	0	0	0	0
19	0	0	774	640	819	885	0	0	0	0
20	0	0	773	640	818	885	0	0	0	0
21	0	0	773	642	817	882	0	0	0	0
22	0	0	772	640	818	880	0	0	0	0
23	0	0	772	641	819	877	0	0	0	0
24	0	0	772	641	818	873	0	0	0	0
25	0	0	773	640	817	874	0	0	0	0
26	0	0	772	640	819	869	0	0	0	0
27	0	0	772	641	818	861	0	0	0	0
28	0	0	772	641	820	861	0	0	0	0
29	0	0	772	641	819	861	0	0	0	0
30	0	0	771	639	819	861	0	0	0	0
31	0	0	771	640	819	860	0	0	0	0
32	0	0	772	640	819	859	0	0	0	0
33	0	0	773	641	820	849	0	0	0	0
34	0	0	772	640	820	844	0	0	0	0
35	0	0	771	640	820	849	0	0	0	0
36	0	0	771	641	820	839	0	0	0	0
37	0	0	772	641	820	830	0	0	0	0
38	0	0	771	641	819	827	0	0	0	0
39	0	0	771	641	820	819	0	0	0	0
40	0	0	770	641	820	817	0	0	0	0
41	0	0	772	640	821	818	0	0	0	0
42	0	0	771	641	821	819	0	0	0	0
43	0	0	770	641	821	813	0	0	0	0
44	0	0	769	640	821	808	0	0	0	0
45	0	0	769	641	821	815	0	0	0	0
46	0	0	769	641	821	813	0	0	0	0
47	0	0	769	641	822	811	0	0	0	0
48	0	0	770	642	822	804	0	0	0	0
49	0	0	770	642	822	805	0	0	0	0
50	0	0	769	642	821	813	0	0	0	0
51	0	0	770	642	822	810	0	0	0	0
52	0	0	768	642	822	808	0	0	0	0
53	0	0	769	642	823	808	0	0	0	0
54	0	0	769	642	822	806	0	0	0	0
55	0	0	769	642	822	804	0	0	0	0
56	0	0	769	642	824	802	0	0	0	0
57	0	0	769	642	823	813	0	0	0	0
58	0	0	769	642	823	809	0	0	0	0
59	0	0	768	642	823	798	0	0	0	0
60	0	0	769	643	822	778	0	0	0	0
61	0	0	768	643	822	771	0	0	0	0
62	0	0	767	644	824	780	0	0	0	0
63	0	0	767	644	822	772	0	0	0	0
64	0	0	767	644	823	765	0	0	0	0
65	0	0	767	644	823	766	0	0	0	0
66	0	0	768	644	824	765	0	0	0	0
67	0	0	767	645	824	765	0	0	0	0
68	0	0	767	644	823	760	0	0	0	0
69	0	0	767	645	824	761	0	0	0	0
70	0	0	765	645	823	761	0	0	0	0
71	0	0	767	645	824	755	0	0	0	0
72	0	0	766	645	825	755	0	0	0	0
73	0	0	767	645	823	759	0	0	0	0
74	0	0	767	646	824	767	0	0	0	0
75	0	0	767	645	825	763	0	0	0	0
76	0	0	766	646	825	748	0	0	0	0
77	0	0	767	646	825	745	0	0	0	0
78	0	0	767	647	825	748	0	0	0	0
79	0	0	766	647	825	750	0	0	0	0
80	0	0	765	648	825	747	0	0	0	0
81	0	0	765	648	825	743	0	0	0	0
82	0	0	766	648	824	748	0	0	0	0
83	0	0	766	649	825	743	0	0	0	0
84	0	0	765	649	826	737	0	0	0	0
85	0	0	766	651	826	737	0	0	0	0
86	0	0	765	651	826	736	0	0	0	0
87	0	0	765	651	826	735	0	0	0	0
88	0	0	764	651	825	731	0	0	0	0
89	0	0	763	652	826	734	0	0	0	0
90	0	0	763	652	826	732	0	0	0	0
91	0	0	763	653	826	732	0	0	0	0
92	0	0	763	654	826	732	0	0	0	0
93	0	0	763	654	826	734	0	0	0	0
94	0	0	762	655	826	735	0	0	0	0
95	0	0	761	655	827	732	0	0	0	0
96	0	0	761	655	827	729	0	0	0	0
97	0	0	761	656	827	730	0	0	0	0
98	0	0	761	657	826	731	0	0	0	0
99	0	0	761	657	826	719	0	0	0	0
100	0	0	761	658	825	713	0	0	0	0
101	0	0	759	658	825	713	0	0	0	0
102	0	0	761	658	826	709	0	0	0	0
103	0	0	762	659	825	705	0	0	0	0
104	0	0	762	661	825	701	0	0	0	0
105	0	0	761	661	825	703	0	0	0	0
106	0	0	761	662	825	703	0	0	0	0
107	0	0	760	663	825	698	0	0	0	0
108	0	0	761	662	824	692	0	0	0	0
109	0	0	761	663	824	698	0	0	0	0
110	0	0	761	663	824	703	0	0	0	0
111	0	0	761	663	824	702	0	0	0	0
112	0	0	761	665	825	695	0	0	0	0
113	0	0	762	666	826	689	0	0	0	0
114	0	0	759	666	825	687	0	0	0	0
115	0	0	760	667	824	684	0	0	0	0
116	0	0	761	667	825	678	0	0	0	0
117	0	0	761	668	824	675	0	0	0	0
118	0	0	760	669	824	677	0	0	0	0
119	0	0	761	670	824	669	0	0	0	0
120	0	0	761	670	824	652	0	0	0	0
121	0	0	762	671	824	647	0	0	0	0
122	0	0	763	672	825	650	0	0	0	0
123	0	0	762	672	823	643	0	0	0	0
124	0	0	763	674	823	642	0	0	0	0
125	0	0	763	675	822	634	0	0	0	0
126	0	0	763	675	822	633	0	0	0	0
127	0	0	764	677	821	629	0	0	0	0
0	0	0	765	678	821	633	0	0	0	0
1	0	0	765	679	821	629	0	0	0	0
2	0	0	766	679	821	628	0	0	0	0
3	0	0	765	681	820	626	0	0	0	0
4	0	0	765	682	820	613	0	0	0	0
5	0	0	764	684	819	608	0	0	0	0
6	0	0	764	686	820	608	0	0	0	0
7	0	0	765	687	820	608	0	0	0	0
8	0	0	766	687	819	601	0	0	0	0
9	0	0	766	688	820	601	0	0	0	0
10	0	0	766	689	818	605	0	0	0	0
11	0	0	766	691	817	607	0	0	0	0
12	0	0	768	693	817	606	0	0	0	0
13	0	0	767	693	817	596	0	0	0	0
14	0	0	767	695	817	601	0	0	0	0
15	0	0	767	695	817	601	0	0	0	0
16	0	0	766	696	819	597	0	0	0	0
17	0	0	765	696	818	602	0	0	0	0
18	0	0	763	695	820	601	0	0	0	0
19	0	0	768	695	820	599	0	0	0	0
20	0	0	773	695	817	608	0	0	0	0
21	0	0	776	698	816	612	0	0	0	0
22	0	0	772	697	815	615	0	0	0	0
23	0	0	769	699	816	622	0	0	0	0
24	0	0	767	700	815	623	0	0	0	0
25	0	0	768	700	815	625	0	0	0	0
26	0	0	770	701	816	627	0	0	0	0
27	0	0	770	700	815	629	0	0	0	0
28	0	0	771	701	815	629	0	0	0	0
29	0	0	771	701	815	634	0	0	0	0
30	0	0	772	701	813	642	0	0	0	0
31	0	0	774	702	814	641	0	0	0	0
32	0	0	774	702	814	645	0	0	0	0
33	0	0	774	702	812	643	0	0	0	0
34	0	0	774	703	814	650	0	0	0	0
35	0	0	776	703	813	650	0	0	0	0
36	0	0	776	704	813	650	0	0	0	0
37	0	0	774	704	814	653	0	0	0	0
38	0	0	774	705	813	655	0	0	0	0
39	0	0	774	705	813	657	0	0	0	0
40	0	0	775	705	813	657	0	0	0	0
41	0	0	776	706	813	660	0	0	0	0
42	0	0	776	705	813	662	0	0	0	0
43	0	0	776	707	813	662	0	0	0	0
44	0	0	777	706	812	662	0	0	0	0
45	0	0	775	708	812	663	0	0	0	0
46	0	0	776	710	813	664	0	0	0	0
47	0	0	776	710	813	664	0	0	0	0
48	0	0	775	711	811	660	0	0	0	0
49	0	0	777	711	812	661	0	0	0	0
50	0	0	777	712	810	655	0	0	0	0
51	0	0	775	713	809	651	0	0	0	0
52	0	0	774	713	808	651	0	0	0	0
53	0	0	775	713	808	645	0	0	0	0
54	0	0	776	714	808	649	0	0	0	0
55	0	0	776	714	806	647	0	0	0	0
56	0	0	777	714	805	649	0	0	0	0
57	0	0	777	714	805	647	0	0	0	0
58	0	0	778	713	803	646	0	0	0	0
59	0	0	778	713	803	643	0	0	0	0
60	0	0	778	713	802	646	0	0	0	0
61	0	0	780	713	800	646	0	0	0	0
62	0	0	780	714	801	642	0	0	0	0
63	0	0	779	713	799	636	0	0	0	0
64	0	0	781	714	798	635	0	0	0	0
65	0	0	782	713	797	636	0	0	0	0
66	0	0	783	712	795	638	0	0	0	0
67	0	0	783	711	795	634	0	0	0	0
68	0	0	785	710	794	638	0	0	0	0
69	0	0	787	709	791	638	0	0	0	0
70	0	0	788	708	790	636	0	0	0	0
71	0	0	789	708	790	636	0	0	0	0
72	0	0	790	707	788	636	0	0	0	0
73	0	0	790	705	788	632	0	0	0	0
74	0	0	791	704	787	635	0	0	0	0
75	0	0	792	702	785	634	0	0	0	0
76	0	0	793	701	785	633	0	0	0	0
77	0	0	794	699	783	639	0	0	0	0
78	0	0	795	697	783	638	0	0	0	0
79	0	0	796	696	783	643	0	0	0	0
80	0	0	798	694	782	646	0	0	0	0
81	0	0	798	692	781	649	0	0	0	0
82	0	0	798	689	780	653	0	0	0	0
83	0	0	799	687	780	654	0	0	0	0
84	0	0	799	686	780	655	0	0	0	0
85	0	0	798	684	778	657	0	0	0	0
86	0	0	799	682	779	659	0	0	0	0
87	0	0	799	679	779	660	0	0	0	0
88	0	0	799	678	780	661	0	0	0	0
89	0	0	798	676	780	665	0	0	0	0
90	0	0	798	673	779	665	0	0	0	0
91	0	0	797	671	781	665	0	0	0	0
92	0	0	796	669	782	663	0	0	0	0
93	0	0	796	667	782	664	0	0	0	0
94	0	0	795	665	783	662	0	0	0	0
95	0	0	794	663	782	660	0	0	0	0
96	0	0	793	661	785	658	0	0	0	0
97	0	0	792	659	784	659	0	0	0	0
98	0	0	792	657	786	659	0	0	0	0
99	0	0	791	655	787	656	0	0	0	0
100	0	0	790	654	786	656	0	0	0	0
101	0	0	787	651	788	655	0	0	0	0
102	0	0	786	650	789	655	0	0	0	0
103	0	0	786	648	791	656	0	0	0	0
104	0	0	786	647	791	654	0	0	0	0
105	0	0	782	645	792	647	0	0	0	0
106	0	0	780	643	793	644	0	0	0	0
107	0	0	780	642	794	641	0	0	0	0
108	0	0	779	640	796	641	0	0	0	0
109	0	0	775	638	797	643	0	0	0	0
110	0	0	775	636	798	636	0	0	0	0
111	0	0	773	635	800	627	0	0	0	0
112	0	0	772	634	801	625	0	0	0	0
113	0	0	771	632	801	628	0	0	0	0
114	0	0	770	630	802	628	0	0	0	0
115	0	0	768	629	803	626	0	0	0	0
116	0	0	767	629	803	623	0	0	0	0
117	0	0	767	628	804	615	0	0	0	0
118	0	0	766	628	805	616	0	0	0	0
119	0	0	766	627	805	616	0	0	0	0
120	0	0	764	627	804	618	0	0	0	0
121	0	0	764	628	805	614	0	0	0	0
122	0	0	765	627	804	611	0	0	0	0
123	0	0	764	627	804	621	0	0	0	0
124	0	0	765	627	804	613	0	0	0	0
125	0	0	767	628	804	608	0	0	0	0
126	0	0	766	629	803	607	0	0	0	0
127	0	0	766	629	802	603	0	0	0	0
0	0	0	766	631	802	604	0	0	0	0
1	0	0	767	631	802	600	0	0	0	0
2	0	0	767	633	801	591	0	0	0	0
3	0	0	766	634	800	578	0	0	0	0
4	0	0	768	635	799	595	0	0	0	0
5	0	0	769	635	798	598	0	0	0	0
6	0	0	769	639	799	597	0	0	0	0
7	0	0	769	640	798	588	0	0	0	0
8	0	0	770	642	797	577	0	0	0	0
9	0	0	771	644	798	568	0	0	0	0
10	0	0	772	647	797	569	0	0	0	0
11	0	0	772	648	797	566	0	0	0	0
12	0	0	773	650	796	571	0	0	0	0
13	0	0	774	651	797	574	0	0	0	0
14	0	0	774	653	797	573	0	0	0	0
15	0	0	776	655	798	571	0	0	0	0
16	0	0	777	658	798	575	0	0	0	0
17	0	0	777	660	798	575	0	0	0	0
18	0	0	778	664	798	577	0	0	0	0
19	0	0	779	665	799	577	0	0	0	0
20	0	0	780	667	800	574	0	0	0	0
21	0	0	779	669	799	575	0	0	0	0
22	0	0	781	671	800	574	0	0	0	0
23	0	0	782	673	800	574	0	0	0	0
24	0	0	784	675	801	571	0	0	0	0
25	0	0	784	677	801	571	0	0	0	0
26	0	0	785	678	802	570	0	0	0	0
27	0	0	784	681	803	568	0	0	0	0
28	0	0	786	683	803	572	0	0	0	0
29	0	0	787	684	804	575	0	0	0	0
30	0	0	786	687	805	579	0	0	0	0
31	0	0	787	688	805	580	0	0	0	0
32	0	0	787	689	805	586	0	0	0	0
33	0	0	786	692	807	589	0	0	0	0
34	0	0	786	694	806	591	0	0	0	0
35	0	0	786	695	806	591	0	0	0	0
36	0	0	786	697	807	595	0	0	0	0
37	0	0	785	699	807	600	0	0	0	0
38	0	0	785	700	809	601	0	0	0	0
39	0	0	785	701	809	601	0	0	0	0
40	0	0	784	701	809	604	0	0	0	0
41	0	0	785	702	809	607	0	0	0	0
42	0	0	784	704	809	606	0	0	0	0
43	0	0	784	706	809	605	0	0	0	0
44	0	0	784	708	809	605	0	0	0	0
45	0	0	784	709	808	607	0	0	0	0
46	0	0	784	711	809	613	0	0	0	0
47	0	0	784	711	809	613	0	0	0	0
48	0	0	784	713	808	616	0	0	0	0
49	0	0	783	713	809	620	0	0	0	0
50	0	0	784	714	808	625	0	0	0	0
51	0	0	784	713	808	629	0	0	0	0
52	0	0	785	714	808	629	0	0	0	0
53	0	0	785	714	806	632	0	0	0	0
54	0	0	786	714	806	633	0	0	0	0
55	0	0	786	713	806	635	0	0	0	0
56	0	0	787	715	805	641	0	0	0	0
57	0	0	787	713	805	658	0	0	0	0
58	0	0	787	713	805	662	0	0	0	0
59	0	0	786	713	803	669	0	0	0	0
60	0	0	788	713	803	673	0	0	0	0
61	0	0	787	711	803	678	0	0	0	0
62	0	0	786	711	802	682	0	0	0	0
63	0	0	787	711	801	682	0	0	0	0
64	0	0	786	709	801	690	0	0	0	0
65	0	0	787	707	800	694	0	0	0	0
66	0	0	787	707	801	699	0	0	0	0
67	0	0	788	706	800	701	0	0	0	0
68	0	0	787	704	799	703	0	0	0	0
69	0	0	788	703	798	705	0	0	0	0
70	0	0	788	703	798	719	0	0	0	0
71	0	0	789	702	797	738	0	0	0	0
72	0	0	788	701	796	746	0	0	0	0
73	0	0	787	701	797	761	0	0	0	0
74	0	0	789	700	796	765	0	0	0	0
75	0	0	788	699	796	772	0	0	0	0
76	0	0	787	697	795	778	0	0	0	0
77	0	0	788	697	794	779	0	0	0	0
78	0	0	788	697	795	783	0	0	0	0
79	0	0	788	696	794	789	0	0	0	0
80	0	0	787	693	796	786	0	0	0	0
81	0	0	786	691	795	791	0	0	0	0
82	0	0	786	689	795	795	0	0	0	0
83	0	0	784	689	796	797	0	0	0	0
84	0	0	783	688	796	802	0	0	0	0
85	0	0	784	687	795	807	0	0	0	0
86	0	0	783	686	796	817	0	0	0	0
87	0	0	784	686	797	824	0	0	0	0
88	0	0	784	685	796	844	0	0	0	0
89	0	0	784	683	798	856	0	0	0	0
90	0	0	786	682	798	856	0	0	0	0
91	0	0	786	679	799	859	0	0	0	0
92	0	0	786	679	799	866	0	0	0	0
93	0	0	785	679	801	870	0	0	0	0
94	0	0	787	677	800	885	0	0	0	0
95	0	0	787	677	800	902	0	0	0	0
96	0	0	787	675	800	909	0	0	0	0
97	0	0	786	674	801	923	0	0	0	0
98	0	0	785	673	801	932	0	0	0	0
99	0	0	785	672	802	945	0	0	0	0
100	0	0	785	671	803	964	0	0	0	0
101	0	0	785	670	804	985	0	0	0	0
102	0	0	782	669	805	1007	0	0	0	0
103	0	0	780	670	806	1023	0	0	0	0
104	0	0	781	667	806	1036	0	0	0	0
105	0	0	778	666	806	1037	0	0	0	0
106	0	0	776	667	808	1050	0	0	0	0
107	0	0	775	666	808	1055	0	0	0	0
108	0	0	775	665	810	1069	0	0	0	0
109	0	0	773	664	811	1081	0	0	0	0
110	0	0	770	663	812	1099	0	0	0	0
111	0	0	769	664	812	1124	0	0	0	0
112	0	0	767	664	813	1150	0	0	0	0
113	0	0	765	663	814	1157	0	0	0	0
114	0	0	765	663	815	1184	0	0	0	0
115	0	0	762	662	815	1191	0	0	0	0
116	0	0	762	662	816	1198	0	0	0	0
117	0	0	762	663	816	1216	0	0	0	0
118	0	0	761	663	816	1235	0	0	0	0
119	0	0	760	662	816	1233	0	0	0	0
120	0	0	760	663	816	1230	0	0	0	0
121	0	0	759	663	817	1252	0	0	0	0
122	0	0	759	664	817	1254	0	0	0	0
123	0	0	758	664	818	1255	0	0	0	0
124	0	0	758	664	818	1259	0	0	0	0
125	0	0	758	664	818	1277	0	0	0	0
126	0	0	758	663	819	1288	0	0	0	0
127	0	0	757	662	819	1294	0	0	0	0
0	0	0	757	662	819	1306	0	0	0	0
1	0	0	756	663	821	1320	0	0	0	0
2	0	0	758	664	820	1346	0	0	0	0
3	0	0	756	664	820	1346	0	0	0	0
4	0	0	756	664	822	1347	0	0	0	0
5	0	0	758	663	823	1358	0	0	0	0
6	0	0	759	665	824	1365	0	0	0	0
7	0	0	759	665	825	1370	0	0	0	0
8	0	0	758	663	826	1372	0	0	0	0
9	0	0	759	662	828	1371	0	0	0	0
10	0	0	760	663	829	1375	0	0	0	0
11	0	0	760	664	829	1388	0	0	0	0
12	0	0	761	664	829	1402	0	0	0	0
13	0	0	760	662	831	1409	0	0	0	0
14	0	0	760	663	832	1417	0	0	0	0
15	0	0	761	662	834	1422	0	0	0	0
16	0	0	760	661	834	1434	0	0	0	0
17	0	0	760	662	835	1443	0	0	0	0
18	0	0	758	660	837	1457	0	0	0	0
19	0	0	760	660	838	1471	0	0	0	0
20	0	0	758	659	838	1485	0	0	0	0
21	0	0	760	658	839	1497	0	0	0	0
22	0	0	761	657	841	1503	0	0	0	0
23	0	0	760	656	840	1511	0	0	0	0
24	0	0	760	655	841	1530	0	0	0	0
25	0	0	759	654	840	1534	0	0	0	0
26	0	0	762	653	841	1539	0	0	0	0
27	0	0	761	652	842	1548	0	0	0	0
28	0	0	762	651	843	1556	0	0	0	0
29	0	0	762	650	843	1574	0	0	0	0
30	0	0	763	648	844	1585	0	0	0	0
31	0	0	764	647	843	1597	0	0	0	0
32	0	0	764	646	844	1621	0	0	0	0
33	0	0	765	644	845	1634	0	0	0	0
34	0	0	765	642	846	1640	0	0	0	0
35	0	0	766	640	848	1652	0	0	0	0
36	0	0	767	637	851	1683	0	0	0	0
37	0	0	767	637	850	1715	0	0	0	0
38	0	0	767	633	850	1730	0	0	0	0
39	0	0	767	633	852	1731	0	0	0	0
40	0	0	769	630	854	1737	0	0	0	0
41	0	0	770	627	855	1748	0	0	0	0
42	0	0	771	623	853	1751	0	0	0	0
43	0	0	769	619	852	1752	0	0	0	0
44	0	0	770	616	852	1758	0	0	0	0
45	0	0	767	613	851	1768	0	0	0	0
46	0	0	764	612	849	1772	0	0	0	0
47	0	0	763	610	847	1776	0	0	0	0
48	0	0	761	608	845	1787	0	0	0	0
49	0	0	762	610	844	1797	0	0	0	0
50	0	0	761	609	843	1805	0	0	0	0
51	0	0	762	609	842	1831	0	0	0	0
52	0	0	762	610	841	1845	0	0	0	0
53	0	0	762	610	841	1869	0	0	0	0
54	0	0	762	613	841	1889	0	0	0	0
55	0	0	762	614	841	1904	0	0	0	0
56	0	0	764	614	841	1918	0	0	0	0
57	0	0	764	615	841	1936	0	0	0	0
58	0	0	764	615	841	1950	0	0	0	0
59	0	0	766	614	839	1955	0	0	0	0
60	0	0	763	613	839	1964	0	0	0	0
61	0	0	762	612	838	1973	0	0	0	0
62	0	0	761	609	838	1971	0	0	0	0
63	0	0	758	611	838	1977	0	0	0	0
64	0	0	756	610	836	1982	0	0	0	0
65	0	0	756	609	835	1984	0	0	0	0
66	0	0	755	607	835	1991	0	0	0	0
67	0	0	756	605	834	2002	0	0	0	0
68	0	0	754	603	834	2002	0	0	0	0
69	0	0	753	600	833	2009	0	0	0	0
70	0	0	752	598	831	2008	0	0	0	0
71	0	0	750	597	830	2008	0	0	0	0
72	0	0	751	594	830	2012	0	0	0	0
73	0	0	752	588	829	2015	0	0	0	0
74	0	0	752	586	829	2019	0	0	0	0
75	0	0	750	583	830	2026	0	0	0	0
76	0	0	749	582	829	2029	0	0	0	0
77	0	0	747	579	829	2036	0	0	0	0
78	0	0	746	577	829	2053	0	0	0	0
79	0	0	746	576	830	2056	0	0	0	0
80	0	0	744	574	829	2061	0	0	0	0
81	0	0	744	574	830	2073	0	0	0	0
82	0	0	741	575	831	2087	0	0	0	0
83	0	0	739	573	832	2093	0	0	1	0
84	0	0	737	573	831	2098	0	0	0	0
85	0	0	736	573	832	2100	0	0	0	0
86	0	0	736	572	834	2107	0	0	0	0
87	0	0	734	571	834	2108	0	0	0	0
88	0	0	732	572	836	2110	0	0	0	0
89	0	0	733	571	836	2111	0	0	0	0
90	0	0	733	571	839	2115	0	0	0	0
91	0	0	733	570	840	2115	0	0	0	0
92	0	0	733	569	841	2127	0	0	0	0
93	0	0	733	569	842	2136	0	0	0	0
94	0	0	733	570	843	2139	0	0	0	0
95	0	0	732	570	845	2144	0	0	0	0
96	0	0	733	571	845	2150	0	0	0	0
97	0	0	733	570	845	2153	0	0	0	0
98	0	0	731	570	845	2159	0	0	0	0
99	0	0	733	571	846	2164	0	0	0	0
100	0	0	733	571	848	2165	0	0	0	0
101	0	0	732	570	848	2166	0	0	0	0
102	0	0	731	569	850	2172	0	0	0	0
103	0	0	731	569	850	2177	0	0	0	0
104	0	0	733	567	850	2185	0	0	0	0
105	0	0	732	568	852	2191	0	0	0	0
106	0	0	732	567	851	2194	0	0	0	0
107	0	0	732	566	851	2200	0	0	0	0
108	0	0	734	566	853	2207	0	0	0	0
109	0	0	732	563	854	2212	0	0	0	0
110	0	0	731	564	854	2215	0	0	0	0
111	0	0	731	562	855	2224	0	0	0	0
112	0	0	730	560	855	2228	0	0	0	0
113	0	0	728	560	854	2229	0	0	0	0
114	0	0	729	558	854	2232	0	0	0	0
115	0	0	729	557	854	2232	0	0	0	0
116	0	0	728	555	854	2230	0	0	0	0
117	0	0	729	556	855	2232	0	0	0	0
118	0	0	729	554	854	2234	0	0	0	0
119	0	0	729	554	854	2233	0	0	0	0
120	0	0	730	555	854	2232	0	0	0	0
121	0	0	730	555	854	2237	0	0	0	0
122	0	0	731	555	853	2237	0	0	0	0
123	0	0	731	556	852	2234	0	0	0	0
124	0	0	733	557	852	2237	0	0	0	0
125	0	0	733	558	850	2240	0	0	0	0
126	0	0	733	558	850	2242	0	0	0	0
127	0	0	733	560	850	2242	0	0	0	0
0	0	0	733	560	850	2241	0	0	0	0
1	0	0	734	561	848	2245	0	0	0	0
2	0	0	736	562	847	2247	0	0	0	0
3	0	0	738	561	845	2247	0	0	0	0
4	0	0	739	564	844	2247	0	0	0	0
5	0	0	741	562	844	2253	0	0	0	0
6	0	0	741	563	843	2255	0	0	0	0
7	0	0	743	562	842	2258	0	0	0	0
8	0	0	743	562	840	2256	0	0	0	0
9	0	0	745	563	841	2257	0	0	0	0
10	0	0	745	563	840	2259	0	0	0	0
11	0	0	747	562	839	2257	0	0	0	0
12	0	0	747	562	839	2256	0	0	0	0
13	0	0	748	562	839	2260	0	0	0	0
14	0	0	748	561	838	2261	0	0	0	0
15	0	0	746	561	839	2262	0	0	0	0
16	0	0	745	560	839	2264	0	0	0	0
17	0	0	745	559	839	2269	0	0	0	0
18	0	0	745	557	841	2280	0	0	0	0
19	0	0	744	556	841	2282	0	0	0	0
20	0	0	744	554	842	2282	0	0	0	0
21	0	0	744	553	842	2285	0	0	0	0
22	0	0	745	550	843	2289	0	0	0	0
23	0	0	744	550	844	2294	0	0	0	0
24	0	0	745	548	844	2298	0	0	0	0
25	0	0	746	547	843	2303	0	0	0	0
26	0	0	744	545	844	2302	0	0	0	0
27	0	0	744	546	846	2298	0	0	0	0
28	0	0	744	544	846	2294	0	0	0	0
29	0	0	744	543	847	2294	0	0	0	0
30	0	0	744	543	848	2295	0	0	0	0
31	0	0	744	541	848	2296	0	0	0	0
32	0	0	744	541	849	2298	0	0	0	0
33	0	0	743	541	850	2303	0	0	0	0
34	0	0	744	541	851	2310	0	0	0	0
35	0	0	744	541	852	2313	0	0	0	0
36	0	0	743	540	852	2317	0	0	0	0
37	0	0	743	539	853	2322	0	0	0	0
38	0	0	743	540	854	2326	0	0	0	0
39	0	0	744	538	855	2330	0	0	0	0
40	0	0	742	539	856	2324	0	0	0	0
41	0	0	744	538	857	2332	0	0	0	0
42	0	0	743	538	855	2349	0	0	0	0
43	0	0	742	538	857	2351	0	0	0	0
44	0	0	742	537	858	2357	0	0	0	0
45	0	0	742	536	858	2362	0	0	0	0
46	0	0	741	536	859	2362	0	0	0	0
47	0	0	740	535	858	2365	0	0	0	0
48	0	0	741	535	859	2369	0	0	0	0
49	0	0	740	534	859	2373	0	0	0	0
50	0	0	740	535	859	2374	0	0	0	0
51	0	0	739	534	860	2379	0	0	0	0
52	0	0	739	533	858	2385	0	0	0	0
53	0	0	739	533	859	2384	0	0	0	0
54	0	0	740	533	856	2387	0	0	0	0
55	0	0	742	533	856	2390	0	0	0	0
56	0	0	742	533	856	2391	0	0	0	0
57	0	0	742	532	854	2392	0	0	0	0
58	0	0	744	532	854	2400	0	0	0	0
59	0	0	744	533	853	2404	0	0	0	0
60	0	0	745	534	852	2407	0	0	0	0
61	0	0	746	533	852	2407	0	0	0	0
62	0	0	747	533	852	2404	0	0	0	0
63	0	0	748	535	850	2413	0	0	0	0
64	0	0	749	535	851	2419	0	0	0	0
65	0	0	750	535	852	2420	0	0	0	0
66	0	0	748	535	850	2421	0	0	0	0
67	0	0	747	535	851	2422	0	0	0	0
68	0	0	747	535	849	2424	0	0	0	0
69	0	0	747	535	849	2425	0	0	0	0
70	0	0	747	535	850	2426	0	0	0	0
71	0	0	747	535	849	2423	0	0	0	0
72	0	0	747	535	848	2429	0	0	0	0
73	0	0	748	534	847	2433	0	0	0	0
74	0	0	746	534	847	2438	0	0	0	0
75	0	0	746	534	849	2444	0	0	0	0
76	0	0	746	533	848	2446	0	0	0	0
77	0	0	746	532	848	2449	0	0	0	0
78	0	0	745	532	847	2452	0	0	0	0
79	0	0	744	531	846	2459	0	0	0	0
80	0	0	744	529	847	2465	0	0	0	0
81	0	0	743	528	847	2466	0	0	0	0
82	0	0	742	527	848	2472	0	0	0	0
83	0	0	742	527	847	2475	0	0	0	0
84	0	0	742	526	848	2480	0	0	0	0
85	0	0	739	525	848	2485	0	0	0	0
86	0	0	739	525	848	2484	0	0	0	0
87	0	0	739	523	849	2482	0	0	0	0
88	0	0	738	522	852	2486	0	0	0	0
89	0	0	736	521	851	2489	0	0	0	0
90	0	0	735	522	853	2493	0	0	0	0
91	0	0	734	520	853	2491	0	0	0	0
92	0	0	734	518	855	2498	0	0	0	0
93	0	0	734	518	855	2501	0	0	0	0
94	0	0	733	517	855	2503	0	0	0	0
95	0	0	733	518	858	2503	0	0	0	0
96	0	0	732	517	858	2504	0	0	0	0
97	0	0	731	517	860	2507	0	0	0	0
98	0	0	730	516	862	2510	0	0	0	0
99	0	0	730	516	863	2513	0	0	0	0
100	0	0	730	515	864	2518	0	0	0	0
101	0	0	730	514	865	2519	0	0	0	0
102	0	0	728	513	866	2520	0	0	0	0
103	0	0	727	513	868	2522	0	0	0	0
104	0	0	726	512	870	2525	0	0	0	0
105	0	0	725	512	870	2530	0	0	0	0
106	0	0	723	509	872	2530	0	0	0	0
107	0	0	722	509	873	2532	0	0	0	0
108	0	0	723	508	874	2534	0	0	0	0
109	0	0	721	509	876	2536	0	0	0	0
110	0	0	721	506	876	2536	0	0	0	0
111	0	0	722	507	878	2536	0	0	0	0
112	0	0	722	505	878	2536	0	0	0	0
113	0	0	724	504	880	2541	0	0	0	0
114	0	0	726	503	880	2544	0	0	0	0
115	0	0	726	503	881	2548	0	0	0	0
116	0	0	727	502	882	2549	0	0	0	0
117	0	0	729	501	884	2552	0	0	0	0
118	0	0	730	500	884	2552	0	0	0	0
119	0	0	731	498	885	2551	0	0	0	0
120	0	0	732	497	886	2553	0	0	0	0
121	0	0	732	496	887	2555	0	0	0	0
122	0	0	733	495	888	2558	0	0	0	0
123	0	0	735	495	889	2557	0	0	0	0
124	0	0	736	495	890	2561	0	0	0	0
125	0	0	738	494	891	2564	0	0	0	0
126	0	0	742	494	892	2562	0	0	0	0
127	0	0	743	493	892	2560	0	0	0	0
0	0	0	745	494	891	2562	0	0	0	0
1	0	0	746	494	891	2563	0	0	0	0
2	0	0	746	494	892	2563	0	0	0	0
3	0	0	748	494	893	2562	0	0	0	0
4	0	0	749	494	893	2556	0	0	0	0
5	0	0	747	495	892	2557	0	0	0	0
6	0	0	747	494	892	2562	0	0	0	0
7	0	0	748	493	892	2562	0	0	0	0
8	0	0	751	493	893	2563	0	0	0	0
9	0	0	750	492	892	2562	0	0	0	0
10	0	0	751	492	893	2566	0	0	0	0
11	0	0	750	492	891	2569	0	0	0	0
12	0	0	750	492	891	2571	0	0	0	0
13	0	0	748	492	889	2572	0	0	0	0
14	0	0	748	492	889	2574	0	0	0	0
15	0	0	749	491	889	2573	0	0	0	0
16	0	0	748	492	889	2572	0	0	0	0
17	0	0	747	493	888	2573	0	0	0	0
18	0	0	748	492	887	2573	0	0	0	0
19	0	0	748	492	887	2571	0	0	0	0
20	0	0	747	493	887	2573	0	0	0	0
21	0	0	748	494	886	2572	0	0	0	0
22	0	0	746	494	887	2571	0	0	0	0
23	0	0	747	494	888	2571	0	0	0	0
24	0	0	747	494	889	2569	0	0	0	0
25	0	0	746	494	889	2565	0	0	0	0
26	0	0	746	495	888	2567	0	0	0	0
27	0	0	744	496	888	2570	0	0	0	0
28	0	0	744	495	888	2570	0	0	0	0
29	0	0	745	496	888	2572	0	0	0	0
30	0	0	746	495	888	2572	0	0	0	0
31	0	0	747	494	888	2574	0	0	0	0
32	0	0	748	496	888	2574	0	0	0	0
33	0	0	747	494	888	2578	0	0	0	0
34	0	0	748	495	887	2578	0	0	0	0
35	0	0	747	495	887	2578	0	0	0	0
36	0	0	748	495	886	2578	0	0	0	0
37	0	0	750	494	886	2580	0	0	0	0
38	0	0	751	494	885	2580	0	0	0	0
39	0	0	753	493	885	2579	0	0	0	0
40	0	0	754	494	885	2575	0	0	0	0
41	0	0	755	493	884	2573	0	0	0	0
42	0	0	754	493	884	2570	0	0	0	0
43	0	0	755	492	884	2567	0	0	0	0
44	0	0	756	491	883	2566	0	0	0	0
45	0	0	755	491	884	2566	0	0	0	0
46	0	0	756	492	885	2572	0	0	0	0
47	0	0	755	489	885	2575	0	0	0	0
48	0	0	756	490	886	2580	0	0	0	0
49	0	0	756	489	885	2581	0	0	0	0
50	0	0	755	489	886	2586	0	0	0	0
51	0	0	755	489	884	2592	0	0	0	0
52	0	0	755	490	885	2596	0	0	0	0
53	0	0	756	490	885	2601	0	0	0	0
54	0	0	757	489	885	2606	0	0	0	0
55	0	0	758	491	885	2607	0	0	0	0
56	0	0	757	492	884	2609	0	1	0	0
57	0	0	758	493	885	2614	0	0	0	0
58	0	0	760	492	884	2616	0	0	0	0
59	0	0	760	493	882	2621	0	0	0	0
60	0	0	759	494	881	2626	0	0	0	0
61	0	0	761	496	880	2633	0	0	0	0
62	0	0	760	495	880	2634	0	0	0	0
63	0	0	760	496	879	2636	0	0	0	0
64	0	0	759	496	877	2640	0	0	0	0
65	0	0	760	498	878	2647	0	0	0	0
66	0	0	760	498	877	2656	0	0	0	0
67	0	0	759	499	876	2663	0	0	0	0
68	0	0	759	501	876	2666	0	0	0	0
69	0	0	759	500	876	2672	0	0	0	0
70	0	0	759	501	875	2675	0	0	0	0
71	0	0	759	501	874	2682	0	0	0	0
72	0	0	759	502	875	2689	0	0	0	0
73	0	0	757	504	874	2690	0	0	0	0
74	0	0	756	505	874	2692	0	0	0	0
75	0	0	758	505	873	2701	0	0	0	0
76	0	0	757	507	873	2705	0	0	0	0
77	0	0	756	508	873	2706	0	0	0	0
78	0	0	756	509	873	2709	0	0	0	0
79	0	0	757	512	873	2710	0	0	0	0
80	0	0	756	513	873	2713	0	0	0	0
81	0	0	756	514	872	2722	0	0	0	0
82	0	0	755	515	874	2739	0	0	0	0
83	0	0	758	516	871	2745	0	0	0	0
84	0	0	753	516	877	2750	0	0	0	0
85	0	0	753	519	878	2758	0	0	0	0
86	0	0	757	519	878	2767	0	0	0	0
87	0	0	759	521	878	2775	0	0	0	0
88	0	0	758	523	879	2777	0	0	0	0
89	0	0	758	525	880	2784	0	0	0	0
90	0	0	757	527	882	2787	0	0	0	0
91	0	0	759	527	882	2791	0	0	0	0
92	0	0	758	530	881	2796	0	0	0	0
93	0	0	760	531	883	2807	0	0	0	0
94	0	0	761	535	883	2812	0	0	0	0
95	0	0	761	538	883	2817	0	0	0	0
96	0	0	762	540	882	2827	0	0	0	0
97	0	0	763	542	884	2836	0	0	0	0
98	0	0	763	543	884	2838	0	0	0	0
99	0	0	763	545	885	2843	0	0	0	0
100	0	0	764	546	885	2842	0	0	0	0
101	0	0	764	547	886	2844	0	0	0	0
102	0	0	764	549	886	2849	0	0	0	0
103	0	0	765	551	886	2850	0	0	0	0
104	0	0	764	554	887	2849	0	0	0	0
105	0	0	766	555	888	2848	0	0	0	0
106	0	0	764	558	888	2848	0	0	0	0
107	0	0	764	557	889	2852	0	0	0	0
108	0	0	765	560	890	2856	0	0	0	0
109	0	0	767	561	889	2856	0	0	0	0
110	0	0	764	563	890	2858	0	0	0	0
111	0	0	765	566	890	2861	0	0	0	0
112	0	0	764	567	888	2862	0	0	0	0
113	0	0	764	571	888	2861	0	0	0	0
114	0	0	763	572	888	2861	0	0	0	0
115	0	0	764	574	888	2859	0	0	0	0
116	0	0	762	576	885	2858	0	0	0	0
117	0	0	761	578	887	2860	0	0	0	0
118	0	0	760	579	885	2858	0	0	0	0
119	0	0	761	581	885	2859	0	0	0	0
120	0	0	760	583	883	2858	0	0	0	0
121	0	0	758	585	882	2858	0	0	0	0
122	0	0	758	588	881	2859	0	0	0	0
123	0	0	758	590	879	2852	0	0	0	0
124	0	0	758	590	877	2843	0	0	0	0
125	0	0	757	591	875	2837	0	0	0	0
126	0	0	756	594	874	2836	0	0	0	0
127	0	0	755	594	873	2831	0	0	0	0
0	0	0	755	597	872	2823	0	0	0	0
1	0	0	756	599	870	2814	0	0	0	0
2	0	0	755	599	868	2803	0	0	0	0
3	0	0	756	602	868	2799	0	0	0	0
4	0	0	754	603	866	2798	0	0	0	0
5	0	0	753	607	865	2790	0	0	0	0
6	0	0	753	609	862	2781	0	0	0	0
7	0	0	753	611	862	2774	0	0	0	0
8	0	0	753	612	861	2766	0	0	0	0
9	0	0	752	615	860	2756	0	0	0	0
10	0	0	752	617	858	2734	0	0	0	0
11	0	0	752	618	857	2725	0	0	0	0
12	0	0	752	619	856	2706	0	0	0	0
13	0	0	752	621	855	2673	0	0	0	0
14	0	0	751	622	853	2647	0	0	0	0
15	0	0	752	625	852	2625	0	0	0	0
16	0	0	752	627	851	2614	0	0	0	0
17	0	0	752	629	849	2604	0	0	0	0
18	0	0	754	632	848	2588	0	0	0	0
19	0	0	755	634	845	2562	0	0	0	0
20	0	0	756	636	843	2531	0	0	0	0
21	0	0	758	639	841	2482	0	0	0	0
22	0	0	758	642	840	2459	0	0	0	0
23	0	0	759	645	837	2406	0	0	0	0
24	0	0	760	647	835	2382	0	0	0	0
25	0	0	761	648	832	2324	0	0	0	0
26	0	0	763	651	831	2290	0	0	0	0
27	0	0	764	653	829	2256	0	0	0	0
28	0	0	765	655	827	2238	0	0	0	0
29	0	0	767	656	825	2180	0	0	0	0
30	0	0	767	658	822	2086	0	0	0	0
31	0	0	768	661	820	2008	0	0	0	0
32	0	0	769	663	815	1967	0	0	0	0
33	0	0	769	666	815	1899	0	0	0	0
34	0	0	769	668	812	1870	0	0	0	0
35	0	0	769	670	809	1839	0	0	0	0
36	0	0	770	670	807	1764	0	0	0	0
37	0	0	773	673	805	1654	0	0	0	0
38	0	0	774	675	803	1566	0	0	0	0
39	0	0	773	678	801	1429	0	0	0	0
40	0	0	774	679	798	1334	0	0	0	0
41	0	0	774	681	797	1272	0	0	0	0
42	0	0	773	683	795	1210	0	0	0	0
43	0	0	776	686	793	1115	0	0	0	0
44	0	0	776	686	792	1033	0	0	0	0
45	0	0	776	687	791	958	0	0	0	0
46	0	0	777	690	789	877	0	0	0	0
47	0	0	777	693	786	811	0	0	0	0
48	0	0	778	695	785	710	0	0	0	0
49	0	0	778	698	785	642	0	0	0	0
50	0	0	777	699	784	630	0	0	0	0
51	0	0	776	701	784	601	0	0	0	0
52	0	0	775	703	782	545	0	0	0	0
53	0	0	773	706	783	549	0	0	0	0
54	0	0	772	707	783	522	0	0	0	0
55	0	0	773	708	783	528	0	0	0	0
56	0	0	772	711	784	423	0	0	0	0
57	0	0	770	712	784	392	0	0	0	0
58	0	0	767	713	785	402	0	0	0	0
59	0	0	766	714	785	385	0	0	0	0
60	0	0	764	717	787	440	0	0	0	0
61	0	0	761	720	787	363	0	0	0	0
62	0	0	760	721	788	355	0	0	0	0
63	0	0	758	723	790	350	0	0	0	0
64	0	0	759	725	790	364	0	0	0	0
65	0	0	756	725	793	383	0	0	0	0
66	0	0	753	729	793	338	0	0	0	0
67	0	0	755	730	795	301	0	0	0	0
68	0	0	753	732	797	293	0	0	0	0
69	0	0	752	734	798	299	0	0	0	0
70	0	0	751	736	800	296	0	0	0	0
71	0	0	750	739	802	282	0	0	0	0
72	0	0	750	741	803	277	0	0	0	0
73	0	0	750	745	802	232	0	0	0	0
74	0	0	752	747	803	215	0	0	0	0
75	0	0	752	750	804	218	0	0	0	0
76	0	0	756	752	805	205	0	0	0	0
77	0	0	758	755	806	188	0	0	0	0
78	0	0	758	760	807	188	0	0	0	0
79	0	0	758	763	807	191	0	0	0	0
80	0	0	759	766	808	197	0	0	0	0
81	0	0	761	770	806	185	0	0	0	0
82	0	0	763	773	806	189	0	0	0	0
83	0	0	766	776	806	183	0	0	0	0
84	0	0	766	780	808	184	0	0	0	0
85	0	0	766	785	809	185	0	0	0	0
86	0	0	765	788	810	189	0	0	0	0
87	0	0	763	790	809	194	0	0	0	0
88	0	0	763	793	811	202	0	0	0	0
89	0	0	765	795	811	205	0	0	0	0
90	0	0	766	800	811	204	0	0	0	0
91	0	0	766	803	811	184	0	0	0	0
92	0	0	768	808	811	180	0	0	0	0
93	0	0	770	810	812	176	0	0	0	0
94	0	0	768	813	814	180	0	0	0	0
95	0	0	769	815	815	172	0	0	0	0
96	0	0	768	819	817	160	0	0	0	0
97	0	0	767	822	819	142	0	0	0	0
98	0	0	767	826	819	118	0	0	0	0
99	0	0	766	829	820	131	0	0	0	0
100	0	0	766	831	821	143	0	0	0	0
101	0	0	767	833	822	133	0	0	0	0
102	0	0	767	836	824	134	0	0	0	0
103	0	0	770	839	824	115	0	0	0	0
104	0	0	769	842	824	120	0	0	0	0
105	0	0	769	848	825	135	0	0	0	0
106	0	0	768	851	824	131	0	0	0	0
107	0	0	768	856	823	120	0	0	0	0
108	0	0	766	861	823	126	0	0	0	0
109	0	0	763	865	823	131	0	0	0	0
110	0	0	762	871	821	127	0	0	0	0
111	0	0	760	876	821	100	0	0	0	0
112	0	0	760	882	820	100	0	0	0	0
113	0	0	759	885	818	88	0	0	0	0
114	0	0	759	888	818	85	0	0	0	0
115	0	0	761	892	816	79	0	0	0	0
116	0	0	761	896	815	79	0	0	0	0
117	0	0	762	899	814	71	0	0	0	0
118	0	0	762	900	813	70	0	0	0	0
119	0	0	763	901	811	66	0	0	0	0
120	0	0	764	902	810	68	0	0	0	0
121	0	0	763	902	809	72	0	0	0	0
122	0	0	763	904	808	76	0	0	0	0
123	0	0	762	906	806	75	0	0	0	0
124	0	0	760	906	805	76	0	0	0	0
125	0	0	759	906	804	81	0	0	0	0
126	0	0	759	905	803	86	0	0	0	0
127	0	0	756	904	803	90	0	0	0	0
0	0	0	756	904	800	86	0	0	0	0
1	0	0	755	902	799	98	0	0	0	0
2	0	0	756	902	798	103	0	0	0	0
3	0	0	756	901	799	93	0	0	0	0
4	0	0	754	902	797	81	0	0	0	0
5	0	0	753	900	796	63	0	0	0	0
6	0	0	751	898	795	60	0	0	0	0
7	0	0	752	897	795	55	0	0	0	0
8	0	0	755	895	794	49	0	0	0	0
9	0	0	754	893	793	62	0	0	0	0
10	0	0	755	893	793	47	0	0	0	0
11	0	0	755	891	790	67	0	0	0	0
12	0	0	755	888	788	65	0	0	0	0
13	0	0	757	887	787	61	0	0	0	0
14	0	0	759	885	786	64	0	0	0	0
15	0	0	759	884	784	61	0	0	0	0
16	0	0	760	880	782	76	0	0	0	0
17	0	0	761	879	783	73	0	0	0	0
18	0	0	763	877	780	79	0	0	0	0
19	0	0	763	876	779	65	0	0	0	0
20	0	0	764	875	779	62	0	0	0	0
21	0	0	764	873	778	69	0	0	0	0
22	0	0	764	870	776	69	0	0	0	0
23	0	0	764	868	774	59	0	0	0	0
24	0	0	764	865	774	50	0	0	0	0
25	0	0	763	861	773	52	0	0	0	0
26	0	0	766	857	772	46	0	0	0	0
27	0	0	764	857	773	43	0	0	0	0
28	0	0	764	854	771	35	0	0	0	0
29	0	0	762	853	770	32	0	0	0	0
30	0	0	763	848	771	34	0	0	0	0
31	0	0	762	845	770	34	0	0	0	0
32	0	0	762	845	771	31	0	0	0	0
33	0	0	765	844	769	43	0	0	0	0
34	0	0	763	842	770	45	0	0	0	0
35	0	0	762	841	771	47	0	0	0	0
36	0	0	763	840	770	41	0	0	0	0
37	0	0	764	838	769	45	0	0	0	0
38	0	0	765	837	770	46	0	0	0	0
39	0	0	765	838	770	55	0	0	0	0
40	0	0	766	837	770	51	0	0	0	0
41	0	0	766	835	769	56	0	0	0	0
42	0	0	769	834	769	57	0	0	0	0
43	0	0	770	833	770	55	0	0	0	0
44	0	0	771	833	770	39	0	0	0	0
45	0	0	773	829	770	34	0	0	0	0
46	0	0	772	828	771	34	0	0	0	0
47	0	0	775	827	770	28	0	0	0	0
48	0	0	776	826	770	25	0	0	0	0
49	0	0	777	823	769	24	0	0	0	0
50	0	0	779	820	770	48	0	0	0	0
51	0	0	780	820	771	52	0	0	0	0
52	0	0	780	817	770	60	0	0	0	0
53	0	0	782	814	770	71	0	0	0	0
54	0	0	781	810	770	76	0	0	0	0
55	0	0	781	809	768	80	0	0	0	0
56	0	0	780	807	768	67	0	0	0	0
57	0	0	781	806	768	65	0	0	0	0
58	0	0	780	806	767	53	0	0	0	0
59	0	0	781	807	766	73	0	0	0	0
60	0	0	780	806	766	56	0	0	0	0
61	0	0	779	803	766	73	0	0	0	0
62	0	0	779	800	765	64	0	0	0	0
63	0	0	779	797	765	69	0	0	0	0
64	0	0	780	795	765	70	0	0	0	0
65	0	0	781	792	765	63	0	0	0	0
66	0	0	780	789	764	60	0	0	0	0
67	0	0	779	787	766	42	0	0	0	0
68	0	0	780	784	766	36	0	0	0	0
69	0	0	779	782	766	36	0	0	0	0
70	0	0	780	780	766	37	0	0	0	0
71	0	0	780	778	766	36	0	0	0	0
72	0	0	780	776	765	37	0	0	0	0
73	0	0	778	774	766	40	0	0	0	0
74	0	0	778	773	767	45	0	0	0	0
75	0	0	779	771	767	47	0	0	0	0
76	0	0	778	769	767	50	0	0	0	0
77	0	0	778	767	768	53	0	0	0	0
78	0	0	778	767	768	63	0	0	0	0
79	0	0	778	766	769	62	0	0	0	0
80	0	0	779	765	769	75	0	0	0	0
81	0	0	780	765	770	84	0	0	0	0
82	0	0	779	764	770	83	0	0	0	0
83	0	0	779	764	771	79	0	0	0	0
84	0	0	779	761	771	73	0	0	0	0
85	0	0	779	760	772	67	0	0	0	0
86	0	0	779	759	774	67	0	0	0	0
87	0	0	779	760	773	60	0	0	0	0
88	0	0	779	758	774	56	0	0	0	0
89	0	0	778	758	774	55	0	0	0	0
90	0	0	780	757	776	56	0	0	0	0
91	0	0	781	755	777	57	0	0	0	0
92	0	0	781	755	777	58	0	0	0	0
93	0	0	782	755	777	62	0	0	0	0
94	0	0	783	752	778	67	0	0	0	0
95	0	0	783	751	778	68	0	0	0	0
96	0	0	783	752	780	68	0	0	0	0
97	0	0	783	752	778	70	0	0	0	0
98	0	0	783	751	779	74	0	0	0	0
99	0	0	784	751	778	77	0	0	0	0
100	0	0	784	750	779	75	0	0	0	0
101	0	0	784	751	780	83	0	0	0	0
102	0	0	785	750	780	82	0	0	0	0
103	0	0	786	750	780	74	0	0	0	0
104	0	0	785	750	781	66	0	0	0	0
105	0	0	785	750	780	66	0	0	0	0
106	0	0	786	749	781	63	0	0	0	0
107	0	0	787	750	780	57	0	0	0	0
108	0	0	787	749	781	56	0	0	0	0
109	0	0	786	749	781	54	0	0	0	0
110	0	0	787	749	782	35	0	0	0	0
111	0	0	786	750	782	58	0	0	0	0
112	0	0	787	750	783	66	0	0	0	0
113	0	0	789	749	781	74	0	0	0	0
114	0	0	787	749	783	78	0	0	0	0
115	0	0	788	749	783	82	0	0	0	0
116	0	0	788	749	783	81	0	0	0	0
117	0	0	789	750	784	81	0	0	0	0
118	0	0	790	750	784	92	0	0	0	0
119	0	0	790	750	785	92	0	0	0	0
120	0	0	791	751	785	94	0	0	0	0
121	0	0	790	750	784	93	0	0	0	0
122	0	0	791	750	784	91	0	0	0	0
123	0	0	790	753	783	84	0	0	0	0
124	0	0	791	751	784	81	0	0	0	0
125	0	0	790	751	783	76	0	0	0	0
126	0	0	791	751	784	73	0	0	0	0
127	0	0	790	751	784	65	0	0	0	0
0	0	0	792	752	783	56	0	0	0	0
1	0	0	792	753	783	55	0	0	0	0
2	0	0	793	754	784	59	0	0	0	0
3	0	0	793	753	782	58	0	0	0	0
4	0	0	794	755	783	44	0	0	0	0
5	0	0	795	754	782	63	0	0	0	0
6	0	0	795	756	782	67	0	0	0	0
7	0	0	796	757	782	69	0	0	0	0
8	0	0	796	757	783	68	0	0	0	0
9	0	0	797	758	781	71	0	0	0	0
10	0	0	797	758	781	75	0	0	0	0
11	0	0	798	759	781	64	0	0	0	0
12	0	0	801	761	781	40	0	0	0	0
13	0	0	800	762	781	68	0	0	0	0
14	0	0	801	763	780	66	0	0	0	0
15	0	0	802	762	779	58	0	0	0	0
16	0	0	802	764	779	50	0	0	0	0
17	0	0	803	765	778	47	0	0	0	0
18	0	0	804	765	778	47	0	0	0	0
19	0	0	805	766	778	40	0	0	0	0
20	0	0	807	767	777	39	0	0	0	0
21	0	0	808	767	775	37	0	0	0	0
22	0	0	808	769	775	38	0	0	0	0
23	0	0	810	769	774	38	0	0	0	0
24	0	0	810	771	774	40	0	0	0	0
25	0	0	812	771	773	39	0	0	0	0
26	0	0	811	771	772	39	0	0	0	0
27	0	0	812	773	772	42	0	0	0	0
28	0	0	813	773	771	47	0	0	0	0
29	0	0	813	773	769	51	0	0	0	0
30	0	0	813	774	769	54	0	0	0	0
31	0	0	814	775	769	43	0	0	0	0
32	0	0	815	775	769	48	0	0	0	0
33	0	0	815	775	768	52	0	0	0	0
34	0	0	816	776	768	61	0	0	0	0
35	0	0	816	776	767	51	0	0	0	0
36	0	0	816	777	766	47	0	0	0	0
37	0	0	817	777	767	34	0	0	0	0
38	0	0	817	777	767	29	0	0	0	0
39	0	0	817	777	767	30	0	0	0	0
40	0	0	816	778	767	31	0	0	0	0
41	0	0	818	779	766	35	0	0	0	0
42	0	0	816	778	767	35	0	0	0	0
43	0	0	814	779	766	14	0	0	0	0
44	0	0	816	781	766	36	0	0	0	0
45	0	0	815	781	766	46	0	0	0	0
46	0	0	815	781	766	53	0	0	0	0
47	0	0	815	781	766	55	0	0	0	0
48	0	0	814	781	765	56	0	0	0	0
49	0	0	814	783	765	55	0	0	0	0
50	0	0	814	783	765	54	0	0	0	0
51	0	0	814	783	766	52	0	0	0	0
52	0	0	814	783	765	59	0	0	0	0
53	0	0	814	783	765	66	0	0	0	0
54	0	0	811	784	764	60	0	0	0	0
55	0	0	812	784	765	51	0	0	0	0
56	0	0	813	783	765	63	0	0	0	0
57	0	0	813	784	765	62	0	0	0	0
58	0	0	812	784	764	61	0	0	0	0
59	0	0	811	784	764	51	0	0	0	0
60	0	0	811	784	764	49	0	0	0	0
61	0	0	811	785	765	47	0	0	0	0
62	0	0	809	785	764	48	0	0	0	0
63	0	0	808	785	764	50	0	0	0	0
64	0	0	808	784	764	51	0	0	0	0
65	0	0	808	784	763	53	0	0	0	0
66	0	0	808	784	764	60	0	0	0	0
67	0	0	808	784	764	59	0	0	0	0
68	0	0	807	783	764	59	0	0	0	0
69	0	0	807	784	764	61	0	0	0	0
70	0	0	806	783	763	56	0	0	0	0
71	0	0	805	784	764	19	0	0	0	0
72	0	0	804	783	764	18	0	0	0	0
73	0	0	804	783	764	24	0	0	0	0
74	0	0	803	783	765	27	0	0	0	0
75	0	0	801	783	764	22	0	0	0	0
76	0	0	801	783	764	15	0	0	0	0
77	0	0	801	784	765	17	0	0	0	0
78	0	0	801	784	763	19	0	0	0	0
79	0	0	800	784	763	15	0	0	0	0
80	0	0	799	783	763	13	0	0	0	0
81	0	0	799	783	763	12	0	0	0	0
82	0	0	799	783	763	12	0	0	0	0
83	0	0	798	783	763	13	0	0	0	0
84	0	0	798	783	762	13	0	0	0	0
85	0	0	797	784	761	17	0	0	0	0
86	0	0	798	784	760	22	0	0	0	0
87	0	0	798	783	760	22	0	0	0	0
88	0	0	797	783	759	25	0	0	0	0
89	0	0	797	784	761	26	0	0	0	0
90	0	0	796	783	760	27	0	0	0	0
91	0	0	797	785	759	28	0	0	0	0
92	0	0	798	785	759	24	0	0	0	0
93	0	0	798	784	759	29	0	0	0	0
94	0	0	796	785	758	29	0	0	0	0
95	0	0	796	785	757	23	0	0	0	0
96	0	0	797	786	756	18	0	0	0	0
97	0	0	797	785	757	13	0	0	0	0
98	0	0	798	785	756	7	0	0	0	0
99	0	0	797	784	757	0	0	0	0	0
100	0	0	799	785	756	0	0	0	0	0
101	0	0	801	785	756	0	0	0	0	0
102	0	0	802	785	756	0	0	0	0	0
103	0	0	801	784	755	0	0	0	0	0
104	0	0	803	783	755	0	0	0	0	0
105	0	0	805	783	756	0	0	0	0	0
106	0	0	805	782	756	0	0	0	0	0
107	0	0	804	783	756	0	0	0	0	0
108	0	0	806	783	757	0	0	0	0	0
109	0	0	806	783	757	0	0	0	0	0
110	0	0	806	784	759	0	0	0	0	0
111	0	0	805	785	761	0	0	0	0	0
112	0	0	807	785	764	1	0	0	0	0
113	0	0	813	787	766	4	0	0	0	0
114	0	0	818	788	766	3	0	0	0	0
115	0	0	824	788	767	18	0	0	0	0
116	0	0	833	787	765	100	0	0	0	0
117	0	0	836	788	763	368	0	0	0	0
118	0	0	832	789	762	614	0	0	0	0
119	0	0	828	789	764	633	0	0	0	0
120	0	0	823	788	766	687	0	0	0	0
121	0	0	820	787	769	853	0	0	0	0
122	0	0	813	784	773	977	0	0	0	0
123	0	0	803	781	778	1073	0	0	0	0
124	0	0	796	779	780	1163	0	0	0	0
125	0	0	793	776	783	1171	0	0	0	0
126	0	0	791	775	783	1177	0	0	0	0
127	0	0	788	775	783	1219	0	0	0	0
0	0	0	787	777	783	1201	0	0	0	0
1	0	0	791	778	783	1159	0	0	0	0
2	0	0	798	779	782	1237	0	0	0	0
3	0	0	801	783	786	1346	0	0	0	0
4	0	0	798	783	788	1365	0	0	0	0
5	0	0	794	781	793	1433	0	0	0	0
6	0	0	790	779	796	1560	0	0	0	0
7	0	0	786	776	799	1652	0	0	0	0
8	0	0	781	773	803	1793	0	0	0	0
9	0	0	773	769	807	1908	0	0	0	0
10	0	0	766	765	810	2016	0	0	0	0
11	0	0	759	763	814	2074	0	0	0	0
12	0	0	757	762	817	2099	0	0	0	0
13	0	0	752	761	823	2060	0	0	0	0
14	0	0	747	763	830	1995	0	0	0	0
15	0	0	741	763	842	1947	0	0	0	0
16	0	0	725	764	859	1930	0	0	0	0
17	0	0	709	767	880	1909	0	0	0	0
18	0	0	684	774	911	1943	0	0	0	0
19	0	0	632	784	957	1868	0	0	0	0
20	0	0	561	789	1007	1738	0	0	0	0
21	0	0	482	782	1059	1652	0	0	0	0
22	0	0	375	759	1105	1669	0	0	0	0
23	0	0	264	717	1144	1655	0	0	0	0
24	0	0	190	656	1174	1577	0	0	0	0
25	0	0	172	585	1193	1434	0	0	0	0
26	0	0	202	523	1204	1401	0	0	0	0
27	0	0	290	477	1214	1384	0	0	0	0
28	0	0	414	454	1229	1314	0	0	0	0
29	0	0	533	463	1256	1282	0	0	0	0
30	0	0	602	496	1279	1251	0	0	0	0
31	0	0	633	541	1288	1249	0	0	0	0
32	0	0	651	589	1288	1253	0	0	0	0
33	0	0	659	624	1284	1278	0	0	0	0
34	0	0	648	624	1281	1307	0	0	0	0
35	0	0	626	594	1309	1307	0	0	0	0
36	0	0	557	532	1334	1321	0	0	0	0
37	0	0	463	456	1334	1346	0	0	0	0
38	0	0	377	383	1302	1387	0	0	0	0
39	0	0	350	333	1225	1410	0	0	0	0
40	0	0	418	309	1117	1468	0	0	0	0
41	0	0	556	303	999	1520	0	0	0	0
42	0	0	709	287	880	1570	0	0	0	0
43	0	0	848	257	773	1624	0	0	0	0
44	0	0	981	212	674	1688	0	0	0	0
45	0	0	1046	154	593	1752	0	0	0	0
46	0	0	1049	109	527	1823	0	0	0	0
47	0	0	1074	75	491	1878	0	0	0	0
48	0	0	1192	56	486	1918	0	0	0	0
49	0	0	1257	44	489	1940	0	0	0	0
50	0	0	1258	37	514	1991	0	0	0	0
51	0	0	1240	34	551	2043	0	0	0	0
52	0	0	1218	58	590	2082	0	0	0	0
53	0	0	1179	84	626	2094	0	0	0	0
54	0	0	1130	117	656	2100	0	0	0	0
55	0	0	1087	146	680	2110	0	0	0	0
56	0	0	1063	167	700	2111	0	0	0	0
57	0	0	1045	189	710	2112	0	0	0	0
58	0	0	1029	206	712	2122	0	0	0	0
59	0	0	1021	219	714	2125	0	0	0	0
60	0	0	1006	237	709	2132	0	0	0	0
61	0	0	991	264	718	2159	0	0	0	0
62	0	0	985	291	733	2181	0	0	0	0
63	0	0	967	326	753	2192	0	0	0	0
64	0	0	939	348	777	2195	0	0	0	0
65	0	0	910	361	803	2204	0	0	0	0
66	0	0	883	364	831	2202	0	0	0	0
67	0	0	862	352	861	2211	0	0	0	0
68	0	0	840	337	890	2218	0	0	0	0
69	0	0	816	316	914	2220	0	0	0	0
70	0	0	795	291	938	2222	0	0	0	0
71	0	0	773	263	956	2221	0	0	0	0
72	0	0	760	232	973	2228	0	0	0	0
73	0	0	746	197	989	2240	0	0	0	0
74	0	0	735	158	1001	2248	0	0	0	0
75	0	0	725	118	1013	2252	0	0	0	0
76	0	0	722	82	1023	2250	0	0	0	0
77	0	0	722	68	1036	2252	0	0	0	0
78	0	0	724	55	1036	2254	0	0	0	0
79	0	0	729	43	1040	2256	0	0	0	0
80	0	0	735	42	1042	2254	0	0	0	0
81	0	0	745	50	1041	2256	0	0	0	0
82	0	0	753	71	1040	2261	0	0	0	0
83	0	0	761	97	1039	2265	0	0	0	0
84	0	0	772	125	1038	2272	0	0	0	0
85	0	0	783	153	1038	2283	0	0	0	0
86	0	0	795	180	1040	2288	0	0	0	0
87	0	0	806	203	1041	2296	0	0	0	0
88	0	0	818	226	1043	2297	0	0	0	0
89	0	0	829	245	1046	2304	0	0	0	0
90	0	0	837	260	1047	2309	0	0	0	0
91	0	0	842	275	1049	2313	0	0	0	0
92	0	0	846	290	1047	2317	0	0	0	0
93	0	0	847	306	1046	2319	0	0	0	0
94	0	0	846	326	1042	2325	0	0	0	0
95	0	0	843	346	1038	2328	0	0	0	0
96	0	0	840	367	1033	2332	0	0	0	0
97	0	0	833	387	1024	2342	0	0	0	0
98	0	0	827	407	1017	2349	0	0	0	0
99	0	0	822	426	1008	2356	0	0	0	0
100	0	0	817	445	995	2361	0	0	0	0
101	0	0	814	464	985	2363	0	0	0	0
102	0	0	810	481	971	2367	0	0	0	0
103	0	0	813	495	954	2373	0	0	0	0
104	0	0	817	509	937	2374	0	0	0	0
105	0	0	819	527	918	2378	0	0	0	0
106	0	0	822	543	900	2378	0	0	0	0
107	0	0	824	555	881	2379	0	0	0	0
108	0	0	829	565	862	2379	0	0	0	0
109	0	0	832	570	845	2379	0	0	0	0
110	0	0	838	575	826	2377	0	0	0	0
111	0	0	844	585	810	2377	0	0	0	0
112	0	0	846	595	793	2379	0	0	0	0
113	0	0	846	605	778	2380	0	0	0	0
114	0	0	846	614	763	2378	0	0	0	0
115	0	0	847	623	754	2379	0	0	0	0
116	0	0	847	630	744	2375	0	0	0	0
117	0	0	849	637	736	2371	0	0	0	0
118	0	0	849	641	729	2369	0	0	0	0
119	0	0	851	645	723	2367	0	0	0	0
120	0	0	853	645	717	2368	0	0	0	0
121	0	0	857	643	713	2372	0	0	0	0
122	0	0	861	643	710	2374	0	0	0	0
123	0	0	866	640	709	2373	0	0	0	0
124	0	0	868	637	709	2378	0	0	0	0
125	0	0	869	636	707	2386	0	0	0	0
126	0	0	869	634	708	2387	0	0	0	0
127	0	0	867	635	706	2377	0	0	0	0
0	0	0	866	634	707	2372	0	0	0	0
1	0	0	861	635	706	2373	0	0	0	0
2	0	0	855	634	707	2373	0	0	0	0
3	0	0	850	633	708	2372	0	0	0	0
4	0	0	845	632	710	2371	0	0	0	0
5	0	0	838	632	710	2370	0	0	0	0
6	0	0	830	630	712	2370	0	0	0	0
7	0	0	824	629	714	2370	0	0	0	0
8	0	0	819	628	716	2369	0	0	0	0
9	0	0	815	628	718	2369	0	0	0	0
10	0	0	809	626	722	2370	0	0	0	0
11	0	0	805	625	725	2372	0	0	0	0
12	0	0	800	623	729	2374	0	0	0	0
13	0	0	794	621	733	2373	0	0	0	0
14	0	0	790	619	738	2373	0	0	0	0
15	0	0	786	617	741	2373	0	0	0	0
16	0	0	782	615	746	2373	0	0	0	0
17	0	0	779	613	749	2373	0	0	0	0
18	0	0	777	611	754	2372	0	0	0	0
19	0	0	777	611	757	2370	0	0	0	0
20	0	0	774	608	760	2368	0	0	0	0
21	0	0	775	605	763	2368	0	0	0	0
22	0	0	774	604	764	2368	0	0	0	0
23	0	0	774	603	768	2367	0	0	0	0
24	0	0	774	600	771	2361	0	0	0	0
25	0	0	777	599	773	2352	0	0	0	0
26	0	0	778	597	778	2348	0	0	0	0
27	0	0	779	596	781	2348	0	0	0	0
28	0	0	781	594	786	2348	0	0	0	0
29	0	0	783	594	790	2346	0	0	0	0
30	0	0	784	593	794	2344	0	0	0	0
31	0	0	786	594	799	2339	0	0	0	0
32	0	0	788	593	803	2330	0	0	0	0
33	0	0	791	593	806	2322	0	0	0	0
34	0	0	794	594	811	2319	0	0	0	0
35	0	0	796	594	816	2317	0	0	0	0
36	0	0	800	592	819	2314	0	0	0	0
37	0	0	803	593	823	2313	0	0	0	0
38	0	0	806	595	827	2311	0	0	0	0
39	0	0	810	595	829	2308	0	0	0	0
40	0	0	814	594	832	2303	0	0	0	0
41	0	0	817	592	835	2300	0	0	0	0
42	0	0	821	583	838	2302	0	0	0	0
43	0	0	817	577	841	2299	0	0	0	0
44	0	0	821	577	845	2295	0	0	0	0
45	0	0	823	574	848	2291	0	0	0	0
46	0	0	820	572	852	2287	0	0	0	0
47	0	0	819	571	856	2282	0	0	0	0
48	0	0	819	570	858	2277	0	0	0	0
49	0	0	815	570	863	2280	0	0	0	0
50	0	0	815	567	866	2279	0	0	0	0
51	0	0	809	566	869	2275	0	0	0	0
52	0	0	806	565	870	2270	0	0	0	0
53	0	0	799	565	873	2262	0	0	0	0
54	0	0	791	564	875	2259	0	0	0	0
55	0	0	784	559	877	2249	0	0	0	0
56	0	0	775	554	879	2247	0	0	0	0
57	0	0	768	550	881	2241	0	0	0	0
58	0	0	762	545	883	2238	0	0	0	0
59	0	0	755	540	885	2231	0	0	0	0
60	0	0	749	536	887	2221	0	0	0	0
61	0	0	743	534	888	2216	0	0	0	0
62	0	0	737	532	890	2210	0	0	0	0
63	0	0	734	530	890	2201	0	0	0	0
64	0	0	733	529	891	2193	0	0	0	0
65	0	0	730	530	891	2188	0	0	0	0
66	0	0	730	531	890	2176	0	0	0	0
67	0	0	730	531	889	2164	0	0	0	0
68	0	0	730	534	888	2150	0	0	0	0
69	0	0	731	538	887	2144	0	0	0	0
70	0	0	733	540	886	2136	0	0	0	0
71	0	0	734	544	885	2131	0	0	0	0
72	0	0	737	549	884	2127	0	0	0	0
73	0	0	740	553	884	2123	0	0	0	0
74	0	0	742	557	884	2114	0	0	0	0
75	0	0	746	560	883	2105	0	0	0	0
76	0	0	747	564	883	2094	0	0	0	0
77	0	0	748	569	884	2088	0	0	0	0
78	0	0	750	573	885	2084	0	0	0	0
79	0	0	752	576	883	2080	0	0	0	0
80	0	0	752	580	882	2073	0	0	0	0
81	0	0	755	586	882	2064	0	0	0	0
82	0	0	758	590	882	2063	0	0	0	0
83	0	0	758	594	882	2054	0	0	0	0
84	0	0	760	599	881	2032	0	0	0	0
85	0	0	762	601	881	2016	0	0	0	0
86	0	0	765	605	880	2023	0	0	0	0
87	0	0	770	608	880	2024	0	0	0	0
88	0	0	772	612	877	2019	0	0	0	0
89	0	0	775	617	877	2016	0	0	0	0
90	0	0	779	621	876	2004	0	0	0	0
91	0	0	780	624	876	2002	0	0	0	0
92	0	0	785	627	874	1998	0	0	0	0
93	0	0	786	631	875	1990	0	0	0	0
94	0	0	790	637	873	1975	0	0	0	0
95	0	0	793	638	873	1956	0	0	0	0
96	0	0	797	646	872	1939	0	0	0	0
97	0	0	797	651	870	1919	0	0	0	0
98	0	0	798	657	869	1906	0	0	0	0
99	0	0	799	660	867	1902	0	0	0	0
100	0	0	803	663	868	1895	0	0	0	0
101	0	0	801	668	865	1877	0	0	0	0
102	0	0	804	670	864	1863	0	0	0	0
103	0	0	805	674	862	1843	0	0	0	0
104	0	0	806	678	861	1827	0	0	0	0
105	0	0	806	681	858	1820	0	0	0	0
106	0	0	808	684	857	1813	0	0	0	0
107	0	0	808	686	855	1794	0	0	0	0
108	0	0	807	688	852	1781	0	0	0	0
109	0	0	807	689	850	1770	0	0	0	0
110	0	0	807	693	848	1754	0	0	0	0
111	0	0	806	695	846	1749	0	0	0	0
112	0	0	806	697	844	1744	0	0	0	0
113	0	0	806	701	841	1724	0	0	0	0
114	0	0	806	702	840	1722	0	0	0	0
115	0	0	808	702	838	1720	0	0	0	0
116	0	0	808	705	836	1714	0	0	0	0
117	0	0	807	706	833	1703	0	0	0	0
118	0	0	807	709	832	1696	0	0	0	0
119	0	0	808	710	828	1695	0	0	0	0
120	0	0	807	711	827	1685	0	0	0	0
121	0	0	807	714	824	1683	0	0	0	0
122	0	0	806	715	821	1682	0	0	0	0
123	0	0	807	718	819	1676	0	0	0	0
124	0	0	806	717	818	1663	0	0	0	0
125	0	0	806	718	814	1655	0	0	0	0
126	0	0	806	719	812	1638	0	0	0	0
127	0	0	807	719	810	1629	0	0	0	0
0	0	0	807	719	807	1621	0	0	0	0
1	0	0	805	719	806	1612	0	0	0	0
2	0	0	805	719	804	1599	0	0	0	0
3	0	0	805	720	801	1595	0	0	0	0
4	0	0	804	718	799	1593	0	0	0	0
5	0	0	803	719	798	1586	0	0	0	0
6	0	0	802	719	796	1579	0	0	0	0
7	0	0	802	719	794	1571	0	0	0	0
8	0	0	801	717	793	1565	0	0	0	0
9	0	0	801	716	792	1559	0	0	0	0
10	0	0	799	715	792	1551	0	0	0	0
11	0	0	798	715	788	1538	0	0	0	0
12	0	0	799	715	789	1527	0	0	0	0
13	0	0	798	714	789	1522	0	0	0	0
14	0	0	797	712	787	1513	0	0	0	0
15	0	0	796	711	786	1506	0	0	0	0
16	0	0	795	709	785	1498	0	0	0	0
17	0	0	793	707	785	1499	0	0	0	0
18	0	0	792	706	784	1493	0	0	0	0
19	0	0	792	706	782	1488	0	0	0	0
20	0	0	791	705	781	1483	0	0	0	0
21	0	0	790	702	781	1479	0	0	0	0
22	0	0	790	701	781	1476	0	0	0	0
23	0	0	790	700	779	1471	0	0	0	0
24	0	0	788	699	780	1464	0	0	0	0
25	0	0	786	697	780	1455	0	0	0	0
26	0	0	786	697	780	1451	0	0	0	0
27	0	0	786	696	779	1441	0	0	0	0
28	0	0	785	696	780	1435	0	0	0	0
29	0	0	783	695	780	1440	0	0	0	0
30	0	0	783	694	781	1442	0	0	0	0
31	0	0	783	692	780	1446	0	0	0	0
32	0	0	783	694	780	1436	0	0	0	0
33	0	0	783	692	781	1435	0	0	0	0
34	0	0	780	693	780	1421	0	0	0	0
35	0	0	781	694	781	1399	0	0	0	0
36	0	0	781	690	782	1389	0	0	0	0
37	0	0	779	692	782	1381	0	0	0	0
38	0	0	780	689	783	1377	0	0	0	0
39	0	0	779	690	783	1374	0	0	0	0
40	0	0	780	691	782	1365	0	0	0	0
41	0	0	780	691	783	1361	0	0	0	0
42	0	0	780	692	783	1356	0	0	0	0
43	0	0	779	692	784	1357	0	0	0	0
44	0	0	778	691	784	1354	0	0	0	0
45	0	0	776	692	784	1346	0	0	0	0
46	0	0	776	692	784	1333	0	0	0	0
47	0	0	777	692	785	1329	0	0	0	0
48	0	0	777	692	786	1317	0	0	0	0
49	0	0	776	693	786	1303	0	0	0	0
50	0	0	777	693	786	1300	0	0	0	0
51	0	0	775	694	786	1297	0	0	0	0
52	0	0	776	696	787	1284	0	0	0	0
53	0	0	774	695	786	1279	0	0	0	0
54	0	0	775	696	786	1280	0	0	0	0
55	0	0	775	697	787	1275	0	0	0	0
56	0	0	774	697	788	1271	0	0	0	0
57	0	0	775	697	787	1267	0	0	0	0
58	0	0	773	697	788	1260	0	0	0	0
59	0	0	774	697	789	1254	0	0	0	0
60	0	0	774	697	789	1250	0	0	0	0
61	0	0	775	697	789	1258	0	0	0	0
62	0	0	776	697	788	1263	0	0	0	0
63	0	0	777	697	789	1265	0	0	0	0
64	0	0	776	697	789	1268	0	0	0	0
65	0	0	777	696	789	1269	0	0	0	0
66	0	0	777	697	789	1269	0	0	0	0
67	0	0	778	696	790	1270	0	0	0	0
68	0	0	778	697	791	1269	0	0	0	0
69	0	0	777	695	790	1263	0	0	0	0
70	0	0	778	695	790	1263	0	0	0	0
71	0	0	781	694	791	1267	0	0	0	0
72	0	0	780	693	790	1258	0	0	0	0
73	0	0	780	693	789	1247	0	0	0	0
74	0	0	781	694	791	1249	0	0	0	0
75	0	0	782	693	791	1239	0	0	0	0
76	0	0	782	692	791	1229	0	0	0	0
77	0	0	783	692	791	1236	0	0	0	0
78	0	0	783	692	791	1234	0	0	0	0
79	0	0	786	692	792	1241	0	0	0	0
80	0	0	785	692	791	1235	0	0	0	0
81	0	0	785	692	792	1238	0	0	0	0
82	0	0	785	692	792	1235	0	0	0	0
83	0	0	786	692	793	1233	0	0	0	0
84	0	0	787	692	794	1228	0	0	0	0
85	0	0	786	693	794	1225	0	0	0	0
86	0	0	786	692	795	1223	0	0	0	0
87	0	0	788	692	795	1221	0	0	0	0
88	0	0	788	692	796	1223	0	0	0	0
89	0	0	789	693	796	1218	0	0	0	0
90	0	0	788	693	797	1214	0	0	0	0
91	0	0	788	692	799	1218	0	0	0	0
92	0	0	789	691	799	1221	0	0	0	0
93	0	0	791	692	800	1217	0	0	0	0
94	0	0	790	691	800	1211	0	0	0	0
95	0	0	790	691	800	1211	0	0	0	0
96	0	0	790	689	801	1208	0	0	0	0
97	0	0	790	689	802	1206	0	0	0	0
98	0	0	789	689	803	1211	0	0	0	0
99	0	0	789	686	804	1215	0	0	0	0
100	0	0	789	685	803	1213	0	0	0	0
101	0	0	789	685	803	1216	0	0	0	0
102	0	0	790	684	804	1221	0	0	0	0
103	0	0	789	684	803	1226	0	0	0	0
104	0	0	790	683	804	1230	0	0	0	0
105	0	0	789	681	804	1235	0	0	0	0
106	0	0	789	681	803	1242	0	0	0	0
107	0	0	789	682	805	1246	0	0	0	0
108	0	0	786	678	805	1248	0	0	0	0
109	0	0	787	679	804	1249	0	0	0	0
110	0	0	788	679	804	1248	0	0	0	0
111	0	0	787	676	804	1253	0	0	0	0
112	0	0	787	677	804	1252	0	0	0	0
113	0	0	788	675	803	1250	0	0	0	0
114	0	0	786	673	803	1258	0	0	0	0
115	0	0	786	669	803	1261	0	0	0	0
116	0	0	786	668	802	1255	0	0	0	0
117	0	0	787	666	801	1254	0	0	0	0
118	0	0	787	663	802	1249	0	0	0	0
119	0	0	786	662	802	1242	0	0	0	0
120	0	0	786	660	801	1241	0	0	0	0
121	0	0	785	658	802	1239	0	0	0	0
122	0	0	785	655	803	1242	0	0	0	0
123	0	0	785	653	803	1246	0	0	0	0
124	0	0	784	651	803	1253	0	0	0	0
125	0	0	784	649	804	1261	0	0	0	0
126	0	0	784	645	803	1260	0	0	0	0
127	0	0	784	643	804	1260	0	0	0	0
0	0	0	783	639	805	1263	0	0	0	0
1	0	0	782	637	806	1263	0	0	0	0
2	0	0	783	634	807	1262	0	0	0	0
3	0	0	782	630	808	1260	0	0	0	0
4	0	0	782	628	809	1265	0	0	0	0
5	0	0	781	625	809	1271	0	0	0	0
6	0	0	779	623	810	1279	0	0	0	0
7	0	0	780	621	810	1285	0	0	0	0
8	0	0	779	620	812	1281	0	0	0	0
9	0	0	778	617	812	1281	0	0	0	0
10	0	0	777	615	813	1288	0	0	0	0
11	0	0	778	614	813	1303	0	0	0	0
12	0	0	778	611	814	1303	0	0	0	0
13	0	0	777	611	815	1307	0	0	0	0
14	0	0	776	608	815	1309	0	0	0	0
15	0	0	774	609	816	1312	0	0	0	0
16	0	0	775	610	815	1320	0	0	0	0
17	0	0	775	609	817	1325	0	0	0	0
18	0	0	774	610	817	1334	0	0	0	0
19	0	0	774	611	817	1332	0	0	0	0
20	0	0	774	609	818	1337	0	0	0	0
21	0	0	774	610	818	1346	0	0	0	0
22	0	0	774	609	819	1346	0	0	0	0
23	0	0	773	610	819	1351	0	0	0	0
24	0	0	772	609	820	1346	0	0	0	0
25	0	0	772	609	820	1352	0	0	0	0
26	0	0	772	610	821	1354	0	0	0	0
27	0	0	772	609	820	1353	0	0	0	0
28	0	0	772	609	821	1351	0	0	0	0
29	0	0	773	609	821	1357	0	0	0	0
30	0	0	772	610	822	1361	0	0	0	0
31	0	0	771	610	822	1367	0	0	0	0
32	0	0	771	611	822	1365	0	0	0	0
33	0	0	771	611	822	1363	0	0	0	0
34	0	0	772	612	822	1364	0	0	0	0
35	0	0	772	612	823	1367	0	0	0	0
36	0	0	773	612	822	1370	0	0	0	0
37	0	0	772	612	823	1372	0	0	0	0
38	0	0	773	611	822	1374	0	0	0	0
39	0	0	773	614	822	1379	0	0	0	0
40	0	0	773	613	822	1381	0	0	0	0
41	0	0	774	614	822	1380	0	0	0	0
42	0	0	775	613	821	1384	0	0	0	0
43	0	0	776	614	822	1389	0	0	0	0
44	0	0	776	614	820	1384	0	0	0	0
45	0	0	777	614	820	1384	0	0	0	0
46	0	0	778	614	820	1386	0	0	0	0
47	0	0	778	615	820	1384	0	0	0	0
48	0	0	777	615	819	1387	0	0	0	0
49	0	0	777	616	820	1389	0	0	0	0
50	0	0	779	616	819	1392	0	0	0	0
51	0	0	779	616	819	1391	0	0	0	0
52	0	0	779	616	819	1392	0	0	0	0
53	0	0	779	618	817	1391	0	0	0	0
54	0	0	782	619	817	1390	0	0	0	0
55	0	0	781	619	817	1391	0	0	0	0
56	0	0	782	619	816	1396	0	0	0	0
57	0	0	782	620	816	1392	0	0	0	0
58	0	0	783	620	815	1396	0	0	0	0
59	0	0	784	621	815	1400	0	0	0	0
60	0	0	785	621	815	1398	0	0	0	0
61	0	0	786	621	814	1398	0	0	0	0
62	0	0	786	622	814	1398	0	0	0	0
63	0	0	787	622	814	1397	0	0	0	0
64	0	0	787	623	814	1403	0	0	0	0
65	0	0	787	623	813	1403	0	0	0	0
66	0	0	787	624	813	1405	0	0	0	0
67	0	0	787	623	813	1400	0	0	0	0
68	0	0	787	624	812	1399	0	0	0	0
69	0	0	787	625	812	1402	0	0	0	0
70	0	0	785	626	811	1400	0	0	0	0
71	0	0	787	626	811	1399	0	0	0	0
72	0	0	787	626	811	1402	0	0	0	0
73	0	0	787	627	811	1406	0	0	0	0
74	0	0	788	628	811	1410	0	0	0	0
75	0	0	788	627	811	1412	0	0	0	0
76	0	0	787	627	810	1412	0	0	0	0
77	0	0	788	627	811	1417	0	0	0	0
78	0	0	789	629	810	1422	0	0	0	0
79	0	0	790	629	810	1422	0	0	0	0
80	0	0	790	630	810	1425	0	0	0	0
81	0	0	789	629	809	1428	0	0	0	0
82	0	0	789	630	811	1430	0	0	0	0
83	0	0	789	629	809	1430	0	0	0	0
84	0	0	788	629	810	1429	0	0	0	0
85	0	0	787	629	810	1428	0	0	0	0
86	0	0	787	629	809	1429	0	0	0	0
87	0	0	788	630	809	1433	0	0	0	0
88	0	0	788	630	809	1435	0	0	0	0
89	0	0	788	630	810	1438	0	0	0	0
90	0	0	787	630	809	1435	0	0	0	0
91	0	0	788	631	809	1438	0	0	0	0
92	0	0	787	631	808	1438	0	0	0	0
93	0	0	787	631	809	1443	0	0	0	0
94	0	0	787	632	809	1444	0	0	0	0
95	0	0	786	632	809	1442	0	0	0	0
96	0	0	786	631	809	1442	0	0	0	0
97	0	0	786	632	810	1447	0	0	0	0
98	0	0	785	633	809	1450	0	0	0	0
99	0	0	786	631	809	1451	0	0	0	0
100	0	0	787	632	810	1450	0	0	0	0
101	0	0	785	632	809	1457	0	0	0	0
102	0	0	784	633	810	1462	0	0	0	0
103	0	0	785	633	810	1460	0	0	0	0
104	0	0	784	633	809	1464	0	0	0	0
105	0	0	784	634	809	1464	0	0	0	0
106	0	0	784	635	809	1466	0	0	0	0
107	0	0	784	635	809	1469	0	0	0	0
108	0	0	783	634	808	1472	0	0	0	0
109	0	0	783	635	808	1472	0	0	0	0
110	0	0	783	636	809	1472	0	0	0	0
111	0	0	783	636	808	1462	0	0	0	0
112	0	0	783	637	809	1463	0	0	0	0
113	0	0	785	637	807	1466	0	0	0	0
114	0	0	783	637	808	1465	0	0	0	0
115	0	0	783	636	809	1464	0	0	0	0
116	0	0	783	637	808	1465	0	0	0	0
117	0	0	781	638	808	1466	0	0	0	0
118	0	0	783	638	808	1467	0	0	0	0
119	0	0	782	640	808	1468	0	0	0	0
120	0	0	783	638	809	1465	0	0	0	0
121	0	0	783	638	808	1469	0	0	0	0
122	0	0	783	639	808	1467	0	0	0	0
123	0	0	785	640	808	1469	0	0	0	0
124	0	0	785	641	808	1469	0	0	0	0
125	0	0	784	642	807	1469	0	0	0	0
126	0	0	783	642	807	1470	0	0	0	0
127	0	0	784	642	807	1471	0	0	0	0
0	0	0	785	643	807	1470	0	0	0	0
1	0	0	786	643	806	1471	0	0	0	0
2	0	0	785	644	806	1472	0	0	0	0
3	0	0	785	644	805	1472	0	0	0	0
4	0	0	783	645	805	1475	0	0	0	0
5	0	0	784	645	804	1477	0	0	0	0
6	0	0	785	646	806	1486	0	0	0	0
7	0	0	784	646	805	1493	0	0	0	0
8	0	0	784	647	805	1498	0	0	0	0
9	0	0	784	646	805	1500	0	0	0	0
10	0	0	784	646	805	1500	0	0	0	0
11	0	0	784	647	805	1502	0	0	0	0
12	0	0	783	647	805	1500	0	0	0	0
13	0	0	783	648	804	1500	0	0	0	0
14	0	0	783	648	804	1498	0	0	0	0
15	0	0	783	649	805	1496	0	0	0	0
16	0	0	783	650	805	1494	0	0	0	0
17	0	0	784	649	805	1492	0	0	0	0
18	0	0	784	649	804	1494	0	0	0	0
19	0	0	784	649	805	1490	0	0	0	0
20	0	0	784	650	805	1489	0	0	0	0
21	0	0	784	651	805	1493	0	0	0	0
22	0	0	784	651	805	1491	0	0	0	0
23	0	0	785	651	804	1496	0	0	0	0
24	0	0	784	651	805	1496	0	0	0	0
25	0	0	785	651	804	1495	0	0	0	0
26	0	0	785	652	804	1497	0	0	0	0
27	0	0	785	652	804	1498	0	0	0	0
28	0	0	786	653	803	1499	0	0	0	0
29	0	0	784	652	804	1499	0	0	0	0
30	0	0	784	652	804	1499	0	0	0	0
31	0	0	784	653	804	1504	0	0	0	0
32	0	0	785	653	805	1505	0	0	0	0
33	0	0	785	653	804	1506	0	0	0	0
34	0	0	784	653	804	1507	0	0	0	0
35	0	0	784	653	803	1502	0	0	0	0
36	0	0	784	653	803	1500	0	0	0	0
37	0	0	783	653	804	1496	0	0	0	0
38	0	0	783	653	804	1496	0	0	0	0
39	0	0	783	653	803	1494	0	0	0	0
40	0	0	784	653	803	1493	0	0	0	0
41	0	0	785	653	804	1495	0	0	0	0
42	0	0	783	653	803	1499	0	0	0	0
43	0	0	785	653	804	1500	0	0	0	0
44	0	0	786	653	804	1503	0	0	0	0
45	0	0	784	652	804	1508	0	0	0	0
46	0	0	784	652	804	1508	0	0	0	0
47	0	0	784	652	805	1511	0	0	0	0
48	0	0	784	651	803	1511	0	0	0	0
49	0	0	783	651	805	1513	0	0	0	0
50	0	0	784	652	804	1514	0	0	0	0
51	0	0	782	652	805	1516	0	0	0	0
52	0	0	782	652	805	1517	0	0	0	0
53	0	0	782	651	805	1518	0	0	0	0
54	0	0	783	650	805	1518	0	0	0	0
55	0	0	783	652	805	1522	0	0	0	0
56	0	0	782	651	805	1520	0	0	0	0
57	0	0	782	651	805	1521	0	0	0	0
58	0	0	782	650	805	1530	0	0	0	0
59	0	0	783	650	806	1532	0	0	0	0
60	0	0	782	650	805	1536	0	0	0	0
61	0	0	781	650	805	1542	0	0	0	0
62	0	0	781	649	806	1532	0	0	0	0
63	0	0	781	649	805	1539	0	0	0	0
64	0	0	781	649	805	1538	0	0	0	0
65	0	0	781	647	806	1539	0	0	0	0
66	0	0	782	648	805	1539	0	0	0	0
67	0	0	781	647	806	1541	0	0	0	0
68	0	0	781	647	805	1541	0	0	0	0
69	0	0	781	646	805	1546	0	0	0	0
70	0	0	781	647	805	1550	0	0	0	0
71	0	0	781	646	806	1553	0	0	0	0
72	0	0	779	646	807	1557	0	0	0	0
73	0	0	779	646	808	1562	0	0	0	0
74	0	0	778	645	806	1565	0	0	0	0
75	0	0	780	645	807	1558	0	0	0	0
76	0	0	781	644	807	1554	0	0	0	0
77	0	0	780	643	807	1563	0	0	0	0
78	0	0	779	644	807	1562	0	0	0	0
79	0	0	780	643	808	1559	0	0	0	0
80	0	0	779	643	807	1560	0	0	0	0
81	0	0	780	643	807	1560	0	0	0	0
82	0	0	778	643	808	1561	0	0	0	0
83	0	0	778	643	808	1559	0	0	0	0
84	0	0	779	643	809	1563	0	0	0	0
85	0	0	779	642	809	1565	0	0	0	0
86	0	0	778	642	809	1570	0	0	0	0
87	0	0	779	642	811	1567	0	0	0	0
88	0	0	779	641	810	1568	0	0	0	0
89	0	0	779	640	810	1575	0	0	0	0
90	0	0	778	641	811	1576	0	0	0	0
91	0	0	779	641	811	1575	0	0	0	0
92	0	0	778	640	811	1577	0	0	0	0
93	0	0	779	640	812	1578	0	0	0	0
94	0	0	778	639	811	1577	0	0	0	0
95	0	0	778	638	812	1576	0	0	0	0
96	0	0	779	638	811	1578	0	0	0	0
97	0	0	778	638	813	1581	0	0	0	0
98	0	0	779	637	812	1585	0	0	0	0
99	0	0	779	636	813	1587	0	0	0	0
100	0	0	781	636	812	1585	0	0	0	0
101	0	0	779	636	812	1586	0	0	0	0
102	0	0	780	634	813	1585	0	0	0	0
103	0	0	780	635	813	1587	0	0	0	0
104	0	0	779	634	811	1584	0	0	0	0
105	0	0	780	635	812	1588	0	0	0	0
106	0	0	781	635	813	1592	0	0	0	0
107	0	0	780	636	813	1593	0	0	0	0
108	0	0	780	633	813	1597	0	0	0	0
109	0	0	779	633	814	1598	0	0	0	0
110	0	0	779	633	813	1599	0	0	0	0
111	0	0	779	633	813	1601	0	0	0	0
112	0	0	779	633	813	1613	0	0	0	0
113	0	0	780	633	814	1617	0	0	0	0
114	0	0	779	632	814	1616	0	0	0	0
115	0	0	780	632	815	1618	0	0	0	0
116	0	0	780	632	815	1620	0	0	0	0
117	0	0	779	631	816	1618	0	0	0	0
118	0	0	778	631	815	1619	0	0	0	0
119	0	0	780	630	815	1611	0	0	0	0
120	0	0	780	631	815	1618	0	0	0	0
121	0	0	779	629	817	1627	0	0	0	0
122	0	0	779	629	816	1630	0	0	0	0
123	0	0	779	629	816	1631	0	0	0	0
124	0	0	778	629	817	1624	0	0	0	0
125	0	0	778	629	817	1628	0	0	0	0
126	0	0	778	629	816	1625	0	0	0	0
127	0	0	779	629	817	1630	0	0	0	0
0	0	0	779	629	816	1640	0	0	0	0
1	0	0	780	628	817	1640	0	0	0	0
2	0	0	779	629	817	1642	0	0	0	0
3	0	0	778	628	816	1634	0	0	0	0
4	0	0	778	629	816	1636	0	0	0	0
5	0	0	779	628	816	1641	0	0	0	0
6	0	0	778	628	816	1646	0	0	0	0
7	0	0	779	629	816	1651	0	0	0	0
8	0	0	780	629	817	1658	0	0	0	0
9	0	0	779	629	816	1663	0	0	0	0
10	0	0	780	629	816	1662	0	0	0	0
11	0	0	779	629	815	1666	0	0	0	0
12	0	0	779	629	814	1666	0	0	0	0
13	0	0	781	629	815	1667	0	0	0	0
14	0	0	781	628	815	1673	0	0	0	0
15	0	0	782	629	815	1680	0	0	0	0
16	0	0	782	629	814	1687	0	0	0	0
17	0	0	782	629	814	1691	0	0	0	0
18	0	0	782	629	816	1693	0	0	0	0
19	0	0	781	629	815	1701	0	0	0	0
20	0	0	782	629	815	1700	0	0	0	0
21	0	0	781	628	815	1701	0	0	0	0
22	0	0	781	629	815	1704	0	0	0	0
23	0	0	782	629	816	1713	0	0	0	0
24	0	0	781	629	815	1717	0	0	0	0
25	0	0	783	631	815	1721	0	0	0	0
26	0	0	782	630	815	1727	0	0	0	0
27	0	0	782	630	815	1728	0	0	0	0
28	0	0	783	631	815	1730	0	0	0	0
29	0	0	782	630	814	1729	0	0	0	0
30	0	0	784	632	814	1737	0	0	0	0
31	0	0	784	632	813	1743	0	0	0	0
32	0	0	785	629	813	1749	0	0	0	0
33	0	0	785	633	813	1756	0	0	0	0
34	0	0	784	633	813	1760	0	0	0	0
35	0	0	785	633	814	1763	0	0	0	0
36	0	0	785	633	813	1767	0	0	0	0
37	0	0	786	634	813	1772	0	0	0	0
38	0	0	785	634	813	1778	0	0	0	0
39	0	0	785	634	813	1787	0	0	0	0
40	0	0	785	634	812	1792	0	0	0	0
41	0	0	784	634	811	1796	0	0	0	0
42	0	0	784	635	812	1799	0	0	0	0
43	0	0	785	635	811	1805	0	0	0	0
44	0	0	784	636	811	1809	0	0	0	0
45	0	0	784	637	811	1809	0	0	0	0
46	0	0	786	636	810	1813	0	0	0	0
47	0	0	784	636	810	1814	0	0	0	0
48	0	0	784	637	810	1817	0	0	0	0
49	0	0	783	635	811	1821	0	0	0	0
50	0	0	784	636	811	1823	0	0	0	0
51	0	0	783	636	810	1823	0	0	0	0
52	0	0	784	636	810	1830	0	0	0	0
53	0	0	783	636	811	1832	0	0	0	0
54	0	0	783	636	811	1834	0	0	0	0
55	0	0	782	637	810	1843	0	0	0	0
56	0	0	782	637	810	1845	0	0	0	0
57	0	0	783	636	810	1851	0	0	0	0
