# bioPlux Text File Format
# Version: 1
# StartDateTime: 2012-03-21 15:54:32
# SamplingFrequency: 1000
# SampledChannels: 1 2 3 4 5 6 7 8
# SamplingResolution: 12
# AcquiringDevice: 00:07:80:93:66:BE
# EndOfHeader
0	0	0	770	695	803	413	0	0	0	0
1	0	0	772	695	803	405	0	0	0	0
2	0	0	771	694	804	403	0	0	0	0
3	0	0	770	693	803	405	0	0	0	0
4	0	0	771	693	803	402	0	0	0	0
5	0	0	771	692	803	404	0	0	0	0
6	0	0	771	691	804	425	0	0	0	0
7	0	0	770	691	805	422	0	0	0	0
8	0	0	771	691	804	398	0	0	0	0
9	0	0	771	690	806	380	0	0	0	0
10	0	0	770	689	806	377	0	0	0	0
11	0	0	770	689	807	361	0	0	0	0
12	0	0	772	689	808	362	0	0	0	0
13	0	0	772	689	808	360	0	0	0	0
14	0	0	772	689	808	356	0	0	0	0
15	0	0	773	688	808	363	0	0	0	0
16	0	0	775	687	808	357	0	0	0	0
17	0	0	774	688	810	349	0	0	0	0
18	0	0	776	688	808	315	0	0	0	0
19	0	0	776	688	808	291	0	0	0	0
20	0	0	776	687	809	294	0	0	0	0
21	0	0	778	687	809	296	0	0	0	0
22	0	0	778	687	807	318	0	0	0	0
23	0	0	779	686	808	315	0	0	0	0
24	0	0	778	686	808	326	0	0	0	0
25	0	0	778	686	809	332	0	0	0	0
26	0	0	777	687	810	328	0	0	0	0
27	0	0	778	688	810	319	0	0	0	0
28	0	0	778	688	810	313	0	0	0	0
29	0	0	777	688	810	308	0	0	0	0
30	0	0	777	688	810	310	0	0	0	0
31	0	0	777	687	810	292	0	0	0	0
32	0	0	777	687	811	284	0	0	0	0
33	0	0	777	686	810	299	0	0	0	0
34	0	0	776	686	812	316	0	0	0	0
35	0	0	778	686	813	313	0	0	0	0
36	0	0	777	685	813	329	0	0	0	0
37	0	0	776	686	813	327	0	0	0	0
38	0	0	775	687	813	318	0	0	0	0
39	0	0	775	687	814	319	0	0	0	0
40	0	0	775	687	815	329	0	0	0	0
41	0	0	774	687	814	339	0	0	0	0
42	0	0	773	687	813	314	0	0	0	0
43	0	0	773	688	814	315	0	0	0	0
44	0	0	771	686	814	325	0	0	0	0
45	0	0	771	686	813	325	0	0	0	0
46	0	0	772	686	814	339	0	0	0	0
47	0	0	770	687	814	328	0	0	0	0
48	0	0	769	687	813	319	0	0	0	0
49	0	0	770	688	815	327	0	0	0	0
50	0	0	767	689	814	322	0	0	0	0
51	0	0	767	690	813	320	0	0	0	0
52	0	0	767	689	814	316	0	0	0	0
53	0	0	768	690	814	307	0	0	0	0
54	0	0	767	691	814	332	0	0	0	0
55	0	0	767	692	814	333	0	0	0	0
56	0	0	766	693	814	328	0	0	0	0
57	0	0	766	693	814	330	0	0	0	0
58	0	0	766	693	814	328	0	0	0	0
59	0	0	767	694	813	333	0	0	0	0
60	0	0	765	694	813	331	0	0	0	0
61	0	0	765	694	813	326	0	0	0	0
62	0	0	765	695	813	328	0	0	0	0
63	0	0	765	695	813	335	0	0	0	0
64	0	0	765	695	811	343	0	0	0	0
65	0	0	766	696	811	347	0	0	0	0
66	0	0	766	697	812	350	0	0	0	0
67	0	0	767	697	811	356	0	0	0	0
68	0	0	768	697	811	343	0	0	0	0
69	0	0	767	696	810	345	0	0	0	0
70	0	0	768	698	809	348	0	0	0	0
71	0	0	769	699	809	339	0	0	0	0
72	0	0	771	700	809	339	0	0	0	0
73	0	0	770	700	808	342	0	0	0	0
74	0	0	772	701	807	350	0	0	0	0
75	0	0	773	702	806	365	0	0	0	0
76	0	0	775	704	805	357	0	0	0	0
77	0	0	775	705	804	359	0	0	0	0
78	0	0	776	705	803	358	0	0	0	0
79	0	0	778	707	803	362	0	0	0	0
80	0	0	777	707	802	367	0	0	0	0
81	0	0	779	710	802	372	0	0	0	0
82	0	0	778	710	801	373	0	0	0	0
83	0	0	779	712	801	366	0	0	0	0
84	0	0	779	711	800	369	0	0	0	0
85	0	0	780	712	798	368	0	0	0	0
86	0	0	781	713	798	378	0	0	0	0
87	0	0	782	714	797	355	0	0	0	0
88	0	0	784	714	796	348	0	0	0	0
89	0	0	785	714	794	351	0	0	0	0
90	0	0	787	715	793	349	0	0	0	0
91	0	0	788	716	793	364	0	0	0	0
92	0	0	788	717	791	373	0	0	0	0
93	0	0	790	717	790	365	0	0	0	0
94	0	0	792	717	790	378	0	0	0	0
95	0	0	792	717	788	383	0	0	0	0
96	0	0	794	716	788	379	0	0	0	0
97	0	0	796	714	787	385	0	0	0	0
98	0	0	796	713	787	397	0	0	0	0
99	0	0	797	714	787	399	0	0	0	0
100	0	0	797	713	786	396	0	0	0	0
101	0	0	796	713	786	390	0	0	0	0
102	0	0	796	713	787	405	0	0	0	0
103	0	0	795	712	786	408	0	0	0	0
104	0	0	794	712	786	418	0	0	0	0
105	0	0	793	712	786	434	0	0	0	0
106	0	0	793	711	787	435	0	0	0	0
107	0	0	791	711	787	456	0	0	0	0
108	0	0	791	711	787	449	0	0	0	0
109	0	0	791	711	788	452	0	0	0	0
110	0	0	790	710	787	468	0	0	0	0
111	0	0	790	711	788	444	0	0	0	0
112	0	0	787	711	788	447	0	0	0	0
113	0	0	787	710	788	460	0	0	0	0
114	0	0	786	709	789	468	0	0	0	0
115	0	0	786	709	790	481	0	0	0	0
116	0	0	788	708	790	500	0	0	0	0
117	0	0	787	709	791	521	0	0	0	0
118	0	0	785	707	791	521	0	0	0	0
119	0	0	783	706	792	530	0	0	0	0
120	0	0	783	706	793	545	0	0	0	0
121	0	0	782	703	794	559	0	0	0	0
122	0	0	782	702	796	599	0	0	0	0
123	0	0	781	701	796	616	0	0	0	0
124	0	0	779	701	798	641	0	0	0	0
125	0	0	778	698	799	654	0	0	0	0
126	0	0	778	697	800	666	0	0	0	0
127	0	0	775	696	801	683	0	0	0	0
0	0	0	774	696	803	696	0	0	0	0
1	0	0	773	696	803	710	0	0	0	0
2	0	0	771	695	803	717	0	0	0	0
3	0	0	772	694	806	727	0	0	0	0
4	0	0	770	693	806	745	0	0	0	0
5	0	0	770	692	807	752	0	0	0	0
6	0	0	770	690	807	783	0	0	0	0
7	0	0	770	689	808	797	0	0	0	0
8	0	0	770	690	809	809	0	0	0	0
9	0	0	770	689	810	815	0	0	0	0
10	0	0	769	686	810	815	0	0	0	0
11	0	0	770	686	812	822	0	0	0	0
12	0	0	769	685	813	833	0	0	0	0
13	0	0	768	684	812	863	0	0	0	0
14	0	0	771	684	813	884	0	0	0	0
15	0	0	770	682	813	884	0	0	0	0
16	0	0	769	680	815	883	0	0	0	0
17	0	0	769	680	815	907	0	0	0	0
18	0	0	770	679	816	941	0	0	0	0
19	0	0	768	678	816	936	0	0	0	0
20	0	0	767	678	815	975	0	0	0	0
21	0	0	768	676	815	1010	0	0	0	0
22	0	0	768	674	815	1024	0	0	0	0
23	0	0	770	673	815	1039	0	0	0	0
24	0	0	770	671	817	1038	0	0	0	0
25	0	0	770	671	814	1038	0	0	0	0
26	0	0	770	670	815	1056	0	0	0	0
27	0	0	771	668	814	1096	0	0	0	0
28	0	0	771	667	815	1126	0	0	0	0
29	0	0	770	666	815	1151	0	0	0	0
30	0	0	769	666	814	1164	0	0	0	0
31	0	0	768	666	812	1168	0	0	0	0
32	0	0	767	665	814	1159	0	0	0	0
33	0	0	768	664	813	1179	0	0	0	0
34	0	0	768	664	812	1198	0	0	0	0
35	0	0	766	665	812	1206	0	0	0	0
36	0	0	766	665	812	1203	0	0	0	0
37	0	0	767	665	812	1209	0	0	0	0
38	0	0	767	665	812	1226	0	0	0	0
39	0	0	768	664	813	1229	0	0	0	0
40	0	0	768	662	812	1237	0	0	0	0
41	0	0	769	660	812	1262	0	0	0	0
42	0	0	768	659	812	1278	0	0	0	0
43	0	0	767	657	812	1287	0	0	0	0
44	0	0	767	655	812	1314	0	0	0	0
45	0	0	767	655	811	1340	0	0	0	0
46	0	0	768	655	813	1352	0	0	0	0
47	0	0	765	654	814	1354	0	0	0	0
48	0	0	764	653	815	1375	0	0	0	0
49	0	0	764	652	817	1378	0	0	0	0
50	0	0	763	650	818	1402	0	0	0	0
51	0	0	762	648	820	1427	0	0	0	0
52	0	0	761	649	821	1452	0	0	0	0
53	0	0	759	649	823	1493	0	0	0	0
54	0	0	758	648	825	1532	0	0	0	0
55	0	0	757	646	827	1545	0	0	0	0
56	0	0	756	644	831	1546	0	0	0	0
57	0	0	756	642	833	1558	0	0	0	0
58	0	0	754	641	836	1579	0	0	0	0
59	0	0	753	641	839	1595	0	0	0	0
60	0	0	752	639	841	1615	0	0	0	0
61	0	0	752	636	845	1623	0	0	0	0
62	0	0	751	637	846	1631	0	0	0	0
63	0	0	750	636	847	1644	0	0	0	0
64	0	0	751	636	851	1665	0	0	0	0
65	0	0	751	636	853	1691	0	0	0	0
66	0	0	749	634	853	1704	0	0	0	0
67	0	0	750	634	854	1723	0	0	0	0
68	0	0	751	635	855	1728	0	0	0	0
69	0	0	751	634	857	1734	0	0	0	0
70	0	0	753	634	856	1736	0	0	0	0
71	0	0	754	635	858	1738	0	0	0	0
72	0	0	755	635	858	1746	0	0	0	0
73	0	0	757	635	859	1750	0	0	0	0
74	0	0	757	634	860	1743	0	0	0	0
75	0	0	761	632	861	1754	0	0	0	0
76	0	0	763	630	861	1757	0	0	0	0
77	0	0	766	629	859	1774	0	0	0	0
78	0	0	768	625	858	1792	0	0	0	0
79	0	0	770	624	857	1786	0	0	0	0
80	0	0	772	621	856	1798	0	0	0	0
81	0	0	769	619	854	1800	0	0	0	0
82	0	0	768	617	852	1801	0	0	0	0
83	0	0	765	617	852	1821	0	0	0	0
84	0	0	764	616	849	1830	0	0	0	0
85	0	0	763	615	846	1838	0	0	0	0
86	0	0	763	615	845	1845	0	0	0	0
87	0	0	765	615	843	1854	0	0	0	0
88	0	0	765	614	842	1870	0	0	0	0
89	0	0	766	613	841	1883	0	0	0	0
90	0	0	764	612	839	1892	0	0	0	0
91	0	0	766	610	839	1903	0	0	0	0
92	0	0	764	607	839	1916	0	0	0	0
93	0	0	765	603	840	1928	0	0	0	0
94	0	0	763	601	843	1943	0	0	0	0
95	0	0	762	597	843	1957	0	0	0	0
96	0	0	760	594	843	1969	0	0	0	0
97	0	0	759	590	845	1973	0	0	0	0
98	0	0	757	583	847	1988	0	0	0	0
99	0	0	754	578	850	2005	0	0	0	0
100	0	0	754	573	852	2022	0	0	0	0
101	0	0	750	571	853	2041	0	0	0	0
102	0	0	748	569	854	2049	0	0	0	0
103	0	0	747	567	855	2051	0	0	0	0
104	0	0	747	566	855	2053	0	0	0	0
105	0	0	746	566	855	2060	0	0	0	0
106	0	0	747	564	857	2060	0	0	0	0
107	0	0	749	560	859	2060	0	0	0	0
108	0	0	749	560	858	2064	0	0	0	0
109	0	0	749	559	859	2074	0	0	0	0
110	0	0	749	558	859	2080	0	0	0	0
111	0	0	749	557	858	2080	0	0	0	0
112	0	0	749	556	858	2081	0	0	0	0
113	0	0	747	555	859	2089	0	0	0	0
114	0	0	747	555	858	2091	0	0	0	0
115	0	0	748	553	858	2103	0	0	0	0
116	0	0	747	552	856	2111	0	0	0	0
117	0	0	747	550	855	2117	0	0	0	0
118	0	0	747	549	854	2125	0	0	0	0
119	0	0	748	549	853	2127	0	0	0	0
120	0	0	749	550	850	2128	0	0	0	0
121	0	0	751	551	850	2130	0	0	0	0
122	0	0	751	552	848	2130	0	0	0	0
123	0	0	751	552	846	2131	0	0	0	0
124	0	0	752	552	844	2135	0	0	0	0
125	0	0	753	554	841	2136	0	0	0	0
126	0	0	754	555	841	2138	0	0	0	0
127	0	0	755	558	838	2144	0	0	0	0
0	0	0	757	557	836	2143	0	0	0	0
1	0	0	758	560	833	2145	0	0	0	0
2	0	0	757	561	832	2144	0	0	0	0
3	0	0	759	560	829	2144	0	0	0	0
4	0	0	760	560	828	2147	0	0	0	0
5	0	0	762	560	826	2154	0	0	0	0
6	0	0	762	561	823	2159	0	0	0	0
7	0	0	763	562	821	2166	0	0	0	0
8	0	0	764	563	817	2170	0	0	0	0
9	0	0	763	563	816	2175	0	0	0	0
10	0	0	763	562	815	2175	0	0	0	0
11	0	0	762	562	814	2180	0	0	0	0
12	0	0	761	561	812	2180	0	0	0	0
13	0	0	760	562	812	2187	0	0	0	0
14	0	0	760	566	811	2194	0	0	0	0
15	0	0	758	564	812	2197	0	0	0	0
16	0	0	757	565	809	2202	0	0	0	0
17	0	0	755	566	808	2206	0	0	0	0
18	0	0	754	566	810	2206	0	0	0	0
19	0	0	751	566	811	2211	0	0	0	0
20	0	0	752	567	811	2220	0	0	0	0
21	0	0	751	567	811	2227	0	0	0	0
22	0	0	749	568	812	2233	0	0	0	0
23	0	0	747	569	813	2244	0	0	0	0
24	0	0	747	570	815	2252	0	0	0	0
25	0	0	745	569	816	2257	0	0	0	0
26	0	0	745	569	817	2263	0	0	0	0
27	0	0	743	569	819	2267	0	0	0	0
28	0	0	741	569	821	2276	0	0	0	0
29	0	0	741	568	825	2283	0	0	0	0
30	0	0	740	569	826	2282	0	0	0	0
31	0	0	738	568	830	2291	0	0	0	0
32	0	0	736	569	832	2302	0	0	0	0
33	0	0	734	567	833	2304	0	0	0	0
34	0	0	732	566	835	2306	0	0	0	0
35	0	0	733	566	839	2316	0	0	0	0
36	0	0	731	566	842	2326	0	0	0	0
37	0	0	732	565	844	2328	0	0	0	0
38	0	0	732	564	847	2332	0	0	0	0
39	0	0	731	562	849	2339	0	0	0	0
40	0	0	729	561	852	2346	0	0	0	0
41	0	0	730	559	855	2353	0	0	0	0
42	0	0	731	558	856	2360	0	0	0	0
43	0	0	731	555	859	2364	0	0	0	0
44	0	0	731	553	861	2365	0	0	0	0
45	0	0	732	551	862	2369	0	0	0	0
46	0	0	732	550	865	2379	0	0	0	0
47	0	0	733	548	865	2380	0	0	0	0
48	0	0	734	546	867	2379	0	0	0	0
49	0	0	735	546	868	2386	0	0	0	0
50	0	0	736	545	871	2392	0	0	0	0
51	0	0	736	544	873	2399	0	0	0	0
52	0	0	737	542	874	2406	0	0	0	0
53	0	0	738	541	875	2412	0	0	0	0
54	0	0	737	539	876	2415	0	0	0	0
55	0	0	738	536	877	2418	0	0	0	0
56	0	0	739	538	878	2420	0	0	0	0
57	0	0	739	538	878	2420	0	0	0	0
58	0	0	740	537	879	2425	0	0	0	0
59	0	0	740	536	880	2430	0	0	0	0
60	0	0	741	535	881	2435	0	0	0	0
61	0	0	741	534	881	2441	0	0	0	0
62	0	0	740	533	880	2449	0	0	0	0
63	0	0	740	532	880	2454	0	0	0	0
64	0	0	739	532	880	2457	0	0	0	0
65	0	0	741	531	880	2465	0	0	0	0
66	0	0	742	531	877	2470	0	0	0	0
67	0	0	742	530	876	2475	0	0	0	0
68	0	0	742	529	876	2481	0	0	0	0
69	0	0	743	528	874	2491	0	0	0	0
70	0	0	744	526	873	2498	0	0	0	0
71	0	0	745	526	871	2504	0	0	0	0
72	0	0	744	525	871	2507	0	0	0	0
73	0	0	744	525	868	2508	0	0	0	0
74	0	0	746	524	867	2515	0	0	0	0
75	0	0	746	523	867	2525	0	0	0	0
76	0	0	746	522	866	2536	0	0	0	0
77	0	0	746	521	865	2543	0	0	0	0
78	0	0	745	520	865	2554	0	0	0	0
79	0	0	743	518	865	2564	0	0	0	0
80	0	0	743	517	865	2579	0	0	0	0
81	0	0	742	516	865	2582	0	0	0	0
82	0	0	741	516	865	2591	0	0	0	0
83	0	0	740	515	864	2595	0	0	0	0
84	0	0	739	514	865	2600	0	0	0	0
85	0	0	738	513	865	2604	0	0	0	0
86	0	0	736	513	865	2605	0	0	0	0
87	0	0	737	513	865	2606	0	0	0	0
88	0	0	736	512	865	2611	0	0	0	0
89	0	0	736	512	865	2615	0	0	0	0
90	0	0	737	510	865	2615	0	0	0	0
91	0	0	736	512	865	2620	0	0	0	0
92	0	0	736	512	864	2623	0	0	0	0
93	0	0	735	512	864	2622	0	0	0	0
94	0	0	737	510	864	2626	0	0	0	0
95	0	0	737	509	863	2629	0	0	0	0
96	0	0	738	509	863	2635	0	0	0	0
97	0	0	737	509	863	2636	0	0	0	0
98	0	0	737	508	863	2641	0	0	0	0
99	0	0	738	508	864	2644	0	0	0	0
100	0	0	738	508	862	2645	0	0	0	0
101	0	0	738	507	863	2650	0	0	0	0
102	0	0	738	506	863	2654	0	0	0	0
103	0	0	737	506	862	2656	0	0	0	0
104	0	0	736	506	863	2664	0	0	0	0
105	0	0	735	505	863	2669	0	0	0	0
106	0	0	733	504	863	2676	0	0	0	0
107	0	0	733	504	863	2675	0	0	0	0
108	0	0	731	504	863	2674	0	0	0	0
109	0	0	730	502	865	2674	0	0	0	0
110	0	0	727	501	865	2672	0	0	0	0
111	0	0	728	500	866	2675	0	0	0	0
112	0	0	727	499	866	2681	0	0	0	0
113	0	0	726	498	866	2681	0	0	0	0
114	0	0	725	497	868	2681	0	0	0	0
115	0	0	726	496	868	2685	0	0	0	0
116	0	0	725	495	868	2686	0	0	0	0
117	0	0	726	494	868	2686	0	0	0	0
118	0	0	726	494	868	2687	0	0	0	0
119	0	0	726	494	869	2696	0	0	0	0
120	0	0	726	494	869	2703	0	0	0	0
121	0	0	727	494	869	2707	0	0	0	0
122	0	0	725	495	869	2710	0	0	0	0
123	0	0	726	496	871	2714	0	0	0	0
124	0	0	726	495	870	2715	0	0	0	0
125	0	0	726	497	872	2720	0	0	0	0
126	0	0	727	496	873	2724	0	0	0	0
127	0	0	729	496	873	2731	0	0	0	0
0	0	0	730	496	874	2736	0	0	0	0
1	0	0	730	496	875	2738	0	0	0	0
2	0	0	731	495	876	2744	0	0	0	0
3	0	0	732	496	876	2752	0	0	0	0
4	0	0	733	496	877	2755	0	0	0	0
5	0	0	732	496	878	2756	0	0	0	0
6	0	0	733	496	879	2762	0	0	0	0
7	0	0	733	496	881	2765	0	0	0	0
8	0	0	735	495	882	2765	0	0	0	0
9	0	0	734	496	883	2768	0	0	0	0
10	0	0	735	494	883	2774	0	0	0	0
11	0	0	733	494	884	2779	0	0	0	0
12	0	0	733	493	885	2782	0	0	0	0
13	0	0	731	494	886	2784	0	0	0	0
14	0	0	731	492	887	2789	0	0	0	0
15	0	0	730	491	889	2793	0	0	0	0
16	0	0	730	490	889	2795	0	0	0	0
17	0	0	730	489	891	2796	0	0	0	0
18	0	0	729	488	892	2796	0	0	0	0
19	0	0	729	487	893	2798	0	0	0	0
20	0	0	729	485	893	2799	0	0	0	0
21	0	0	729	485	895	2802	0	0	0	0
22	0	0	727	484	896	2803	0	0	0	0
23	0	0	727	482	897	2804	0	0	0	0
24	0	0	725	482	898	2806	0	0	0	0
25	0	0	724	481	898	2812	0	0	0	0
26	0	0	723	480	898	2818	0	0	0	0
27	0	0	723	478	900	2822	0	0	0	0
28	0	0	720	477	899	2826	0	0	0	0
29	0	0	720	476	900	2831	0	0	0	0
30	0	0	719	475	901	2839	0	0	0	0
31	0	0	718	475	902	2845	0	0	0	0
32	0	0	717	474	902	2849	0	0	0	0
33	0	0	716	473	902	2850	0	0	0	0
34	0	0	718	474	902	2856	0	0	0	0
35	0	0	718	473	901	2859	0	0	0	0
36	0	0	718	472	902	2864	0	0	0	0
37	0	0	719	472	900	2870	0	0	0	0
38	0	0	719	471	899	2873	0	0	0	0
39	0	0	722	469	900	2874	0	0	0	0
40	0	0	722	470	898	2867	0	0	0	0
41	0	0	724	470	898	2867	0	0	0	0
42	0	0	725	469	897	2866	0	0	0	0
43	0	0	726	468	896	2868	0	0	0	0
44	0	0	729	469	896	2870	0	0	0	0
45	0	0	729	468	894	2869	0	0	0	0
46	0	0	730	469	895	2868	0	0	0	0
47	0	0	730	469	894	2868	0	0	0	0
48	0	0	730	470	893	2865	0	0	0	0
49	0	0	733	471	893	2869	0	0	0	0
50	0	0	734	471	892	2873	0	0	0	0
51	0	0	737	472	892	2876	0	0	0	0
52	0	0	740	473	890	2880	0	0	0	0
53	0	0	742	473	890	2883	0	0	0	0
54	0	0	745	473	889	2884	0	0	0	0
55	0	0	748	473	888	2888	0	0	0	0
56	0	0	750	473	887	2889	0	0	0	0
57	0	0	752	473	886	2892	0	0	0	0
58	0	0	756	475	885	2896	0	0	0	0
59	0	0	757	474	885	2899	0	0	0	0
60	0	0	760	475	883	2908	0	0	0	0
61	0	0	763	474	883	2912	0	0	0	0
62	0	0	765	476	883	2915	0	0	0	0
63	0	0	767	475	885	2918	0	0	0	0
64	0	0	767	475	884	2921	0	0	0	0
65	0	0	769	475	884	2927	0	0	0	0
66	0	0	771	475	885	2928	0	0	0	0
67	0	0	770	475	883	2930	0	0	0	0
68	0	0	770	475	883	2931	0	0	0	0
69	0	0	771	473	882	2932	0	0	0	0
70	0	0	771	474	883	2937	0	0	0	0
71	0	0	772	474	882	2939	0	0	0	0
72	0	0	771	473	880	2944	0	0	0	0
73	0	0	773	474	881	2950	0	0	0	0
74	0	0	772	473	880	2953	0	0	0	0
75	0	0	773	472	880	2954	0	0	0	0
76	0	0	773	471	879	2958	0	0	0	0
77	0	0	772	471	879	2963	0	0	0	0
78	0	0	772	470	879	2965	0	0	0	0
79	0	0	772	472	878	2967	0	0	0	0
80	0	0	773	471	877	2971	0	0	0	0
81	0	0	773	472	876	2975	0	0	0	0
82	0	0	773	473	875	2975	0	0	0	0
83	0	0	773	474	874	2979	0	0	0	0
84	0	0	774	474	873	2979	0	0	0	0
85	0	0	774	475	872	2981	0	0	0	0
86	0	0	775	478	871	2984	0	0	0	0
87	0	0	774	479	870	2988	0	0	0	0
88	0	0	773	481	869	2990	0	0	0	0
89	0	0	773	483	870	2990	0	0	0	0
90	0	0	773	484	869	2997	0	0	0	0
91	0	0	772	485	868	2997	0	0	0	0
92	0	0	770	486	868	2998	0	0	0	0
93	0	0	767	488	868	3007	0	0	0	0
94	0	0	766	491	869	3012	0	0	0	0
95	0	0	763	492	868	3022	0	0	0	0
96	0	0	760	493	869	3024	0	0	0	0
97	0	0	758	493	870	3029	0	0	0	0
98	0	0	756	495	871	3036	0	0	0	0
99	0	0	754	495	872	3045	0	0	0	0
100	0	0	753	496	874	3053	0	0	0	0
101	0	0	754	497	874	3060	0	0	0	0
102	0	0	754	499	875	3065	0	0	0	0
103	0	0	753	499	877	3068	0	0	0	0
104	0	0	753	500	876	3067	0	0	0	0
105	0	0	752	501	877	3068	0	0	0	0
106	0	0	752	501	879	3071	0	0	0	0
107	0	0	752	503	879	3080	0	0	0	0
108	0	0	752	505	880	3086	0	0	0	0
109	0	0	753	508	879	3086	0	0	0	0
110	0	0	753	509	880	3095	0	0	0	0
111	0	0	752	513	880	3100	0	0	0	0
112	0	0	754	515	880	3102	0	0	0	0
113	0	0	755	516	880	3107	0	0	0	0
114	0	0	754	517	880	3102	0	0	0	0
115	0	0	754	520	881	3106	0	0	0	0
116	0	0	754	523	882	3111	0	0	0	0
117	0	0	752	523	882	3115	0	0	0	0
118	0	0	753	524	883	3116	0	0	0	0
119	0	0	752	524	884	3115	0	0	0	0
120	0	0	752	526	885	3119	0	0	0	0
121	0	0	752	526	886	3125	0	0	0	0
122	0	0	750	527	886	3125	0	0	0	0
123	0	0	749	529	887	3126	0	0	0	0
124	0	0	747	531	886	3128	0	0	0	0
125	0	0	746	533	887	3128	0	0	0	0
126	0	0	744	534	887	3129	0	0	0	0
127	0	0	742	536	888	3128	0	0	0	0
0	0	0	739	537	887	3128	0	0	0	0
1	0	0	738	538	888	3126	0	0	0	0
2	0	0	737	540	887	3120	0	0	0	0
3	0	0	735	540	887	3119	0	0	0	0
4	0	0	733	545	887	3116	0	0	0	0
5	0	0	732	547	886	3115	0	0	0	0
6	0	0	731	550	886	3108	0	0	0	0
7	0	0	731	551	886	3104	0	0	0	0
8	0	0	730	553	885	3098	0	0	0	0
9	0	0	729	554	883	3091	0	0	0	0
10	0	0	730	556	882	3093	0	0	0	0
11	0	0	729	559	881	3093	0	0	0	0
12	0	0	729	560	879	3091	0	0	0	0
13	0	0	730	563	878	3088	0	0	0	0
14	0	0	731	565	877	3078	0	0	0	0
15	0	0	731	566	875	3071	0	0	0	0
16	0	0	731	570	874	3064	0	0	0	0
17	0	0	732	573	872	3055	0	0	0	0
18	0	0	733	577	872	3041	0	0	0	0
19	0	0	734	578	869	3026	0	0	0	0
20	0	0	734	580	869	3021	0	0	0	0
21	0	0	734	582	868	3002	0	0	0	0
22	0	0	736	585	868	3001	0	0	0	0
23	0	0	737	587	866	2987	0	0	0	0
24	0	0	739	588	866	2974	0	0	0	0
25	0	0	739	589	866	2973	0	0	0	0
26	0	0	742	590	865	2959	0	0	0	0
27	0	0	745	593	863	2936	0	0	0	0
28	0	0	747	594	862	2905	0	0	0	0
29	0	0	748	596	861	2887	0	0	0	0
30	0	0	750	598	860	2863	0	0	0	0
31	0	0	752	599	859	2841	0	0	0	0
32	0	0	754	602	858	2824	0	0	0	0
33	0	0	755	603	858	2807	0	0	0	0
34	0	0	755	606	857	2779	0	0	0	0
35	0	0	756	607	855	2748	0	0	0	0
36	0	0	758	610	854	2712	0	0	0	0
37	0	0	758	612	852	2677	0	0	0	0
38	0	0	758	614	851	2658	0	0	0	0
39	0	0	758	617	850	2633	0	0	0	0
40	0	0	760	618	848	2570	0	0	0	0
41	0	0	760	620	845	2539	0	0	0	0
42	0	0	761	622	843	2483	0	0	0	0
43	0	0	760	624	843	2422	0	0	0	0
44	0	0	760	626	841	2370	0	0	0	0
45	0	0	760	629	839	2372	0	0	0	0
46	0	0	760	631	837	2339	0	0	0	0
47	0	0	761	634	835	2253	0	0	0	0
48	0	0	763	637	833	2152	0	0	0	0
49	0	0	765	640	830	2034	0	0	0	0
50	0	0	765	643	829	1964	0	0	0	0
51	0	0	766	647	826	1926	0	0	0	0
52	0	0	767	650	822	1820	0	0	0	0
53	0	0	769	655	819	1697	0	0	0	0
54	0	0	770	659	817	1561	0	0	0	0
55	0	0	771	664	815	1480	0	0	0	0
56	0	0	770	668	811	1435	0	0	0	0
57	0	0	770	671	808	1330	0	0	0	0
58	0	0	771	676	806	1240	0	0	0	0
59	0	0	771	680	803	1223	0	0	0	0
60	0	0	772	684	801	1078	0	0	0	0
61	0	0	772	689	799	967	0	0	0	0
62	0	0	770	692	796	764	0	0	0	0
63	0	0	771	696	794	736	0	0	0	0
64	0	0	770	701	793	629	0	0	0	0
65	0	0	768	703	791	557	0	0	0	0
66	0	0	767	707	788	468	0	0	0	0
67	0	0	766	711	788	457	0	0	0	0
68	0	0	766	716	787	469	0	0	0	0
69	0	0	765	718	785	426	0	0	0	0
70	0	0	763	722	784	458	0	0	0	0
71	0	0	763	726	784	453	0	0	0	0
72	0	0	762	728	783	391	0	0	0	0
73	0	0	760	731	782	401	0	0	0	0
74	0	0	758	735	783	397	0	0	0	0
75	0	0	756	738	782	334	0	0	0	0
76	0	0	755	740	782	350	0	0	0	0
77	0	0	755	742	781	343	0	0	0	0
78	0	0	752	746	783	322	0	0	0	0
79	0	0	750	749	784	317	0	0	0	0
80	0	0	746	751	784	319	0	0	0	0
81	0	0	744	754	785	313	0	0	0	0
82	0	0	742	757	788	313	0	0	0	0
83	0	0	741	761	789	313	0	0	0	0
84	0	0	739	763	790	312	0	0	0	0
85	0	0	738	765	790	216	0	0	0	0
86	0	0	738	768	790	206	0	0	0	0
87	0	0	738	771	791	202	0	0	0	0
88	0	0	739	775	791	200	0	0	0	0
89	0	0	739	779	792	200	0	0	0	0
90	0	0	739	782	790	204	0	0	0	0
91	0	0	740	785	793	208	0	0	0	0
92	0	0	741	788	794	211	0	0	0	0
93	0	0	742	793	797	189	0	0	0	0
94	0	0	742	798	797	180	0	0	0	0
95	0	0	743	801	797	171	0	0	0	0
96	0	0	744	806	797	163	0	0	0	0
97	0	0	743	810	796	146	0	0	0	0
98	0	0	744	815	796	138	0	0	0	0
99	0	0	746	819	797	127	0	0	0	0
100	0	0	749	823	797	119	0	0	0	0
101	0	0	749	826	796	112	0	0	0	0
102	0	0	749	831	797	112	0	0	0	0
103	0	0	751	837	798	111	0	0	0	0
104	0	0	751	841	796	107	0	0	0	0
105	0	0	751	846	797	109	0	0	0	0
106	0	0	753	849	795	118	0	0	0	0
107	0	0	754	853	795	118	0	0	0	0
108	0	0	755	856	795	121	0	0	0	0
109	0	0	755	860	796	120	0	0	0	0
110	0	0	757	863	795	111	0	0	0	0
111	0	0	759	867	795	112	0	0	0	0
112	0	0	761	870	795	115	0	0	0	0
113	0	0	763	872	794	105	0	0	0	0
114	0	0	767	873	794	100	0	0	0	0
115	0	0	769	875	795	101	0	0	0	0
116	0	0	771	877	794	94	0	0	0	0
117	0	0	772	878	795	82	0	0	0	0
118	0	0	773	881	797	77	0	0	0	0
119	0	0	774	883	796	75	0	0	0	0
120	0	0	776	887	797	67	0	0	0	0
121	0	0	776	887	798	62	0	0	0	0
122	0	0	777	891	799	71	0	0	0	0
123	0	0	776	894	801	85	0	0	0	0
124	0	0	775	897	801	89	0	0	0	0
125	0	0	774	900	803	85	0	0	0	0
126	0	0	774	901	803	91	0	0	0	0
127	0	0	772	904	804	93	0	0	0	0
0	0	0	771	905	804	96	0	0	0	0
1	0	0	769	908	805	89	0	0	0	0
2	0	0	768	911	805	78	0	0	0	0
3	0	0	770	913	803	69	0	0	0	0
4	0	0	771	915	803	66	0	0	0	0
5	0	0	771	917	804	66	0	0	0	0
6	0	0	772	919	802	70	0	0	0	0
7	0	0	773	921	801	70	0	0	0	0
8	0	0	772	921	800	67	0	0	0	0
9	0	0	774	922	800	61	0	0	0	0
10	0	0	775	921	799	59	0	0	0	0
11	0	0	776	921	801	60	0	0	0	0
12	0	0	777	923	800	59	0	0	0	0
13	0	0	775	922	801	50	0	0	0	0
14	0	0	773	923	802	50	0	0	0	0
15	0	0	773	922	803	52	0	0	0	0
16	0	0	770	921	803	50	0	0	0	0
17	0	0	770	921	804	48	0	0	0	0
18	0	0	768	920	804	52	0	0	0	0
19	0	0	767	918	806	53	0	0	0	0
20	0	0	768	917	804	53	0	0	0	0
21	0	0	768	915	804	61	0	0	0	0
22	0	0	768	914	804	65	0	0	0	0
23	0	0	768	911	805	70	0	0	0	0
24	0	0	767	909	805	69	0	0	0	0
25	0	0	769	906	804	64	0	0	0	0
26	0	0	770	903	805	63	0	0	0	0
27	0	0	771	900	804	64	0	0	0	0
28	0	0	771	898	802	60	0	0	0	0
29	0	0	772	895	803	55	0	0	0	0
30	0	0	774	893	802	52	0	0	0	0
31	0	0	773	891	801	52	0	0	0	0
32	0	0	772	888	800	49	0	0	0	0
33	0	0	772	887	798	45	0	0	0	0
34	0	0	771	888	796	44	0	0	0	0
35	0	0	769	888	797	45	0	0	0	0
36	0	0	767	888	794	41	0	0	0	0
37	0	0	766	886	792	42	0	0	0	0
38	0	0	767	882	791	47	0	0	0	0
39	0	0	768	877	792	48	0	0	0	0
40	0	0	768	873	792	48	0	0	0	0
41	0	0	767	869	793	49	0	0	0	0
42	0	0	766	864	793	53	0	0	0	0
43	0	0	767	863	793	57	0	0	0	0
44	0	0	766	860	793	53	0	0	0	0
45	0	0	764	856	793	54	0	0	0	0
46	0	0	763	855	794	60	0	0	0	0
47	0	0	763	852	794	56	0	0	0	0
48	0	0	762	849	794	50	0	0	0	0
49	0	0	762	848	794	44	0	0	0	0
50	0	0	762	847	794	43	0	0	0	0
51	0	0	764	847	795	44	0	0	0	0
52	0	0	763	847	794	43	0	0	0	0
53	0	0	766	847	794	43	0	0	0	0
54	0	0	766	842	796	42	0	0	0	0
55	0	0	767	841	795	42	0	0	0	0
56	0	0	768	835	795	38	0	0	0	0
57	0	0	769	835	795	39	0	0	0	0
58	0	0	772	832	794	44	0	0	0	0
59	0	0	776	830	795	47	0	0	0	0
60	0	0	774	828	796	51	0	0	0	0
61	0	0	773	825	796	49	0	0	0	0
62	0	0	771	819	797	49	0	0	0	0
63	0	0	772	815	797	52	0	0	0	0
64	0	0	773	813	796	54	0	0	0	0
65	0	0	773	812	796	58	0	0	0	0
66	0	0	775	810	795	62	0	0	0	0
67	0	0	775	809	795	62	0	0	0	0
68	0	0	775	805	793	57	0	0	0	0
69	0	0	775	803	793	49	0	0	0	0
70	0	0	777	800	793	47	0	0	0	0
71	0	0	779	795	792	42	0	0	0	0
72	0	0	780	792	791	39	0	0	0	0
73	0	0	782	788	790	35	0	0	0	0
74	0	0	782	783	788	34	0	0	0	0
75	0	0	782	782	787	40	0	0	0	0
76	0	0	783	778	786	39	0	0	0	0
77	0	0	784	777	786	39	0	0	0	0
78	0	0	786	774	785	40	0	0	0	0
79	0	0	787	772	785	42	0	0	0	0
80	0	0	786	772	784	43	0	0	0	0
81	0	0	787	770	783	46	0	0	0	0
82	0	0	789	766	783	48	0	0	0	0
83	0	0	790	764	782	53	0	0	0	0
84	0	0	790	764	782	53	0	0	0	0
85	0	0	791	762	781	53	0	0	0	0
86	0	0	790	762	780	59	0	0	0	0
87	0	0	790	761	779	61	0	0	0	0
88	0	0	792	759	778	53	0	0	0	0
89	0	0	792	759	778	48	0	0	0	0
90	0	0	792	759	777	48	0	0	0	0
91	0	0	794	757	776	46	0	0	0	0
92	0	0	795	754	777	42	0	0	0	0
93	0	0	794	753	777	38	0	0	0	0
94	0	0	794	753	778	40	0	0	0	0
95	0	0	795	750	775	41	0	0	0	0
96	0	0	796	752	776	42	0	0	0	0
97	0	0	793	750	775	40	0	0	0	0
98	0	0	792	746	775	48	0	0	0	0
99	0	0	794	746	774	54	0	0	0	0
100	0	0	796	747	773	54	0	0	0	0
101	0	0	795	748	772	55	0	0	0	0
102	0	0	793	748	773	55	0	0	0	0
103	0	0	794	744	772	58	0	0	0	0
104	0	0	794	740	774	56	0	0	0	0
105	0	0	792	739	773	55	0	0	0	0
106	0	0	792	738	773	64	0	0	0	0
107	0	0	791	737	773	65	0	0	0	0
108	0	0	791	736	773	58	0	0	0	0
109	0	0	790	734	774	53	0	0	0	0
110	0	0	790	735	774	52	0	0	0	0
111	0	0	790	734	773	49	0	0	0	0
112	0	0	788	735	774	43	0	0	0	0
113	0	0	789	733	773	36	0	0	0	0
114	0	0	789	731	774	34	0	0	0	0
115	0	0	791	731	774	40	0	0	0	0
116	0	0	790	731	774	50	0	0	0	0
117	0	0	789	731	775	51	0	0	0	0
118	0	0	790	730	775	51	0	0	0	0
119	0	0	788	730	775	56	0	0	0	0
120	0	0	789	730	774	54	0	0	0	0
121	0	0	788	731	775	54	0	0	0	0
122	0	0	788	732	775	55	0	0	0	0
123	0	0	787	733	775	60	0	0	0	0
124	0	0	787	734	775	62	0	0	0	0
125	0	0	786	734	774	61	0	0	0	0
126	0	0	786	735	773	66	0	0	0	0
127	0	0	787	735	773	59	0	0	0	0
0	0	0	784	736	773	54	0	0	0	0
1	0	0	783	737	772	47	0	0	0	0
2	0	0	783	737	771	47	0	0	0	0
3	0	0	781	739	771	44	0	0	0	0
4	0	0	780	740	770	40	0	0	0	0
5	0	0	780	741	769	33	0	0	0	0
6	0	0	779	743	768	35	0	0	0	0
7	0	0	779	744	768	39	0	0	0	0
8	0	0	779	745	767	32	0	0	0	0
9	0	0	778	743	766	33	0	0	0	0
10	0	0	777	745	766	39	0	0	0	0
11	0	0	778	747	765	40	0	0	0	0
12	0	0	777	746	764	45	0	0	0	0
13	0	0	776	748	763	45	0	0	0	0
14	0	0	776	748	763	47	0	0	0	0
15	0	0	775	749	762	48	0	0	0	0
16	0	0	776	751	762	44	0	0	0	0
17	0	0	776	752	761	47	0	0	0	0
18	0	0	775	752	760	49	0	0	0	0
19	0	0	776	751	760	48	0	0	0	0
20	0	0	776	753	759	45	0	0	0	0
21	0	0	776	753	759	39	0	0	0	0
22	0	0	776	754	759	38	0	0	0	0
23	0	0	778	755	758	39	0	0	0	0
24	0	0	780	757	758	40	0	0	0	0
25	0	0	780	757	757	37	0	0	0	0
26	0	0	781	759	756	37	0	0	0	0
27	0	0	781	760	755	40	0	0	0	0
28	0	0	782	760	755	40	0	0	0	0
29	0	0	782	761	755	41	0	0	0	0
30	0	0	783	762	754	47	0	0	0	0
31	0	0	784	764	754	51	0	0	0	0
32	0	0	785	763	752	52	0	0	0	0
33	0	0	786	765	752	53	0	0	0	0
34	0	0	786	767	751	55	0	0	0	0
35	0	0	786	766	750	58	0	0	0	0
36	0	0	788	768	751	59	0	0	0	0
37	0	0	789	768	749	58	0	0	0	0
38	0	0	791	768	748	63	0	0	0	0
39	0	0	790	769	747	61	0	0	0	0
40	0	0	792	769	746	56	0	0	0	0
41	0	0	791	770	746	52	0	0	0	0
42	0	0	791	770	746	50	0	0	0	0
43	0	0	792	772	745	48	0	0	0	0
44	0	0	794	772	745	44	0	0	0	0
45	0	0	795	774	745	40	0	0	0	0
46	0	0	795	774	744	39	0	0	0	0
47	0	0	795	775	745	41	0	0	0	0
48	0	0	795	776	745	42	0	0	0	0
49	0	0	795	776	745	43	0	0	0	0
50	0	0	797	777	745	42	0	0	0	0
51	0	0	796	778	746	46	0	0	0	0
52	0	0	797	780	746	48	0	0	0	0
53	0	0	797	778	747	49	0	0	0	0
54	0	0	797	779	748	50	0	0	0	0
55	0	0	799	779	747	53	0	0	0	0
56	0	0	797	781	749	54	0	0	0	0
57	0	0	798	780	750	54	0	0	0	0
58	0	0	797	781	751	60	0	0	0	0
59	0	0	797	780	752	60	0	0	0	0
60	0	0	797	782	752	55	0	0	0	0
61	0	0	798	782	753	49	0	0	0	0
62	0	0	797	784	753	46	0	0	0	0
63	0	0	797	783	755	45	0	0	0	0
64	0	0	797	782	755	37	0	0	0	0
65	0	0	798	782	757	31	0	0	0	0
66	0	0	799	784	757	31	0	0	0	0
67	0	0	798	785	757	33	0	0	0	0
68	0	0	798	784	760	34	0	0	0	0
69	0	0	798	785	759	35	0	0	0	0
70	0	0	800	787	760	39	0	0	0	0
71	0	0	801	785	760	40	0	0	0	0
72	0	0	801	787	761	42	0	0	0	0
73	0	0	803	786	761	45	0	0	0	0
74	0	0	803	789	763	47	0	0	0	0
75	0	0	803	788	762	50	0	0	0	0
76	0	0	804	789	763	50	0	0	0	0
77	0	0	804	789	764	50	0	0	0	0
78	0	0	805	789	765	57	0	0	0	0
79	0	0	804	789	764	55	0	0	0	0
80	0	0	805	790	766	50	0	0	0	0
81	0	0	805	791	766	45	0	0	0	0
82	0	0	805	792	767	44	0	0	0	0
83	0	0	804	792	768	40	0	0	0	0
84	0	0	804	792	768	33	0	0	0	0
85	0	0	805	793	768	35	0	0	0	0
86	0	0	807	793	769	42	0	0	0	0
87	0	0	807	795	769	31	0	0	0	0
88	0	0	806	795	767	29	0	0	0	0
89	0	0	806	795	770	29	0	0	0	0
90	0	0	806	795	770	33	0	0	0	0
91	0	0	807	797	771	37	0	0	0	0
92	0	0	807	797	771	40	0	0	0	0
93	0	0	806	797	771	42	0	0	0	0
94	0	0	807	796	773	43	0	0	0	0
95	0	0	808	797	773	46	0	0	0	0
96	0	0	808	797	774	43	0	0	0	0
97	0	0	808	796	774	41	0	0	0	0
98	0	0	808	798	774	44	0	0	0	0
99	0	0	808	798	775	42	0	0	0	0
100	0	0	810	798	775	35	0	0	0	0
101	0	0	811	799	776	29	0	0	0	0
102	0	0	811	799	775	31	0	0	0	0
103	0	0	811	800	776	29	0	0	0	0
104	0	0	811	799	776	26	0	0	0	0
105	0	0	812	799	776	22	0	0	0	0
106	0	0	811	799	778	21	0	0	0	0
107	0	0	812	800	778	21	0	0	0	0
108	0	0	813	800	778	23	0	0	0	0
109	0	0	813	799	779	20	0	0	0	0
110	0	0	810	799	780	23	0	0	0	0
111	0	0	813	799	781	20	0	0	0	0
112	0	0	813	799	781	29	0	0	0	0
113	0	0	812	799	781	28	0	0	0	0
114	0	0	809	798	782	31	0	0	0	0
115	0	0	810	798	783	31	0	0	0	0
116	0	0	809	798	784	31	0	0	0	0
117	0	0	808	800	784	28	0	0	0	0
118	0	0	807	798	785	36	0	0	0	0
119	0	0	807	799	785	32	0	0	0	0
120	0	0	806	798	786	22	0	0	0	0
121	0	0	807	798	787	16	0	0	0	0
122	0	0	805	799	787	8	0	0	0	0
123	0	0	804	798	788	1	0	0	0	0
124	0	0	803	797	789	0	0	0	0	0
125	0	0	805	798	791	0	0	0	0	0
126	0	0	803	797	791	0	0	0	0	0
127	0	0	804	797	793	0	0	0	0	0
0	0	0	803	798	794	0	0	0	0	0
1	0	0	803	798	794	0	0	0	0	0
2	0	0	802	798	795	0	0	0	0	0
3	0	0	801	799	796	0	0	0	0	0
4	0	0	800	799	798	0	0	0	0	0
5	0	0	799	800	799	0	0	0	0	0
6	0	0	799	800	801	0	0	0	0	0
7	0	0	799	800	803	0	0	0	0	0
8	0	0	798	800	805	0	0	0	0	0
9	0	0	798	800	807	0	0	0	0	0
10	0	0	798	800	809	1	0	0	0	0
11	0	0	798	800	810	0	0	0	0	0
12	0	0	800	800	810	64	0	0	0	0
13	0	0	805	798	811	19	0	0	0	0
14	0	0	808	799	810	32	0	0	0	0
15	0	0	814	798	810	203	0	0	0	0
16	0	0	816	797	807	468	0	0	0	0
17	0	0	816	796	806	662	0	0	0	0
18	0	0	814	798	806	713	0	0	0	0
19	0	0	811	796	806	1029	0	0	0	0
20	0	0	805	794	808	1219	0	0	0	0
21	0	0	797	791	808	1326	0	0	0	0
22	0	0	790	789	809	1390	0	0	0	0
23	0	0	786	787	809	1512	0	0	0	0
24	0	0	784	786	810	1512	0	0	0	0
25	0	0	782	787	808	1484	0	0	0	0
26	0	0	779	789	806	1493	0	0	0	0
27	0	0	777	792	805	1531	0	0	0	0
28	0	0	774	797	807	1527	0	0	0	0
29	0	0	771	801	810	1547	0	0	0	0
30	0	0	770	802	812	1626	0	0	0	0
31	0	0	768	800	815	1709	0	0	0	0
32	0	0	766	796	816	1768	0	0	0	0
33	0	0	763	791	817	1879	0	0	0	0
34	0	0	757	785	819	1927	0	0	0	0
35	0	0	753	779	819	2011	0	0	0	0
36	0	0	748	773	821	2071	0	0	0	0
37	0	0	744	767	823	2075	0	0	0	0
38	0	0	744	762	827	2055	0	0	0	0
39	0	0	734	760	833	2022	0	0	0	0
40	0	0	726	756	843	1934	0	0	0	0
41	0	0	717	754	859	1861	0	0	0	0
42	0	0	697	756	891	1852	0	0	0	0
43	0	0	650	757	935	1897	0	0	0	0
44	0	0	586	751	987	1756	0	0	0	0
45	0	0	500	741	1050	1653	0	0	0	0
46	0	0	391	729	1117	1613	0	0	0	0
47	0	0	287	711	1169	1604	0	0	0	0
48	0	0	213	688	1205	1580	0	0	0	0
49	0	0	170	656	1235	1498	0	0	0	0
50	0	0	196	606	1242	1460	0	0	0	0
51	0	0	313	553	1233	1460	0	0	0	0
52	0	0	453	526	1225	1495	0	0	0	0
53	0	0	569	518	1230	1465	0	0	0	0
54	0	0	653	513	1247	1529	0	0	0	0
55	0	0	689	521	1276	1544	0	0	0	0
56	0	0	700	541	1308	1507	0	0	0	0
57	0	0	697	565	1330	1488	0	0	0	0
58	0	0	680	584	1348	1603	0	0	0	0
59	0	0	642	585	1361	1691	0	0	0	0
60	0	0	587	559	1359	1778	0	0	0	0
61	0	0	528	521	1350	1858	0	0	0	0
62	0	0	465	478	1334	1927	0	0	0	0
63	0	0	405	442	1303	2002	0	0	0	0
64	0	0	372	413	1245	2115	0	0	0	0
65	0	0	414	388	1152	2198	0	0	0	0
66	0	0	539	359	1030	2237	0	0	0	0
67	0	0	714	320	925	2289	0	0	0	0
68	0	0	853	283	823	2358	0	0	0	0
69	0	0	938	239	719	2419	0	0	0	0
70	0	0	1015	180	640	2472	0	0	0	0
71	0	0	1095	126	580	2508	0	0	0	0
72	0	0	1154	86	543	2541	0	0	0	0
73	0	0	1170	62	508	2556	0	0	0	0
74	0	0	1168	47	484	2601	0	0	0	0
75	0	0	1246	39	489	2627	0	0	0	0
76	0	0	1321	33	505	2643	0	0	0	0
77	0	0	1319	30	541	2656	0	0	0	0
78	0	0	1285	35	579	2650	0	0	0	0
79	0	0	1265	54	621	2657	0	0	0	0
80	0	0	1251	79	657	2659	0	0	0	0
81	0	0	1231	99	686	2631	0	0	0	0
82	0	0	1203	122	704	2629	0	0	0	0
83	0	0	1170	147	717	2642	0	0	0	0
84	0	0	1135	172	727	2635	0	0	0	0
85	0	0	1092	205	738	2625	0	0	0	0
86	0	0	1044	243	753	2614	0	0	0	0
87	0	0	996	287	765	2581	0	0	0	0
88	0	0	931	319	773	2582	0	0	0	0
89	0	0	866	334	781	2598	0	0	0	0
90	0	0	803	338	795	2597	0	0	0	0
91	0	0	753	331	809	2604	0	0	0	0
92	0	0	716	309	824	2591	0	0	0	0
93	0	0	686	272	843	2594	0	0	0	0
94	0	0	664	230	858	2608	0	0	0	0
95	0	0	653	191	872	2603	0	0	0	0
96	0	0	645	153	885	2619	0	0	0	0
97	0	0	642	112	897	2618	0	0	0	0
98	0	0	646	76	908	2620	0	0	0	0
99	0	0	658	55	917	2626	0	0	0	0
100	0	0	676	43	924	2627	0	0	0	0
101	0	0	695	35	930	2628	0	0	0	0
102	0	0	714	31	933	2630	0	0	0	0
103	0	0	725	28	935	2631	0	0	0	0
104	0	0	738	27	939	2631	0	0	0	0
105	0	0	748	27	938	2634	0	0	0	0
106	0	0	760	27	938	2639	0	0	0	0
107	0	0	775	33	935	2641	0	0	0	0
108	0	0	796	50	934	2645	0	0	0	0
109	0	0	821	78	932	2647	0	0	0	0
110	0	0	841	107	928	2647	0	0	0	0
111	0	0	865	140	928	2647	0	0	0	0
112	0	0	890	170	926	2646	0	0	0	0
113	0	0	915	196	925	2645	0	0	0	0
114	0	0	937	223	921	2649	0	0	0	0
115	0	0	954	248	920	2650	0	0	0	0
116	0	0	967	273	918	2651	0	0	0	0
117	0	0	975	298	917	2649	0	0	0	0
118	0	0	975	321	918	2648	0	0	0	0
119	0	0	971	340	919	2649	0	0	0	0
120	0	0	962	357	917	2650	0	0	0	0
121	0	0	949	373	916	2648	0	0	0	0
122	0	0	937	387	911	2649	0	0	0	0
123	0	0	923	401	905	2651	0	0	0	0
124	0	0	912	413	895	2653	0	0	0	0
125	0	0	903	424	884	2652	0	0	0	0
126	0	0	898	434	872	2652	0	0	0	0
127	0	0	891	444	859	2652	0	0	0	0
0	0	0	888	453	847	2653	0	0	0	0
1	0	0	883	461	836	2649	0	0	0	0
2	0	0	879	468	826	2653	0	0	0	0
3	0	0	875	476	816	2653	0	0	0	0
4	0	0	871	484	808	2655	0	0	0	0
5	0	0	869	491	799	2655	0	0	0	0
6	0	0	866	495	792	2656	0	0	0	0
7	0	0	860	498	784	2655	0	0	0	0
8	0	0	861	503	777	2655	0	0	0	0
9	0	0	857	509	770	2655	0	0	0	0
10	0	0	856	516	765	2657	0	0	0	0
11	0	0	856	522	757	2659	0	0	0	0
12	0	0	854	527	751	2660	0	0	0	0
13	0	0	856	531	746	2662	0	0	0	0
14	0	0	856	534	741	2661	0	0	0	0
15	0	0	857	539	739	2660	0	0	0	0
16	0	0	859	542	736	2661	0	0	0	0
17	0	0	862	545	733	2661	0	0	0	0
18	0	0	866	549	732	2660	0	0	0	0
19	0	0	870	553	733	2660	0	0	0	0
20	0	0	872	559	733	2659	0	0	0	0
21	0	0	872	564	733	2652	0	0	0	0
22	0	0	872	570	735	2650	0	0	0	0
23	0	0	872	576	739	2650	0	0	0	0
24	0	0	869	584	741	2647	0	0	0	0
25	0	0	869	589	744	2646	0	0	0	0
26	0	0	866	593	746	2646	0	0	0	0
27	0	0	863	596	750	2642	0	0	0	0
28	0	0	860	599	753	2642	0	0	0	0
29	0	0	857	603	754	2638	0	0	0	0
30	0	0	854	605	758	2637	0	0	0	0
31	0	0	853	609	761	2636	0	0	0	0
32	0	0	850	612	765	2635	0	0	0	0
33	0	0	846	614	767	2629	0	0	0	0
34	0	0	844	616	769	2628	0	0	0	0
35	0	0	840	618	771	2627	0	0	0	0
36	0	0	836	619	773	2623	0	0	0	0
37	0	0	835	622	774	2616	0	0	0	0
38	0	0	832	622	777	2609	0	0	0	0
39	0	0	827	623	779	2605	0	0	0	0
40	0	0	824	623	782	2602	0	0	0	0
41	0	0	822	623	785	2601	0	0	0	0
42	0	0	820	622	789	2597	0	0	0	0
43	0	0	819	622	791	2593	0	0	0	0
44	0	0	822	621	795	2588	0	0	0	0
45	0	0	824	620	798	2583	0	0	0	0
46	0	0	824	620	799	2577	0	0	0	0
47	0	0	826	620	800	2573	0	0	0	0
48	0	0	827	620	800	2569	0	0	0	0
49	0	0	829	619	801	2564	0	0	0	0
50	0	0	832	617	800	2561	0	0	0	0
51	0	0	833	615	800	2554	0	0	0	0
52	0	0	833	613	802	2548	0	0	0	0
53	0	0	833	610	803	2546	0	0	0	0
54	0	0	832	608	804	2541	0	0	0	0
55	0	0	832	606	807	2535	0	0	0	0
56	0	0	832	602	809	2530	0	0	0	0
57	0	0	830	602	810	2526	0	0	0	0
58	0	0	827	599	814	2523	0	0	0	0
59	0	0	826	595	817	2514	0	0	0	0
60	0	0	824	596	821	2507	0	0	0	0
61	0	0	823	595	825	2503	0	0	0	0
62	0	0	823	593	827	2502	0	0	0	0
63	0	0	821	591	833	2499	0	0	0	0
64	0	0	819	586	836	2489	0	0	0	0
65	0	0	817	582	842	2484	0	0	0	0
66	0	0	824	592	846	2479	0	0	0	0
67	0	0	818	575	854	2478	0	0	0	0
68	0	0	805	578	859	2471	0	0	0	0
69	0	0	809	577	863	2462	0	0	0	0
70	0	0	798	563	870	2452	0	0	0	0
71	0	0	795	558	874	2447	0	0	0	0
72	0	0	792	549	880	2441	0	0	0	0
73	0	0	780	538	885	2427	0	0	0	0
74	0	0	777	535	889	2415	0	0	0	0
75	0	0	775	531	891	2407	0	0	0	0
76	0	0	770	526	893	2403	0	0	0	0
77	0	0	767	524	895	2396	0	0	0	0
78	0	0	767	518	895	2392	0	0	0	0
79	0	0	762	515	893	2388	0	0	0	0
80	0	0	758	515	894	2380	0	0	0	0
81	0	0	758	515	893	2365	0	0	0	0
82	0	0	760	517	891	2355	0	0	0	0
83	0	0	760	517	889	2341	0	0	0	0
84	0	0	767	520	883	2333	0	0	0	0
85	0	0	769	523	882	2322	0	0	0	0
86	0	0	767	531	882	2311	0	0	0	0
87	0	0	765	537	880	2292	0	0	0	0
88	0	0	761	528	879	2278	0	0	0	0
89	0	0	758	531	876	2272	0	0	0	0
90	0	0	756	536	873	2255	0	0	0	0
91	0	0	756	543	871	2245	0	0	0	0
92	0	0	757	550	869	2229	0	0	0	0
93	0	0	761	558	866	2217	0	0	0	0
94	0	0	762	563	864	2211	0	0	0	0
95	0	0	764	568	862	2209	0	0	0	0
96	0	0	765	574	861	2211	0	0	0	0
97	0	0	766	576	860	2197	0	0	0	0
98	0	0	769	581	858	2191	0	0	0	0
99	0	0	770	584	856	2186	0	0	0	0
100	0	0	771	589	855	2184	0	0	0	0
101	0	0	774	593	854	2165	0	0	0	0
102	0	0	775	598	854	2159	0	0	0	0
103	0	0	776	602	849	2145	0	0	0	0
104	0	0	778	606	851	2126	0	0	0	0
105	0	0	779	610	849	2102	0	0	0	0
106	0	0	779	613	847	2073	0	0	0	0
107	0	0	779	619	846	2057	0	0	0	0
108	0	0	778	623	844	2046	0	0	0	0
109	0	0	779	626	842	2029	0	0	0	0
110	0	0	781	630	840	1991	0	0	0	0
111	0	0	783	634	839	1961	0	0	0	0
112	0	0	783	639	837	1947	0	0	0	0
113	0	0	783	644	835	1933	0	0	0	0
114	0	0	784	648	833	1912	0	0	0	0
115	0	0	784	655	832	1900	0	0	0	0
116	0	0	787	659	829	1890	0	0	0	0
117	0	0	788	665	828	1877	0	0	0	0
118	0	0	788	669	826	1866	0	0	0	0
119	0	0	789	674	824	1846	0	0	0	0
120	0	0	789	679	823	1808	0	0	0	0
121	0	0	791	684	821	1791	0	0	0	0
122	0	0	792	690	820	1798	0	0	0	0
123	0	0	790	694	819	1785	0	0	0	0
124	0	0	790	697	817	1782	0	0	0	0
125	0	0	791	703	816	1747	0	0	0	0
126	0	0	793	706	814	1738	0	0	0	0
127	0	0	794	710	812	1722	0	0	0	0
0	0	0	794	715	810	1691	0	0	0	0
1	0	0	795	717	810	1670	0	0	0	0
2	0	0	797	722	807	1660	0	0	0	0
3	0	0	797	725	806	1634	0	0	0	0
4	0	0	798	728	804	1605	0	0	0	0
5	0	0	798	731	803	1589	0	0	0	0
6	0	0	799	736	800	1579	0	0	0	0
7	0	0	799	740	799	1570	0	0	0	0
8	0	0	801	741	798	1557	0	0	0	0
9	0	0	797	742	795	1527	0	0	0	0
10	0	0	798	742	795	1465	0	0	0	0
11	0	0	799	743	792	1444	0	0	0	0
12	0	0	801	747	790	1442	0	0	0	0
13	0	0	802	749	789	1432	0	0	0	0
14	0	0	802	748	786	1430	0	0	0	0
15	0	0	802	750	785	1403	0	0	0	0
16	0	0	803	752	783	1404	0	0	0	0
17	0	0	801	752	781	1395	0	0	0	0
18	0	0	800	752	779	1349	0	0	0	0
19	0	0	798	754	778	1302	0	0	0	0
20	0	0	797	754	777	1265	0	0	0	0
21	0	0	795	754	775	1234	0	0	0	0
22	0	0	795	753	772	1231	0	0	0	0
23	0	0	794	753	770	1229	0	0	0	0
24	0	0	794	750	769	1191	0	0	0	0
25	0	0	795	748	766	1194	0	0	0	0
26	0	0	796	749	765	1200	0	0	0	0
27	0	0	796	748	764	1179	0	0	0	0
28	0	0	795	747	763	1174	0	0	0	0
29	0	0	795	747	762	1185	0	0	0	0
30	0	0	793	746	762	1178	0	0	0	0
31	0	0	792	748	761	1171	0	0	0	0
32	0	0	791	747	760	1167	0	0	0	0
33	0	0	790	746	759	1156	0	0	0	0
34	0	0	789	746	760	1149	0	0	0	0
35	0	0	792	746	759	1145	0	0	0	0
36	0	0	791	746	759	1130	0	0	0	0
37	0	0	791	746	759	1101	0	0	0	0
38	0	0	791	747	760	1077	0	0	0	0
39	0	0	789	748	760	1077	0	0	0	0
40	0	0	788	747	759	1069	0	0	0	0
41	0	0	790	747	760	1023	0	0	0	0
42	0	0	789	748	761	995	0	0	0	0
43	0	0	790	748	762	983	0	0	0	0
44	0	0	790	748	763	985	0	0	0	0
45	0	0	789	747	762	1007	0	0	0	0
46	0	0	789	748	764	1010	0	0	0	0
47	0	0	788	749	764	1011	0	0	0	0
48	0	0	788	749	766	1003	0	0	0	0
49	0	0	788	748	767	1010	0	0	0	0
50	0	0	786	748	769	994	0	0	0	0
51	0	0	782	748	769	998	0	0	0	0
52	0	0	783	749	769	993	0	0	0	0
53	0	0	783	750	770	973	0	0	0	0
54	0	0	782	750	772	981	0	0	0	0
55	0	0	780	749	773	995	0	0	0	0
56	0	0	780	750	773	984	0	0	0	0
57	0	0	778	750	774	999	0	0	0	0
58	0	0	776	749	777	990	0	0	0	0
59	0	0	778	753	777	979	0	0	0	0
60	0	0	777	751	774	969	0	0	0	0
61	0	0	775	751	778	988	0	0	0	0
62	0	0	772	752	780	989	0	0	0	0
63	0	0	771	751	781	975	0	0	0	0
64	0	0	772	752	783	964	0	0	0	0
65	0	0	773	753	782	945	0	0	0	0
66	0	0	771	756	783	933	0	0	0	0
67	0	0	771	757	784	922	0	0	0	0
68	0	0	773	756	786	907	0	0	0	0
69	0	0	772	758	788	902	0	0	0	0
70	0	0	770	757	789	907	0	0	0	0
71	0	0	767	758	790	898	0	0	0	0
72	0	0	767	756	791	900	0	0	0	0
73	0	0	766	756	792	906	0	0	0	0
74	0	0	767	754	792	907	0	0	0	0
75	0	0	768	755	793	887	0	0	0	0
76	0	0	767	753	795	887	0	0	0	0
77	0	0	767	753	795	886	0	0	0	0
78	0	0	767	752	797	877	0	0	0	0
79	0	0	765	751	798	870	0	0	0	0
80	0	0	768	748	798	875	0	0	0	0
81	0	0	768	750	800	876	0	0	0	0
82	0	0	767	751	802	865	0	0	0	0
83	0	0	767	750	803	878	0	0	0	0
84	0	0	766	752	804	878	0	0	0	0
85	0	0	766	751	806	874	0	0	0	0
86	0	0	765	749	807	876	0	0	0	0
87	0	0	765	750	809	879	0	0	0	0
88	0	0	768	748	811	887	0	0	0	0
89	0	0	767	749	812	894	0	0	0	0
90	0	0	767	747	812	905	0	0	0	0
91	0	0	768	744	814	898	0	0	0	0
92	0	0	766	742	816	891	0	0	0	0
93	0	0	765	740	817	891	0	0	0	0
94	0	0	765	739	818	891	0	0	0	0
95	0	0	764	737	821	902	0	0	0	0
96	0	0	764	735	821	904	0	0	0	0
97	0	0	764	736	821	910	0	0	0	0
98	0	0	765	733	823	902	0	0	0	0
99	0	0	767	731	823	916	0	0	0	0
100	0	0	767	730	823	917	0	0	0	0
101	0	0	766	729	823	915	0	0	0	0
102	0	0	767	727	824	930	0	0	0	0
103	0	0	768	725	824	934	0	0	0	0
104	0	0	769	723	826	941	0	0	0	0
105	0	0	770	719	825	958	0	0	0	0
106	0	0	772	719	827	966	0	0	0	0
107	0	0	774	716	827	972	0	0	0	0
108	0	0	775	712	829	974	0	0	0	0
109	0	0	776	708	829	977	0	0	0	0
110	0	0	777	705	831	975	0	0	0	0
111	0	0	779	703	833	978	0	0	0	0
112	0	0	780	702	832	990	0	0	0	0
113	0	0	783	700	833	996	0	0	0	0
114	0	0	782	697	834	991	0	0	0	0
115	0	0	782	694	835	996	0	0	0	0
116	0	0	782	692	836	1001	0	0	0	0
117	0	0	783	688	837	1007	0	0	0	0
118	0	0	782	685	838	1010	0	0	0	0
119	0	0	781	682	838	1002	0	0	0	0
120	0	0	781	680	839	1005	0	0	0	0
121	0	0	782	677	838	1009	0	0	0	0
122	0	0	782	674	839	1014	0	0	0	0
123	0	0	781	672	839	1023	0	0	0	0
124	0	0	781	668	839	1034	0	0	0	0
125	0	0	781	665	840	1043	0	0	0	0
126	0	0	779	662	840	1046	0	0	0	0
127	0	0	778	657	840	1049	0	0	0	0
0	0	0	778	654	840	1055	0	0	0	0
1	0	0	778	650	841	1047	0	0	0	0
2	0	0	775	645	839	1054	0	0	0	0
3	0	0	775	641	839	1058	0	0	0	0
4	0	0	775	638	838	1074	0	0	0	0
5	0	0	775	631	838	1077	0	0	0	0
6	0	0	774	627	837	1082	0	0	0	0
7	0	0	774	621	836	1085	0	0	0	0
8	0	0	775	616	835	1085	0	0	0	0
9	0	0	773	610	834	1087	0	0	0	0
10	0	0	776	605	833	1084	0	0	0	0
11	0	0	776	599	832	1087	0	0	0	0
12	0	0	776	592	831	1103	0	0	0	0
13	0	0	776	587	829	1107	0	0	0	0
14	0	0	777	582	827	1104	0	0	0	0
15	0	0	779	577	826	1117	0	0	0	0
16	0	0	779	572	823	1114	0	0	0	0
17	0	0	780	569	821	1117	0	0	0	0
18	0	0	781	565	818	1115	0	0	0	0
19	0	0	780	563	814	1116	0	0	0	0
20	0	0	781	559	811	1122	0	0	0	0
21	0	0	782	559	809	1127	0	0	0	0
22	0	0	782	557	806	1127	0	0	0	0
23	0	0	783	556	805	1133	0	0	0	0
24	0	0	779	556	803	1142	0	0	0	0
25	0	0	781	555	803	1147	0	0	0	0
26	0	0	781	555	803	1147	0	0	0	0
27	0	0	780	555	802	1147	0	0	0	0
28	0	0	780	555	802	1145	0	0	0	0
29	0	0	780	556	802	1145	0	0	0	0
30	0	0	780	557	801	1144	0	0	0	0
31	0	0	777	558	803	1138	0	0	0	0
32	0	0	778	559	804	1138	0	0	0	0
33	0	0	778	562	803	1138	0	0	0	0
34	0	0	779	564	805	1146	0	0	0	0
35	0	0	779	566	806	1146	0	0	0	0
36	0	0	778	568	805	1154	0	0	0	0
37	0	0	779	570	805	1154	0	0	0	0
38	0	0	778	571	806	1146	0	0	0	0
39	0	0	780	574	807	1152	0	0	0	0
40	0	0	780	575	807	1153	0	0	0	0
41	0	0	780	576	807	1156	0	0	0	0
42	0	0	780	577	806	1161	0	0	0	0
43	0	0	780	579	807	1167	0	0	0	0
44	0	0	779	579	808	1169	0	0	0	0
45	0	0	780	580	809	1172	0	0	0	0
46	0	0	779	580	810	1182	0	0	0	0
47	0	0	778	581	811	1181	0	0	0	0
48	0	0	777	581	811	1179	0	0	0	0
49	0	0	776	581	812	1175	0	0	0	0
50	0	0	775	581	813	1176	0	0	0	0
51	0	0	774	582	814	1188	0	0	0	0
52	0	0	774	582	814	1186	0	0	0	0
53	0	0	774	583	815	1188	0	0	0	0
54	0	0	773	583	816	1184	0	0	0	0
55	0	0	770	583	817	1187	0	0	0	0
56	0	0	769	584	818	1189	0	0	0	0
57	0	0	769	585	818	1188	0	0	0	0
58	0	0	768	585	819	1191	0	0	0	0
59	0	0	769	585	819	1198	0	0	0	0
60	0	0	769	586	819	1198	0	0	0	0
61	0	0	767	587	818	1199	0	0	0	0
62	0	0	767	588	818	1199	0	0	0	0
63	0	0	767	588	819	1197	0	0	0	0
64	0	0	767	589	819	1201	0	0	0	0
65	0	0	769	591	820	1203	0	0	0	0
66	0	0	770	592	820	1210	0	0	0	0
67	0	0	770	593	820	1211	0	0	0	0
68	0	0	770	594	820	1213	0	0	0	0
69	0	0	771	596	819	1212	0	0	0	0
70	0	0	773	598	820	1212	0	0	0	0
71	0	0	773	601	820	1209	0	0	0	0
72	0	0	775	602	821	1209	0	0	0	0
73	0	0	778	603	819	1213	0	0	0	0
74	0	0	779	605	821	1214	0	0	0	0
75	0	0	780	607	821	1212	0	0	0	0
76	0	0	782	609	821	1213	0	0	0	0
77	0	0	782	611	820	1214	0	0	0	0
78	0	0	784	612	821	1213	0	0	0	0
79	0	0	786	613	821	1218	0	0	0	0
80	0	0	786	615	821	1223	0	0	0	0
81	0	0	788	616	821	1222	0	0	0	0
82	0	0	789	618	821	1223	0	0	0	0
83	0	0	790	619	820	1226	0	0	0	0
84	0	0	791	621	820	1228	0	0	0	0
85	0	0	793	621	820	1234	0	0	0	0
86	0	0	794	623	820	1235	0	0	0	0
87	0	0	793	624	818	1232	0	0	0	0
88	0	0	794	626	818	1235	0	0	0	0
89	0	0	796	628	817	1237	0	0	0	0
90	0	0	797	628	817	1238	0	0	0	0
91	0	0	795	630	817	1241	0	0	0	0
92	0	0	794	631	816	1239	0	0	0	0
93	0	0	794	633	815	1242	0	0	0	0
94	0	0	794	633	815	1239	0	0	0	0
95	0	0	794	635	815	1240	0	0	0	0
96	0	0	795	636	815	1242	0	0	0	0
97	0	0	795	637	814	1242	0	0	0	0
98	0	0	794	638	814	1242	0	0	0	0
99	0	0	794	639	815	1241	0	0	0	0
100	0	0	794	640	813	1243	0	0	0	0
101	0	0	793	642	813	1246	0	0	0	0
102	0	0	792	643	813	1247	0	0	0	0
103	0	0	791	645	813	1244	0	0	0	0
104	0	0	791	645	813	1241	0	0	0	0
105	0	0	790	647	812	1242	0	0	0	0
106	0	0	791	648	812	1245	0	0	0	0
107	0	0	790	649	811	1246	0	0	0	0
108	0	0	790	650	810	1248	0	0	0	0
109	0	0	790	650	810	1244	0	0	0	0
110	0	0	791	652	810	1241	0	0	0	0
111	0	0	789	652	809	1239	0	0	0	0
112	0	0	790	653	810	1240	0	0	0	0
113	0	0	790	653	808	1248	0	0	0	0
114	0	0	790	654	808	1245	0	0	0	0
115	0	0	791	655	809	1247	0	0	0	0
116	0	0	791	654	808	1242	0	0	0	0
117	0	0	791	655	807	1239	0	0	0	0
118	0	0	792	655	807	1240	0	0	0	0
119	0	0	791	655	806	1246	0	0	0	0
