# bioPlux Text File Format
# Version: 1
# StartDateTime: 2012-03-21 16:15:45
# SamplingFrequency: 1000
# SampledChannels: 1 2 3 4 5 6 7 8
# SamplingResolution: 12
# AcquiringDevice: 00:07:80:93:66:BE
# EndOfHeader
0	0	0	784	641	814	1341	0	0	0	0
1	0	0	782	641	814	1338	0	0	0	0
2	0	0	784	640	816	1338	0	0	0	0
3	0	0	783	642	814	1336	0	0	0	0
4	0	0	783	641	814	1332	0	0	0	0
5	0	0	784	641	815	1335	0	0	0	0
6	0	0	784	641	816	1336	0	0	0	0
7	0	0	784	641	816	1335	0	0	0	0
8	0	0	784	641	816	1333	0	0	0	0
9	0	0	785	641	816	1331	0	0	0	0
10	0	0	784	640	816	1332	0	0	0	0
11	0	0	784	641	817	1328	0	0	0	0
12	0	0	784	640	817	1326	0	0	0	0
13	0	0	784	641	817	1324	0	0	0	0
14	0	0	784	641	817	1326	0	0	0	0
15	0	0	784	640	817	1321	0	0	0	0
16	0	0	784	641	818	1321	0	0	0	0
17	0	0	783	640	818	1319	0	0	0	0
18	0	0	782	641	819	1318	0	0	0	0
19	0	0	783	642	818	1313	0	0	0	0
20	0	0	783	642	818	1309	0	0	0	0
21	0	0	782	641	818	1307	0	0	0	0
22	0	0	782	641	820	1308	0	0	0	0
23	0	0	782	641	819	1304	0	0	0	0
24	0	0	782	640	819	1301	0	0	0	0
25	0	0	782	640	818	1299	0	0	0	0
26	0	0	781	640	818	1298	0	0	0	0
27	0	0	782	641	818	1295	0	0	0	0
28	0	0	782	640	819	1296	0	0	0	0
29	0	0	781	640	819	1299	0	0	0	0
30	0	0	781	640	818	1295	0	0	0	0
31	0	0	783	640	818	1289	0	0	0	0
32	0	0	783	640	820	1279	0	0	0	0
33	0	0	782	640	820	1276	0	0	0	0
34	0	0	783	640	820	1279	0	0	0	0
35	0	0	783	640	820	1276	0	0	0	0
36	0	0	783	640	820	1273	0	0	0	0
37	0	0	783	641	819	1261	0	0	0	0
38	0	0	783	641	819	1247	0	0	0	0
39	0	0	783	641	819	1242	0	0	0	0
40	0	0	783	641	818	1238	0	0	0	0
41	0	0	784	642	819	1237	0	0	0	0
42	0	0	783	643	819	1235	0	0	0	0
43	0	0	783	642	819	1231	0	0	0	0
44	0	0	784	643	820	1228	0	0	0	0
45	0	0	784	643	820	1227	0	0	0	0
46	0	0	783	642	820	1225	0	0	0	0
47	0	0	784	643	820	1225	0	0	0	0
48	0	0	784	643	820	1221	0	0	0	0
49	0	0	784	643	819	1217	0	0	0	0
50	0	0	784	644	819	1217	0	0	0	0
51	0	0	784	644	820	1213	0	0	0	0
52	0	0	783	644	819	1212	0	0	0	0
53	0	0	783	643	819	1212	0	0	0	0
54	0	0	783	645	820	1209	0	0	0	0
55	0	0	784	645	819	1206	0	0	0	0
56	0	0	783	645	820	1206	0	0	0	0
57	0	0	783	645	820	1206	0	0	0	0
58	0	0	783	645	820	1194	0	0	0	0
59	0	0	784	646	820	1193	0	0	0	0
60	0	0	785	646	820	1190	0	0	0	0
61	0	0	784	647	821	1184	0	0	0	0
62	0	0	785	646	820	1181	0	0	0	0
63	0	0	785	647	820	1172	0	0	0	0
64	0	0	783	647	819	1170	0	0	0	0
65	0	0	783	646	819	1170	0	0	0	0
66	0	0	784	646	820	1166	0	0	0	0
67	0	0	784	647	820	1165	0	0	0	0
68	0	0	784	647	820	1165	0	0	0	0
69	0	0	784	647	820	1167	0	0	0	0
70	0	0	784	648	820	1167	0	0	0	0
71	0	0	782	648	820	1166	0	0	0	0
72	0	0	783	648	820	1164	0	0	0	0
73	0	0	783	648	821	1163	0	0	0	0
74	0	0	784	649	821	1162	0	0	0	0
75	0	0	783	648	820	1160	0	0	0	0
76	0	0	783	649	819	1159	0	0	0	0
77	0	0	781	650	820	1162	0	0	0	0
78	0	0	781	649	820	1159	0	0	0	0
79	0	0	782	649	819	1154	0	0	0	0
80	0	0	781	649	820	1155	0	0	0	0
81	0	0	781	649	820	1154	0	0	0	0
82	0	0	780	649	821	1154	0	0	0	0
83	0	0	780	649	821	1153	0	0	0	0
84	0	0	780	650	820	1149	0	0	0	0
85	0	0	780	650	819	1151	0	0	0	0
86	0	0	779	650	820	1148	0	0	0	0
87	0	0	780	650	819	1146	0	0	0	0
88	0	0	781	650	820	1145	0	0	0	0
89	0	0	780	649	820	1147	0	0	0	0
90	0	0	779	649	819	1149	0	0	0	0
91	0	0	779	650	819	1147	0	0	0	0
92	0	0	781	649	818	1147	0	0	0	0
93	0	0	778	648	819	1147	0	0	0	0
94	0	0	778	649	820	1144	0	0	0	0
95	0	0	778	649	820	1141	0	0	0	0
96	0	0	778	650	819	1142	0	0	0	0
97	0	0	778	649	819	1142	0	0	0	0
98	0	0	777	649	819	1141	0	0	0	0
99	0	0	776	650	820	1138	0	0	0	0
100	0	0	776	650	819	1131	0	0	0	0
101	0	0	778	651	819	1131	0	0	0	0
102	0	0	778	649	819	1131	0	0	0	0
103	0	0	778	650	819	1121	0	0	0	0
104	0	0	776	649	818	1118	0	0	0	0
105	0	0	777	649	817	1117	0	0	0	0
106	0	0	777	650	819	1118	0	0	0	0
107	0	0	778	650	819	1108	0	0	0	0
108	0	0	777	650	819	1095	0	0	0	0
109	0	0	776	650	818	1096	0	0	0	0
110	0	0	776	650	819	1099	0	0	0	0
111	0	0	776	651	819	1098	0	0	0	0
112	0	0	776	650	819	1100	0	0	0	0
113	0	0	776	651	818	1103	0	0	0	0
114	0	0	778	651	819	1098	0	0	0	0
115	0	0	776	650	819	1096	0	0	0	0
116	0	0	775	651	818	1095	0	0	0	0
117	0	0	774	651	819	1088	0	0	0	0
118	0	0	774	651	819	1088	0	0	0	0
119	0	0	774	652	819	1066	0	0	0	0
120	0	0	774	651	819	1059	0	0	0	0
121	0	0	774	652	819	1057	0	0	0	0
122	0	0	773	653	819	1056	0	0	0	0
123	0	0	773	652	819	1051	0	0	0	0
124	0	0	773	652	818	1046	0	0	0	0
125	0	0	774	653	818	1040	0	0	0	0
126	0	0	774	654	819	1039	0	0	0	0
127	0	0	773	655	819	1039	0	0	0	0
0	0	0	772	655	819	1035	0	0	0	0
1	0	0	772	655	819	1038	0	0	0	0
2	0	0	771	657	819	1037	0	0	0	0
3	0	0	773	656	817	1037	0	0	0	0
4	0	0	773	656	819	1035	0	0	0	0
5	0	0	772	656	818	1032	0	0	0	0
6	0	0	771	657	819	1031	0	0	0	0
7	0	0	770	657	819	1029	0	0	0	0
8	0	0	770	658	819	1024	0	0	0	0
9	0	0	770	658	819	1020	0	0	0	0
10	0	0	771	659	820	1008	0	0	0	0
11	0	0	771	659	819	1005	0	0	0	0
12	0	0	771	659	819	1002	0	0	0	0
13	0	0	772	660	819	1003	0	0	0	0
14	0	0	771	660	818	1002	0	0	0	0
15	0	0	771	661	819	1002	0	0	0	0
16	0	0	771	661	819	1005	0	0	0	0
17	0	0	771	661	819	1007	0	0	0	0
18	0	0	773	660	819	1003	0	0	0	0
19	0	0	773	662	819	994	0	0	0	0
20	0	0	772	661	818	982	0	0	0	0
21	0	0	772	662	819	977	0	0	0	0
22	0	0	773	664	819	977	0	0	0	0
23	0	0	773	664	819	976	0	0	0	0
24	0	0	772	665	819	975	0	0	0	0
25	0	0	772	664	819	974	0	0	0	0
26	0	0	772	665	819	976	0	0	0	0
27	0	0	773	665	819	973	0	0	0	0
28	0	0	774	666	819	974	0	0	0	0
29	0	0	773	666	819	975	0	0	0	0
30	0	0	773	666	818	960	0	0	0	0
31	0	0	773	667	819	956	0	0	0	0
32	0	0	773	667	819	953	0	0	0	0
33	0	0	773	667	820	953	0	0	0	0
34	0	0	772	667	820	954	0	0	0	0
35	0	0	773	666	821	954	0	0	0	0
36	0	0	773	667	821	950	0	0	0	0
37	0	0	773	667	821	946	0	0	0	0
38	0	0	775	668	821	947	0	0	0	0
39	0	0	775	667	822	946	0	0	0	0
40	0	0	774	667	821	939	0	0	0	0
41	0	0	774	668	822	936	0	0	0	0
42	0	0	773	667	822	936	0	0	0	0
43	0	0	774	667	822	934	0	0	0	0
44	0	0	774	667	823	936	0	0	0	0
45	0	0	774	668	823	935	0	0	0	0
46	0	0	774	667	823	933	0	0	0	0
47	0	0	773	667	824	931	0	0	0	0
48	0	0	774	667	824	924	0	0	0	0
49	0	0	774	667	825	920	0	0	0	0
50	0	0	774	667	825	917	0	0	0	0
51	0	0	773	667	825	915	0	0	0	0
52	0	0	772	667	825	914	0	0	0	0
53	0	0	774	668	826	910	0	0	0	0
54	0	0	773	668	826	908	0	0	0	0
55	0	0	774	667	825	899	0	0	0	0
56	0	0	775	668	827	891	0	0	0	0
57	0	0	774	668	826	887	0	0	0	0
58	0	0	772	668	827	882	0	0	0	0
59	0	0	773	669	827	882	0	0	0	0
60	0	0	772	669	827	879	0	0	0	0
61	0	0	773	669	827	879	0	0	0	0
62	0	0	773	669	827	875	0	0	0	0
63	0	0	773	669	827	867	0	0	0	0
64	0	0	773	669	827	861	0	0	0	0
65	0	0	774	669	827	856	0	0	0	0
66	0	0	773	669	826	856	0	0	0	0
67	0	0	773	669	827	851	0	0	0	0
68	0	0	772	668	825	851	0	0	0	0
69	0	0	772	669	827	846	0	0	0	0
70	0	0	772	670	828	847	0	0	0	0
71	0	0	772	670	827	837	0	0	0	0
72	0	0	772	671	827	834	0	0	0	0
73	0	0	775	670	827	828	0	0	0	0
74	0	0	774	671	827	824	0	0	0	0
75	0	0	773	670	826	827	0	0	0	0
76	0	0	773	671	826	828	0	0	0	0
77	0	0	772	673	825	820	0	0	0	0
78	0	0	772	673	825	815	0	0	0	0
79	0	0	771	673	826	827	0	0	0	0
80	0	0	772	673	825	828	0	0	0	0
81	0	0	772	673	825	813	0	0	0	0
82	0	0	773	673	825	810	0	0	0	0
83	0	0	772	674	824	819	0	0	0	0
84	0	0	772	674	824	810	0	0	0	0
85	0	0	771	674	822	804	0	0	0	0
86	0	0	772	674	824	805	0	0	0	0
87	0	0	771	674	824	797	0	0	0	0
88	0	0	771	675	824	775	0	0	0	0
89	0	0	771	674	823	769	0	0	0	0
90	0	0	770	674	822	767	0	0	0	0
91	0	0	770	674	822	775	0	0	0	0
92	0	0	771	674	822	800	0	0	0	0
93	0	0	771	675	822	796	0	0	0	0
94	0	0	771	675	821	787	0	0	0	0
95	0	0	771	676	820	761	0	0	0	0
96	0	0	771	676	821	760	0	0	0	0
97	0	0	770	676	819	759	0	0	0	0
98	0	0	770	676	818	760	0	0	0	0
99	0	0	770	676	820	761	0	0	0	0
100	0	0	770	676	818	761	0	0	0	0
101	0	0	772	677	819	764	0	0	0	0
102	0	0	771	678	818	764	0	0	0	0
103	0	0	772	676	818	765	0	0	0	0
104	0	0	771	678	818	769	0	0	0	0
105	0	0	771	677	817	776	0	0	0	0
106	0	0	772	679	815	779	0	0	0	0
107	0	0	773	676	817	775	0	0	0	0
108	0	0	773	677	816	778	0	0	0	0
109	0	0	773	679	815	778	0	0	0	0
110	0	0	773	679	814	773	0	0	0	0
111	0	0	774	678	813	770	0	0	0	0
112	0	0	774	679	813	767	0	0	0	0
113	0	0	773	679	812	768	0	0	0	0
114	0	0	773	679	811	765	0	0	0	0
115	0	0	773	679	811	755	0	0	0	0
116	0	0	773	678	810	755	0	0	0	0
117	0	0	774	679	809	756	0	0	0	0
118	0	0	775	679	808	757	0	0	0	0
119	0	0	776	679	808	759	0	0	0	0
120	0	0	776	679	807	759	0	0	0	0
121	0	0	776	679	806	756	0	0	0	0
122	0	0	778	679	806	749	0	0	0	0
123	0	0	777	678	805	753	0	0	0	0
124	0	0	778	679	804	751	0	0	0	0
125	0	0	778	678	804	762	0	0	0	0
126	0	0	778	678	803	770	0	0	0	0
127	0	0	778	678	802	772	0	0	0	0
0	0	0	779	679	802	770	0	0	0	0
1	0	0	779	678	801	770	0	0	0	1
2	0	0	779	678	801	765	0	0	0	0
3	0	0	779	679	800	766	0	0	0	0
4	0	0	778	678	800	766	0	0	0	0
5	0	0	780	677	800	754	0	0	0	0
6	0	0	780	679	799	748	0	0	0	0
7	0	0	781	680	797	746	0	0	0	0
8	0	0	781	679	798	746	0	0	0	0
9	0	0	781	680	798	745	0	0	0	0
10	0	0	782	679	798	747	0	0	0	0
11	0	0	782	679	797	748	0	0	0	0
12	0	0	782	679	796	742	0	0	0	0
13	0	0	781	680	795	739	0	0	0	0
14	0	0	782	680	796	740	0	0	0	0
15	0	0	782	678	795	736	0	0	0	0
16	0	0	782	679	795	736	0	0	0	0
17	0	0	782	678	794	729	0	0	0	0
18	0	0	781	678	795	732	0	0	0	0
19	0	0	781	678	794	732	0	0	0	0
20	0	0	781	677	794	729	0	0	0	0
21	0	0	782	677	794	726	0	0	0	0
22	0	0	781	677	794	723	0	0	0	0
23	0	0	781	677	794	731	0	0	0	0
24	0	0	780	676	794	723	0	0	0	0
25	0	0	780	676	795	731	0	0	0	0
26	0	0	779	676	795	745	0	0	0	0
27	0	0	779	677	794	746	0	0	0	0
28	0	0	779	676	795	743	0	0	0	0
29	0	0	779	676	796	742	0	0	0	0
30	0	0	778	676	795	734	0	0	0	0
31	0	0	778	676	796	745	0	0	0	0
32	0	0	778	675	796	742	0	0	0	0
33	0	0	778	676	796	744	0	0	0	0
34	0	0	778	675	797	743	0	0	0	0
35	0	0	776	675	798	740	0	0	0	0
36	0	0	777	675	797	727	0	0	0	0
37	0	0	776	675	797	731	0	0	0	0
38	0	0	777	676	797	732	0	0	0	0
39	0	0	777	675	798	728	0	0	0	0
40	0	0	777	674	798	722	0	0	0	0
41	0	0	779	675	798	712	0	0	0	0
42	0	0	777	675	798	709	0	0	0	0
43	0	0	778	676	798	702	0	0	0	0
44	0	0	779	676	800	697	0	0	0	0
45	0	0	779	676	797	701	0	0	0	0
46	0	0	781	677	797	702	0	0	0	0
47	0	0	780	677	796	699	0	0	0	0
48	0	0	780	677	797	690	0	0	0	0
49	0	0	783	678	796	701	0	0	0	0
50	0	0	784	676	796	708	0	0	0	0
51	0	0	784	680	795	709	0	0	0	0
52	0	0	783	681	794	707	0	0	0	0
53	0	0	784	682	794	704	0	0	0	0
54	0	0	786	681	795	701	0	0	0	0
55	0	0	788	682	795	701	0	0	0	0
56	0	0	788	683	794	691	0	0	0	0
57	0	0	789	683	794	693	0	0	0	0
58	0	0	790	683	794	692	0	0	0	0
59	0	0	791	685	794	694	0	0	0	0
60	0	0	793	683	794	694	0	0	0	0
61	0	0	795	685	794	695	0	0	0	0
62	0	0	795	686	793	696	0	0	0	0
63	0	0	796	687	794	701	0	0	0	0
64	0	0	796	687	794	696	0	0	0	0
65	0	0	797	686	795	697	0	0	0	0
66	0	0	796	687	796	701	0	0	0	0
67	0	0	795	688	794	700	0	0	0	0
68	0	0	795	690	796	698	0	0	0	0
69	0	0	795	689	796	696	0	0	0	0
70	0	0	794	688	797	697	0	0	0	0
71	0	0	793	689	798	701	0	0	0	0
72	0	0	792	689	798	706	0	0	0	0
73	0	0	791	689	799	707	0	0	0	0
74	0	0	791	690	800	707	0	0	0	0
75	0	0	790	687	802	711	0	0	0	0
76	0	0	790	690	804	717	0	0	0	0
77	0	0	790	690	804	711	0	0	0	0
78	0	0	789	691	805	714	0	0	0	0
79	0	0	789	691	805	721	0	0	0	0
80	0	0	789	689	807	729	0	0	0	0
81	0	0	789	690	808	741	0	0	0	0
82	0	0	788	691	809	750	0	0	0	0
83	0	0	788	691	811	761	0	0	0	0
84	0	0	788	691	812	774	0	0	0	0
85	0	0	788	691	814	785	0	0	0	0
86	0	0	788	692	814	786	0	0	0	0
87	0	0	787	691	815	788	0	0	0	0
88	0	0	786	692	815	789	0	0	0	0
89	0	0	786	691	816	786	0	0	0	0
90	0	0	786	691	817	789	0	0	0	0
91	0	0	786	690	818	789	0	0	0	0
92	0	0	785	691	818	796	0	0	0	0
93	0	0	785	690	818	802	0	0	0	0
94	0	0	785	690	818	810	0	0	0	0
95	0	0	785	690	818	806	0	0	0	0
96	0	0	785	690	818	807	0	0	0	0
97	0	0	784	689	817	807	0	0	0	0
98	0	0	783	688	817	811	0	0	0	0
99	0	0	783	687	816	813	0	0	0	0
100	0	0	785	687	816	817	0	0	0	0
101	0	0	786	686	816	818	0	0	0	0
102	0	0	786	687	815	822	0	0	0	0
103	0	0	785	687	815	821	0	0	0	0
104	0	0	786	686	814	819	0	0	0	0
105	0	0	787	686	813	819	0	0	0	0
106	0	0	787	685	813	819	0	0	0	0
107	0	0	787	684	811	819	0	0	0	0
108	0	0	786	684	811	823	0	0	0	0
109	0	0	787	684	810	823	0	0	0	0
110	0	0	788	683	810	824	0	0	0	0
111	0	0	789	682	808	821	0	0	0	0
112	0	0	789	681	808	821	0	0	0	0
113	0	0	790	680	808	829	0	0	0	0
114	0	0	792	678	805	831	0	0	0	0
115	0	0	792	676	805	830	0	0	0	0
116	0	0	793	676	805	832	0	0	0	0
117	0	0	792	675	804	839	0	0	0	0
118	0	0	793	674	803	847	0	0	0	0
119	0	0	793	673	802	846	0	0	0	0
120	0	0	792	673	801	851	0	0	0	0
121	0	0	790	672	801	861	0	0	0	0
122	0	0	790	670	800	856	0	0	0	0
123	0	0	791	669	800	855	0	0	0	0
124	0	0	791	668	800	852	0	0	0	0
125	0	0	792	669	800	857	0	0	0	0
126	0	0	792	668	800	863	0	0	0	0
127	0	0	790	665	800	869	0	0	0	0
0	0	0	790	665	801	879	0	0	0	0
1	0	0	790	663	801	897	0	0	0	0
2	0	0	791	662	802	914	0	0	0	0
3	0	0	791	661	802	937	0	0	0	0
4	0	0	789	660	803	962	0	0	0	0
5	0	0	789	659	803	969	0	0	0	0
6	0	0	788	658	804	976	0	0	0	0
7	0	0	787	657	804	982	0	0	0	0
8	0	0	787	657	806	1002	0	0	0	0
9	0	0	786	657	807	1006	0	0	0	0
10	0	0	787	655	807	1010	0	0	0	0
11	0	0	785	653	809	1011	0	0	0	0
12	0	0	784	653	809	1019	0	0	0	0
13	0	0	784	653	809	1037	0	0	0	0
14	0	0	782	652	810	1054	0	0	0	0
15	0	0	780	651	811	1060	0	0	0	0
16	0	0	780	651	812	1064	0	0	0	0
17	0	0	779	651	813	1065	0	0	0	0
18	0	0	778	650	814	1060	0	0	0	0
19	0	0	777	649	814	1066	0	0	0	0
20	0	0	776	647	816	1067	0	0	0	0
21	0	0	776	646	816	1070	0	0	0	0
22	0	0	777	646	816	1073	0	0	0	0
23	0	0	776	644	816	1075	0	0	0	0
24	0	0	775	644	816	1086	0	0	0	0
25	0	0	774	644	817	1110	0	0	0	0
26	0	0	773	645	817	1121	0	0	0	0
27	0	0	774	643	816	1121	0	0	0	0
28	0	0	772	643	817	1118	0	0	0	0
29	0	0	772	643	817	1123	0	0	0	0
30	0	0	771	642	817	1128	0	0	0	0
31	0	0	771	642	816	1137	0	0	0	0
32	0	0	771	641	815	1146	0	0	0	0
33	0	0	772	641	815	1162	0	0	0	0
34	0	0	771	640	817	1177	0	0	0	0
35	0	0	769	641	817	1179	0	0	0	0
36	0	0	770	640	816	1181	0	0	0	0
37	0	0	770	640	817	1182	0	0	0	0
38	0	0	769	639	816	1182	0	0	0	0
39	0	0	767	642	816	1188	0	0	0	0
40	0	0	768	640	817	1189	0	0	0	0
41	0	0	769	641	818	1198	0	0	0	0
42	0	0	770	642	816	1202	0	0	0	0
43	0	0	768	642	816	1205	0	0	0	0
44	0	0	768	643	817	1211	0	0	0	0
45	0	0	768	643	818	1217	0	0	0	0
46	0	0	768	644	819	1210	0	0	0	0
47	0	0	766	645	819	1210	0	0	0	0
48	0	0	765	645	821	1215	0	0	0	0
49	0	0	765	645	820	1218	0	0	0	0
50	0	0	763	646	820	1240	0	0	0	0
51	0	0	765	648	821	1254	0	0	0	0
52	0	0	766	648	823	1273	0	0	0	0
53	0	0	766	649	823	1301	0	0	0	0
54	0	0	766	650	824	1319	0	0	0	0
55	0	0	764	651	826	1325	0	0	0	0
56	0	0	765	651	826	1335	0	0	0	0
57	0	0	763	650	826	1341	0	0	0	0
58	0	0	763	652	827	1341	0	0	0	0
59	0	0	762	652	828	1347	0	0	0	0
60	0	0	761	652	830	1354	0	0	0	0
61	0	0	760	653	831	1377	0	0	0	0
62	0	0	759	653	831	1383	0	0	0	0
63	0	0	758	654	832	1393	0	0	0	0
64	0	0	758	654	833	1411	0	0	0	0
65	0	0	758	656	833	1426	0	0	0	0
66	0	0	757	655	833	1420	0	0	0	0
67	0	0	758	654	833	1418	0	0	0	0
68	0	0	759	654	835	1426	0	0	0	0
69	0	0	759	654	836	1429	0	0	0	0
70	0	0	759	655	836	1419	0	0	0	0
71	0	0	760	657	836	1417	0	0	0	0
72	0	0	760	657	836	1426	0	0	0	0
73	0	0	761	657	835	1443	0	0	0	0
74	0	0	762	659	833	1467	0	0	0	0
75	0	0	763	659	832	1476	0	0	0	0
76	0	0	764	659	833	1487	0	0	0	0
77	0	0	763	658	832	1489	0	0	0	0
78	0	0	764	657	831	1496	0	0	0	0
79	0	0	764	658	829	1505	0	0	0	0
80	0	0	766	658	827	1516	0	0	0	0
81	0	0	766	657	829	1533	0	0	0	0
82	0	0	762	657	829	1551	0	0	0	0
83	0	0	762	657	829	1563	0	0	0	0
84	0	0	761	655	827	1563	0	0	0	0
85	0	0	761	654	828	1577	0	0	0	0
86	0	0	761	653	828	1596	0	0	0	0
87	0	0	760	651	829	1595	0	0	0	0
88	0	0	761	650	828	1607	0	0	0	0
89	0	0	761	651	828	1619	0	0	0	0
90	0	0	761	651	829	1643	0	0	0	0
91	0	0	760	650	829	1644	0	0	0	0
92	0	0	760	649	829	1633	0	0	0	0
93	0	0	759	648	829	1638	0	0	0	0
94	0	0	761	647	831	1641	0	0	0	0
95	0	0	759	646	832	1642	0	0	0	0
96	0	0	760	644	831	1659	0	0	0	0
97	0	0	760	643	833	1683	0	0	0	0
98	0	0	760	640	836	1678	0	0	0	0
99	0	0	759	638	837	1692	0	0	0	0
100	0	0	759	636	837	1737	0	0	0	0
101	0	0	758	635	838	1743	0	0	0	0
102	0	0	759	632	839	1749	0	0	0	0
103	0	0	758	630	840	1747	0	0	0	0
104	0	0	759	627	842	1762	0	0	0	0
105	0	0	758	624	844	1769	0	0	0	0
106	0	0	760	624	844	1768	0	0	0	0
107	0	0	760	621	845	1783	0	0	0	0
108	0	0	758	621	846	1795	0	0	0	0
109	0	0	758	619	848	1804	0	0	0	0
110	0	0	757	616	849	1814	0	0	0	0
111	0	0	757	614	849	1818	0	0	0	0
112	0	0	757	613	849	1835	0	0	0	0
113	0	0	757	612	850	1835	0	0	0	0
114	0	0	759	610	853	1841	0	0	0	0
115	0	0	761	606	854	1850	0	0	0	0
116	0	0	762	601	855	1854	0	0	0	0
117	0	0	762	598	855	1855	0	0	0	0
118	0	0	764	595	857	1866	0	0	0	0
119	0	0	765	593	856	1863	0	0	0	0
120	0	0	763	592	857	1858	0	0	0	0
121	0	0	762	590	856	1842	0	0	0	0
122	0	0	760	589	857	1845	0	0	0	0
123	0	0	758	589	856	1845	0	0	0	0
124	0	0	758	589	857	1864	0	0	0	0
125	0	0	759	590	857	1877	0	0	0	0
126	0	0	760	589	857	1887	0	0	0	0
127	0	0	759	590	857	1893	0	0	0	0
0	0	0	760	591	858	1902	0	0	0	0
1	0	0	760	591	856	1902	0	0	0	0
2	0	0	761	590	857	1899	0	0	0	0
3	0	0	760	589	857	1911	0	0	0	0
4	0	0	761	589	856	1914	0	0	0	0
5	0	0	761	590	855	1925	0	0	0	0
6	0	0	762	590	853	1931	0	0	0	0
7	0	0	762	588	854	1944	0	0	0	0
8	0	0	764	588	852	1953	0	0	0	0
9	0	0	765	588	852	1962	0	0	0	0
10	0	0	764	587	850	1966	0	0	0	0
11	0	0	764	586	849	1972	0	0	0	0
12	0	0	765	585	847	1981	0	0	0	0
13	0	0	765	584	846	1987	0	0	0	0
14	0	0	764	582	845	1991	0	0	0	0
15	0	0	763	581	844	1992	0	0	0	0
16	0	0	764	581	841	1996	0	0	0	0
17	0	0	763	580	839	2011	0	0	0	0
18	0	0	763	579	838	2023	0	0	0	0
19	0	0	763	579	836	2029	0	0	0	0
20	0	0	762	578	834	2033	0	0	0	0
21	0	0	763	578	832	2033	0	0	0	0
22	0	0	763	579	830	2037	0	0	0	0
23	0	0	761	578	829	2050	0	0	0	0
24	0	0	760	579	827	2054	0	0	0	0
25	0	0	758	576	825	2059	0	0	0	0
26	0	0	756	577	825	2064	0	0	0	0
27	0	0	754	576	825	2064	0	0	0	0
28	0	0	753	575	824	2071	0	0	0	0
29	0	0	751	575	823	2078	0	0	0	0
30	0	0	749	574	823	2084	0	0	0	0
31	0	0	747	575	823	2091	0	0	0	0
32	0	0	745	574	822	2097	0	0	0	0
33	0	0	743	574	821	2093	0	0	0	0
34	0	0	742	573	822	2093	0	0	0	0
35	0	0	741	572	820	2098	0	0	0	0
36	0	0	741	572	819	2108	0	0	0	0
37	0	0	741	572	818	2116	0	0	0	0
38	0	0	741	569	819	2120	0	0	0	0
39	0	0	741	567	819	2122	0	0	0	0
40	0	0	741	565	818	2123	0	0	0	0
41	0	0	740	564	817	2123	0	0	0	0
42	0	0	741	562	817	2127	0	0	0	0
43	0	0	741	560	817	2132	0	0	0	0
44	0	0	741	560	817	2138	0	0	0	0
45	0	0	740	557	818	2146	0	0	0	0
46	0	0	740	556	817	2154	0	0	0	0
47	0	0	739	555	818	2154	0	0	0	0
48	0	0	739	554	819	2156	0	0	0	0
49	0	0	739	552	821	2154	0	0	0	0
50	0	0	738	550	821	2154	0	0	0	0
51	0	0	740	549	822	2160	0	0	0	0
52	0	0	738	547	823	2161	0	0	0	0
53	0	0	738	546	825	2164	0	0	0	0
54	0	0	737	545	828	2166	0	0	0	0
55	0	0	737	542	829	2169	0	0	0	0
56	0	0	735	541	830	2173	0	0	0	0
57	0	0	736	541	833	2181	0	0	0	0
58	0	0	735	539	833	2189	0	0	0	0
59	0	0	736	538	835	2193	0	0	0	0
60	0	0	734	537	836	2193	0	0	0	0
61	0	0	735	536	838	2196	0	0	0	0
62	0	0	735	535	840	2204	0	0	0	0
63	0	0	736	535	841	2214	0	0	0	0
64	0	0	738	535	843	2222	0	0	0	0
65	0	0	738	536	843	2225	0	0	0	0
66	0	0	741	536	844	2229	0	0	0	0
67	0	0	743	537	845	2223	0	0	0	0
68	0	0	743	537	845	2230	0	0	0	0
69	0	0	744	536	846	2237	0	0	0	0
70	0	0	746	536	847	2239	0	0	0	0
71	0	0	746	536	846	2242	0	0	0	0
72	0	0	747	537	847	2243	0	0	0	0
73	0	0	750	535	847	2254	0	0	0	0
74	0	0	750	535	847	2264	0	0	0	0
75	0	0	750	533	848	2268	0	0	0	0
76	0	0	751	533	847	2270	0	0	0	0
77	0	0	752	532	848	2274	0	0	0	0
78	0	0	753	532	848	2285	0	0	0	0
79	0	0	755	533	847	2293	0	0	0	0
80	0	0	754	531	848	2304	0	0	0	0
81	0	0	755	530	848	2309	0	0	0	0
82	0	0	755	529	849	2315	0	0	0	0
83	0	0	755	530	848	2321	0	0	0	0
84	0	0	754	529	849	2326	0	0	0	0
85	0	0	753	528	851	2328	0	0	0	0
86	0	0	754	526	851	2332	0	0	0	0
87	0	0	755	524	851	2331	0	0	0	0
88	0	0	755	524	851	2327	0	0	0	0
89	0	0	756	523	853	2330	0	0	0	0
90	0	0	754	520	855	2331	0	0	0	0
91	0	0	756	519	857	2329	0	0	0	0
92	0	0	757	518	857	2332	0	0	0	0
93	0	0	757	516	859	2333	0	0	0	0
94	0	0	758	515	862	2338	0	0	0	0
95	0	0	757	513	864	2347	0	0	0	0
96	0	0	757	512	866	2357	0	0	0	0
97	0	0	757	509	867	2361	0	0	0	0
98	0	0	756	507	868	2361	0	0	0	0
99	0	0	756	507	870	2366	0	0	0	0
100	0	0	758	505	873	2365	0	0	0	0
101	0	0	757	505	874	2365	0	0	0	0
102	0	0	758	503	876	2368	0	0	0	0
103	0	0	759	503	877	2372	0	0	0	0
104	0	0	761	504	877	2372	0	0	0	0
105	0	0	761	503	879	2376	0	0	0	0
106	0	0	760	501	879	2384	0	0	0	0
107	0	0	761	501	880	2385	0	0	0	0
108	0	0	762	501	879	2391	0	0	0	0
109	0	0	761	500	881	2402	0	0	0	0
110	0	0	760	500	881	2410	0	0	0	0
111	0	0	760	499	882	2423	0	0	0	0
112	0	0	758	497	882	2430	0	0	0	0
113	0	0	759	495	883	2434	0	0	0	0
114	0	0	758	495	883	2431	0	0	0	0
115	0	0	758	495	883	2437	0	0	0	0
116	0	0	757	493	882	2444	0	0	0	0
117	0	0	756	492	883	2449	0	0	0	0
118	0	0	757	491	882	2450	0	0	0	0
119	0	0	756	490	882	2454	0	0	0	0
120	0	0	755	489	882	2457	0	0	0	0
121	0	0	756	488	882	2460	0	0	0	0
122	0	0	756	488	880	2464	0	0	0	0
123	0	0	754	486	880	2466	0	0	0	0
124	0	0	754	486	880	2468	0	0	0	0
125	0	0	754	486	880	2475	0	0	0	0
126	0	0	755	486	879	2478	0	0	0	0
127	0	0	755	486	877	2479	0	0	0	0
0	0	0	755	488	877	2479	0	0	0	0
1	0	0	756	488	877	2482	0	0	0	0
2	0	0	757	489	875	2485	0	0	0	0
3	0	0	756	490	875	2487	0	0	0	0
4	0	0	754	493	873	2490	0	0	0	0
5	0	0	754	492	872	2497	0	0	0	0
6	0	0	753	492	872	2504	0	0	0	0
7	0	0	751	491	872	2509	0	0	0	0
8	0	0	750	491	872	2510	0	0	0	0
9	0	0	748	490	871	2518	0	0	0	0
10	0	0	748	490	872	2521	0	0	0	0
11	0	0	747	489	872	2519	0	0	0	0
12	0	0	747	487	873	2521	0	0	0	0
13	0	0	746	486	874	2524	0	0	0	0
14	0	0	745	484	875	2531	0	0	0	0
15	0	0	747	483	874	2534	0	0	0	0
16	0	0	746	483	876	2537	0	0	0	0
17	0	0	746	482	877	2542	0	0	0	0
18	0	0	747	481	877	2546	0	0	0	0
19	0	0	745	481	878	2550	0	0	0	0
20	0	0	746	481	878	2553	0	0	0	0
21	0	0	746	480	878	2556	0	0	0	0
22	0	0	747	479	879	2560	0	0	0	0
23	0	0	746	479	878	2564	0	0	0	0
24	0	0	747	478	880	2569	0	0	0	0
25	0	0	748	478	880	2573	0	0	0	0
26	0	0	750	478	880	2574	0	0	0	0
27	0	0	749	478	880	2575	0	0	0	0
28	0	0	750	478	881	2580	0	0	0	0
29	0	0	751	477	881	2582	0	0	0	0
30	0	0	753	476	881	2582	0	0	0	0
31	0	0	754	476	882	2582	0	0	0	0
32	0	0	754	474	883	2582	0	0	0	0
33	0	0	753	475	883	2582	0	0	0	0
34	0	0	753	475	883	2580	0	0	0	0
35	0	0	753	474	885	2582	0	0	0	0
36	0	0	753	474	883	2585	0	0	0	0
37	0	0	754	473	883	2590	0	0	0	0
38	0	0	755	472	884	2594	0	0	0	0
39	0	0	755	470	884	2596	0	0	0	0
40	0	0	757	470	886	2595	0	0	0	0
41	0	0	757	472	884	2596	0	0	0	0
42	0	0	757	472	884	2594	0	0	0	0
43	0	0	756	470	883	2595	0	0	0	0
44	0	0	755	468	884	2598	0	0	0	0
45	0	0	755	468	885	2599	0	0	0	0
46	0	0	754	470	885	2600	0	0	0	0
47	0	0	753	466	884	2604	0	0	0	0
48	0	0	753	466	884	2606	0	0	0	0
49	0	0	754	465	885	2605	0	0	0	0
50	0	0	756	465	885	2608	0	0	0	0
51	0	0	757	464	885	2614	0	0	0	0
52	0	0	757	463	886	2618	0	0	0	0
53	0	0	757	461	885	2619	0	0	0	0
54	0	0	759	462	885	2622	0	0	0	0
55	0	0	760	461	885	2627	0	0	0	0
56	0	0	760	461	885	2627	0	0	0	0
57	0	0	759	460	884	2625	0	0	0	0
58	0	0	758	460	884	2628	0	0	0	0
59	0	0	758	460	882	2629	0	0	0	0
60	0	0	758	460	883	2627	0	0	0	0
61	0	0	759	460	882	2627	0	0	0	0
62	0	0	759	459	881	2625	0	0	0	0
63	0	0	759	459	881	2627	0	0	0	0
64	0	0	761	458	881	2625	0	0	0	0
65	0	0	761	460	880	2626	0	0	0	0
66	0	0	762	459	879	2629	0	0	0	0
67	0	0	762	461	878	2629	0	0	0	0
68	0	0	764	462	880	2637	0	0	0	0
69	0	0	764	463	880	2637	0	0	0	0
70	0	0	767	463	879	2639	0	0	0	0
71	0	0	769	463	879	2645	0	0	0	0
72	0	0	770	463	880	2649	0	0	0	0
73	0	0	771	465	880	2648	0	0	0	0
74	0	0	773	465	880	2654	0	0	0	0
75	0	0	775	468	881	2656	0	0	0	0
76	0	0	776	468	880	2661	0	0	0	0
77	0	0	777	470	882	2668	0	0	0	0
78	0	0	777	470	881	2673	0	0	0	0
79	0	0	778	471	882	2681	0	0	0	0
80	0	0	779	473	883	2684	0	0	0	0
81	0	0	778	474	884	2687	0	0	0	0
82	0	0	776	477	884	2686	0	0	0	0
83	0	0	777	476	886	2693	0	0	0	0
84	0	0	777	477	887	2695	0	0	0	0
85	0	0	777	478	887	2698	0	0	0	0
86	0	0	776	480	888	2702	0	0	0	0
87	0	0	776	482	889	2703	0	0	0	0
88	0	0	775	483	889	2706	0	0	0	0
89	0	0	776	484	889	2715	0	0	0	0
90	0	0	777	486	890	2727	0	0	0	0
91	0	0	779	488	890	2733	0	0	0	0
92	0	0	778	489	891	2739	0	0	0	0
93	0	0	780	490	891	2747	0	0	0	0
94	0	0	778	491	891	2755	0	0	0	0
95	0	0	778	492	892	2760	0	0	0	0
96	0	0	778	493	893	2768	0	0	0	0
97	0	0	779	495	893	2764	0	0	0	0
98	0	0	780	495	893	2767	0	0	0	0
99	0	0	778	497	892	2769	0	0	0	0
100	0	0	778	499	893	2771	0	0	0	0
101	0	0	777	501	893	2780	0	0	0	0
102	0	0	776	504	895	2783	0	0	0	0
103	0	0	776	504	896	2783	0	0	0	0
104	0	0	775	507	896	2783	0	0	0	0
105	0	0	774	507	896	2784	0	0	0	0
106	0	0	773	508	896	2791	0	0	0	0
107	0	0	771	510	897	2794	0	0	0	0
108	0	0	770	510	897	2796	0	0	0	0
109	0	0	770	512	898	2800	0	0	0	0
110	0	0	768	514	898	2806	0	0	0	0
111	0	0	766	516	899	2811	0	0	0	0
112	0	0	766	516	900	2817	0	0	0	0
113	0	0	764	517	899	2824	0	0	0	0
114	0	0	762	518	900	2827	0	0	0	0
115	0	0	762	519	900	2830	0	0	0	0
116	0	0	762	521	899	2833	0	0	0	0
117	0	0	761	522	900	2836	0	0	0	0
118	0	0	760	524	899	2835	0	0	0	0
119	0	0	759	526	898	2844	0	0	0	0
120	0	0	758	526	897	2852	0	0	0	0
121	0	0	759	527	897	2853	0	0	0	0
122	0	0	758	529	897	2853	0	0	0	0
123	0	0	757	530	895	2854	0	0	0	0
124	0	0	756	531	894	2855	0	0	0	0
125	0	0	756	533	894	2855	0	0	0	0
126	0	0	755	533	892	2851	0	0	0	0
127	0	0	754	535	891	2851	0	0	0	0
0	0	0	754	536	889	2848	0	0	0	0
1	0	0	753	538	890	2847	0	0	0	0
2	0	0	752	539	889	2850	0	0	0	0
3	0	0	752	541	888	2841	0	0	0	0
4	0	0	751	543	888	2833	0	0	0	0
5	0	0	751	546	886	2832	0	0	0	0
6	0	0	750	547	885	2829	0	0	0	0
7	0	0	751	549	885	2824	0	0	0	0
8	0	0	750	551	884	2818	0	0	0	0
9	0	0	751	554	885	2814	0	0	0	0
10	0	0	751	555	883	2804	0	0	0	0
11	0	0	751	556	882	2792	0	0	0	0
12	0	0	751	558	881	2780	0	0	0	0
13	0	0	752	560	881	2766	0	0	0	0
14	0	0	752	563	878	2746	0	0	0	0
15	0	0	751	565	879	2731	0	0	0	0
16	0	0	751	566	878	2720	0	0	0	0
17	0	0	751	569	877	2718	0	0	0	0
18	0	0	750	571	875	2710	0	0	0	0
19	0	0	750	573	874	2693	0	0	0	0
20	0	0	751	575	871	2679	0	0	0	0
21	0	0	750	578	872	2655	0	0	0	0
22	0	0	751	580	869	2643	0	0	0	0
23	0	0	751	581	868	2623	0	0	0	0
24	0	0	751	583	866	2598	0	0	0	0
25	0	0	751	586	863	2572	0	0	0	0
26	0	0	752	587	863	2552	0	0	0	0
27	0	0	752	590	861	2539	0	0	0	0
28	0	0	753	591	858	2517	0	0	0	0
29	0	0	754	593	857	2519	0	0	0	0
30	0	0	753	596	856	2489	0	0	0	0
31	0	0	754	596	854	2474	0	0	0	0
32	0	0	754	599	853	2447	0	0	0	0
33	0	0	755	602	848	2427	0	0	0	0
34	0	0	756	603	849	2403	0	0	0	0
35	0	0	756	605	847	2379	0	0	0	0
36	0	0	757	607	845	2341	0	0	0	0
37	0	0	760	610	843	2285	0	0	0	0
38	0	0	761	611	841	2261	0	0	0	0
39	0	0	762	613	839	2228	0	0	0	0
40	0	0	763	615	836	2178	0	0	0	0
41	0	0	764	618	835	2130	0	0	0	0
42	0	0	765	620	832	2105	0	0	0	0
43	0	0	767	621	831	2083	0	0	0	0
44	0	0	767	623	828	1976	0	0	0	0
45	0	0	768	626	827	1905	0	0	0	0
46	0	0	770	629	824	1842	0	0	0	0
47	0	0	770	631	822	1757	0	0	0	0
48	0	0	770	634	820	1679	0	0	0	0
49	0	0	771	636	817	1615	0	0	0	0
50	0	0	773	640	815	1557	0	0	0	0
51	0	0	774	644	812	1458	0	0	0	0
52	0	0	775	646	811	1382	0	0	0	0
53	0	0	777	649	808	1273	0	0	0	0
54	0	0	777	653	806	1138	0	0	0	0
55	0	0	778	655	803	1017	0	0	0	0
56	0	0	778	659	801	1007	0	0	0	0
57	0	0	779	663	797	941	0	0	0	0
58	0	0	781	664	796	890	0	0	0	0
59	0	0	781	667	794	840	0	0	0	0
60	0	0	782	671	792	766	0	0	0	0
61	0	0	782	673	791	757	0	0	0	0
62	0	0	782	676	789	673	0	0	0	0
63	0	0	782	680	787	621	0	0	0	0
64	0	0	782	684	786	551	0	0	0	0
65	0	0	781	686	784	504	0	0	0	0
66	0	0	779	688	784	362	0	0	0	0
67	0	0	779	691	785	359	0	0	0	0
68	0	0	778	693	782	399	0	0	0	0
69	0	0	776	696	782	359	0	0	0	0
70	0	0	774	700	781	331	0	0	0	0
71	0	0	772	703	781	351	0	0	0	0
72	0	0	772	706	780	317	0	0	0	0
73	0	0	770	710	779	314	0	0	0	0
74	0	0	769	714	779	335	0	0	0	0
75	0	0	767	716	779	331	0	0	0	0
76	0	0	767	720	779	340	0	0	0	0
77	0	0	765	722	780	338	0	0	0	0
78	0	0	763	726	781	339	0	0	0	0
79	0	0	760	730	781	334	0	0	0	0
80	0	0	760	733	781	302	0	0	0	0
81	0	0	761	736	781	298	0	0	0	0
82	0	0	758	740	782	296	0	0	0	0
83	0	0	758	742	783	289	0	0	0	0
84	0	0	756	745	783	325	0	0	0	0
85	0	0	755	748	785	289	0	0	0	0
86	0	0	755	750	785	291	0	0	0	0
87	0	0	754	754	786	271	0	0	0	0
88	0	0	755	757	787	265	0	0	0	0
89	0	0	755	761	787	313	0	0	0	0
90	0	0	755	763	788	312	0	0	0	0
91	0	0	756	766	790	298	0	0	0	0
92	0	0	757	769	791	289	0	0	0	0
93	0	0	758	769	791	272	0	0	0	0
94	0	0	758	774	791	265	0	0	0	0
95	0	0	759	777	792	266	0	0	0	0
96	0	0	759	779	791	273	0	0	0	0
97	0	0	761	782	791	279	0	0	0	0
98	0	0	763	786	793	282	0	0	0	0
99	0	0	765	788	792	285	0	0	0	0
100	0	0	767	792	793	273	0	0	0	0
101	0	0	768	794	792	277	0	0	0	0
102	0	0	768	798	792	273	0	0	0	0
103	0	0	769	800	793	269	0	0	0	0
104	0	0	770	803	793	274	0	0	0	0
105	0	0	770	805	792	262	0	0	0	0
106	0	0	768	810	793	259	0	0	0	0
107	0	0	769	814	791	255	0	0	0	0
108	0	0	769	817	791	242	0	0	0	0
109	0	0	769	820	791	237	0	0	0	0
110	0	0	770	825	793	227	0	0	0	0
111	0	0	769	828	792	223	0	0	0	0
112	0	0	770	833	792	217	0	0	0	0
113	0	0	772	836	793	193	0	0	0	0
114	0	0	771	841	792	175	0	0	0	0
115	0	0	772	845	791	167	0	0	0	0
116	0	0	771	848	790	171	0	0	0	0
117	0	0	771	853	789	158	0	0	0	0
118	0	0	773	856	789	168	0	0	0	0
119	0	0	772	859	787	175	0	0	0	0
120	0	0	772	862	787	181	0	0	0	0
121	0	0	773	864	787	177	0	0	0	0
122	0	0	772	867	786	170	0	0	0	0
123	0	0	772	871	786	170	0	0	0	0
124	0	0	772	871	784	163	0	0	0	0
125	0	0	773	873	785	163	0	0	0	0
126	0	0	772	875	783	163	0	0	0	0
127	0	0	772	878	784	165	0	0	0	0
0	0	0	769	882	784	168	0	0	0	0
1	0	0	767	885	784	169	0	0	0	0
2	0	0	767	891	784	177	0	0	0	0
3	0	0	763	893	783	177	0	0	0	0
4	0	0	764	895	783	173	0	0	0	0
5	0	0	763	897	783	172	0	0	0	0
6	0	0	762	900	783	165	0	0	0	0
7	0	0	762	903	781	163	0	0	0	0
8	0	0	761	901	779	158	0	0	0	0
9	0	0	761	903	780	157	0	0	0	0
10	0	0	760	904	779	143	0	0	0	0
11	0	0	759	907	778	118	0	0	0	0
12	0	0	758	909	777	115	0	0	0	0
13	0	0	757	910	776	117	0	0	0	0
14	0	0	757	911	774	128	0	0	0	0
15	0	0	757	911	773	135	0	0	0	0
16	0	0	759	909	771	132	0	0	0	0
17	0	0	760	908	770	161	0	0	0	0
18	0	0	759	909	768	162	0	0	0	0
19	0	0	759	909	767	157	0	0	0	0
20	0	0	761	909	765	154	0	0	0	0
21	0	0	761	908	765	136	0	0	0	0
22	0	0	761	909	764	143	0	0	0	0
23	0	0	761	907	763	132	0	0	0	0
24	0	0	759	906	763	139	0	0	0	0
25	0	0	761	904	763	140	0	0	0	0
26	0	0	761	903	764	103	0	0	0	0
27	0	0	760	902	764	106	0	0	0	0
28	0	0	758	900	765	125	0	0	0	0
29	0	0	756	900	765	114	0	0	0	0
30	0	0	756	899	765	117	0	0	0	0
31	0	0	756	897	765	132	0	0	0	0
32	0	0	756	896	767	135	0	0	0	0
33	0	0	756	894	767	139	0	0	0	0
34	0	0	755	893	768	141	0	0	0	0
35	0	0	755	893	770	151	0	0	0	0
36	0	0	756	892	772	154	0	0	0	0
37	0	0	755	891	772	149	0	0	0	0
38	0	0	756	889	772	148	0	0	0	0
39	0	0	757	887	774	138	0	0	0	0
40	0	0	757	885	775	132	0	0	0	0
41	0	0	758	881	776	129	0	0	0	0
42	0	0	758	879	778	125	0	0	0	0
43	0	0	758	877	777	105	0	0	0	0
44	0	0	760	875	778	126	0	0	0	0
45	0	0	762	872	778	117	0	0	0	0
46	0	0	763	868	779	114	0	0	0	0
47	0	0	765	866	780	108	0	0	0	0
48	0	0	767	865	782	124	0	0	0	0
49	0	0	769	863	782	113	0	0	0	0
50	0	0	770	859	783	107	0	0	0	0
51	0	0	772	857	784	92	0	0	0	0
52	0	0	773	855	785	86	0	0	0	0
53	0	0	774	853	787	119	0	0	0	0
54	0	0	775	851	788	123	0	0	0	0
55	0	0	776	850	788	119	0	0	0	0
56	0	0	778	848	789	120	0	0	0	0
57	0	0	780	847	790	114	0	0	0	0
58	0	0	781	844	791	107	0	0	0	0
59	0	0	781	842	791	128	0	0	0	0
60	0	0	782	841	793	119	0	0	0	0
61	0	0	783	838	793	140	0	0	0	0
62	0	0	782	833	794	143	0	0	0	0
63	0	0	782	828	796	140	0	0	0	0
64	0	0	781	825	797	136	0	0	0	0
65	0	0	782	820	796	140	0	0	0	0
66	0	0	784	815	797	139	0	0	0	0
67	0	0	785	812	799	136	0	0	0	0
68	0	0	785	807	799	127	0	0	0	0
69	0	0	785	805	799	136	0	0	0	0
70	0	0	783	803	799	133	0	0	0	0
71	0	0	783	800	798	133	0	0	0	0
72	0	0	781	799	798	121	0	0	0	0
73	0	0	781	798	798	127	0	0	0	0
74	0	0	780	797	796	135	0	0	0	0
75	0	0	780	794	796	136	0	0	0	0
76	0	0	780	791	794	138	0	0	0	0
77	0	0	778	789	793	142	0	0	0	0
78	0	0	777	787	792	143	0	0	0	0
79	0	0	776	783	791	155	0	0	0	0
80	0	0	776	782	789	158	0	0	0	0
81	0	0	776	778	791	161	0	0	0	0
82	0	0	776	776	790	156	0	0	0	0
83	0	0	778	774	790	158	0	0	0	0
84	0	0	776	773	789	154	0	0	0	0
85	0	0	776	773	788	153	0	0	0	0
86	0	0	776	770	788	145	0	0	0	0
87	0	0	777	769	787	140	0	0	0	0
88	0	0	777	768	788	138	0	0	0	0
89	0	0	776	766	787	139	0	0	0	0
90	0	0	775	765	787	131	0	0	0	0
91	0	0	774	763	787	137	0	0	0	0
92	0	0	776	762	787	131	0	0	0	0
93	0	0	776	760	787	132	0	0	0	0
94	0	0	775	759	786	147	0	0	0	0
95	0	0	775	758	787	143	0	0	0	0
96	0	0	775	756	786	140	0	0	0	0
97	0	0	775	755	786	141	0	0	0	0
98	0	0	776	755	786	143	0	0	0	0
99	0	0	776	753	787	130	0	0	0	0
100	0	0	779	752	788	129	0	0	0	0
101	0	0	779	750	787	128	0	0	0	0
102	0	0	781	749	788	127	0	0	0	0
103	0	0	781	748	788	117	0	0	0	0
104	0	0	782	748	788	92	0	0	0	0
105	0	0	784	746	789	106	0	0	0	0
106	0	0	785	746	789	106	0	0	0	0
107	0	0	784	745	789	99	0	0	0	0
108	0	0	784	743	790	96	0	0	0	0
109	0	0	786	742	790	96	0	0	0	0
110	0	0	785	742	793	109	0	0	0	0
111	0	0	785	741	793	117	0	0	0	0
112	0	0	784	739	792	122	0	0	0	0
113	0	0	785	737	793	132	0	0	0	0
114	0	0	785	738	793	141	0	0	0	0
115	0	0	785	738	794	143	0	0	0	0
116	0	0	786	738	793	150	0	0	0	0
117	0	0	787	739	794	150	0	0	0	0
118	0	0	787	738	794	152	0	0	0	0
119	0	0	787	738	794	144	0	0	0	0
120	0	0	789	738	795	145	0	0	0	0
121	0	0	789	738	794	149	0	0	0	0
122	0	0	790	738	794	146	0	0	0	0
123	0	0	791	737	795	142	0	0	0	0
124	0	0	792	737	795	135	0	0	0	0
125	0	0	793	738	795	133	0	0	0	0
126	0	0	792	737	794	130	0	0	0	0
127	0	0	792	738	794	122	0	0	0	0
0	0	0	792	740	794	113	0	0	0	0
1	0	0	793	741	794	121	0	0	0	0
2	0	0	793	742	794	118	0	0	0	0
3	0	0	794	743	793	109	0	0	0	0
4	0	0	793	744	793	113	0	0	0	0
5	0	0	793	745	792	119	0	0	0	0
6	0	0	793	746	792	120	0	0	0	0
7	0	0	794	747	792	119	0	0	0	0
8	0	0	792	748	792	120	0	0	0	0
9	0	0	792	749	791	120	0	0	0	0
10	0	0	792	750	790	121	0	0	0	0
11	0	0	792	751	790	126	0	0	0	0
12	0	0	792	752	791	127	0	0	0	0
13	0	0	792	754	789	131	0	0	0	0
14	0	0	792	755	789	132	0	0	0	0
15	0	0	791	755	789	124	0	0	0	0
16	0	0	792	756	788	114	0	0	0	0
17	0	0	795	757	787	103	0	0	0	0
18	0	0	794	758	786	98	0	0	0	0
19	0	0	794	759	786	97	0	0	0	0
20	0	0	793	760	785	94	0	0	0	0
21	0	0	793	761	785	93	0	0	0	0
22	0	0	794	762	784	101	0	0	0	0
23	0	0	793	763	783	98	0	0	0	0
24	0	0	794	765	782	107	0	0	0	0
25	0	0	794	765	781	110	0	0	0	0
26	0	0	794	767	780	111	0	0	0	0
27	0	0	793	767	779	112	0	0	0	0
28	0	0	792	769	779	122	0	0	0	0
29	0	0	792	770	778	120	0	0	0	0
30	0	0	793	771	779	125	0	0	0	0
31	0	0	793	772	778	124	0	0	0	0
32	0	0	793	773	777	127	0	0	0	0
33	0	0	792	773	775	137	0	0	0	0
34	0	0	793	774	775	138	0	0	0	0
35	0	0	794	775	775	140	0	0	0	0
36	0	0	794	776	774	129	0	0	0	0
37	0	0	795	779	773	115	0	0	0	0
38	0	0	795	779	773	111	0	0	0	0
39	0	0	794	780	773	117	0	0	0	0
40	0	0	795	781	772	106	0	0	0	0
41	0	0	795	782	771	106	0	0	0	0
42	0	0	794	783	770	110	0	0	0	0
43	0	0	795	784	770	110	0	0	0	0
44	0	0	796	785	769	111	0	0	0	0
45	0	0	797	786	769	111	0	0	0	0
46	0	0	794	786	768	119	0	0	0	0
47	0	0	795	786	769	124	0	0	0	0
48	0	0	795	787	768	124	0	0	0	0
49	0	0	794	786	767	127	0	0	0	0
50	0	0	794	787	768	128	0	0	0	0
51	0	0	794	787	767	124	0	0	0	0
52	0	0	795	788	767	128	0	0	0	0
53	0	0	794	788	767	134	0	0	0	0
54	0	0	794	790	766	132	0	0	0	0
55	0	0	795	788	765	122	0	0	0	0
56	0	0	793	788	765	117	0	0	0	0
57	0	0	794	789	764	115	0	0	0	0
58	0	0	794	788	765	110	0	0	0	0
59	0	0	794	788	764	108	0	0	0	0
60	0	0	794	789	763	102	0	0	0	0
61	0	0	794	789	762	102	0	0	0	0
62	0	0	795	789	763	103	0	0	0	0
63	0	0	795	788	762	107	0	0	0	0
64	0	0	794	789	762	105	0	0	0	0
65	0	0	794	789	761	111	0	0	0	0
66	0	0	794	789	762	110	0	0	0	0
67	0	0	794	788	762	115	0	0	0	0
68	0	0	793	789	761	117	0	0	0	0
69	0	0	795	789	760	119	0	0	0	0
70	0	0	795	790	761	121	0	0	0	0
71	0	0	796	789	759	111	0	0	0	0
72	0	0	797	789	761	107	0	0	0	0
73	0	0	796	788	761	107	0	0	0	0
74	0	0	797	789	761	108	0	0	0	0
75	0	0	798	788	760	95	0	0	0	0
76	0	0	799	789	760	82	0	0	0	0
77	0	0	801	788	760	74	0	0	0	0
78	0	0	801	788	760	71	0	0	0	0
79	0	0	802	789	760	74	0	0	0	0
80	0	0	803	788	759	67	0	0	0	0
81	0	0	802	787	759	64	0	0	0	0
82	0	0	804	787	759	68	0	0	0	0
83	0	0	804	788	759	69	0	0	0	0
84	0	0	805	788	759	74	0	0	0	0
85	0	0	804	788	759	83	0	0	0	0
86	0	0	801	788	759	86	0	0	0	0
87	0	0	804	788	760	84	0	0	0	0
88	0	0	803	788	760	85	0	0	0	0
89	0	0	803	787	759	77	0	0	0	0
90	0	0	806	787	759	89	0	0	0	0
91	0	0	804	787	761	103	0	0	0	0
92	0	0	804	787	761	97	0	0	0	0
93	0	0	803	787	761	101	0	0	0	0
94	0	0	804	787	762	107	0	0	0	0
95	0	0	804	788	761	94	0	0	0	0
96	0	0	805	788	762	90	0	0	0	0
97	0	0	805	789	762	89	0	0	0	0
98	0	0	804	789	763	76	0	0	0	0
99	0	0	804	789	762	72	0	0	0	0
100	0	0	805	789	763	75	0	0	0	0
101	0	0	805	790	762	82	0	0	0	0
102	0	0	804	790	762	75	0	0	0	0
103	0	0	804	790	763	72	0	0	0	0
104	0	0	803	790	763	59	0	0	0	0
105	0	0	805	790	763	75	0	0	0	0
106	0	0	804	791	764	73	0	0	0	0
107	0	0	804	791	764	73	0	0	0	0
108	0	0	803	791	764	74	0	0	0	0
109	0	0	803	792	765	82	0	0	0	0
110	0	0	800	792	764	72	0	0	0	0
111	0	0	800	792	765	71	0	0	0	0
112	0	0	800	791	766	77	0	0	0	0
113	0	0	800	792	767	82	0	0	0	0
114	0	0	800	792	767	82	0	0	0	0
115	0	0	800	791	768	79	0	0	0	0
116	0	0	800	792	768	73	0	0	0	0
117	0	0	800	791	768	86	0	0	0	0
118	0	0	801	790	767	89	0	0	0	0
119	0	0	799	789	768	81	0	0	0	0
120	0	0	800	789	769	73	0	0	0	0
121	0	0	800	789	770	74	0	0	0	0
122	0	0	800	788	770	86	0	0	0	0
123	0	0	802	788	772	86	0	0	0	0
124	0	0	803	787	772	85	0	0	0	0
125	0	0	802	787	772	79	0	0	0	0
126	0	0	804	786	773	84	0	0	0	0
127	0	0	806	785	773	93	0	0	0	0
0	0	0	807	784	771	96	0	0	0	0
1	0	0	808	784	773	98	0	0	0	0
2	0	0	810	783	773	100	0	0	0	0
3	0	0	810	783	773	91	0	0	0	0
4	0	0	811	782	773	84	0	0	0	0
5	0	0	812	782	773	74	0	0	0	0
6	0	0	814	782	772	50	0	0	0	0
7	0	0	813	779	772	37	0	0	0	0
8	0	0	815	781	772	41	0	0	0	0
9	0	0	817	781	773	50	0	0	0	0
10	0	0	817	781	773	54	0	0	0	0
11	0	0	817	780	773	57	0	0	0	0
12	0	0	817	781	774	57	0	0	0	0
13	0	0	818	781	776	63	0	0	0	0
14	0	0	816	781	777	67	0	0	0	0
15	0	0	815	782	779	76	0	0	0	0
16	0	0	818	783	781	103	0	0	0	0
17	0	0	822	783	781	179	0	0	0	0
18	0	0	828	783	781	616	0	0	0	0
19	0	0	835	782	780	793	0	0	0	0
20	0	0	841	780	779	892	0	0	0	0
21	0	0	838	780	779	1076	0	0	0	0
22	0	0	826	780	781	1176	0	0	0	0
23	0	0	811	779	783	1213	0	0	0	0
24	0	0	793	777	786	1398	0	0	0	0
25	0	0	779	777	788	1448	0	0	0	0
26	0	0	771	774	791	1385	0	0	0	0
27	0	0	764	771	792	1327	0	0	0	0
28	0	0	761	769	793	1233	0	0	0	0
29	0	0	760	769	794	1232	0	0	0	0
30	0	0	759	769	796	1350	0	0	0	0
31	0	0	763	771	800	1415	0	0	0	0
32	0	0	766	771	803	1459	0	0	0	0
33	0	0	765	774	807	1572	0	0	0	0
34	0	0	764	775	813	1720	0	0	0	0
35	0	0	759	772	816	1891	0	0	0	0
36	0	0	754	769	818	2036	0	0	0	0
37	0	0	752	765	819	2156	0	0	0	0
38	0	0	749	763	822	2195	0	0	0	0
39	0	0	747	761	825	2213	0	0	0	0
40	0	0	744	761	828	2181	0	0	0	0
41	0	0	741	761	835	2113	0	0	0	0
42	0	0	728	762	844	2116	0	0	0	0
43	0	0	709	762	854	2055	0	0	0	0
44	0	0	688	764	873	2070	0	0	0	0
45	0	0	639	770	907	2044	0	0	0	0
46	0	0	561	775	950	1920	0	0	0	0
47	0	0	469	774	1000	1822	0	0	0	0
48	0	0	347	769	1056	1796	0	0	0	0
49	0	0	229	756	1106	1758	0	0	0	0
50	0	0	153	734	1141	1672	0	0	0	0
51	0	0	106	698	1169	1520	0	0	0	0
52	0	0	97	646	1184	1448	0	0	0	0
53	0	0	170	594	1182	1329	0	0	0	0
54	0	0	325	561	1179	1245	0	0	0	0
55	0	0	493	566	1184	1216	0	0	0	0
56	0	0	622	590	1199	1194	0	0	0	0
57	0	0	693	621	1221	1093	0	0	0	0
58	0	0	707	646	1245	1074	0	0	0	0
59	0	0	688	664	1263	1022	0	0	0	0
60	0	0	655	663	1276	960	0	0	0	0
61	0	0	617	646	1292	902	0	0	0	0
62	0	0	576	606	1300	881	0	0	0	0
63	0	0	547	552	1306	899	0	0	0	0
64	0	0	520	497	1302	937	0	0	0	0
65	0	0	502	446	1275	1003	0	0	0	0
66	0	0	516	404	1215	1031	0	0	0	0
67	0	0	569	384	1134	1069	0	0	0	0
68	0	0	682	371	1041	1099	0	0	0	0
69	0	0	820	351	949	1120	0	0	0	0
70	0	0	934	321	866	1135	0	0	0	0
71	0	0	986	263	789	1168	0	0	0	0
72	0	0	991	200	707	1218	0	0	0	0
73	0	0	1019	140	635	1298	0	0	0	0
74	0	0	1056	95	591	1370	0	0	0	0
75	0	0	1084	72	559	1416	0	0	0	0
76	0	0	1086	60	542	1429	0	0	0	0
77	0	0	1097	59	547	1442	0	0	0	0
78	0	0	1134	46	581	1480	0	0	0	0
79	0	0	1169	40	624	1513	0	0	0	0
80	0	0	1181	35	658	1543	0	0	0	0
81	0	0	1160	38	684	1559	0	0	0	0
82	0	0	1130	53	702	1584	0	0	0	0
83	0	0	1114	76	714	1635	0	0	0	0
84	0	0	1103	100	731	1683	0	0	0	0
85	0	0	1088	123	737	1737	0	0	0	0
86	0	0	1071	139	741	1750	0	0	0	0
87	0	0	1045	149	744	1749	0	0	0	0
88	0	0	1013	171	747	1784	0	0	0	0
89	0	0	976	192	754	1819	0	0	0	0
90	0	0	941	210	763	1836	0	0	0	0
91	0	0	904	226	777	1809	0	0	0	0
92	0	0	873	243	794	1850	0	0	0	0
93	0	0	847	255	813	1880	0	0	0	0
94	0	0	827	264	847	1901	0	0	0	0
95	0	0	810	268	875	1934	0	0	0	0
96	0	0	787	261	896	1931	0	0	0	0
97	0	0	771	243	919	1973	0	0	0	0
98	0	0	763	217	938	1999	0	0	0	0
99	0	0	754	187	958	2004	0	0	0	0
100	0	0	744	158	976	2003	0	0	0	0
101	0	0	735	127	993	1999	0	0	0	0
102	0	0	726	94	1011	2001	0	0	0	0
103	0	0	722	67	1026	2007	0	0	0	0
104	0	0	717	49	1039	2007	0	0	0	0
105	0	0	719	39	1047	2000	0	0	0	0
106	0	0	724	34	1052	2007	0	0	0	0
107	0	0	738	30	1054	2004	0	0	0	0
108	0	0	754	26	1052	2004	0	0	0	0
109	0	0	774	30	1046	2007	0	0	0	0
110	0	0	796	45	1037	2008	0	0	0	0
111	0	0	819	69	1027	2009	0	0	0	0
112	0	0	840	96	1019	2013	0	0	0	0
113	0	0	861	125	1009	2016	0	0	0	0
114	0	0	878	151	1000	2021	0	0	0	0
115	0	0	894	175	992	2022	0	0	0	0
116	0	0	909	197	984	2026	0	0	0	0
117	0	0	922	217	976	2029	0	0	0	0
118	0	0	933	238	967	2036	0	0	0	0
119	0	0	937	260	959	2035	0	0	0	0
120	0	0	937	283	951	2038	0	0	0	0
121	0	0	934	306	946	2043	0	0	0	0
122	0	0	926	329	941	2048	0	0	0	0
123	0	0	916	351	937	2056	0	0	0	0
124	0	0	902	373	931	2063	0	0	0	0
125	0	0	888	393	926	2068	0	0	0	0
126	0	0	874	415	919	2075	0	0	0	0
127	0	0	860	435	909	2076	0	0	0	0
0	0	0	846	454	900	2080	0	0	0	0
1	0	0	834	471	887	2087	0	0	0	0
2	0	0	821	487	872	2090	0	0	0	0
3	0	0	811	503	858	2090	0	0	0	0
4	0	0	803	518	843	2090	0	0	0	0
5	0	0	799	532	828	2093	0	0	0	0
6	0	0	796	546	812	2097	0	0	0	0
7	0	0	796	557	797	2099	0	0	0	0
8	0	0	798	564	784	2102	0	0	0	0
9	0	0	804	573	769	2106	0	0	0	0
10	0	0	811	583	757	2107	0	0	0	0
11	0	0	818	591	743	2108	0	0	0	0
12	0	0	825	600	731	2109	0	0	0	0
13	0	0	834	605	720	2110	0	0	0	0
14	0	0	844	610	712	2116	0	0	0	0
15	0	0	854	614	705	2119	0	0	0	0
16	0	0	862	617	700	2124	0	0	0	0
17	0	0	870	621	698	2131	0	0	0	0
18	0	0	879	621	695	2133	0	0	0	0
19	0	0	886	622	694	2134	0	0	0	0
20	0	0	892	621	694	2134	0	0	0	0
21	0	0	896	621	696	2135	0	0	0	0
22	0	0	898	619	697	2133	0	0	0	0
23	0	0	900	618	701	2133	0	0	0	0
24	0	0	897	617	703	2134	0	0	0	0
25	0	0	893	616	705	2138	0	0	0	0
26	0	0	887	617	709	2141	0	0	0	0
27	0	0	879	619	711	2139	0	0	0	0
28	0	0	871	621	713	2138	0	0	0	0
29	0	0	861	621	717	2142	0	0	0	0
30	0	0	855	622	719	2144	0	0	0	0
31	0	0	848	624	724	2144	0	0	0	0
32	0	0	839	624	727	2142	0	0	0	0
33	0	0	834	626	732	2141	0	0	0	0
34	0	0	827	626	737	2145	0	0	0	0
35	0	0	822	628	740	2148	0	0	0	0
36	0	0	817	629	744	2150	0	0	0	0
37	0	0	812	630	749	2152	0	0	0	0
38	0	0	810	631	753	2152	0	0	0	0
39	0	0	809	631	758	2151	0	0	0	0
40	0	0	806	632	761	2152	0	0	0	0
41	0	0	804	632	764	2153	0	0	0	0
42	0	0	801	631	767	2156	0	0	0	0
43	0	0	800	630	769	2156	0	0	0	0
44	0	0	798	630	772	2157	0	0	0	0
45	0	0	797	627	774	2161	0	0	0	0
46	0	0	796	626	777	2162	0	0	0	0
47	0	0	795	621	778	2163	0	0	0	0
48	0	0	795	619	782	2160	0	0	0	0
49	0	0	792	615	782	2159	0	0	0	0
50	0	0	791	612	786	2158	0	0	0	0
51	0	0	791	609	788	2157	0	0	0	0
52	0	0	791	606	790	2157	0	0	0	0
53	0	0	794	605	795	2156	0	0	0	0
54	0	0	794	603	798	2155	0	0	0	0
55	0	0	797	601	801	2154	0	0	0	0
56	0	0	800	601	805	2156	0	0	0	0
57	0	0	803	599	809	2152	0	0	0	0
58	0	0	804	598	813	2152	0	0	0	0
59	0	0	806	597	817	2150	0	0	0	0
60	0	0	807	595	820	2148	0	0	0	0
61	0	0	808	594	825	2147	0	0	0	0
62	0	0	810	591	827	2146	0	0	0	0
63	0	0	811	588	832	2145	0	0	0	0
64	0	0	811	583	835	2142	0	0	0	0
65	0	0	813	579	839	2143	0	0	0	0
66	0	0	814	574	843	2145	0	0	0	0
67	0	0	815	571	847	2148	0	0	0	0
68	0	0	816	566	850	2147	0	0	0	0
69	0	0	817	560	855	2149	0	0	0	0
70	0	0	819	555	859	2147	0	0	0	0
71	0	0	819	550	864	2147	0	0	0	0
72	0	0	820	545	867	2145	0	0	0	0
73	0	0	818	542	870	2144	0	0	0	0
74	0	0	817	538	874	2145	0	0	0	0
75	0	0	814	536	878	2144	0	0	0	0
76	0	0	811	535	881	2144	0	0	0	0
77	0	0	807	535	884	2145	0	0	0	0
78	0	0	801	535	888	2144	0	0	0	0
79	0	0	793	535	891	2142	0	0	0	0
80	0	0	788	534	895	2141	0	0	0	0
81	0	0	780	534	897	2140	0	0	0	0
82	0	0	771	533	900	2138	0	0	0	0
83	0	0	764	531	903	2136	0	0	0	0
84	0	0	756	530	905	2132	0	0	0	0
85	0	0	750	528	905	2129	0	0	0	0
86	0	0	745	527	907	2125	0	0	0	0
87	0	0	742	525	908	2124	0	0	0	0
88	0	0	739	523	908	2121	0	0	0	0
89	0	0	736	522	908	2122	0	0	0	0
90	0	0	734	521	908	2119	0	0	0	0
91	0	0	733	521	908	2116	0	0	0	0
92	0	0	732	520	908	2115	0	0	0	0
93	0	0	733	521	906	2115	0	0	0	0
94	0	0	734	522	906	2118	0	0	0	0
95	0	0	734	523	906	2115	0	0	0	0
96	0	0	736	525	906	2113	0	0	0	0
97	0	0	738	528	905	2112	0	0	0	0
98	0	0	741	531	905	2108	0	0	0	0
99	0	0	745	535	906	2101	0	0	0	0
100	0	0	748	537	905	2087	0	0	0	0
101	0	0	751	541	906	2076	0	0	0	0
102	0	0	755	544	906	2065	0	0	0	0
103	0	0	758	547	905	2062	0	0	0	0
104	0	0	762	551	905	2063	0	0	0	0
105	0	0	765	554	904	2055	0	0	0	0
106	0	0	765	558	903	2051	0	0	0	0
107	0	0	767	562	901	2041	0	0	0	0
108	0	0	767	566	900	2036	0	0	0	0
109	0	0	770	568	899	2032	0	0	0	0
110	0	0	773	572	897	2029	0	0	0	0
111	0	0	773	577	895	2026	0	0	0	0
112	0	0	776	580	892	2024	0	0	0	0
113	0	0	777	583	890	2017	0	0	0	0
114	0	0	779	587	889	2014	0	0	0	0
115	0	0	781	592	887	2008	0	0	0	0
116	0	0	783	595	885	2000	0	0	0	0
117	0	0	784	599	883	1995	0	0	0	0
118	0	0	785	604	882	1990	0	0	0	0
119	0	0	788	607	879	1987	0	0	0	0
120	0	0	788	612	878	1987	0	0	0	0
121	0	0	788	618	875	1985	0	0	0	0
122	0	0	790	623	872	1982	0	0	0	0
123	0	0	790	628	871	1981	0	0	0	0
124	0	0	791	633	870	1980	0	0	0	0
125	0	0	792	637	867	1980	0	0	0	0
126	0	0	790	643	864	1974	0	0	0	0
127	0	0	790	648	863	1967	0	0	0	0
0	0	0	792	652	860	1966	0	0	0	0
1	0	0	792	656	859	1958	0	0	0	0
2	0	0	791	660	857	1953	0	0	0	0
3	0	0	791	663	855	1944	0	0	0	0
4	0	0	793	667	853	1931	0	0	0	0
5	0	0	793	671	852	1925	0	0	0	0
6	0	0	793	673	851	1921	0	0	0	0
7	0	0	794	676	849	1913	0	0	0	0
8	0	0	793	679	847	1907	0	0	0	0
9	0	0	794	682	845	1906	0	0	0	0
10	0	0	792	684	843	1901	0	0	0	0
11	0	0	793	686	840	1884	0	0	0	0
12	0	0	794	686	839	1873	0	0	0	0
13	0	0	793	690	838	1860	0	0	0	0
14	0	0	791	692	835	1843	0	0	0	0
15	0	0	791	693	833	1838	0	0	0	0
16	0	0	791	695	831	1835	0	0	0	0
17	0	0	792	696	830	1833	0	0	0	0
18	0	0	791	697	827	1816	0	0	0	0
19	0	0	789	698	825	1802	0	0	0	0
20	0	0	789	699	823	1796	0	0	0	0
21	0	0	789	700	822	1788	0	0	0	0
22	0	0	789	700	820	1772	0	0	0	0
23	0	0	789	701	817	1751	0	0	0	0
24	0	0	787	701	816	1746	0	0	0	0
25	0	0	788	700	814	1730	0	0	0	0
26	0	0	788	700	813	1724	0	0	0	0
27	0	0	787	700	811	1717	0	0	0	0
28	0	0	785	700	809	1711	0	0	0	0
29	0	0	785	701	807	1707	0	0	0	0
30	0	0	784	701	805	1717	0	0	0	0
31	0	0	783	701	804	1714	0	0	0	0
32	0	0	783	701	803	1708	0	0	0	0
33	0	0	782	702	801	1691	0	0	0	0
34	0	0	781	701	800	1659	0	0	0	0
35	0	0	781	703	799	1651	0	0	0	0
36	0	0	781	702	797	1646	0	0	0	0
37	0	0	780	702	796	1641	0	0	0	0
38	0	0	779	702	796	1639	0	0	0	0
39	0	0	778	701	794	1631	0	0	0	0
40	0	0	779	701	794	1624	0	0	0	0
41	0	0	778	701	794	1613	0	0	0	0
42	0	0	778	701	793	1611	0	0	0	0
43	0	0	777	702	792	1607	0	0	0	0
44	0	0	776	701	792	1596	0	0	0	0
45	0	0	776	699	791	1596	0	0	0	0
46	0	0	776	699	790	1588	0	0	0	0
47	0	0	776	699	789	1573	0	0	0	0
48	0	0	777	699	788	1580	0	0	0	0
49	0	0	776	698	787	1561	0	0	0	0
50	0	0	776	697	786	1553	0	0	0	0
51	0	0	779	696	786	1549	0	0	0	0
52	0	0	778	696	786	1548	0	0	0	0
53	0	0	778	695	785	1555	0	0	0	0
54	0	0	778	695	785	1544	0	0	0	0
55	0	0	778	695	784	1532	0	0	0	0
56	0	0	779	696	785	1525	0	0	0	0
57	0	0	780	695	784	1525	0	0	0	0
58	0	0	779	695	784	1526	0	0	0	0
59	0	0	778	695	784	1526	0	0	0	0
60	0	0	778	694	784	1523	0	0	0	0
61	0	0	777	696	783	1524	0	0	0	0
62	0	0	777	696	783	1528	0	0	0	0
63	0	0	778	697	783	1529	0	0	0	0
64	0	0	778	698	783	1528	0	0	0	0
65	0	0	777	699	784	1528	0	0	0	0
66	0	0	779	700	783	1530	0	0	0	0
67	0	0	778	701	782	1526	0	0	0	0
68	0	0	778	703	782	1528	0	0	0	0
69	0	0	779	703	782	1527	0	0	0	0
70	0	0	778	704	781	1526	0	0	0	0
71	0	0	778	706	781	1529	0	0	0	0
72	0	0	777	707	782	1525	0	0	0	0
73	0	0	777	709	781	1526	0	0	0	0
74	0	0	777	710	782	1526	0	0	0	0
75	0	0	778	712	782	1521	0	0	0	0
76	0	0	778	714	781	1521	0	0	0	0
77	0	0	776	715	781	1520	0	0	0	0
78	0	0	778	716	782	1522	0	0	0	0
79	0	0	778	717	782	1523	0	0	0	0
80	0	0	777	718	781	1522	0	0	0	0
81	0	0	779	719	781	1527	0	0	0	0
82	0	0	780	719	780	1531	0	0	0	0
83	0	0	781	720	779	1531	0	0	0	0
84	0	0	781	720	778	1537	0	0	0	0
85	0	0	781	721	776	1537	0	0	0	0
86	0	0	782	721	776	1538	0	0	0	0
87	0	0	782	721	775	1542	0	0	0	0
88	0	0	783	722	773	1545	0	0	0	0
89	0	0	783	721	773	1546	0	0	0	0
90	0	0	782	722	772	1549	0	0	0	0
91	0	0	783	722	771	1551	0	0	0	0
92	0	0	783	721	770	1549	0	0	0	0
93	0	0	783	720	769	1554	0	0	0	0
94	0	0	785	721	769	1556	0	0	0	0
95	0	0	785	720	769	1558	0	0	0	0
96	0	0	783	718	768	1563	0	0	0	0
97	0	0	785	719	767	1569	0	0	0	0
98	0	0	785	720	767	1574	0	0	0	0
99	0	0	784	719	768	1577	0	0	0	0
100	0	0	784	720	768	1583	0	0	0	0
101	0	0	786	719	767	1585	0	0	0	0
102	0	0	785	719	768	1590	0	0	0	0
103	0	0	785	719	768	1592	0	0	0	0
104	0	0	784	719	768	1597	0	0	0	0
105	0	0	784	719	769	1600	0	0	0	0
106	0	0	785	719	768	1606	0	0	0	0
107	0	0	784	719	769	1607	0	0	0	0
108	0	0	784	718	770	1608	0	0	0	0
109	0	0	782	718	771	1613	0	0	0	0
110	0	0	782	718	772	1619	0	0	0	0
111	0	0	781	719	774	1619	0	0	0	0
112	0	0	782	719	775	1625	0	0	0	0
113	0	0	782	719	776	1634	0	0	0	0
114	0	0	781	719	777	1639	0	0	0	0
115	0	0	781	719	779	1642	0	0	0	0
116	0	0	782	719	780	1653	0	0	0	0
