Timestamp:	X:	Y:	Z:	Acceleration:
1332346818785	-0.5266644	0.6118288	-0.2699871	0.8512361
1332346818816	-0.61482596	0.5254576	-0.35873985	0.88476604
1332346818827	-0.5461724	0.36113286	-0.52686405	0.84042066
1332346818831	-0.32059306	0.11871266	-0.69554615	0.77502066
1332346818833	-0.016409159	0.1119802	-0.9429083	0.94967616
1332346818835	0.20959258	0.105376005	-1.2686014	1.2901096
1332346818837	0.2790699	0.098758936	-1.279932	1.3137196
1332346818848	0.27065182	0.013660908	-0.97654533	1.0134494
1332346818849	0.105953395	-0.07153487	-0.67201996	0.6840718
1332346818864	-0.13649642	-0.1568408	-0.67997456	0.71105254
1332346818864	-0.29971322	-0.085305214	-1.0001049	1.0475279
1332346818865	-0.38370717	-0.09233022	-1.5537386	1.6030781
1332346818866	-0.38847226	-0.099405766	-2.0267234	2.0660107
1332346818867	-0.31401315	-0.18494749	-2.4974184	2.5238678
1332346818868	-0.31726983	-0.2704177	-2.887138	2.9170792
1332346818869	-0.1627987	-0.43421614	-3.1957855	3.2292557
1332346818870	-0.16449982	-0.597788	-3.344647	3.401628
1332346818873	-0.16539055	-0.6825682	-3.4119039	3.4834383
1332346818879	-0.32242605	-0.6884557	-3.6326818	3.7113755
1332346818889	-0.47860253	-0.6153227	-4.006346	4.081482
1332346818899	-0.63400316	-0.5415311	-4.45446	4.531824
1332346818913	-0.63167834	-0.62390244	-4.741195	4.823609
1332346818930	-0.6285268	-0.7052897	-4.5517573	4.6487603
1332346818931	-0.5462204	-0.7857003	-4.122378	4.231983
1332346818946	-0.4631673	-0.7864952	-3.5307484	3.6468182
1332346818963	-0.45776916	-0.6290308	-3.0900035	3.1864328
1332346818964	-0.6085198	-0.6271757	-3.0355735	3.1588528
1332346818979	-0.60144293	-0.70231974	-2.974565	3.1149678
1332346818980	-0.43663663	-0.93302107	-2.67233	2.8640053
1332346818995	-0.114127696	-1.0053614	-2.0506892	2.2867231
1332346819012	0.2878691	-0.91894054	-1.4216619	1.7171031
1332346819013	0.2981596	-0.75262785	-0.9447365	1.2441362
1332346819029	0.23070008	-0.58476055	-0.3842392	0.73675454
1332346819029	0.16386342	-0.4153546	0.25916576	0.5162727
1332346819045	0.17592323	-0.32304835	0.7487469	0.8342248
1332346819062	0.26694632	-0.30743384	1.0854988	1.1593462
1332346819063	0.51502466	-0.52603185	1.2666492	1.4650462
1332346819078	0.52764595	-0.74333537	1.5272017	1.7785676
1332346819079	0.3830825	-0.881076	2.022766	2.239337
1332346819094	0.31657124	-0.861014	2.281087	2.458642
1332346819111	0.2494958	-0.6828166	1.9880056	2.1167552
1332346819112	0.024683297	-0.50406826	1.3769422	1.4665142
1332346819127	-0.04411024	-0.32469606	0.4469695	0.55421567
1332346819144	0.12146884	-0.22329247	-0.09662247	0.2719377
1332346819145	0.44287747	0.11387372	0.1377697	0.47758576
1332346819161	0.8414851	0.4514954	1.227665	1.5553477
1332346819162	1.238863	0.6322653	3.4083529	3.6812239
1332346819187	1.0069878	0.26384902	6.6789184	6.759556
1332346819189	0.38159359	-0.41897392	10.569853	10.585033
1332346819193	-0.009783745	-1.0237658	14.059526	14.096754
1332346819211	0.06823099	-1.5507462	16.441132	16.514244
1332346819212	0.38018525	-1.8431321	18.02787	18.125832
1332346819226	0.92604536	-1.5870686	19.367535	19.454504
1332346819243	1.4704664	-0.78254867	20.851088	20.917517
1332346819244	1.7779229	0.021213055	22.161175	22.23239
1332346819260	2.0838556	0.58895767	23.373135	23.473234
1332346819261	3.0948973	1.0776923	24.252464	24.47288
1332346819275	3.5552313	0.78121614	24.089384	24.362848
1332346819292	3.0720491	-0.30035317	22.485016	22.695894
1332346819293	2.7439818	-0.9899186	20.223324	20.432625
1332346819309	2.1785216	-1.2876242	18.48177	18.654215
1332346819310	1.2963566	-1.2719617	17.016453	17.113096
1332346819324	0.80400413	-0.94301796	14.105794	14.160125
1332346819342	0.46521384	-0.4576608	10.134867	10.155855
1332346819343	-0.033843637	-0.44365942	6.3621674	6.3777075
1332346819358	-0.2223348	-0.8224073	3.965355	4.0558386
1332346819359	-0.41390246	-1.5938027	2.398549	2.9093916
1332346819374	-0.608069	-2.2084007	1.1960163	2.584035
1332346819391	-0.5700329	-2.4304585	0.19312668	2.5038698
1332346819392	-0.45529434	-2.1814995	-1.1441364	2.5050511
1332346819407	-0.49901173	-1.539697	-2.6569033	3.1110795
1332346819424	-0.5433463	-0.8188014	-4.336397	4.4463468
1332346819425	-0.43103385	-0.09684801	-6.023734	6.0399127
1332346819441	-0.47575748	0.7052461	-7.4825754	7.5307803
1332346819442	-0.5978844	1.4301516	-8.7777	8.91352
1332346819457	-0.718562	1.2149179	-9.278038	9.384793
1332346819473	-0.52330065	0.21625173	-8.819632	8.837789
1332346819474	-0.48255837	-0.78115356	-8.182312	8.233668
1332346819491	-0.36047393	-0.9926636	-7.596465	7.6695247
1332346819491	-0.15679967	-0.9682828	-7.4498243	7.5141225
1332346819506	-0.10651851	-1.3358153	-8.60033	8.704104
1332346819523	-0.28825676	-1.6249745	-11.047232	11.169824
1332346819524	-0.62323165	-1.2078904	-13.844259	13.91082
1332346819540	-1.0327549	-0.712374	-16.045635	16.09461
1332346819541	-1.7527065	-0.53107476	-18.674633	18.76422
1332346819556	-2.4691	-0.27149856	-21.807188	21.948202
1332346819572	-2.9463496	0.06647849	-24.812057	24.98647
1332346819573	-2.9493346	0.09032202	-26.750717	26.912964
1332346819589	-2.8702235	-0.19990587	-27.384483	27.535215
1332346819604	-2.787063	-0.5687076	-27.022318	27.171618
1332346819617	-2.543306	-0.9378802	-25.435547	25.579582
1332346819618	-2.4521277	-1.2288853	-22.694866	22.860008
1332346819622	-2.7493377	-1.2849535	-19.591373	19.825031
1332346819639	-2.5711231	-1.1845194	-17.611631	17.837694
1332346819640	-1.8390651	-1.633914	-16.679739	16.860176
1332346819655	-0.94541055	-2.2406483	-16.01114	16.19478
1332346819672	-0.046667457	-2.4551647	-15.681491	15.872592
1332346819672	0.6997032	-2.120397	-15.933402	16.089094
1332346819688	0.90103126	-1.7070004	-15.8288555	15.946109
1332346819704	0.71393275	-1.1361967	-14.978767	15.038754
1332346819705	0.37280703	-0.40784228	-13.627926	13.639123
1332346819721	-0.043248773	-0.070544064	-12.394318	12.394594
1332346819722	-0.37931168	-0.36008668	-11.296839	11.308939
1332346819737	-0.32179558	-0.8052461	-9.942269	9.980015
1332346819754	-0.2639473	-1.0136607	-8.179449	8.246245
1332346819755	-0.2066127	-1.142484	-6.6433463	6.744035
1332346819771	-0.22844273	-1.0343906	-5.8801484	5.974805
1332346819772	-0.09487945	-0.6113684	-5.0374017	5.0752525
1332346819786	0.11534655	0.048403323	-3.015182	3.0177758
1332346819803	0.40151292	0.8656327	-0.21988916	0.9792261
1332346819804	0.5279459	1.9190209	1.700582	2.61789
1332346819820	0.6513147	3.2870073	1.8804774	3.8425024
1332346819821	0.7713754	5.2044144	2.1177201	5.67148
1332346819836	0.10313249	9.789753	2.8007784	10.183038
1332346819853	0.7652885	16.807066	3.0639405	17.101194
1332346819854	-0.6169397	16.916126	4.3161445	17.468973
1332346819870	-1.4539437	8.938068	6.162029	10.953247
1332346819871	1.8647836	0.40542784	11.18905	11.350622
1332346819886	5.9645405	-5.074147	24.339193	25.56793
1332346819902	9.510991	-5.7771587	35.563686	37.26406
1332346819903	9.129648	-1.0766085	37.95496	39.05238
1332346819919	7.567	2.8268056	35.669476	36.572693
1332346819920	7.333804	3.971449	29.174862	30.343527
1332346819935	7.17377	5.2626295	22.236408	23.950283
1332346819952	4.886993	5.9135895	19.235899	20.70925
1332346819953	1.2586626	5.927855	17.746157	18.752327
1332346819968	-1.9863138	5.6975775	16.9755	18.015978
1332346819969	-4.2206464	4.8311715	15.5892	16.857557
1332346819984	-5.1300845	3.8791418	13.355008	14.823014
1332346820001	-4.4813848	3.7025933	11.044268	12.4807
1332346820002	-3.2913888	4.0691533	8.595272	10.063297
1332346820017	-1.7167654	4.036321	6.945916	8.214921
1332346820034	-0.14749527	3.1345646	7.439309	8.074067
1332346820050	0.31967926	1.678605	8.983098	9.1441765
1332346820057	-0.0011116266	0.13723266	8.899147	8.900206
1332346820058	-0.55715925	-0.936461	7.6035	7.6811843
1332346820067	-1.1118034	-1.3067125	5.884637	6.129646
1332346820084	-1.7424085	-1.5223877	3.9818568	4.605305
1332346820085	-1.8984989	-1.66088	1.6658702	3.0229032
1332346820100	-1.5790768	-1.8778954	-0.58622646	2.5226247
1332346820101	-1.2541333	-2.0934935	-2.92459	3.809041
1332346820116	-0.844365	-2.3848577	-5.6577487	6.19763
1332346820133	-0.42753553	-2.2796874	-7.837995	8.173979
1332346820134	-0.0032509565	-2.011846	-7.8881936	8.140708
1332346820150	0.35071468	-1.8940014	-6.5888243	6.8646083
1332346820151	0.084141254	-1.6894532	-5.1861506	5.455043
1332346820166	-0.48875618	-1.3186488	-4.9314938	5.128094
1332346820183	-0.8184093	-0.7020087	-5.7417436	5.8421082
1332346820184	-1.1409197	-0.15297484	-6.90636	7.0016365
1332346820199	-1.2209306	0.4077356	-7.4009776	7.512083
1332346820200	-1.2165928	0.6656313	-6.8321123	6.971436
1332346820216	-1.285425	0.5420425	-6.0615764	6.220035
1332346820232	-0.8773296	0.19528484	-5.7108016	5.7810984
1332346820233	-0.3863567	-0.29834414	-4.8427324	4.8672724
1332346820249	-0.20501637	-0.9390085	-3.1414585	3.2851987
1332346820250	-0.25545	-1.4138141	-1.0009308	1.7509961
1332346820265	-0.38142514	-1.6454953	0.5555563	1.7781403
1332346820282	-0.4255656	-1.7118914	0.74854755	1.9162468
1332346820283	-0.54629844	-1.5368133	0.11714649	1.6352248
1332346820298	-0.822307	-1.3558915	-1.0250301	1.8882047
1332346820299	-0.9405177	-1.09196	-2.1358566	2.5765934
1332346820314	-0.90107316	-0.82353187	-2.9805803	3.2208688
1332346820331	-0.7042128	-0.62933207	-3.561407	3.6845074
1332346820332	-0.5075973	-0.6676774	-3.886609	3.9760756
1332346820347	-0.3896172	-0.78128266	-4.0338793	4.1272736
1332346820364	-0.35079753	-0.7359364	-4.324294	4.400475
1332346820365	-0.46988797	-0.5323353	-4.5265574	4.58191
1332346820381	-0.58985806	-0.32722592	-4.169183	4.2233987
1332346820382	-0.7110781	-0.1216805	-3.5717287	3.6438556
1332346820397	-0.91199076	0.005917549	-3.0477524	3.1812823
1332346820414	-1.0359616	0.13281155	-2.4463825	2.660008
1332346820414	-1.0044554	0.25898933	-1.6889	1.9820166
1332346820430	-0.89591944	0.30568624	-0.933218	1.3292899
1332346820431	-0.63190067	0.4292333	-0.260705	0.8071597
1332346820446	-0.3692533	0.3939154	0.170887	0.56632125
1332346820463	-0.18632334	0.27793288	0.5177841	0.61649287
1332346820464	-0.08302677	0.15944314	0.9356108	0.95272404
1332346820487	-0.13769889	-0.04031849	1.2667351	1.274835
1332346820488	-0.11493838	-0.24299526	1.352766	1.3792148
1332346820495	-0.17164385	-0.37027	1.1930103	1.2608867
1332346820513	-0.072312	-0.42231178	0.94369316	1.0364039
1332346820514	0.10458058	-0.477592	0.68269444	0.8397041
1332346820529	0.28055614	-0.3006146	0.33102894	0.5278835
1332346820529	0.37712127	-0.048200607	0.045358658	0.3828853
1332346820545	0.3157707	0.122858286	-0.09601593	0.3521709
1332346820562	0.17495555	0.21256757	-0.25078964	0.37241086
1332346820564	0.033076823	0.37844872	-0.7313614	0.82414013
1332346820578	0.3609467	0.5421188	-1.7732897	1.8891087
1332346820579	0.45220298	0.5469501	-1.727272	1.8673807
1332346820594	-0.0071552396	0.07906604	-0.2008295	0.21595167
1332346820612	-0.15395373	-0.3122003	0.765502	0.84093046
1332346820613	0.32581323	0.079921246	1.4097166	1.4490833
1332346820629	0.4118232	0.706089	1.8892155	2.058469
1332346820630	0.18258917	0.86017466	1.3418684	1.6043223
1332346820644	0.26600623	0.93477035	0.6319895	1.1592953
1332346820661	0.4264769	0.9297614	0.70104694	1.2400829
1332346820662	0.3503214	0.84548044	0.9229765	1.2997876
1332346820677	0.19449162	0.76038885	1.0626926	1.3211108
1332346820694	0.11591071	0.59592414	1.2773886	1.4143134
1332346820695	0.27168906	0.35219407	1.6464434	1.705471
1332346820712	0.26935983	0.02904296	1.7774887	1.7980167
1332346820713	0.18749708	-0.13805914	1.5925169	1.6094488
1332346820727	0.10455048	-0.07074499	1.2484779	1.2548437
1332346820743	0.17782319	-0.08253479	0.903347	0.9243749
1332346820744	0.32886153	-0.17340589	0.87106514	0.9470871
1332346820760	0.4005348	-0.18659878	0.9155874	1.0166354
1332346820761	0.39320892	0.035345793	0.6455002	0.75665915
1332346820776	0.38540906	0.2571032	0.45325947	0.64814067
1332346820792	0.2986129	0.16480112	0.65261745	0.73636854
1332346820794	0.44685006	0.072571754	0.92998123	1.0343146
1332346820809	0.67322123	-0.019435406	1.0501308	1.2475493
1332346820810	0.7423256	-0.03262019	1.0132456	1.2564943
1332346820825	0.65423685	0.11162138	0.81960106	1.0546237
1332346820843	0.40891212	0.33487773	0.46919727	0.70675194
1332346820844	0.3201974	0.40177083	-0.43040848	0.6702221
1332346820859	0.3881278	0.23388958	-1.4865875	1.5541204
1332346820860	0.22032732	0.06670594	-1.2080002	1.2297391
1332346820875	-0.2616517	0.1356597	-0.14377975	0.32792953
