# bioPlux Text File Format
# Version: 1
# StartDateTime: 2012-03-21 15:54:14
# SamplingFrequency: 1000
# SampledChannels: 1 2 3 4 5 6 7 8
# SamplingResolution: 12
# AcquiringDevice: 00:07:80:93:66:BE
# EndOfHeader
0	0	0	738	493	891	2399	0	0	0	0
1	0	0	738	493	891	2404	0	0	0	0
2	0	0	738	493	892	2413	0	0	0	0
3	0	0	737	492	892	2421	0	0	0	0
4	0	0	736	492	893	2428	0	0	0	0
5	0	0	736	492	893	2437	0	0	0	0
6	0	0	735	492	895	2442	0	0	0	0
7	0	0	734	491	895	2445	0	0	0	0
8	0	0	732	490	896	2440	0	0	0	0
9	0	0	732	490	897	2441	0	0	0	0
10	0	0	732	490	897	2443	0	0	0	0
11	0	0	731	489	898	2448	0	0	0	0
12	0	0	729	489	899	2452	0	0	0	0
13	0	0	730	489	899	2458	0	0	0	0
14	0	0	730	489	899	2467	0	0	0	0
15	0	0	731	488	899	2477	0	0	0	0
16	0	0	729	488	900	2480	0	0	0	0
17	0	0	729	488	900	2485	0	0	0	0
18	0	0	730	489	901	2495	0	0	0	0
19	0	0	728	488	901	2502	0	0	0	0
20	0	0	728	487	900	2505	0	0	0	0
21	0	0	728	487	902	2511	0	0	0	0
22	0	0	728	486	901	2516	0	0	0	0
23	0	0	728	485	902	2513	0	0	0	0
24	0	0	729	484	901	2515	0	0	0	0
25	0	0	728	486	900	2519	0	0	0	0
26	0	0	728	487	899	2525	0	0	0	0
27	0	0	730	488	899	2526	0	0	0	0
28	0	0	731	488	897	2526	0	0	0	0
29	0	0	733	490	896	2532	0	0	0	0
30	0	0	734	489	894	2540	0	0	0	0
31	0	0	736	490	893	2546	0	0	0	0
32	0	0	738	490	891	2552	0	0	0	0
33	0	0	741	490	890	2552	0	0	0	0
34	0	0	744	489	889	2551	0	0	0	0
35	0	0	747	490	887	2552	0	0	0	0
36	0	0	750	490	886	2562	0	0	0	0
37	0	0	751	490	885	2568	0	0	0	0
38	0	0	753	491	885	2580	0	0	0	0
39	0	0	754	490	883	2590	0	0	0	0
40	0	0	757	489	882	2601	0	0	0	0
41	0	0	756	489	882	2609	0	0	0	0
42	0	0	758	490	881	2622	0	0	0	0
43	0	0	759	492	881	2636	0	0	0	0
44	0	0	759	492	879	2644	0	0	0	0
45	0	0	761	492	878	2659	0	0	0	0
46	0	0	762	493	877	2669	0	0	0	0
47	0	0	763	493	878	2671	0	0	0	0
48	0	0	764	492	876	2681	0	0	0	0
49	0	0	765	493	876	2686	0	0	0	0
50	0	0	765	493	875	2679	0	0	0	0
51	0	0	766	491	875	2694	0	0	0	0
52	0	0	768	492	875	2695	0	0	0	0
53	0	0	770	491	876	2703	0	0	0	0
54	0	0	770	491	876	2712	0	0	0	0
55	0	0	771	491	876	2717	0	0	0	0
56	0	0	773	489	877	2721	0	0	0	0
57	0	0	773	489	876	2722	0	0	0	0
58	0	0	774	488	877	2736	0	0	0	0
59	0	0	774	488	878	2737	0	0	0	0
60	0	0	776	488	878	2740	0	0	0	0
61	0	0	778	487	878	2749	0	0	0	0
62	0	0	778	487	877	2755	0	0	0	0
63	0	0	778	488	878	2762	0	0	0	0
64	0	0	780	487	878	2763	0	0	0	0
65	0	0	782	488	876	2773	0	0	0	0
66	0	0	782	491	877	2785	0	0	0	0
67	0	0	782	494	878	2792	0	0	0	0
68	0	0	783	494	877	2796	0	0	0	0
69	0	0	781	495	878	2800	0	0	0	0
70	0	0	780	496	879	2808	0	0	0	0
71	0	0	779	497	879	2807	0	0	0	0
72	0	0	779	498	880	2808	0	0	0	0
73	0	0	778	498	879	2814	0	0	0	0
74	0	0	778	498	881	2826	0	0	0	0
75	0	0	777	499	880	2831	0	0	0	0
76	0	0	776	499	880	2831	0	0	0	0
77	0	0	773	500	881	2831	0	0	0	0
78	0	0	771	498	882	2839	0	0	0	0
79	0	0	771	499	882	2846	0	0	0	0
80	0	0	769	499	882	2853	0	0	0	0
81	0	0	768	500	882	2854	0	0	0	0
82	0	0	767	500	883	2859	0	0	0	0
83	0	0	769	502	882	2861	0	0	0	0
84	0	0	769	503	882	2870	0	0	0	0
85	0	0	769	502	883	2870	0	0	0	0
86	0	0	769	504	883	2875	0	0	0	0
87	0	0	770	501	882	2878	0	0	0	0
88	0	0	771	503	881	2879	0	0	0	0
89	0	0	772	503	881	2879	0	0	0	0
90	0	0	770	506	882	2879	0	0	0	0
91	0	0	770	506	881	2881	0	0	0	0
92	0	0	769	507	881	2888	0	0	0	0
93	0	0	770	508	880	2894	0	0	0	0
94	0	0	767	509	880	2895	0	0	0	0
95	0	0	767	512	880	2901	0	0	0	0
96	0	0	764	513	881	2914	0	0	0	0
97	0	0	763	514	881	2925	0	0	0	0
98	0	0	762	517	881	2931	0	0	0	0
99	0	0	762	517	881	2934	0	0	0	0
100	0	0	761	518	881	2935	0	0	0	0
101	0	0	760	519	881	2937	0	0	0	0
102	0	0	757	521	881	2938	0	0	0	0
103	0	0	756	522	880	2941	0	0	0	0
104	0	0	755	522	880	2947	0	0	0	0
105	0	0	754	524	879	2948	0	0	0	0
106	0	0	751	526	879	2946	0	0	0	0
107	0	0	750	528	878	2945	0	0	0	0
108	0	0	749	528	878	2943	0	0	0	0
109	0	0	747	528	877	2947	0	0	0	0
110	0	0	746	532	877	2948	0	0	0	0
111	0	0	745	534	875	2953	0	0	0	0
112	0	0	743	536	873	2953	0	0	0	0
113	0	0	741	537	873	2947	0	0	0	0
114	0	0	739	541	871	2944	0	0	0	0
115	0	0	736	541	871	2940	0	0	0	0
116	0	0	736	543	871	2944	0	0	0	0
117	0	0	734	546	870	2947	0	0	0	0
118	0	0	732	546	869	2942	0	0	0	0
119	0	0	730	547	867	2932	0	0	0	0
120	0	0	729	550	865	2932	0	0	0	0
121	0	0	728	551	864	2929	0	0	0	0
122	0	0	726	555	862	2927	0	0	0	0
123	0	0	725	556	861	2916	0	0	0	0
124	0	0	725	556	861	2916	0	0	0	0
125	0	0	725	557	860	2911	0	0	0	0
126	0	0	724	558	859	2913	0	0	0	0
127	0	0	724	558	857	2907	0	0	0	0
0	0	0	725	562	855	2903	0	0	0	0
1	0	0	724	564	855	2892	0	0	0	0
2	0	0	725	565	854	2887	0	0	0	0
3	0	0	725	567	854	2883	0	0	0	0
4	0	0	726	570	853	2869	0	0	0	0
5	0	0	726	571	853	2864	0	0	0	0
6	0	0	724	571	852	2867	0	0	0	0
7	0	0	724	574	852	2865	0	0	0	0
8	0	0	724	576	852	2852	0	0	0	0
9	0	0	725	578	852	2840	0	0	0	0
10	0	0	725	580	851	2822	0	0	0	0
11	0	0	725	581	852	2805	0	0	0	0
12	0	0	723	584	851	2793	0	0	0	0
13	0	0	721	585	850	2775	0	0	0	0
14	0	0	722	589	849	2773	0	0	0	0
15	0	0	722	590	848	2778	0	0	0	0
16	0	0	723	591	848	2755	0	0	0	0
17	0	0	724	594	847	2739	0	0	0	0
18	0	0	724	597	845	2718	0	0	0	0
19	0	0	724	600	845	2683	0	0	0	0
20	0	0	726	604	845	2660	0	0	0	0
21	0	0	726	606	844	2619	0	0	0	0
22	0	0	727	609	842	2586	0	0	0	0
23	0	0	728	611	840	2557	0	0	0	0
24	0	0	731	616	840	2558	0	0	0	0
25	0	0	732	617	837	2522	0	0	0	0
26	0	0	733	620	836	2492	0	0	0	0
27	0	0	734	623	833	2426	0	0	0	0
28	0	0	737	627	832	2401	0	0	0	0
29	0	0	738	629	831	2361	0	0	0	0
30	0	0	743	632	829	2306	0	0	0	0
31	0	0	744	635	826	2279	0	0	0	0
32	0	0	748	638	824	2252	0	0	0	0
33	0	0	749	639	821	2125	0	0	0	0
34	0	0	751	641	820	2050	0	0	0	0
35	0	0	753	645	818	1949	0	0	0	0
36	0	0	756	648	816	1830	0	0	0	0
37	0	0	758	651	813	1722	0	0	0	0
38	0	0	761	656	811	1642	0	0	0	0
39	0	0	764	658	808	1542	0	0	0	0
40	0	0	766	661	806	1477	0	0	0	0
41	0	0	767	662	804	1359	0	0	0	0
42	0	0	770	665	802	1241	0	0	0	0
43	0	0	771	668	799	1166	0	0	0	0
44	0	0	773	672	798	1146	0	0	0	0
45	0	0	774	675	796	992	0	0	0	0
46	0	0	776	678	793	940	0	0	0	0
47	0	0	777	680	792	849	0	0	0	0
48	0	0	776	683	790	676	0	0	0	0
49	0	0	776	687	789	559	0	0	0	0
50	0	0	776	689	787	542	0	0	0	0
51	0	0	777	692	786	486	0	0	0	0
52	0	0	778	694	786	534	0	0	0	0
53	0	0	778	697	786	471	0	0	0	0
54	0	0	778	700	787	426	0	0	0	0
55	0	0	778	704	786	409	0	0	0	0
56	0	0	777	707	785	396	0	0	0	0
57	0	0	777	709	786	402	0	0	0	0
58	0	0	775	713	784	399	0	0	0	0
59	0	0	774	716	787	382	0	0	0	0
60	0	0	772	719	788	373	0	0	0	0
61	0	0	772	722	789	375	0	0	0	0
62	0	0	771	724	790	350	0	0	0	0
63	0	0	769	727	792	344	0	0	0	0
64	0	0	768	730	794	360	0	0	0	0
65	0	0	767	734	795	368	0	0	0	0
66	0	0	766	736	797	370	0	0	0	0
67	0	0	765	739	798	349	0	0	0	0
68	0	0	764	742	799	343	0	0	0	0
69	0	0	764	746	800	346	0	0	0	0
70	0	0	764	750	801	345	0	0	0	0
71	0	0	764	753	802	346	0	0	0	0
72	0	0	764	758	803	345	0	0	0	0
73	0	0	763	763	803	355	0	0	0	0
74	0	0	763	766	807	331	0	0	0	0
75	0	0	762	772	808	322	0	0	0	0
76	0	0	761	776	809	308	0	0	0	0
77	0	0	761	781	810	298	0	0	0	0
78	0	0	760	786	810	298	0	0	0	0
79	0	0	761	791	811	206	0	0	0	0
80	0	0	761	796	810	167	0	0	0	0
81	0	0	761	802	811	167	0	0	0	0
82	0	0	762	807	812	165	0	0	0	0
83	0	0	762	813	813	145	0	0	0	0
84	0	0	762	818	814	144	0	0	0	0
85	0	0	762	823	815	146	0	0	0	0
86	0	0	763	829	814	142	0	0	0	0
87	0	0	763	834	815	139	0	0	0	0
88	0	0	763	840	814	141	0	0	0	0
89	0	0	763	844	814	141	0	0	0	0
90	0	0	766	847	814	136	0	0	0	0
91	0	0	764	853	814	124	0	0	0	0
92	0	0	766	857	815	92	0	0	0	0
93	0	0	765	861	814	87	0	0	0	0
94	0	0	766	866	814	89	0	0	0	0
95	0	0	769	870	817	81	0	0	0	0
96	0	0	771	873	817	89	0	0	0	0
97	0	0	772	877	818	90	0	0	0	0
98	0	0	774	882	818	89	0	0	0	0
99	0	0	775	885	818	85	0	0	0	0
100	0	0	780	889	820	94	0	0	0	0
101	0	0	783	892	822	93	0	0	0	0
102	0	0	780	895	821	92	0	0	0	0
103	0	0	781	899	822	96	0	0	0	0
104	0	0	780	900	820	99	0	0	0	0
105	0	0	781	903	820	98	0	0	0	0
106	0	0	783	904	820	97	0	0	0	0
107	0	0	783	907	819	96	0	0	0	0
108	0	0	783	908	820	103	0	0	0	0
109	0	0	783	911	822	103	0	0	0	0
110	0	0	783	911	821	99	0	0	0	0
111	0	0	783	913	823	92	0	0	0	0
112	0	0	783	914	824	88	0	0	0	0
113	0	0	781	915	823	86	0	0	0	0
114	0	0	780	917	823	78	0	0	0	0
115	0	0	778	920	823	79	0	0	0	0
116	0	0	776	922	822	82	0	0	0	0
117	0	0	774	925	821	78	0	0	0	0
118	0	0	775	928	821	83	0	0	0	0
119	0	0	776	930	818	83	0	0	0	0
120	0	0	776	934	818	86	0	0	0	0
121	0	0	775	935	816	84	0	0	0	0
122	0	0	774	937	814	83	0	0	0	0
123	0	0	775	939	814	86	0	0	0	0
124	0	0	773	939	813	89	0	0	0	0
125	0	0	774	939	811	97	0	0	0	0
126	0	0	774	940	810	97	0	0	0	0
127	0	0	773	940	809	82	0	0	0	0
0	0	0	775	940	808	84	0	0	0	0
1	0	0	775	938	806	83	0	0	0	0
2	0	0	772	937	805	76	0	0	0	0
3	0	0	771	935	804	70	0	0	0	0
4	0	0	771	932	803	69	0	0	0	0
5	0	0	770	928	801	60	0	0	0	0
6	0	0	768	924	800	59	0	0	0	0
7	0	0	765	918	799	54	0	0	0	0
8	0	0	760	913	797	63	0	0	0	0
9	0	0	756	912	796	67	0	0	0	0
10	0	0	754	907	795	64	0	0	0	0
11	0	0	752	904	793	58	0	0	0	0
12	0	0	751	901	792	57	0	0	0	0
13	0	0	750	896	790	58	0	0	0	0
14	0	0	747	891	789	56	0	0	0	0
15	0	0	745	887	789	59	0	0	0	0
16	0	0	745	883	787	59	0	0	0	0
17	0	0	745	880	786	60	0	0	0	0
18	0	0	743	876	783	58	0	0	0	0
19	0	0	740	872	784	66	0	0	0	0
20	0	0	738	869	783	70	0	0	0	0
21	0	0	736	867	783	66	0	0	0	0
22	0	0	734	862	782	60	0	0	0	0
23	0	0	733	860	780	54	0	0	0	0
24	0	0	731	856	780	60	0	0	0	0
25	0	0	730	855	780	54	0	0	0	0
26	0	0	728	852	779	55	0	0	0	0
27	0	0	727	852	779	54	0	0	0	0
28	0	0	727	853	778	58	0	0	0	0
29	0	0	729	854	779	57	0	0	0	0
30	0	0	727	853	780	56	0	0	0	0
31	0	0	723	849	780	60	0	0	0	0
32	0	0	723	848	779	61	0	0	0	0
33	0	0	724	846	778	70	0	0	0	0
34	0	0	728	846	777	72	0	0	0	0
35	0	0	731	847	779	76	0	0	0	0
36	0	0	734	844	777	80	0	0	0	0
37	0	0	736	844	777	81	0	0	0	0
38	0	0	737	843	777	81	0	0	0	0
39	0	0	740	842	776	79	0	0	0	0
40	0	0	743	841	777	82	0	0	0	0
41	0	0	745	839	775	82	0	0	0	0
42	0	0	747	836	775	76	0	0	0	0
43	0	0	750	834	775	71	0	0	0	0
44	0	0	754	832	774	71	0	0	0	0
45	0	0	756	829	774	62	0	0	0	0
46	0	0	759	827	773	63	0	0	0	0
47	0	0	762	824	774	59	0	0	0	0
48	0	0	763	822	773	60	0	0	0	0
49	0	0	767	817	773	60	0	0	0	0
50	0	0	769	813	773	55	0	0	0	0
51	0	0	771	810	773	55	0	0	0	0
52	0	0	775	805	774	58	0	0	0	0
53	0	0	776	801	773	57	0	0	0	0
54	0	0	778	798	773	60	0	0	0	0
55	0	0	778	794	772	64	0	0	0	0
56	0	0	778	790	772	65	0	0	0	0
57	0	0	779	786	771	70	0	0	0	0
58	0	0	781	784	771	68	0	0	0	0
59	0	0	783	780	771	66	0	0	0	0
60	0	0	783	776	771	63	0	0	0	0
61	0	0	783	772	771	59	0	0	0	0
62	0	0	782	769	771	55	0	0	0	0
63	0	0	783	765	771	49	0	0	0	0
64	0	0	784	762	771	48	0	0	0	0
65	0	0	783	760	772	50	0	0	0	0
66	0	0	784	757	772	45	0	0	0	0
67	0	0	785	756	771	34	0	0	0	0
68	0	0	785	755	772	33	0	0	0	0
69	0	0	783	752	771	42	0	0	0	0
70	0	0	784	752	772	73	0	0	0	0
71	0	0	784	750	771	79	0	0	0	0
72	0	0	784	748	771	75	0	0	0	0
73	0	0	784	746	772	107	0	0	0	0
74	0	0	783	745	772	108	0	0	0	0
75	0	0	783	745	772	124	0	0	0	0
76	0	0	783	743	772	128	0	0	0	0
77	0	0	783	741	773	132	0	0	0	0
78	0	0	784	741	775	118	0	0	0	0
79	0	0	784	740	774	120	0	0	0	0
80	0	0	784	741	774	112	0	0	0	0
81	0	0	785	741	776	115	0	0	0	0
82	0	0	783	737	775	113	0	0	0	0
83	0	0	784	740	777	109	0	0	0	0
84	0	0	785	739	777	101	0	0	0	0
85	0	0	783	735	778	85	0	0	0	0
86	0	0	785	735	778	88	0	0	0	0
87	0	0	785	735	778	70	0	0	0	0
88	0	0	784	736	780	94	0	0	0	0
89	0	0	784	736	781	103	0	0	0	0
90	0	0	783	735	781	103	0	0	0	0
91	0	0	781	733	781	106	0	0	0	0
92	0	0	781	733	781	108	0	0	0	0
93	0	0	782	733	784	99	0	0	0	0
94	0	0	781	730	784	96	0	0	0	0
95	0	0	782	730	784	112	0	0	0	0
96	0	0	782	727	786	114	0	0	0	0
97	0	0	783	726	787	110	0	0	0	0
98	0	0	783	725	788	109	0	0	0	0
99	0	0	783	724	789	108	0	0	0	0
100	0	0	782	723	789	117	0	0	0	0
101	0	0	783	723	791	123	0	0	0	0
102	0	0	783	722	790	118	0	0	0	0
103	0	0	783	723	791	114	0	0	0	0
104	0	0	783	723	792	110	0	0	0	0
105	0	0	784	724	792	104	0	0	0	0
106	0	0	784	726	792	104	0	0	0	0
107	0	0	785	727	793	96	0	0	0	0
108	0	0	786	728	794	101	0	0	0	0
109	0	0	786	729	794	103	0	0	0	0
110	0	0	785	731	794	102	0	0	0	0
111	0	0	785	732	795	104	0	0	0	0
112	0	0	784	735	795	101	0	0	0	0
113	0	0	784	737	794	96	0	0	0	0
114	0	0	786	737	795	96	0	0	0	0
115	0	0	787	741	795	97	0	0	0	0
116	0	0	786	742	795	110	0	0	0	0
117	0	0	788	743	795	117	0	0	0	0
118	0	0	788	744	796	90	0	0	0	0
119	0	0	788	744	795	94	0	0	0	0
120	0	0	789	745	795	108	0	0	0	0
121	0	0	788	746	795	104	0	0	0	0
122	0	0	790	748	795	108	0	0	0	0
123	0	0	790	748	794	106	0	0	0	0
124	0	0	791	749	793	105	0	0	0	0
125	0	0	791	750	794	92	0	0	0	0
126	0	0	792	751	792	89	0	0	0	0
127	0	0	792	752	790	91	0	0	0	0
0	0	0	791	754	790	91	0	0	0	0
1	0	0	793	756	789	94	0	0	0	0
2	0	0	794	757	789	92	0	0	0	0
3	0	0	794	758	788	96	0	0	0	0
4	0	0	794	758	787	103	0	0	0	0
5	0	0	793	760	787	110	0	0	0	0
6	0	0	794	762	786	110	0	0	0	0
7	0	0	794	763	784	113	0	0	0	0
8	0	0	795	765	785	114	0	0	0	0
9	0	0	795	764	783	118	0	0	0	0
10	0	0	796	765	782	118	0	0	0	0
11	0	0	797	768	782	120	0	0	0	0
12	0	0	799	768	781	122	0	0	0	0
13	0	0	799	769	780	122	0	0	0	0
14	0	0	801	771	780	106	0	0	0	0
15	0	0	803	772	779	95	0	0	0	0
16	0	0	803	774	779	93	0	0	0	0
17	0	0	805	775	776	101	0	0	0	0
18	0	0	804	776	776	100	0	0	0	0
19	0	0	806	777	775	95	0	0	0	0
20	0	0	807	778	773	99	0	0	0	0
21	0	0	806	780	773	103	0	0	0	0
22	0	0	807	781	773	101	0	0	0	0
23	0	0	808	781	772	91	0	0	0	0
24	0	0	809	783	770	95	0	0	0	0
25	0	0	810	784	770	100	0	0	0	0
26	0	0	811	784	770	101	0	0	0	0
27	0	0	812	785	771	94	0	0	0	0
28	0	0	812	787	770	94	0	0	0	0
29	0	0	812	787	769	106	0	0	0	0
30	0	0	812	788	768	107	0	0	0	0
31	0	0	813	788	768	108	0	0	0	0
32	0	0	815	789	768	110	0	0	0	0
33	0	0	814	789	767	107	0	0	0	0
34	0	0	815	791	766	107	0	0	0	0
35	0	0	815	792	766	103	0	0	0	0
36	0	0	815	791	765	103	0	0	0	0
37	0	0	815	791	764	92	0	0	0	0
38	0	0	816	791	764	86	0	0	0	0
39	0	0	816	791	762	76	0	0	0	0
40	0	0	816	790	763	74	0	0	0	0
41	0	0	816	791	761	90	0	0	0	0
42	0	0	816	792	761	90	0	0	0	0
43	0	0	818	790	760	86	0	0	0	0
44	0	0	817	791	761	94	0	0	0	0
45	0	0	816	792	760	97	0	0	0	0
46	0	0	818	789	760	100	0	0	0	0
47	0	0	818	793	760	100	0	0	0	0
48	0	0	819	792	759	100	0	0	0	0
49	0	0	819	791	759	102	0	0	0	0
50	0	0	819	791	759	97	0	0	0	0
51	0	0	819	790	759	100	0	0	0	0
52	0	0	817	790	759	92	0	0	0	0
53	0	0	817	789	759	95	0	0	0	0
54	0	0	818	789	758	92	0	0	0	0
55	0	0	818	789	758	98	0	0	0	0
56	0	0	817	788	757	88	0	0	0	0
57	0	0	818	788	757	86	0	0	0	0
58	0	0	818	787	757	92	0	0	0	0
59	0	0	816	787	757	88	0	0	0	0
60	0	0	816	786	756	81	0	0	0	0
61	0	0	814	785	756	78	0	0	0	0
62	0	0	815	784	755	73	0	0	0	0
63	0	0	815	784	755	81	0	0	0	0
64	0	0	816	784	755	77	0	0	0	0
65	0	0	815	782	757	82	0	0	0	0
66	0	0	814	782	756	94	0	0	0	0
67	0	0	814	779	756	99	0	0	0	0
68	0	0	814	778	755	105	0	0	0	0
69	0	0	813	778	755	112	0	0	0	0
70	0	0	811	779	754	106	0	0	0	0
71	0	0	812	778	755	102	0	0	0	0
72	0	0	811	778	756	105	0	0	0	0
73	0	0	811	778	755	105	0	0	0	0
74	0	0	810	777	755	97	0	0	0	0
75	0	0	810	776	755	84	0	0	0	0
76	0	0	810	776	755	87	0	0	0	0
77	0	0	810	777	756	82	0	0	0	0
78	0	0	809	776	755	84	0	0	0	0
79	0	0	808	776	755	89	0	0	0	0
80	0	0	808	775	755	89	0	0	0	0
81	0	0	807	776	755	90	0	0	0	0
82	0	0	807	775	755	81	0	0	0	0
83	0	0	806	776	755	71	0	0	0	0
84	0	0	805	776	755	69	0	0	0	0
85	0	0	806	776	755	74	0	0	0	0
86	0	0	805	775	755	70	0	0	0	0
87	0	0	806	776	756	85	0	0	0	0
88	0	0	806	776	755	91	0	0	0	0
89	0	0	806	775	756	93	0	0	0	0
90	0	0	806	775	755	93	0	0	0	0
91	0	0	804	775	756	84	0	0	0	0
92	0	0	805	775	756	79	0	0	0	0
93	0	0	804	776	755	91	0	0	0	0
94	0	0	803	775	755	76	0	0	0	0
95	0	0	804	775	756	66	0	0	0	0
96	0	0	801	776	756	58	0	0	0	0
97	0	0	800	777	756	49	0	0	0	0
98	0	0	801	777	757	40	0	0	0	0
99	0	0	800	776	758	64	0	0	0	0
100	0	0	798	777	758	53	0	0	0	0
101	0	0	798	776	760	41	0	0	0	0
102	0	0	798	776	760	39	0	0	0	0
103	0	0	797	777	760	69	0	0	0	0
104	0	0	798	778	760	68	0	0	0	0
105	0	0	797	779	762	73	0	0	0	0
106	0	0	793	780	762	75	0	0	0	0
107	0	0	796	781	763	60	0	0	0	0
108	0	0	795	781	763	59	0	0	0	0
109	0	0	795	782	764	63	0	0	0	0
110	0	0	794	784	764	72	0	0	0	0
111	0	0	794	783	765	74	0	0	0	0
112	0	0	795	784	766	75	0	0	0	0
113	0	0	795	785	767	75	0	0	0	0
114	0	0	795	786	767	63	0	0	0	0
115	0	0	797	788	769	47	0	0	0	0
116	0	0	798	789	770	48	0	0	0	0
117	0	0	798	790	771	34	0	0	0	0
118	0	0	801	791	771	27	0	0	0	0
119	0	0	802	793	772	20	0	0	0	0
120	0	0	803	793	772	24	0	0	0	0
121	0	0	806	795	773	25	0	0	0	0
122	0	0	805	795	773	51	0	0	0	0
123	0	0	806	796	774	55	0	0	0	0
124	0	0	808	796	775	54	0	0	0	0
125	0	0	808	796	774	57	0	0	0	0
126	0	0	808	797	776	66	0	0	0	0
127	0	0	810	797	775	68	0	0	0	0
0	0	0	811	797	775	67	0	0	0	0
1	0	0	811	797	775	71	0	0	0	0
2	0	0	811	797	775	64	0	0	0	0
3	0	0	809	798	774	69	0	0	0	0
4	0	0	811	797	774	70	0	0	0	0
5	0	0	812	796	774	56	0	0	0	0
6	0	0	812	796	774	33	0	0	0	0
7	0	0	811	795	774	32	0	0	0	0
8	0	0	810	794	775	5	0	0	0	0
9	0	0	812	793	775	33	0	0	0	0
10	0	0	810	791	775	512	0	0	0	0
11	0	0	809	790	776	698	0	0	0	0
12	0	0	809	790	776	802	0	0	0	0
13	0	0	809	789	778	1018	0	0	0	0
14	0	0	806	789	778	1293	0	0	0	0
15	0	0	800	786	780	1421	0	0	0	0
16	0	0	794	785	781	1515	0	0	0	0
17	0	0	789	783	782	1598	0	0	0	0
18	0	0	782	781	783	1592	0	0	0	0
19	0	0	774	780	785	1757	0	0	0	0
20	0	0	768	779	787	1792	0	0	0	0
21	0	0	765	779	788	1788	0	0	0	0
22	0	0	766	780	789	1833	0	0	0	0
23	0	0	767	781	788	1830	0	0	0	0
24	0	0	771	782	790	1968	0	0	0	0
25	0	0	774	785	792	1940	0	0	0	0
26	0	0	775	785	793	2005	0	0	0	0
27	0	0	774	782	796	2018	0	0	0	0
28	0	0	766	780	797	2059	0	0	0	0
29	0	0	757	775	800	2103	0	0	0	0
30	0	0	750	772	805	2042	0	0	0	0
31	0	0	743	771	812	1991	0	0	0	0
32	0	0	733	767	817	2023	0	0	0	0
33	0	0	729	771	835	2023	0	0	0	0
34	0	0	707	779	869	2046	0	0	0	0
35	0	0	651	781	904	1944	0	0	0	0
36	0	0	574	777	945	1763	0	0	0	0
37	0	0	454	765	990	1745	0	0	0	0
38	0	0	305	745	1033	1786	0	0	0	0
39	0	0	198	730	1084	1600	0	0	0	0
40	0	0	131	716	1134	1561	0	0	0	0
41	0	0	91	687	1165	1568	0	0	0	0
42	0	0	67	646	1177	1434	0	0	0	0
43	0	0	78	594	1187	1382	0	0	0	0
44	0	0	201	552	1194	1445	0	0	0	0
45	0	0	381	533	1212	1478	0	0	0	0
46	0	0	533	534	1231	1426	0	0	0	0
47	0	0	616	551	1252	1358	0	0	0	0
48	0	0	655	577	1270	1367	0	0	0	0
49	0	0	675	606	1282	1335	0	0	0	0
50	0	0	696	631	1307	1374	0	0	0	0
51	0	0	742	625	1342	1472	0	0	0	0
52	0	0	771	592	1362	1545	0	0	0	0
53	0	0	771	548	1365	1619	0	0	0	0
54	0	0	767	508	1360	1639	0	0	0	0
55	0	0	751	491	1341	1723	0	0	0	0
56	0	0	700	490	1301	1794	0	0	0	0
57	0	0	700	494	1245	1897	0	0	0	0
58	0	0	701	496	1189	2045	0	0	0	0
59	0	0	731	467	1109	2139	0	0	0	0
60	0	0	810	404	1012	2231	0	0	0	0
61	0	0	919	341	915	2316	0	0	0	0
62	0	0	1021	283	813	2375	0	0	0	0
63	0	0	1092	228	719	2440	0	0	0	0
64	0	0	1171	174	641	2475	0	0	0	0
65	0	0	1193	126	589	2486	0	0	0	0
66	0	0	1188	95	550	2500	0	0	0	0
67	0	0	1166	100	509	2522	0	0	0	0
68	0	0	1142	70	498	2536	0	0	0	0
69	0	0	1172	52	506	2547	0	0	0	0
70	0	0	1188	42	514	2563	0	0	0	0
71	0	0	1210	36	521	2546	0	0	0	0
72	0	0	1243	41	533	2557	0	0	0	0
73	0	0	1240	66	551	2552	0	0	0	0
74	0	0	1215	90	571	2539	0	0	0	0
75	0	0	1182	123	595	2525	0	0	0	0
76	0	0	1140	157	623	2515	0	0	0	0
77	0	0	1088	189	651	2513	0	0	0	0
78	0	0	1023	221	673	2506	0	0	0	0
79	0	0	956	249	691	2491	0	0	0	0
80	0	0	896	273	715	2495	0	0	0	0
81	0	0	843	296	726	2486	0	0	0	0
82	0	0	797	308	738	2459	0	0	0	0
83	0	0	757	304	746	2462	0	0	0	0
84	0	0	736	293	751	2472	0	0	0	0
85	0	0	724	277	756	2482	0	0	0	0
86	0	0	727	259	763	2497	0	0	0	0
87	0	0	732	241	774	2488	0	0	0	0
88	0	0	739	223	790	2506	0	0	0	0
89	0	0	740	208	804	2509	0	0	0	0
90	0	0	736	191	821	2514	0	0	0	0
91	0	0	734	173	839	2508	0	0	0	0
92	0	0	731	148	860	2507	0	0	0	0
93	0	0	728	121	882	2505	0	0	0	0
94	0	0	730	92	906	2508	0	0	0	0
95	0	0	733	67	929	2506	0	0	0	0
96	0	0	736	50	947	2507	0	0	0	0
97	0	0	746	41	961	2505	0	0	0	0
98	0	0	762	36	967	2507	0	0	0	0
99	0	0	781	40	968	2510	0	0	0	0
100	0	0	805	47	970	2510	0	0	0	0
101	0	0	826	69	967	2512	0	0	0	0
102	0	0	848	97	965	2513	0	0	0	0
103	0	0	870	129	965	2515	0	0	0	0
104	0	0	890	161	961	2517	0	0	0	0
105	0	0	910	189	957	2519	0	0	0	0
106	0	0	926	221	950	2519	0	0	0	0
107	0	0	939	251	946	2521	0	0	0	0
108	0	0	948	280	944	2520	0	0	0	0
109	0	0	954	304	938	2519	0	0	0	0
110	0	0	956	327	934	2522	0	0	0	0
111	0	0	959	344	929	2522	0	0	0	0
112	0	0	960	360	927	2523	0	0	0	0
113	0	0	958	375	926	2525	0	0	0	0
114	0	0	953	391	924	2525	0	0	0	0
115	0	0	944	406	920	2523	0	0	0	0
116	0	0	932	419	917	2523	0	0	0	0
117	0	0	920	431	912	2526	0	0	0	0
118	0	0	904	444	906	2525	0	0	0	0
119	0	0	891	454	898	2525	0	0	0	0
120	0	0	877	464	888	2523	0	0	0	0
121	0	0	861	469	875	2522	0	0	0	0
122	0	0	851	475	861	2523	0	0	0	0
123	0	0	842	483	848	2519	0	0	0	0
124	0	0	831	492	832	2511	0	0	0	0
125	0	0	824	501	817	2500	0	0	0	0
126	0	0	818	508	801	2496	0	0	0	0
127	0	0	813	518	785	2492	0	0	0	0
0	0	0	811	525	770	2491	0	0	0	0
1	0	0	809	531	756	2490	0	0	0	0
2	0	0	811	539	744	2486	0	0	0	0
3	0	0	816	546	734	2483	0	0	0	0
4	0	0	823	550	724	2481	0	0	0	0
5	0	0	831	555	716	2479	0	0	0	0
6	0	0	837	560	708	2473	0	0	0	0
7	0	0	843	563	702	2469	0	0	0	0
8	0	0	847	566	696	2464	0	0	0	0
9	0	0	850	568	691	2462	0	0	0	0
10	0	0	853	572	687	2459	0	0	0	0
11	0	0	855	575	682	2453	0	0	0	0
12	0	0	857	580	681	2447	0	0	0	0
13	0	0	856	585	681	2437	0	0	0	0
14	0	0	855	590	681	2433	0	0	0	0
15	0	0	850	595	685	2428	0	0	0	0
16	0	0	847	600	689	2425	0	0	0	0
17	0	0	844	603	695	2424	0	0	0	0
18	0	0	838	604	703	2416	0	0	0	0
19	0	0	834	607	710	2413	0	0	0	0
20	0	0	829	610	719	2411	0	0	0	0
21	0	0	820	613	727	2414	0	0	0	0
22	0	0	813	615	735	2412	0	0	0	0
23	0	0	807	615	744	2409	0	0	0	0
24	0	0	803	614	751	2407	0	0	0	0
25	0	0	799	613	759	2405	0	0	0	0
26	0	0	794	614	767	2405	0	0	0	0
27	0	0	788	610	775	2406	0	0	0	0
28	0	0	785	609	782	2403	0	0	0	0
29	0	0	783	608	790	2404	0	0	0	0
30	0	0	781	604	795	2401	0	0	0	0
31	0	0	778	603	801	2400	0	0	0	0
32	0	0	778	603	806	2398	0	0	0	0
33	0	0	779	602	810	2396	0	0	0	0
34	0	0	780	602	815	2396	0	0	0	0
35	0	0	782	602	817	2394	0	0	0	0
36	0	0	781	602	819	2392	0	0	0	0
37	0	0	781	601	821	2388	0	0	0	0
38	0	0	781	598	824	2382	0	0	0	0
39	0	0	781	597	825	2380	0	0	0	0
40	0	0	779	595	829	2377	0	0	0	0
41	0	0	780	593	831	2373	0	0	0	0
42	0	0	779	591	832	2372	0	0	0	0
43	0	0	776	586	835	2368	0	0	0	0
44	0	0	774	587	837	2364	0	0	0	0
45	0	0	772	584	839	2365	0	0	0	0
46	0	0	770	584	841	2361	0	0	0	0
47	0	0	768	582	843	2357	0	0	0	0
48	0	0	767	581	845	2355	0	0	0	0
49	0	0	765	579	848	2353	0	0	0	0
50	0	0	764	577	849	2352	0	0	0	0
51	0	0	766	574	851	2349	0	0	0	0
52	0	0	767	572	852	2343	0	0	0	0
53	0	0	769	571	854	2340	0	0	0	0
54	0	0	772	570	852	2334	0	0	0	0
55	0	0	775	568	855	2329	0	0	0	0
56	0	0	774	563	854	2325	0	0	0	0
57	0	0	774	564	855	2324	0	0	0	0
58	0	0	768	567	857	2318	0	0	0	0
59	0	0	760	562	860	2311	0	0	0	0
60	0	0	756	560	862	2307	0	0	0	0
61	0	0	762	558	863	2301	0	0	0	0
62	0	0	766	556	864	2293	0	0	0	0
63	0	0	766	553	868	2281	0	0	0	0
64	0	0	768	550	871	2270	0	0	0	0
65	0	0	770	547	874	2262	0	0	0	0
66	0	0	770	547	877	2251	0	0	0	0
67	0	0	773	544	878	2246	0	0	0	0
68	0	0	774	543	882	2241	0	0	0	0
69	0	0	775	540	884	2235	0	0	0	0
70	0	0	779	538	886	2229	0	0	0	0
71	0	0	779	537	889	2225	0	0	0	0
72	0	0	779	536	892	2218	0	0	0	0
73	0	0	778	535	893	2209	0	0	0	0
74	0	0	778	535	895	2199	0	0	0	0
75	0	0	777	533	895	2197	0	0	0	0
76	0	0	777	534	899	2194	0	0	0	0
77	0	0	778	534	900	2193	0	0	0	0
78	0	0	779	534	902	2186	0	0	0	0
79	0	0	778	533	902	2181	0	0	0	0
80	0	0	781	534	903	2180	0	0	0	0
81	0	0	780	535	903	2177	0	0	0	0
82	0	0	780	535	902	2165	0	0	0	0
83	0	0	779	535	902	2158	0	0	0	0
84	0	0	781	537	900	2152	0	0	0	0
85	0	0	781	539	898	2153	0	0	0	0
86	0	0	783	540	897	2152	0	0	0	0
87	0	0	784	541	896	2158	0	0	0	0
88	0	0	786	542	894	2159	0	0	0	0
89	0	0	788	543	893	2158	0	0	0	0
90	0	0	788	542	892	2160	0	0	0	0
91	0	0	789	543	891	2159	0	0	0	0
92	0	0	790	544	890	2148	0	0	0	0
93	0	0	789	544	888	2138	0	0	0	0
94	0	0	788	545	887	2124	0	0	0	0
95	0	0	789	545	886	2119	0	0	0	0
96	0	0	788	546	883	2108	0	0	0	0
97	0	0	787	549	882	2102	0	0	0	0
98	0	0	787	550	881	2092	0	0	0	0
99	0	0	787	552	880	2081	0	0	0	0
100	0	0	786	554	878	2067	0	0	0	0
101	0	0	785	557	876	2043	0	0	0	0
102	0	0	785	560	874	2028	0	0	0	0
103	0	0	785	564	873	2031	0	0	0	0
104	0	0	785	566	872	2017	0	0	0	0
105	0	0	784	570	870	1998	0	0	0	0
106	0	0	785	573	869	1994	0	0	0	0
107	0	0	787	577	868	1978	0	0	0	0
108	0	0	789	580	866	1969	0	0	0	0
109	0	0	789	583	865	1965	0	0	0	0
110	0	0	791	587	863	1954	0	0	0	0
111	0	0	793	591	862	1951	0	0	0	0
112	0	0	794	596	859	1943	0	0	0	0
113	0	0	795	600	859	1944	0	0	0	0
114	0	0	795	605	856	1937	0	0	0	0
115	0	0	796	609	854	1930	0	0	0	0
116	0	0	798	613	852	1927	0	0	0	0
117	0	0	799	617	849	1921	0	0	0	0
118	0	0	799	620	847	1931	0	0	0	0
119	0	0	799	623	845	1933	0	0	0	0
120	0	0	800	625	843	1925	0	0	0	0
121	0	0	800	628	841	1910	0	0	0	0
122	0	0	800	631	839	1899	0	0	0	0
123	0	0	802	633	835	1881	0	0	0	0
124	0	0	802	637	832	1870	0	0	0	0
125	0	0	803	639	830	1862	0	0	0	0
126	0	0	803	639	828	1862	0	0	0	0
127	0	0	803	641	825	1861	0	0	0	0
0	0	0	802	642	824	1866	0	0	0	0
1	0	0	803	642	821	1871	0	0	0	0
2	0	0	803	643	819	1874	0	0	0	0
3	0	0	804	644	816	1871	0	0	0	0
4	0	0	805	645	812	1859	0	0	0	0
5	0	0	807	645	810	1856	0	0	0	0
6	0	0	804	644	808	1851	0	0	0	0
7	0	0	805	644	805	1827	0	0	0	0
8	0	0	806	645	803	1810	0	0	0	0
9	0	0	806	645	801	1776	0	0	0	0
10	0	0	806	644	798	1776	0	0	0	0
11	0	0	807	645	796	1764	0	0	0	0
12	0	0	808	645	794	1741	0	0	0	0
13	0	0	807	646	793	1737	0	0	0	0
14	0	0	807	648	791	1715	0	0	0	0
15	0	0	806	649	789	1689	0	0	0	0
16	0	0	805	650	788	1675	0	0	0	0
17	0	0	804	650	786	1639	0	0	0	0
18	0	0	803	652	784	1626	0	0	0	0
19	0	0	802	653	783	1615	0	0	0	0
20	0	0	802	653	781	1610	0	0	0	0
21	0	0	801	656	780	1611	0	0	0	0
22	0	0	801	658	779	1604	0	0	0	0
23	0	0	800	660	778	1586	0	0	0	0
24	0	0	799	662	777	1570	0	0	0	0
25	0	0	797	663	775	1560	0	0	0	0
26	0	0	796	666	774	1560	0	0	0	0
27	0	0	795	669	774	1560	0	0	0	0
28	0	0	795	671	773	1556	0	0	0	0
29	0	0	793	673	773	1533	0	0	0	0
30	0	0	791	675	773	1522	0	0	0	0
31	0	0	792	677	773	1501	0	0	0	0
32	0	0	790	678	774	1477	0	0	0	0
33	0	0	789	682	774	1480	0	0	0	0
34	0	0	788	684	773	1483	0	0	0	0
35	0	0	787	685	773	1471	0	0	0	0
36	0	0	785	688	773	1454	0	0	0	0
37	0	0	784	690	773	1451	0	0	0	0
38	0	0	784	691	773	1426	0	0	0	0
39	0	0	783	692	774	1419	0	0	0	0
40	0	0	781	693	773	1403	0	0	0	0
41	0	0	782	694	774	1401	0	0	0	0
42	0	0	783	697	775	1399	0	0	0	0
43	0	0	782	697	776	1383	0	0	0	0
44	0	0	780	698	775	1371	0	0	0	0
45	0	0	781	700	775	1384	0	0	0	0
46	0	0	782	701	776	1366	0	0	0	0
47	0	0	783	701	776	1368	0	0	0	0
48	0	0	783	702	776	1338	0	0	0	0
49	0	0	783	702	777	1335	0	0	0	0
50	0	0	783	702	777	1350	0	0	0	0
51	0	0	783	703	777	1330	0	0	0	0
52	0	0	784	704	776	1301	0	0	0	0
53	0	0	783	707	776	1260	0	0	0	0
54	0	0	784	705	776	1246	0	0	0	0
55	0	0	782	708	776	1225	0	0	0	0
56	0	0	784	705	776	1221	0	0	0	0
57	0	0	784	709	777	1204	0	0	0	0
58	0	0	784	708	775	1191	0	0	0	0
59	0	0	785	711	775	1178	0	0	0	0
60	0	0	784	711	776	1167	0	0	0	0
61	0	0	785	711	775	1153	0	0	0	0
62	0	0	786	713	775	1162	0	0	0	0
63	0	0	786	713	775	1163	0	0	0	0
64	0	0	786	716	774	1162	0	0	0	0
65	0	0	784	715	774	1157	0	0	0	0
66	0	0	785	716	773	1159	0	0	0	0
67	0	0	786	714	775	1151	0	0	0	0
68	0	0	786	718	773	1136	0	0	0	0
69	0	0	787	718	772	1105	0	0	0	0
70	0	0	788	719	773	1119	0	0	0	0
71	0	0	786	719	773	1111	0	0	0	0
72	0	0	787	721	772	1093	0	0	0	0
73	0	0	785	720	771	1097	0	0	0	0
74	0	0	785	720	771	1077	0	0	0	0
75	0	0	786	721	770	1058	0	0	0	0
76	0	0	786	722	770	1042	0	0	0	0
77	0	0	785	722	769	1051	0	0	0	0
78	0	0	785	722	769	1005	0	0	0	0
79	0	0	786	721	770	990	0	0	0	0
80	0	0	786	721	769	988	0	0	0	0
81	0	0	786	719	768	982	0	0	0	0
82	0	0	786	720	767	979	0	0	0	0
83	0	0	787	721	768	974	0	0	0	0
84	0	0	787	721	767	983	0	0	0	0
85	0	0	789	721	767	975	0	0	0	0
86	0	0	789	721	768	964	0	0	0	0
87	0	0	789	720	768	962	0	0	0	0
88	0	0	789	722	768	954	0	0	0	0
89	0	0	789	723	769	956	0	0	0	0
90	0	0	790	723	769	964	0	0	0	0
91	0	0	790	723	770	948	0	0	0	0
92	0	0	790	724	771	938	0	0	0	0
93	0	0	790	724	772	921	0	0	0	0
94	0	0	790	723	772	911	0	0	0	0
95	0	0	791	723	773	885	0	0	0	0
96	0	0	793	723	774	843	0	0	0	0
97	0	0	794	724	775	838	0	0	0	0
98	0	0	795	724	777	838	0	0	0	0
99	0	0	794	723	776	836	0	0	0	0
100	0	0	795	723	778	831	0	0	0	0
101	0	0	796	722	779	825	0	0	0	0
102	0	0	795	723	780	810	0	0	0	0
103	0	0	796	723	781	793	0	0	0	0
104	0	0	796	723	783	782	0	0	0	0
105	0	0	795	723	783	765	0	0	0	0
106	0	0	794	722	785	760	0	0	0	0
107	0	0	796	722	787	771	0	0	0	0
108	0	0	796	722	788	788	0	0	0	0
109	0	0	795	722	790	798	0	0	0	0
110	0	0	796	722	791	789	0	0	0	0
111	0	0	797	721	793	779	0	0	0	0
112	0	0	797	722	793	772	0	0	0	0
113	0	0	798	721	795	773	0	0	0	0
114	0	0	798	721	795	758	0	0	0	0
115	0	0	797	720	796	750	0	0	0	0
116	0	0	798	719	798	753	0	0	0	0
117	0	0	798	719	799	760	0	0	0	0
118	0	0	796	718	801	778	0	0	0	0
119	0	0	798	718	802	782	0	0	0	0
120	0	0	798	717	803	782	0	0	0	0
121	0	0	797	716	804	780	0	0	0	0
122	0	0	798	715	805	775	0	0	0	0
123	0	0	796	714	805	779	0	0	0	0
124	0	0	796	712	807	786	0	0	0	0
125	0	0	795	711	807	790	0	0	0	0
126	0	0	796	710	809	792	0	0	0	0
127	0	0	796	710	810	811	0	0	0	0
0	0	0	796	708	810	805	0	0	0	0
1	0	0	796	707	811	811	0	0	0	0
2	0	0	795	706	812	816	0	0	0	0
3	0	0	795	705	812	821	0	0	0	0
4	0	0	794	704	814	815	0	0	0	0
5	0	0	793	702	815	801	0	0	0	0
6	0	0	793	700	815	793	0	0	0	0
7	0	0	791	699	817	775	0	0	0	0
8	0	0	791	697	819	796	0	0	0	0
9	0	0	790	697	819	775	0	0	0	0
10	0	0	789	695	820	756	0	0	0	0
11	0	0	787	692	820	753	0	0	0	0
12	0	0	787	691	823	739	0	0	0	0
13	0	0	787	688	823	748	0	0	0	0
14	0	0	786	687	823	747	0	0	0	0
15	0	0	786	685	824	753	0	0	0	0
16	0	0	784	682	826	754	0	0	0	0
17	0	0	784	679	827	752	0	0	0	0
18	0	0	784	678	828	764	0	0	0	0
19	0	0	783	676	828	776	0	0	0	0
20	0	0	782	674	828	772	0	0	0	0
21	0	0	783	672	829	775	0	0	0	0
22	0	0	782	669	829	782	0	0	0	0
23	0	0	781	668	830	780	0	0	0	0
24	0	0	781	666	830	780	0	0	0	0
25	0	0	780	663	830	795	0	0	0	0
26	0	0	780	661	830	801	0	0	0	0
27	0	0	779	659	830	799	0	0	0	0
28	0	0	779	656	830	797	0	0	0	0
29	0	0	779	655	830	805	0	0	0	0
30	0	0	779	652	830	808	0	0	0	0
31	0	0	779	649	830	807	0	0	0	0
32	0	0	778	647	829	806	0	0	0	0
33	0	0	778	645	831	806	0	0	0	0
34	0	0	778	643	830	816	0	0	0	0
35	0	0	778	641	831	820	0	0	0	0
36	0	0	778	640	832	820	0	0	0	0
37	0	0	778	637	832	826	0	0	0	0
38	0	0	778	636	832	831	0	0	0	0
39	0	0	777	636	832	837	0	0	0	0
40	0	0	778	634	832	838	0	0	0	0
41	0	0	778	631	833	838	0	0	0	0
42	0	0	778	630	833	841	0	0	0	0
43	0	0	778	629	833	845	0	0	0	0
44	0	0	779	627	833	848	0	0	0	0
45	0	0	778	627	833	849	0	0	0	0
46	0	0	779	626	833	852	0	0	0	0
47	0	0	778	624	833	854	0	0	0	0
48	0	0	779	624	833	854	0	0	0	0
49	0	0	778	623	831	859	0	0	0	0
50	0	0	778	622	831	866	0	0	0	0
51	0	0	779	621	831	872	0	0	0	0
52	0	0	777	620	830	871	0	0	0	0
53	0	0	776	619	829	870	0	0	0	0
54	0	0	777	618	828	876	0	0	0	0
55	0	0	777	617	828	880	0	0	0	0
56	0	0	777	616	827	888	0	0	0	0
57	0	0	776	616	827	887	0	0	0	0
58	0	0	776	615	827	891	0	0	0	0
59	0	0	776	613	825	894	0	0	0	0
60	0	0	774	613	825	897	0	0	0	0
61	0	0	774	614	825	902	0	0	0	0
62	0	0	775	613	825	895	0	0	0	0
63	0	0	775	611	825	904	0	0	0	0
64	0	0	774	610	824	909	0	0	0	0
65	0	0	775	609	824	908	0	0	0	0
66	0	0	777	609	824	913	0	0	0	0
67	0	0	776	610	823	914	0	0	0	0
68	0	0	778	609	823	905	0	0	0	0
69	0	0	779	609	822	913	0	0	0	0
70	0	0	778	608	822	916	0	0	0	0
71	0	0	780	608	822	919	0	0	0	0
72	0	0	779	607	821	926	0	0	0	0
73	0	0	780	607	822	928	0	0	0	0
74	0	0	779	606	819	935	0	0	0	0
75	0	0	779	606	818	941	0	0	0	0
76	0	0	780	606	818	944	0	0	0	0
77	0	0	781	605	817	945	0	0	0	0
78	0	0	781	606	816	945	0	0	0	0
79	0	0	781	606	815	944	0	0	0	0
80	0	0	780	605	814	949	0	0	0	0
81	0	0	781	606	813	949	0	0	0	0
82	0	0	782	606	813	946	0	0	0	0
83	0	0	783	606	812	950	0	0	0	0
84	0	0	784	607	811	963	0	0	0	0
85	0	0	783	607	810	980	0	0	0	0
86	0	0	784	608	809	984	0	0	0	0
87	0	0	784	608	808	987	0	0	0	0
88	0	0	785	607	807	987	0	0	0	0
89	0	0	783	609	806	988	0	0	0	0
90	0	0	782	609	807	997	0	0	0	0
91	0	0	782	609	806	995	0	0	0	0
92	0	0	782	610	806	1005	0	0	0	0
93	0	0	783	610	805	1012	0	0	0	0
94	0	0	784	611	804	1021	0	0	0	0
95	0	0	783	610	804	1024	0	0	0	0
96	0	0	783	611	803	1025	0	0	0	0
97	0	0	784	611	803	1027	0	0	0	0
98	0	0	785	613	802	1025	0	0	0	0
99	0	0	786	612	801	1027	0	0	0	0
100	0	0	785	613	801	1025	0	0	0	0
101	0	0	785	613	799	1024	0	0	0	0
102	0	0	784	614	800	1026	0	0	0	0
103	0	0	785	613	798	1016	0	0	0	0
104	0	0	786	615	798	1012	0	0	0	0
105	0	0	787	615	797	1012	0	0	0	0
106	0	0	786	616	797	1008	0	0	0	0
107	0	0	788	615	797	1017	0	0	0	0
108	0	0	788	617	796	1014	0	0	0	0
109	0	0	787	618	795	1014	0	0	0	0
110	0	0	786	618	795	1007	0	0	0	0
111	0	0	785	619	795	1007	0	0	0	0
112	0	0	787	620	795	1007	0	0	0	0
113	0	0	788	621	795	1009	0	0	0	0
114	0	0	788	621	795	1005	0	0	0	0
115	0	0	787	622	795	1012	0	0	0	0
116	0	0	787	623	795	1016	0	0	0	0
117	0	0	789	624	795	1019	0	0	0	0
118	0	0	790	624	794	1019	0	0	0	0
119	0	0	789	626	795	1017	0	0	0	0
120	0	0	789	625	796	1007	0	0	0	0
121	0	0	789	627	795	1010	0	0	0	0
122	0	0	790	627	796	1016	0	0	0	0
123	0	0	790	627	797	998	0	0	0	0
124	0	0	791	628	796	988	0	0	0	0
125	0	0	791	628	797	993	0	0	0	0
126	0	0	790	629	797	1007	0	0	0	0
127	0	0	790	629	798	1006	0	0	0	0
0	0	0	790	630	797	991	0	0	0	0
1	0	0	791	631	797	986	0	0	0	0
2	0	0	791	632	799	986	0	0	0	0
3	0	0	791	632	799	986	0	0	0	0
4	0	0	791	633	800	999	0	0	0	0
5	0	0	792	633	799	1000	0	0	0	0
6	0	0	791	634	800	1004	0	0	0	0
7	0	0	792	634	801	1006	0	0	0	0
8	0	0	794	635	801	1010	0	0	0	0
9	0	0	793	636	802	1012	0	0	0	0
10	0	0	794	637	803	1018	0	0	0	0
11	0	0	794	638	802	1018	0	0	0	0
12	0	0	794	639	802	1023	0	0	0	0
13	0	0	794	640	803	1018	0	0	0	0
14	0	0	794	640	803	1017	0	0	0	0
15	0	0	796	641	803	1014	0	0	0	0
16	0	0	795	642	803	1013	0	0	0	0
17	0	0	794	642	804	1016	0	0	0	0
18	0	0	796	643	805	1015	0	0	0	0
19	0	0	795	643	805	1016	0	0	0	0
20	0	0	796	644	805	1014	0	0	0	0
21	0	0	797	645	806	1011	0	0	0	0
22	0	0	799	645	805	1012	0	0	0	0
23	0	0	799	646	806	1018	0	0	0	0
24	0	0	798	646	806	1023	0	0	0	0
25	0	0	801	646	806	1024	0	0	0	0
26	0	0	800	646	806	1023	0	0	0	0
27	0	0	799	646	808	1033	0	0	0	0
28	0	0	800	647	807	1033	0	0	0	0
29	0	0	799	647	807	1034	0	0	0	0
30	0	0	799	648	807	1036	0	0	0	0
31	0	0	799	648	807	1034	0	0	0	0
32	0	0	798	648	808	1016	0	0	0	0
33	0	0	799	648	809	1009	0	0	0	0
34	0	0	798	649	809	1016	0	0	0	0
35	0	0	798	649	809	1022	0	0	0	0
36	0	0	798	649	810	1024	0	0	0	0
37	0	0	797	648	811	1022	0	0	0	0
38	0	0	797	649	811	1018	0	0	0	0
39	0	0	796	649	810	1023	0	0	0	0
40	0	0	797	648	810	1027	0	0	0	0
41	0	0	797	649	811	1024	0	0	0	0
42	0	0	796	647	811	1019	0	0	0	0
43	0	0	797	648	811	1036	0	0	0	0
44	0	0	797	648	811	1039	0	0	0	0
45	0	0	797	649	811	1043	0	0	0	0
46	0	0	797	649	810	1045	0	0	0	0
47	0	0	797	648	812	1045	0	0	0	0
48	0	0	796	648	811	1055	0	0	0	0
49	0	0	797	649	811	1044	0	0	0	0
50	0	0	798	649	810	1041	0	0	0	0
51	0	0	797	649	810	1030	0	0	0	0
52	0	0	797	648	809	1032	0	0	0	0
53	0	0	798	648	810	1036	0	0	0	0
54	0	0	797	647	810	1031	0	0	0	0
55	0	0	798	648	810	1046	0	0	0	0
56	0	0	797	646	810	1038	0	0	0	0
57	0	0	798	645	810	1038	0	0	0	0
58	0	0	798	645	809	1036	0	0	0	0
59	0	0	798	645	809	1036	0	0	0	0
60	0	0	796	645	809	1032	0	0	0	0
61	0	0	798	644	809	1046	0	0	0	0
62	0	0	797	643	809	1044	0	0	0	0
63	0	0	796	644	808	1040	0	0	0	0
64	0	0	796	644	808	1034	0	0	0	0
65	0	0	796	643	809	1037	0	0	0	0
66	0	0	795	642	808	1032	0	0	0	0
67	0	0	795	642	807	1048	0	0	0	0
68	0	0	794	642	807	1044	0	0	0	0
69	0	0	794	643	807	1047	0	0	0	0
70	0	0	795	641	809	1047	0	0	0	0
71	0	0	795	641	807	1044	0	0	0	0
72	0	0	794	640	807	1047	0	0	0	0
73	0	0	794	641	806	1042	0	0	0	0
74	0	0	794	640	807	1045	0	0	0	0
75	0	0	793	639	805	1039	0	0	0	0
76	0	0	792	639	806	1038	0	0	0	0
77	0	0	792	639	806	1036	0	0	0	0
78	0	0	791	638	806	1035	0	0	0	0
79	0	0	791	639	806	1038	0	0	0	0
80	0	0	790	638	808	1049	0	0	0	0
81	0	0	790	637	806	1044	0	0	0	0
82	0	0	789	637	807	1041	0	0	0	0
83	0	0	787	637	806	1052	0	0	0	0
84	0	0	787	637	805	1043	0	0	0	0
85	0	0	787	637	805	1048	0	0	0	0
86	0	0	787	637	805	1041	0	0	0	0
87	0	0	786	637	805	1040	0	0	0	0
88	0	0	786	636	806	1038	0	0	0	0
89	0	0	785	637	805	1039	0	0	0	0
90	0	0	785	637	806	1039	0	0	0	0
91	0	0	785	636	805	1034	0	0	0	0
92	0	0	783	637	806	1040	0	0	0	0
93	0	0	784	636	806	1043	0	0	0	0
94	0	0	783	638	807	1041	0	0	0	0
95	0	0	783	636	805	1039	0	0	0	0
96	0	0	782	637	806	1034	0	0	0	0
97	0	0	782	636	806	1038	0	0	0	0
98	0	0	783	636	806	1046	0	0	0	0
99	0	0	782	636	806	1054	0	0	0	0
100	0	0	782	635	806	1057	0	0	0	0
101	0	0	782	635	807	1060	0	0	0	0
102	0	0	782	636	806	1063	0	0	0	0
103	0	0	781	636	807	1067	0	0	0	0
104	0	0	783	635	808	1048	0	0	0	0
105	0	0	781	635	809	1058	0	0	0	0
106	0	0	782	635	808	1053	0	0	0	0
107	0	0	783	634	809	1051	0	0	0	0
108	0	0	782	635	808	1045	0	0	0	0
109	0	0	782	635	808	1049	0	0	0	0
110	0	0	783	635	808	1054	0	0	0	0
111	0	0	783	636	809	1057	0	0	0	0
112	0	0	783	634	809	1061	0	0	0	0
113	0	0	782	634	809	1062	0	0	0	0
114	0	0	783	633	810	1063	0	0	0	0
115	0	0	784	633	809	1069	0	0	0	0
116	0	0	784	632	810	1065	0	0	0	0
117	0	0	785	631	810	1072	0	0	0	0
118	0	0	785	632	810	1074	0	0	0	0
119	0	0	785	632	809	1075	0	0	0	0
120	0	0	785	633	810	1082	0	0	0	0
121	0	0	785	632	810	1091	0	0	0	0
122	0	0	785	632	809	1098	0	0	0	0
123	0	0	786	633	810	1101	0	0	0	0
124	0	0	785	632	810	1098	0	0	0	0
125	0	0	784	633	810	1104	0	0	0	0
126	0	0	786	633	810	1103	0	0	0	0
127	0	0	786	633	811	1108	0	0	0	0
0	0	0	787	633	810	1112	0	0	0	0
1	0	0	787	632	811	1112	0	0	0	0
2	0	0	787	633	810	1115	0	0	0	0
3	0	0	788	633	811	1117	0	0	0	0
4	0	0	787	633	812	1117	0	0	0	0
5	0	0	786	633	811	1124	0	0	0	0
6	0	0	786	633	812	1125	0	0	0	0
7	0	0	786	634	813	1125	0	0	0	0
8	0	0	786	634	813	1132	0	0	0	0
9	0	0	787	633	813	1131	0	0	0	0
10	0	0	786	632	813	1131	0	0	0	0
11	0	0	787	632	815	1134	0	0	0	0
12	0	0	787	633	816	1131	0	0	0	0
13	0	0	786	633	814	1129	0	0	0	0
14	0	0	788	632	814	1133	0	0	0	0
15	0	0	787	633	814	1133	0	0	0	0
16	0	0	787	631	815	1136	0	0	0	0
17	0	0	788	631	816	1139	0	0	0	0
18	0	0	788	630	815	1134	0	0	0	0
19	0	0	787	630	815	1137	0	0	0	0
20	0	0	786	630	815	1138	0	0	0	0
21	0	0	786	628	816	1141	0	0	0	0
22	0	0	786	630	815	1145	0	0	0	0
23	0	0	787	630	816	1143	0	0	0	0
24	0	0	786	629	816	1148	0	0	0	0
25	0	0	787	630	816	1152	0	0	0	0
26	0	0	786	628	816	1158	0	0	0	0
27	0	0	787	628	815	1155	0	0	0	0
28	0	0	788	628	815	1154	0	0	0	0
29	0	0	788	628	814	1163	0	0	0	0
30	0	0	789	628	815	1172	0	0	0	0
31	0	0	788	628	815	1180	0	0	0	0
32	0	0	787	628	814	1183	0	0	0	0
33	0	0	787	628	815	1188	0	0	0	0
34	0	0	787	628	814	1201	0	0	0	0
35	0	0	789	627	814	1192	0	0	0	0
36	0	0	788	627	814	1193	0	0	0	0
37	0	0	788	627	814	1203	0	0	0	0
38	0	0	788	627	814	1204	0	0	0	0
39	0	0	788	627	814	1204	0	0	0	0
40	0	0	789	627	814	1202	0	0	0	0
41	0	0	790	627	814	1203	0	0	0	0
42	0	0	791	627	814	1207	0	0	0	0
43	0	0	791	627	815	1211	0	0	0	0
44	0	0	790	626	814	1224	0	0	0	0
45	0	0	790	627	814	1240	0	0	0	0
46	0	0	788	626	813	1245	0	0	0	0
47	0	0	788	627	813	1240	0	0	0	0
48	0	0	789	627	813	1246	0	0	0	0
49	0	0	788	628	813	1249	0	0	0	0
50	0	0	789	628	813	1252	0	0	0	0
51	0	0	789	627	811	1251	0	0	0	0
52	0	0	788	628	812	1264	0	0	0	0
53	0	0	789	628	811	1272	0	0	0	0
54	0	0	788	629	811	1277	0	0	0	0
55	0	0	790	629	810	1288	0	0	0	0
56	0	0	788	630	810	1285	0	0	0	0
57	0	0	790	629	810	1293	0	0	0	0
58	0	0	790	630	810	1295	0	0	0	0
59	0	0	790	630	809	1299	0	0	0	0
60	0	0	789	631	809	1302	0	0	0	0
61	0	0	787	631	808	1301	0	0	0	0
62	0	0	787	632	808	1306	0	0	0	0
63	0	0	788	632	808	1313	0	0	0	0
64	0	0	786	632	808	1329	0	0	0	0
65	0	0	787	633	808	1335	0	0	0	0
66	0	0	784	633	807	1343	0	0	0	0
67	0	0	785	633	807	1355	0	0	0	0
68	0	0	786	634	807	1363	0	0	0	0
69	0	0	785	635	807	1365	0	0	0	0
70	0	0	785	636	806	1365	0	0	0	0
71	0	0	783	635	805	1367	0	0	0	0
72	0	0	783	636	806	1373	0	0	0	0
73	0	0	783	636	805	1373	0	0	0	0
74	0	0	783	637	805	1386	0	0	0	0
75	0	0	783	637	805	1391	0	0	0	0
76	0	0	781	637	805	1394	0	0	0	0
77	0	0	782	637	805	1398	0	0	0	0
78	0	0	782	638	805	1404	0	0	0	0
79	0	0	782	638	805	1408	0	0	0	0
80	0	0	781	638	805	1410	0	0	0	0
81	0	0	783	638	805	1409	0	0	0	0
82	0	0	781	638	804	1411	0	0	0	0
83	0	0	781	637	805	1415	0	0	0	0
84	0	0	781	637	805	1411	0	0	0	0
85	0	0	781	638	805	1412	0	0	0	0
86	0	0	781	638	804	1411	0	0	0	0
87	0	0	780	639	804	1409	0	0	0	0
88	0	0	780	638	805	1413	0	0	0	0
89	0	0	779	639	804	1414	0	0	0	0
90	0	0	778	639	804	1431	0	0	0	0
91	0	0	779	638	805	1450	0	0	0	0
92	0	0	780	639	805	1462	0	0	0	0
93	0	0	781	640	805	1461	0	0	0	0
94	0	0	780	641	805	1459	0	0	0	0
95	0	0	780	641	805	1464	0	0	0	0
96	0	0	780	641	805	1468	0	0	0	0
97	0	0	781	641	803	1477	0	0	0	0
98	0	0	780	643	804	1486	0	0	0	0
99	0	0	779	642	805	1493	0	0	0	0
100	0	0	779	642	805	1489	0	0	0	0
101	0	0	782	641	806	1495	0	0	0	0
102	0	0	780	642	806	1501	0	0	0	0
103	0	0	781	642	805	1508	0	0	0	0
104	0	0	780	643	806	1511	0	0	0	0
105	0	0	781	643	806	1518	0	0	0	0
106	0	0	782	642	807	1531	0	0	0	0
107	0	0	782	644	806	1540	0	0	0	0
108	0	0	782	643	806	1552	0	0	0	0
109	0	0	782	644	806	1564	0	0	0	0
110	0	0	781	645	807	1560	0	0	0	0
111	0	0	781	645	807	1571	0	0	0	0
112	0	0	782	646	807	1575	0	0	0	0
113	0	0	782	645	807	1584	0	0	0	0
114	0	0	780	647	808	1584	0	0	0	0
115	0	0	782	647	808	1584	0	0	0	0
116	0	0	782	647	808	1583	0	0	0	0
117	0	0	781	647	808	1590	0	0	0	0
118	0	0	781	648	809	1599	0	0	0	0
119	0	0	781	646	809	1606	0	0	0	0
120	0	0	782	647	809	1616	0	0	0	0
121	0	0	782	647	809	1627	0	0	0	0
122	0	0	783	646	810	1639	0	0	0	0
123	0	0	783	646	810	1642	0	0	0	0
124	0	0	782	647	810	1645	0	0	0	0
125	0	0	783	647	810	1651	0	0	0	0
126	0	0	783	646	811	1658	0	0	0	0
127	0	0	783	647	811	1659	0	0	0	0
0	0	0	783	647	810	1665	0	0	0	0
1	0	0	783	647	811	1670	0	0	0	0
2	0	0	783	647	812	1674	0	0	0	0
3	0	0	783	647	812	1676	0	0	0	0
4	0	0	783	647	812	1678	0	0	0	0
5	0	0	784	648	812	1683	0	0	0	0
6	0	0	783	647	813	1688	0	0	0	0
7	0	0	784	647	813	1694	0	0	0	0
8	0	0	784	647	814	1700	0	0	0	0
9	0	0	784	645	813	1706	0	0	0	0
10	0	0	785	647	814	1703	0	0	0	0
11	0	0	785	647	813	1710	0	0	0	0
12	0	0	784	647	814	1714	0	0	0	0
13	0	0	784	647	813	1715	0	0	0	0
14	0	0	783	645	814	1717	0	0	0	0
15	0	0	784	646	815	1715	0	0	0	0
16	0	0	785	645	815	1719	0	0	0	0
17	0	0	785	646	815	1723	0	0	0	0
18	0	0	784	645	814	1725	0	0	0	0
19	0	0	783	645	815	1725	0	0	0	0
