Timestamp:	X:	Y:	Z:	Acceleration:
1332343381662	-0.22247708	0.68728614	-1.3090754	1.4951711
1332343381682	-0.15734424	0.44461012	-0.83936405	0.96279144
1332343381686	-0.17074718	0.28037	-0.2128334	0.39122882
1332343381727	-0.2625839	0.11601758	0.021478653	0.2878745
1332343381734	-0.27580526	0.029943943	-0.1361103	0.3090165
1332343381738	-0.21024196	0.02214694	-0.8423557	0.8684788
1332343381741	-0.22274883	0.24953032	-1.233758	1.2782962
1332343381754	-0.31318945	0.39818215	-1.1532373	1.2596004
1332343381759	-0.3244773	0.46811533	-0.75763416	0.9478539
1332343381761	-0.3349741	0.38087296	-0.51771355	0.72477525
1332343381787	-0.34457	0.29343605	-0.668807	0.8075494
1332343381794	-0.35316512	0.12733436	-0.97538376	1.0451378
1332343381808	-0.28219396	-0.03893733	-1.1234779	1.1590307
1332343381834	-0.36702046	-0.2053709	-1.1915293	1.2635756
1332343381835	-0.37214878	-0.37193465	-1.1795349	1.2915621
1332343381836	-0.45449263	-0.3816247	-1.165947	1.308294
1332343381839	-0.3785831	-0.39132857	-1.3077126	1.4165363
1332343381840	-0.45832187	-0.400949	-1.5263233	1.6433142
1332343381841	-0.45827192	-0.41036224	-1.6648235	1.7748374
1332343381843	-0.5354254	-0.4194305	-1.8017359	1.9258386
1332343381844	-0.6113174	-0.5849798	-1.8585529	2.0420895
1332343381848	-0.76445097	-0.8283932	-1.9922009	2.2889922
1332343381855	-0.83786374	-0.9925697	-2.045608	2.4231637
1332343381865	-0.7529983	-1.1558197	-2.0184903	2.444837
1332343381875	-0.58847785	-1.3180254	-1.9110556	2.3949177
1332343381885	-0.3443899	-1.479063	-1.9588418	2.478567
1332343381898	-0.17752823	-1.5601679	-2.0044007	2.5462253
1332343381913	-0.009556025	-1.7181876	-2.2049012	2.7953265
1332343381930	0.08102664	-1.7174473	-2.5602145	3.083973
1332343381931	0.17260146	-1.7147102	-2.9918547	3.4527116
1332343381947	0.10807541	-1.7097802	-3.2643695	3.686616
1332343381948	0.12274769	-1.7024386	-3.3776765	3.78445
1332343381963	0.21639577	-1.6925905	-3.4103246	3.813398
1332343381980	0.2319442	-1.7583727	-3.3618999	3.8010583
1332343381981	0.16915259	-1.8212659	-3.3108897	3.7825406
1332343381997	0.027888328	-1.8023748	-3.1781783	3.6537857
1332343381998	-0.27067316	-1.7807825	-3.0431008	3.5362287
1332343382013	-0.49124295	-1.8347775	-3.0622525	3.603487
1332343382029	-0.71242046	-2.042399	-2.9994416	3.6980517
1332343382030	-0.85585916	-2.0899715	-2.854938	3.6402123
1332343382047	-0.8431417	-2.134531	-2.5502825	3.4308965
1332343382048	-0.8312338	-1.9406924	-2.4778967	3.2553356
1332343382062	-0.6631248	-1.6657015	-2.6381679	3.189706
1332343382079	-0.49567974	-1.4660686	-2.9519577	3.333033
1332343382081	-0.48574013	-1.185242	-3.0274777	3.2873034
1332343382096	-0.31923434	-0.9015529	-2.7860336	2.9456224
1332343382097	-0.15302338	-0.6943269	-2.3857417	2.4894316
1332343382112	0.013010725	-0.72072005	-1.9052448	2.037048
1332343382136	0.022031575	-0.9807085	-1.3443265	1.664178
1332343382137	-0.047367454	-1.0033857	-0.62423563	1.182665
1332343382138	0.04024908	-0.9464396	0.33264542	1.0040025
1332343382146	0.36332	-0.8105842	1.7608275	1.9721972
1332343382162	0.686444	-0.51731753	3.424982	3.5311933
1332343382179	0.85259676	-0.30256128	4.53947	4.628742
1332343382180	0.9401889	-0.24508882	5.417488	5.503926
1332343382196	1.0276117	-0.10955334	6.450746	6.533002
1332343382197	0.7222619	-0.053545713	7.4021993	7.4375453
1332343382212	0.49483037	-0.07750654	7.7210445	7.737273
1332343382229	0.42357048	-0.4169253	7.9551067	7.9772778
1332343382230	0.50829375	-1.1507187	8.416687	8.510179
1332343382245	0.90577096	-1.8082591	9.103989	9.325923
1332343382246	1.3019564	-2.4682562	10.172452	10.548278
1332343382262	1.7752604	-2.5814614	11.777859	12.187429
1332343382279	2.16833	-2.6186519	13.680857	14.09698
1332343382280	2.402841	-2.7366934	16.196463	16.600859
1332343382295	2.1645718	-2.8567915	17.75241	18.110624
1332343382296	1.9242432	-2.7431316	17.170382	17.49427
1332343382311	1.9956427	-2.3168206	15.234489	15.538338
1332343382328	2.0640295	-2.047971	14.214111	14.508458
1332343382329	2.0513353	-1.7794365	14.897964	15.143437
1332343382344	1.9571232	-1.5105889	16.890333	17.070313
1332343382346	1.7812681	-1.5549413	19.484262	19.627207
1332343382361	1.2884283	-1.7553372	22.52397	22.628975
1332343382378	0.63448846	-1.718344	23.960331	24.030247
1332343382379	0.05591476	-1.2875942	22.388723	22.425787
1332343382394	-0.2906363	-0.698097	18.904308	18.919426
1332343382411	-0.40489274	-0.10681534	15.704854	15.710436
1332343382412	-0.44326085	0.25057924	12.792483	12.802613
1332343382428	-0.48487318	0.37493658	11.020035	11.037067
1332343382429	-0.5280725	0.26497293	10.87103	10.887073
1332343382444	-0.41592783	-0.079049826	11.554883	11.562636
1332343382461	-0.38291958	-0.4224546	11.116098	11.130712
1332343382462	-0.1929763	-0.6872302	9.322171	9.34946
1332343382477	0.3109122	-0.79469186	7.107211	7.158258
1332343382479	0.89442474	-0.9029056	4.0934954	4.28625
1332343382494	0.9300736	-0.8550718	0.7513466	1.4699342
1332343382511	0.6537069	-0.8084425	-1.8171806	2.0935752
1332343382512	0.22261119	-0.6848658	-2.663971	2.7595901
1332343382527	-0.049135268	-0.3273356	-2.9680548	2.9864547
1332343382529	-0.0829258	0.02841252	-4.6820707	4.6828914
1332343382556	0.042865634	-0.2454322	-7.491252	7.4953938
1332343382557	-0.06429404	-0.7567505	-10.127801	10.156238
1332343382559	-0.16880965	-0.9561368	-12.905049	12.941522
1332343382565	-0.27070612	-0.8436389	-15.347142	15.372696
1332343382577	-0.84089494	-0.7331782	-17.056988	17.093433
1332343382593	-1.5651541	-0.54615486	-18.343868	18.418617
1332343382610	-1.4240472	-0.36099952	-19.048662	19.105228
1332343382611	-0.5741049	-0.33458966	-19.555882	19.567167
1332343382627	0.19995761	-0.23135602	-20.174294	20.17661
1332343382628	0.66268563	0.3412233	-21.685492	21.698298
1332343382643	0.500016	0.7554085	-24.08868	24.10571
1332343382660	-0.28789377	1.1682507	-25.650505	25.678709
1332343382661	-1.151892	1.5797858	-25.663612	25.737978
1332343382677	-1.6211731	1.7545409	-24.986393	25.100327
1332343382678	-1.9316506	1.5354803	-24.095505	24.221525
1332343382692	-2.0049129	1.0793954	-22.830887	22.944153
1332343382710	-1.7625492	0.38607842	-21.11347	21.19043
1332343382711	-1.2043316	-0.23089778	-18.779013	18.819008
1332343382726	-0.6442084	-0.53626704	-16.851454	16.872288
1332343382727	-0.16078073	-0.68699455	-15.652604	15.668498
1332343382743	-0.06795102	-0.9970145	-15.421361	15.453706
1332343382760	-0.4438557	-1.2310739	-15.837585	15.89156
1332343382761	-0.81786	-0.91798794	-16.203848	16.250425
1332343382776	-1.1113639	-0.37158164	-16.20417	16.246487
1332343382778	-1.1680884	-0.062061876	-16.4848	16.52625
1332343382793	-0.9096216	-0.06761137	-16.812735	16.837458
1332343382810	-0.41427764	-0.46650428	-16.243206	16.255184
1332343382811	-0.07473481	-0.6304979	-15.020252	15.033665
1332343382826	0.10896176	-0.63779116	-13.696001	13.711276
1332343382827	-0.099050045	-0.6450082	-12.43837	12.455476
1332343382842	-0.6989529	-0.73037815	-10.7808	10.8280945
1332343382859	-1.1412965	-0.6582068	-9.112932	9.207678
1332343382860	-1.0340886	-0.42826822	-7.6788588	7.7600017
1332343382876	-0.76989484	-0.11881629	-6.560391	6.6064806
1332343382877	-0.7413131	0.19183376	-5.919629	5.9689493
1332343382892	-0.7915739	0.7391961	-5.448495	5.5550966
1332343382909	-0.99901855	1.5235164	-4.5181265	4.8716125
1332343382910	-1.4422773	2.3877478	-3.0556517	4.137452
1332343382925	-1.5720148	3.2533007	-0.59351254	3.661619
1332343382926	-0.760412	4.35535	2.9432812	5.311328
1332343382942	2.6406202	9.460553	4.5692697	10.832967
1332343382959	4.001053	17.783636	6.7954993	19.453661
1332343382974	-3.1932917	15.040215	12.128974	19.583595
1332343382986	-4.580528	4.917468	13.818159	15.3656845
1332343382988	1.722564	-1.9912832	20.258312	20.428696
1332343382989	3.3944714	-6.944205	32.937572	33.83235
1332343382995	3.731361	-5.0773463	38.040462	38.558777
1332343383008	1.7913882	1.0184913	36.348686	36.40705
1332343383024	-0.07126428	5.7707834	26.288193	26.914236
1332343383026	1.9100806	9.651109	13.74117	16.90006
1332343383041	3.104644	10.22718	10.39657	14.910489
1332343383058	1.9422479	7.41941	14.673781	16.557169
1332343383059	0.22783984	3.9770331	18.889658	19.305126
1332343383074	-0.7049465	1.7825508	20.370121	20.460114
1332343383076	-1.013307	1.0716665	20.21637	20.270098
1332343383091	-0.775807	1.766278	18.510164	18.610422
1332343383108	-0.30706894	2.5298066	15.1607065	15.373394
1332343383109	0.079879135	2.3452914	10.734595	10.988099
1332343383124	0.07140803	1.6058645	6.569233	6.763041
1332343383141	-0.1756595	0.6244459	3.7564988	3.8120954
1332343383142	-0.3465801	-0.12556219	1.8395958	1.8761653
1332343383158	-0.52005035	-0.80252844	0.65220237	1.1575285
1332343383159	-0.69498926	-1.4812624	-0.17583585	1.6456206
1332343383174	-0.7927216	-2.0045512	-0.8792684	2.3280346
1332343383191	-1.0480454	-2.134845	-1.6805851	2.9121003
1332343383192	-1.1467681	-1.9500259	-2.499168	3.3709817
1332343383207	-0.9316317	-1.7633948	-2.2351239	2.995543
1332343383209	-0.48041618	-1.5723579	-2.2051868	2.7506287
1332343383224	-0.10663962	-1.2973084	-3.3461626	3.5904295
1332343383241	0.033144176	-1.0155264	-3.5330782	3.6762798
1332343383242	-0.13924852	-0.80443716	-1.5811391	1.779469
1332343383257	-0.15252644	-0.8983154	-0.15559578	0.9243619
1332343383259	-0.085161924	-1.1398208	-0.113220215	1.1485916
1332343383274	-0.17224896	-1.6062288	-0.5868511	1.7187307
1332343383290	-0.57117003	-2.0631123	-0.7108183	2.255644
1332343383291	-0.96789217	-2.3529549	0.14534378	2.5483987
1332343383307	-0.81271493	-2.3958926	1.4363766	2.909293
1332343383309	-0.49851865	-2.271921	2.1396265	3.160403
1332343383323	-0.3388807	-1.9796226	1.9449263	2.7957976
1332343383340	-0.3344676	-1.6784697	1.2379618	2.1122687
1332343383341	-0.40654093	-1.2104278	0.33485794	1.3200533
1332343383357	-0.47660822	-0.8892932	-0.52959824	1.1395051
1332343383358	-0.38812727	-0.71671605	-1.4393167	1.6540729
1332343383373	-0.14090595	-0.6918483	-1.9223557	2.047916
1332343383390	0.029055446	-0.73859715	-2.221218	2.3409784
1332343383414	0.043308407	-0.77838874	-2.4149446	2.5376608
1332343383417	0.21574837	-0.73288417	-2.3475666	2.4687517
1332343383419	0.2319532	-0.6827121	-2.260353	2.3725712
1332343383420	0.013314575	-0.47136974	-2.5471563	2.5904386
1332343383425	-0.20495889	-0.33516622	-3.1318817	3.1564264
1332343383439	-0.2660864	-0.27467775	-3.3097315	3.331752
1332343383456	-0.24878205	-0.21229553	-3.0829115	3.1002104
1332343383457	-0.23172463	-0.22729945	-2.7672558	2.786228
1332343383472	-0.1365906	-0.16343713	-2.7567368	2.7649531
1332343383490	-0.041970626	-0.021254778	-2.973854	2.9742262
1332343383491	-0.10496661	0.11986828	-3.3423452	3.3461409
1332343383506	-0.09020072	0.10255909	-3.1562996	3.1592534
1332343383507	-0.07625717	0.0043976307	-2.1047535	2.1061392
1332343383522	-0.14165804	-0.018021345	-0.81599045	0.8283913
1332343383539	-0.2864399	-0.12198043	-0.2316904	0.3880818
1332343383540	-0.5106182	-0.15089011	-0.74564934	0.91623783
1332343383556	-0.18635273	-0.18350291	-3.8495402	3.8584142
1332343383557	-0.019929662	-0.06299424	-5.228145	5.228563
1332343383572	-0.16825533	0.36754084	-4.018985	4.039262
1332343383589	0.23199052	0.40158558	-2.8903065	2.927279
1332343383590	0.5530336	0.1177125	-0.74388695	0.93438226
1332343383606	0.63796425	-0.09162068	0.4581747	0.79076976
1332343383607	0.25137633	0.16612601	0.24487114	0.3882651
1332343383622	0.17808793	0.49876237	-0.28528214	0.60155225
1332343383639	0.653481	0.51375127	-0.19023323	0.8527406
1332343383640	1.1282017	0.44700575	0.058480263	1.2149374
1332343383655	1.2097495	0.45537233	0.30394554	1.3278707
1332343383657	1.1335502	0.3823073	0.7025814	1.3873411
1332343383672	1.0565052	0.385072	1.4894743	1.8662844
1332343383690	0.89989775	0.38505685	1.8796549	2.1192422
1332343383691	0.7421202	0.46109676	1.7942495	1.9956664
1332343383707	0.66151386	0.61341214	1.2328911	1.5277092
1332343383708	0.65796626	0.6067916	0.5091381	1.0297269
1332343383721	0.57449514	0.44153094	0.17207813	0.74471813
1332343383738	0.4892783	0.3529799	0.22113323	0.6425636
1332343383739	0.480896	0.3414626	0.4993124	0.7727681
1332343383755	0.6278176	0.25017548	0.8495512	1.0855782
1332343383757	0.8516393	0.15780544	1.0365105	1.3507576
1332343383771	0.9170977	-0.013867617	1.4529285	1.7182146
1332343383788	0.8239499	-0.10795498	1.5489912	1.7578173
1332343383789	0.41550454	0.032826424	1.1683064	1.2404279
1332343383805	0.31961477	0.17317963	-0.08146763	0.37253425
1332343383806	0.5365	-5.481243E-4	-1.3365335	1.4401925
1332343383825	0.5169585	0.29665804	-0.8699093	1.0545114
1332343383826	0.3394726	0.82947135	0.29826355	0.9445769
