Timestamp:	X:	Y:	Z:	Acceleration:
1332343585871	-0.2638626	0.22547555	-0.38151073	0.5157646
1332343585889	-0.19758666	0.14060211	0.08429432	0.2567391
1332343585891	-0.13062164	0.21253657	0.0012607574	0.24947023
1332343585894	-0.14139852	0.20584035	-0.3164339	0.4031057
1332343585906	-0.22986412	0.120518684	-0.47619343	0.54233056
1332343585907	-0.31748885	0.113548994	-0.6348543	0.7188411
1332343585908	-0.40423357	0.10647607	-0.5569029	0.6963352
1332343585909	-0.41156566	0.020822048	-0.39920044	0.5737428
1332343585916	-0.33946383	-0.06488347	-0.24023628	0.42090264
1332343585925	-0.26630747	-0.07218099	-0.31527138	0.418958
1332343585936	-0.2706064	0.07750511	-0.54598904	0.61427915
1332343585945	-0.35230517	0.14876604	-0.69691944	0.7949509
1332343585956	-0.43290353	0.14165282	-0.84658813	0.96134406
1332343585972	-0.5124563	0.13471293	-0.91667175	1.0587946
1332343585989	-0.5122858	0.12793183	-0.9853649	1.117921
1332343585990	-0.43261087	0.1213882	-1.0530539	1.144906
1332343586006	-0.35181594	-0.041876793	-0.962636	1.0257661
1332343586007	-0.34843636	-0.20488238	-0.7926712	0.88978213
1332343586022	-0.18709752	-0.44609427	-0.62170887	0.7877357
1332343586039	-0.103105485	-0.7655091	-0.37101936	0.8569074
1332343586054	-0.096604824	-1.0061257	-0.27620602	1.0478126
1332343586067	-0.089153826	-1.1678838	-0.33726597	1.2188721
1332343586068	-0.15943399	-1.4076614	-0.63293076	1.5516222
1332343586069	-0.3074242	-1.4113863	-1.0846224	1.8063573
1332343586075	-0.45476988	-1.4143329	-1.8494406	2.372253
1332343586088	-0.6800614	-1.416295	-2.8490024	3.2534888
1332343586104	-1.0618533	-1.4954985	-3.6124358	4.0513873
1332343586106	-1.2078686	-1.4947973	-3.9043608	4.351712
1332343586121	-1.118118	-1.178464	-3.9600096	4.2802615
1332343586138	-0.9494396	-0.8599515	-3.700323	3.9157813
1332343586139	-0.78048474	-0.61797476	-3.2039375	3.3550358
1332343586154	-0.68957376	-0.5306616	-2.8625417	2.9918654
1332343586156	-0.5196794	-0.44098783	-2.675692	2.7611349
1332343586171	-0.27080756	-0.42758727	-2.3292828	2.383637
1332343586188	0.057282686	-0.64706135	-2.057715	2.1578138
1332343586189	0.30757153	-0.9427352	-2.01794	2.2484288
1332343586204	0.48004282	-0.9223604	-2.2097502	2.4421682
1332343586220	0.41762996	-0.9001155	-2.319284	2.5226376
1332343586221	0.1201663	-0.95476544	-2.5822072	2.755687
1332343586238	-0.09836021	-1.1644598	-2.8404694	3.0714667
1332343586239	-0.23836526	-1.1374832	-3.095386	3.3063726
1332343586254	-0.22151211	-0.87385786	-3.3467703	3.4660592
1332343586270	-0.12646236	-0.53069186	-3.280859	3.3259077
1332343586271	-0.11035998	-0.3436942	-3.055111	3.0763628
1332343586287	-0.17325357	-0.2341237	-2.982502	2.9966896
1332343586288	-0.15834174	-0.04550767	-3.456491	3.4604151
1332343586303	-0.06566949	0.30081534	-4.005222	4.0170393
1332343586320	0.026181847	0.64708495	-4.3167915	4.3650994
1332343586321	0.038699865	0.7577951	-4.0768604	4.146871
1332343586337	-0.028147504	0.7113831	-3.3630972	3.4376273
1332343586338	-0.40981963	0.66441107	-1.5480857	1.7337714
1332343586353	-0.6354384	0.5380354	1.0540247	1.3432171
1332343586370	-0.31259865	0.33193994	3.8155088	3.8426566
1332343586371	0.24481502	-0.18965149	5.323447	5.332447
1332343586387	0.722932	-0.7131225	5.1852975	5.2837944
1332343586388	1.0433804	-1.0032412	4.262479	4.5015397
1332343586403	1.0492105	-0.90329385	4.2812376	4.499531
1332343586419	1.054383	-0.8056272	5.631787	5.7859983
1332343586421	0.74490917	-0.71024513	7.2140336	7.287086
1332343586437	0.5130444	-0.77408683	8.163151	8.215805
1332343586438	0.7511693	-0.91831005	9.183839	9.260154
1332343586452	1.6945693	-0.98578215	11.294617	11.463494
1332343586470	2.479771	-1.0547851	13.865553	14.124992
1332343586486	2.4788387	-1.5958897	16.65957	16.918415
1332343586487	2.1623726	-2.3733695	18.967583	19.23741
1332343586494	2.0014088	-3.2298837	21.496685	21.829916
1332343586502	2.3092794	-3.4587476	24.085217	24.441631
1332343586519	2.7718396	-2.981052	26.57426	26.884216
1332343586520	3.0748668	-2.110197	27.705303	27.95517
1332343586536	3.1395364	-0.92405844	26.768606	26.967922
1332343586537	2.8871994	0.42090797	24.15453	24.330112
1332343586552	2.395936	1.4543823	20.486927	20.677763
1332343586569	1.6651871	2.0984144	16.466831	16.683306
1332343586571	0.77349544	2.4313798	12.722416	12.975738
1332343586586	-0.12231414	2.2961655	10.194081	10.450198
1332343586587	-0.2373749	1.8493094	9.431467	9.613993
1332343586602	0.74259067	1.1686264	10.280254	10.373078
1332343586618	1.8753183	0.41077864	11.557531	11.715891
1332343586619	2.5337305	-0.5036056	11.777893	12.057868
1332343586635	2.796737	-1.0258693	10.15928	10.587026
1332343586636	3.1358705	-1.0781896	7.3352137	8.04994
1332343586651	3.159255	-0.8964831	3.7821054	5.0088816
1332343586668	2.4736753	-0.7949868	0.2781849	2.6131322
1332343586669	0.92349344	-0.930799	-2.1406612	2.5103102
1332343586684	-0.6283432	-0.91161275	-3.0814314	3.2743049
1332343586686	-1.5537336	-0.5019361	-3.793499	4.129971
1332343586701	-2.0091448	-0.015545964	-5.0541973	5.4389167
1332343586718	-1.9952877	-0.39419436	-7.0220366	7.310647
1332343586719	-1.7460605	-1.1666963	-9.528013	9.756687
1332343586734	-1.4177738	-1.4695921	-11.389654	11.571258
1332343586751	-1.4025435	-1.6951607	-12.917806	13.103831
1332343586752	-1.6992257	-2.0000927	-14.576736	14.8111105
1332343586768	-1.7579484	-1.913239	-16.361862	16.566877
1332343586769	-1.2637978	-1.5912359	-18.50402	18.615263
1332343586784	-1.1578324	-1.1121594	-21.076427	21.137486
1332343586801	-1.2824961	-0.6326106	-24.075514	24.117947
1332343586801	-1.3234284	-0.23075485	-26.87061	26.90417
1332343586818	-1.2012398	0.015521169	-28.825003	28.850027
1332343586819	-1.1515826	0.10614693	-30.019405	30.041672
1332343586833	-1.0949688	0.041674256	-29.421892	29.44229
1332343586850	-1.11119	-0.49250722	-26.652317	26.680017
1332343586851	-1.3567109	-1.2607712	-22.566254	22.64213
1332343586868	-1.5170723	-2.1844673	-18.724255	18.912195
1332343586868	-1.4357301	-3.1068654	-16.462223	16.814241
1332343586883	-1.5830985	-3.7138383	-15.771254	16.27978
1332343586900	-1.8041556	-3.6921172	-15.496178	16.031788
1332343586916	-2.2552834	-3.3551443	-15.392426	15.91446
1332343586921	-2.3085837	-2.7809715	-15.144318	15.569641
1332343586922	-1.9651761	-2.1266375	-15.158742	15.432821
1332343586933	-1.6176138	-1.705632	-15.359832	15.538671
1332343586951	-1.5015281	-1.4390857	-15.1235285	15.265866
1332343586952	-1.6170101	-1.3265885	-14.138831	14.292694
1332343586967	-1.5719745	-1.2894969	-12.803911	12.964337
1332343586968	-1.3667942	-1.0923439	-11.674385	11.80477
1332343586983	-1.1587042	-0.81358236	-10.755209	10.847997
1332343587000	-1.2617124	-0.21763176	-9.813764	9.896931
1332343587001	-1.2056637	0.38101208	-8.859626	8.9494
1332343587017	-1.0689943	0.5115977	-8.051035	8.137791
1332343587018	-1.0884078	0.3297611	-7.323512	7.4112887
1332343587032	-1.3425505	0.46308	-6.366074	6.5225596
1332343587049	-1.8313202	1.3823559	-5.2577705	5.7366185
1332343587050	-2.00589	2.8513393	-3.6123366	5.02023
1332343587066	-2.0234137	4.555539	-1.197638	5.1265464
1332343587067	-2.1198807	5.944623	0.64621735	6.3442917
1332343587082	-1.5891883	7.3316884	0.34604692	7.5099216
1332343587099	0.66772664	13.110791	-2.5700052	13.376982
1332343587100	1.7467992	17.708536	-1.9843857	17.904785
1332343587116	-1.8837303	12.4905405	3.9837499	13.245087
1332343587117	-2.7683587	3.3408785	10.46652	11.330195
1332343587132	6.077295	-3.7776964	20.130783	21.36476
1332343587149	15.47107	-7.1419606	31.483236	35.798824
1332343587150	16.936604	-2.828929	37.380615	41.135895
1332343587165	10.94401	5.472027	31.541817	33.831947
1332343587166	3.848762	9.913515	19.928513	22.588411
1332343587181	0.043924302	9.24126	13.996186	16.771883
1332343587198	-1.258376	7.612369	16.559053	18.268385
1332343587199	-3.0409486	6.443347	20.558384	21.758017
1332343587215	-3.7360594	5.8902473	22.299438	23.364891
1332343587217	-3.4226167	6.7383456	20.604094	21.946486
1332343587231	-2.6491446	7.4978733	16.731134	18.524765
1332343587248	-1.3381238	6.989524	13.497091	15.258292
1332343587249	0.27686638	5.6856623	12.162407	13.42861
1332343587264	1.4907249	4.135722	12.335011	13.094996
1332343587281	2.1486173	2.5767248	13.001576	13.427474
1332343587282	2.095107	1.1664202	12.832201	13.054325
1332343587298	1.6439173	-0.17643034	11.032499	11.1557
1332343587299	1.3471086	-1.5254173	8.563913	8.802399
1332343587314	1.2050347	-2.6454275	6.602272	7.2139025
1332343587330	0.7479068	-3.534088	4.7638035	5.9785423
1332343587346	-0.023473501	-3.6399174	2.3492303	4.332255
1332343587354	-0.40274948	-3.1981273	-0.32969046	3.2402039
1332343587355	-0.38877678	-2.7541757	-2.5522447	3.7749946
1332343587363	-0.29524332	-2.3067064	-4.39542	4.9727035
1332343587382	0.11390376	-1.7748199	-5.8515277	6.1158266
1332343587383	0.2113167	-1.3919125	-7.071296	7.2100835
1332343587397	-0.0025504827	-0.9991629	-7.7346425	7.798912
1332343587398	0.022083282	-0.51647925	-7.6777673	7.695151
1332343587413	-0.028381824	-0.25643563	-7.2086954	7.213311
1332343587430	-0.38911986	-0.2179308	-6.7925367	6.807163
1332343587431	-0.74607956	-0.40090227	-6.8942633	6.946094
1332343587447	-0.9420647	-0.8042753	-7.038187	7.146357
1332343587448	-0.8200735	-1.19298	-6.828024	6.9798017
1332343587463	-0.6152998	-1.4093909	-5.7880726	5.9888864
1332343587480	-0.48507553	-1.6914661	-3.605919	4.0123568
1332343587481	-0.42913872	-2.1171923	-1.0623627	2.4073384
1332343587497	-0.21186483	-2.6079965	0.5113964	2.6660943
1332343587498	0.32327092	-3.1660118	1.5034876	3.5197458
1332343587513	0.7838018	-3.4778588	2.0704212	4.12268
1332343587530	0.8559023	-3.3863666	1.8210726	3.9390802
1332343587531	0.6961422	-3.04963	1.2221012	3.3583312
1332343587547	0.38263822	-2.625319	0.50534534	2.7007565
1332343587547	-0.0065225363	-2.2709377	-0.25434685	2.2851462
1332343587562	-0.4719414	-1.830744	-1.0630589	2.1689737
1332343587580	-0.85681486	-1.4610627	-1.8427534	2.5029135
1332343587581	-0.92625976	-1.1632037	-2.5211115	2.9269443
1332343587596	-0.91595685	-0.8587396	-3.1005478	3.345117
1332343587597	-0.8264103	-0.6282759	-3.1958961	3.3602731
1332343587612	-0.5008387	-0.47251678	-2.9672813	3.0461237
1332343587629	-0.1746484	-0.46963334	-2.4938002	2.5436385
1332343587630	-0.31891942	-0.46419597	-1.7011156	1.7919213
1332343587646	-0.6197883	-0.37849593	-1.2192783	1.4191674
1332343587647	-0.7634429	-0.29211903	-1.2078066	1.4584154
1332343587662	-0.67150927	-0.2846017	-1.5119896	1.6787004
1332343587679	-0.8147867	-0.19915676	-1.8184805	2.0026014
1332343587680	-0.87944824	-0.2723186	-2.050829	2.2479959
1332343587696	-0.78700066	-0.3477881	-1.8178139	2.0111623
1332343587696	-0.53745556	-0.66171074	-1.5914288	1.8053712
1332343587712	-0.2877863	-1.0577095	-1.4509697	1.8184838
1332343587728	-0.116283536	-1.222129	-1.3182564	1.8013664
1332343587729	-0.1014359	-1.3123028	-1.0367479	1.6754923
1332343587744	-0.086367965	-1.4853932	-1.3914394	2.037144
1332343587746	0.1643802	-1.6629889	-1.9115047	2.538977
1332343587761	0.2582879	-1.5310689	-1.1056538	1.9061362
1332343587784	-0.11840618	-1.3250693	0.39814854	1.3886508
1332343587785	-0.10275984	-1.0445607	1.0309467	1.47123
1332343587794	0.0696764	-0.6892265	1.1854906	1.3730536
1332343587812	-0.072028756	-0.41574192	0.8619108	0.9596456
1332343587813	-0.21407527	-0.22373867	0.37441063	0.4858709
1332343587828	0.114311814	-0.42679644	0.27256203	0.5191459
1332343587829	0.52063036	-0.6322048	0.4780941	0.94832104
1332343587844	0.7693746	-0.6827451	1.2264214	1.6006835
1332343587861	0.70346725	-0.578166	2.2043219	2.38499
1332343587862	0.32281637	-0.39673328	2.7838602	2.8304567
1332343587879	-0.21575844	-0.21669483	2.6509104	2.668489
1332343587880	-0.36297363	0.040575027	2.0418234	2.074232
1332343587894	-0.118967414	0.21829629	1.348732	1.3714534
1332343587896	0.20228076	0.15963197	0.8071146	0.84725076
1332343587910	0.4438429	0.17856407	0.65272045	0.8092748
1332343587927	0.4486392	0.039761305	0.5708332	0.72712356
1332343587928	0.45226502	-0.1783526	0.6408682	0.8044037
1332343587943	0.37613434	-0.31878912	0.86228657	0.99329835
1332343587960	0.29896116	-0.30314696	0.9227114	1.0162048
1332343587961	0.14223337	-0.20991206	0.82222176	0.8604313
1332343587977	-0.094243824	-0.19602561	0.7171116	0.74937105
1332343587978	-0.096284926	-0.26148856	0.765852	0.81497014
1332343587993	0.057475865	-0.17082882	0.81101036	0.8307971
1332343588010	0.2889257	-0.15945101	0.85423374	0.9157609
1332343588011	0.3626374	-0.14883733	0.6601677	0.7677759
1332343588027	0.27849978	-0.2174288	0.071424484	0.36047035
1332343588028	-0.19861728	-0.28669357	-0.28291512	0.4490913
1332343588043	-0.5977728	-0.19962347	-0.16713142	0.65200824
