Timestamp:	X:	Y:	Z:	Acceleration:
1332345145532	-0.273092	0.16719913	-0.82788086	0.8876494
1332345145545	-0.19569655	0.32172322	-0.5968752	0.70573574
1332345145549	-0.19678946	0.24072671	-0.2871971	0.42327014
1332345145559	-0.2764218	0.15961075	-0.2125597	0.38349214
1332345145569	-0.27765724	0.07832575	-0.37274456	0.4713459
1332345145579	-0.27896038	0.07533884	-0.68912506	0.7472538
1332345145589	-0.201822	0.07214737	-1.0830908	1.1040938
1332345145605	-0.046194077	0.22572327	-1.4761038	1.493977
1332345145622	0.031005412	0.3005371	-1.553937	1.5830363
1332345145623	0.029833078	0.3751607	-1.4736557	1.5209526
1332345145638	-0.04966727	0.2926321	-1.3135862	1.346703
1332345145639	-0.05049017	0.20985985	-1.0733938	1.0948812
1332345145654	-0.0511117	0.048413992	-0.9101	0.91281885
1332345145672	-0.051483482	-0.034856558	-0.74462986	0.747221
1332345145672	-0.051637053	-0.118326426	-0.7343073	0.7455701
1332345145688	0.02692452	-0.20201993	-1.0358524	1.0557117
1332345145704	0.18419781	-0.2859056	-1.4138126	1.4541447
1332345145705	0.26320097	-0.36991167	-1.8683591	1.9227259
1332345145721	0.34244362	-0.45406127	-2.2419624	2.3129709
1332345145721	0.42184308	-0.4596994	-2.3783464	2.4588223
1332345145737	0.5013526	-0.6221738	-2.3559895	2.4877985
1332345145754	0.5809261	-0.86291385	-2.3313618	2.552909
1332345145776	0.5819882	-1.0248208	-2.1478386	2.4499345
1332345145779	0.5044347	-1.1862135	-1.7262588	2.1544201
1332345145780	0.4266444	-1.4254382	-1.3025198	1.9774876
1332345145780	0.1915437	-1.6638412	-0.95505524	1.9280009
1332345145788	-0.044029713	-1.7442402	-0.8406353	1.9367447
1332345145805	-0.28018296	-1.744872	-1.1161604	2.0901902
1332345145820	-0.43850005	-1.665499	-1.7817655	2.4780753
1332345145821	-0.51901305	-1.5843326	-2.6021433	3.09041
1332345145836	-0.60017717	-1.5011293	-3.5775208	3.9258447
1332345145853	-0.5250119	-1.2585166	-4.4723153	4.675586
1332345145854	-0.45031598	-0.93492293	-5.2084417	5.3108125
1332345145869	-0.3759799	-0.60842323	-5.550089	5.595983
1332345145870	-0.45871302	-0.279485	-5.4979315	5.524109
1332345145886	-0.46292385	-0.26186872	-5.1299715	5.1574683
1332345145903	-0.38845998	-0.47673678	-4.6806216	4.720847
1332345145904	-0.313634	-0.84596276	-4.385172	4.477025
1332345145919	-0.08131558	-1.2125605	-4.3211412	4.4887834
1332345145920	0.23010191	-1.5772866	-4.2536325	4.5424848
1332345145935	0.69920003	-1.7049154	-3.632844	4.0734715
1332345145952	0.93372583	-1.6736819	-2.457252	3.1162705
1332345145953	0.93364155	-1.5624852	-1.0411582	2.096916
1332345145969	0.54191375	-1.371517	0.22297859	1.4914585
1332345145970	-0.006143123	-1.2578484	0.8641615	1.5261047
1332345145985	-0.47528678	-0.986303	1.1169376	1.5640464
1332345146002	-0.8656131	-0.7132888	1.4535279	1.8359766
1332345146003	-1.0203847	-0.5180478	2.1849961	2.4665291
1332345146018	-0.78271747	-0.55739546	3.0755763	3.2221894
1332345146019	-0.46656722	-0.83157456	3.9668465	4.0798373
1332345146035	-0.22887208	-1.1839248	5.1711493	5.3098817
1332345146051	-0.14801672	-1.3003117	6.6877995	6.8146443
1332345146052	-0.14546135	-1.1811337	7.7300644	7.8211336
1332345146067	-0.2996017	-0.9049281	8.374804	8.428879
1332345146084	-0.13952592	-0.7074053	9.091084	9.119632
1332345146085	0.41326326	-0.5102682	9.641773	9.664106
1332345146101	0.8095439	-0.23464036	9.867033	9.902967
1332345146102	0.81374097	0.27584577	10.394127	10.42958
1332345146117	0.34736153	0.3933499	11.613165	11.625016
1332345146134	0.19513011	-0.117661476	13.60055	13.602458
1332345146135	0.5138473	-1.414432	16.905031	16.97188
1332345146151	1.0679662	-3.0260763	21.679646	21.915855
1332345146152	1.307952	-4.1680703	26.276413	26.63707
1332345146166	1.0766728	-4.5263925	29.041964	29.412296
1332345146183	0.9233499	-3.6303043	29.588879	29.825047
1332345146207	1.0832115	-1.8718542	27.913166	27.996822
1332345146210	1.3205035	-0.035179853	24.948935	24.983881
1332345146211	1.3212138	1.3306162	21.012543	21.096045
1332345146212	0.84959126	2.0692296	16.96074	17.107607
1332345146218	0.37640834	2.1807756	13.421915	13.603134
1332345146234	0.05839616	1.7438776	10.942257	11.080501
1332345146249	-0.34001583	1.2292291	9.835157	9.917507
1332345146250	-0.66189617	0.7149049	9.787937	9.836306
1332345146265	-0.43636352	0.27893066	10.016548	10.029928
1332345146283	0.17977187	0.23467934	8.876114	8.881036
1332345146284	0.8725859	0.42477405	7.070979	7.137267
1332345146299	1.4070196	0.69171894	5.000595	5.240623
1332345146300	1.7049911	1.0351012	2.2022352	2.9712403
1332345146315	1.6882656	1.2976531	-1.4753532	2.5905235
1332345146332	1.5135556	1.0865281	-4.938768	5.2785244
1332345146333	0.63205016	0.166322	-7.4635577	7.492119
1332345146349	-0.40729186	-0.9926474	-8.503918	8.57134
1332345146349	-0.8980023	-1.9979956	-8.2857895	8.570455
1332345146365	-0.5260303	-2.692676	-7.429187	7.919598
1332345146382	-0.15500078	-2.9201632	-7.580996	8.125446
1332345146383	-0.2552263	-2.8366113	-10.143785	10.536028
1332345146398	-0.5911812	-2.6771855	-15.11285	15.359527
1332345146399	-0.3777516	-2.362709	-20.599348	20.737844
1332345146414	0.30687392	-1.6569949	-25.18626	25.242573
1332345146431	0.44251692	-0.71637696	-28.160585	28.173172
1332345146432	-0.048846006	-0.0109295845	-30.22873	30.228771
1332345146447	-0.46079057	0.5386132	-30.91022	30.918346
1332345146464	-0.7146457	0.69727266	-30.046124	30.062708
1332345146465	-0.8102881	0.38682938	-28.262535	28.276794
1332345146481	-0.5121293	-0.15678477	-26.255482	26.260944
1332345146481	0.022983909	-0.61976403	-24.02502	24.033024
1332345146497	0.48123908	-1.1592138	-21.884285	21.920248
1332345146513	0.7058272	-1.6966305	-19.670614	19.75626
1332345146514	0.77518487	-2.3108683	-17.46874	17.637968
1332345146530	0.6895369	-2.8445134	-15.418901	15.6942425
1332345146531	0.4484352	-3.219899	-13.311481	13.702715
1332345146546	-0.026558876	-2.9656658	-11.998442	12.35955
1332345146567	-0.657089	-2.473854	-11.633942	11.912192
1332345146568	-1.2080965	-1.7447886	-12.237446	12.420099
1332345146580	-1.4442656	-1.0919249	-13.259564	13.38261
1332345146581	-1.7581751	-0.7507391	-14.162333	14.290782
1332345146596	-1.9928584	-0.79925203	-14.789484	14.944535
1332345146626	-1.7558742	-1.2374016	-14.755309	14.910849
1332345146644	-1.1255271	-1.5156024	-13.670209	13.799945
1332345146645	-0.6509394	-1.5553496	-11.931257	12.049803
1332345146648	-0.41073403	-1.2795645	-9.952431	10.042752
1332345146649	-0.7183037	-0.84440166	-7.727248	7.8063655
1332345146650	-1.1811255	-0.40711784	-6.36085	6.482377
1332345146659	-1.406895	-0.12530607	-5.705355	5.877596
1332345146668	-1.3169332	0.15802729	-5.134786	5.3033304
1332345146680	-0.83272606	0.36407506	-4.6537704	4.7416835
1332345146695	-0.34664872	0.570936	-3.8742564	3.9314115
1332345146712	0.06300306	1.2492776	-2.641718	2.9228988
1332345146713	0.31750882	2.4768324	-0.8047695	2.6235785
1332345146729	0.33833623	3.8607066	1.8690071	4.3026404
1332345146730	0.6744638	7.6760955	4.041696	8.701302
1332345146745	-0.008268416	15.96295	3.9065504	16.43402
1332345146762	-2.7301252	17.57609	4.129906	18.260029
1332345146762	-4.117249	8.040799	5.8864594	10.782235
1332345146778	-0.63812697	-2.2070389	13.725971	13.916915
1332345146779	6.05897	-9.088571	28.27479	30.311335
1332345146794	12.206854	-8.681355	37.289112	40.18521
1332345146811	11.6843195	-2.0877578	38.09457	39.900856
1332345146812	7.394059	4.7309127	33.049088	34.19497
1332345146827	3.729994	7.1431847	23.008228	24.378607
1332345146844	2.1818728	6.7996764	16.762527	18.220278
1332345146845	0.94281936	6.0544925	17.28582	18.33972
1332345146861	-0.1464704	5.1418366	19.307467	19.980946
1332345146862	-1.3993691	3.9084194	20.644001	21.057274
1332345146877	-2.6605701	3.6086826	20.893778	21.369398
1332345146893	-2.9880667	4.0081253	20.139399	20.750639
1332345146894	-1.9112191	4.32166	18.143038	18.748316
1332345146911	-0.5286099	3.8427002	15.216606	15.703213
1332345146911	0.3769167	2.5730536	11.999233	12.277796
1332345146926	0.56956375	1.2957714	9.265114	9.372606
1332345146943	0.5235597	0.48573494	7.2760396	7.3110056
1332345146944	0.39519006	-0.09500849	5.702826	5.717292
1332345146960	0.02860552	-0.6810948	4.237305	4.2917905
1332345146961	-0.41747546	-1.2698493	2.1905885	2.566219
1332345146976	-0.7070186	-1.7823104	-0.19906616	1.9277273
1332345146993	-0.68253076	-2.139488	-2.3014452	3.2155726
1332345146993	-0.42164087	-2.496732	-4.3426523	5.0269356
1332345147010	-0.23759079	-2.6172595	-6.2371	6.7681546
1332345147011	-0.129726	-2.4210634	-7.740997	8.111807
1332345147025	0.1379472	-2.0635731	-8.139249	8.397901
1332345147043	0.40889907	-1.543592	-7.740241	7.90324
1332345147043	0.3696096	-1.0168452	-7.3234906	7.402979
1332345147059	0.17722535	-0.5606377	-7.273215	7.296943
1332345147073	-0.08971286	0.061327934	-7.426013	7.426808
1332345147079	-0.3527766	0.849591	-7.698291	7.75306
1332345147080	-0.84721684	1.0203485	-7.2214665	7.3422384
1332345147091	-1.1809874	0.7301011	-6.228616	6.381492
1332345147109	-0.8047074	0.29303622	-5.5006533	5.566921
1332345147110	0.124542356	-0.29118466	-4.1722536	4.184256
1332345147124	0.82181215	-1.0231678	-1.6932774	2.142297
1332345147142	0.8946017	-1.6680179	0.99517345	2.1384494
1332345147142	0.6568241	-2.147492	3.110097	3.8361232
1332345147158	0.5003929	-2.1488588	4.019203	4.5849733
1332345147159	0.2679646	-1.9867389	3.640994	4.1564136
1332345147174	-0.04095936	-1.8189316	2.0487633	2.7400038
1332345147191	-0.34777737	-1.4873688	0.032949448	1.5278418
1332345147192	-0.5750383	-1.0730026	-2.109414	2.4354942
1332345147207	-0.5658901	-0.6538129	-3.906972	4.0015163
1332345147224	-0.47766262	-0.38747692	-5.05219	5.0894914
1332345147225	-0.46756977	-0.27453828	-5.707013	5.7327123
1332345147241	-0.37872368	-0.15786004	-6.029509	6.0434537
1332345147242	-0.2897923	0.04016924	-6.2603545	6.267187
1332345147257	-0.5147742	0.31914425	-6.009696	6.04014
1332345147273	-0.6613741	0.52122355	-5.4384017	5.5032086
1332345147274	-0.7296541	0.645684	-4.392281	4.499048
1332345147291	-0.79802847	0.6925137	-3.4200602	3.5795581
1332345147291	-0.8665381	0.8177006	-2.6033125	2.862998
1332345147306	-1.0135492	0.86396575	-2.020279	2.4197614
1332345147323	-1.2391305	0.67327094	-1.5965176	2.1301658
1332345147324	-1.3076614	0.40221834	-1.0177269	1.7051469
1332345147340	-1.2975123	0.28571773	-0.2065897	1.344564
1332345147341	-1.2085377	0.16635227	0.443511	1.2980518
1332345147356	-1.1190877	0.1222527	0.6175165	1.2839898
1332345147373	-0.95041746	0.074579954	0.7073126	1.1870748
1332345147374	-0.937836	0.1016562	1.4181385	1.7032285
1332345147390	-1.0810431	0.046257496	1.9645138	2.2427902
1332345147391	-0.98783207	0.06569719	0.5401697	1.1277906
1332345147406	-0.6580688	0.23846841	-0.89355755	1.1350625
1332345147422	-0.7192524	0.40741134	-0.924778	1.2403718
1332345147423	-1.3284165	0.18041658	-0.65269756	1.4910581
1332345147439	-1.2300583	0.10725856	-0.46976376	1.32107
1332345147440	-0.7377357	0.10927558	0.17274094	0.7655289
1332345147455	-0.32273078	-0.04834795	1.0401173	1.0901085
1332345147472	0.015459895	-0.05194378	1.3468237	1.3479136
1332345147473	0.19773918	-0.057676554	1.2512131	1.2680542
1332345147489	0.30268788	-0.22240281	1.4595423	1.5070987
1332345147489	0.2515667	-0.23182034	1.8939238	1.924571
1332345147509	0.20100272	0.07142997	2.0841694	2.0950575
1332345147509	0.07240683	0.21664715	2.030264	2.043074
1332345147521	-0.056013703	0.12563753	1.967968	1.9727697
1332345147543	0.05086118	0.1126194	1.8977165	1.9017355
1332345147544	0.15729088	0.256325	1.6629257	1.6899009
1332345147555	0.18451715	0.55697346	1.3424587	1.4650807
1332345147571	0.210805	0.77927256	0.9363651	1.2363188
1332345147572	4.4095516E-4	0.92339873	0.68085957	1.147273
1332345147587	-0.054377556	0.98943615	0.49784374	1.1089586
1332345147604	-0.032308698	0.820472	0.38814354	0.9082255
1332345147605	-0.011953354	0.7304158	0.5095005	0.89064074
1332345147621	-0.15041366	0.79763937	0.7048168	1.0749975
1332345147622	-0.36924523	0.94358253	0.81807137	1.302279
1332345147637	-0.43295446	1.0896981	0.4579954	1.2588294
1332345147654	-0.4201233	1.0003285	-0.06163025	1.0867194
1332345147655	-0.17358345	0.6754458	-0.50401974	0.8604616
1332345147671	-0.0072255135	0.42876363	-0.24109173	0.4919509
1332345147672	5.456209E-4	0.65246725	0.41359615	0.7725125
