Timestamp:	X:	Y:	Z:	Acceleration:
1332345380199	-0.05385657	0.37720513	-1.0302	1.0984063
1332345380216	0.090578735	0.29680705	-0.9590225	1.0079798
1332345380218	0.07786852	0.21626735	-0.7314234	0.7666911
1332345380219	0.06508987	0.2925334	-0.42554092	0.5204782
1332345380220	0.05234819	0.29014015	-0.11951637	0.3181286
1332345380223	0.11822226	0.28753924	-0.20543766	0.37263918
1332345380224	0.1843289	0.20622325	-0.44758224	0.5261511
1332345380228	0.25076503	0.20313406	-0.5318136	0.62207097
1332345380239	0.23912278	0.1997664	-0.77188206	0.8323991
1332345380249	0.14943455	0.27454066	-0.853652	0.9090792
1332345380259	0.06024328	0.19204307	-0.93404293	0.95548207
1332345380269	0.050052404	0.10922384	-0.93446636	0.9421584
1332345380282	-0.038084805	0.026082277	-1.0117922	1.0128446
1332345380299	-0.047197178	-0.1358571	-0.93049335	0.9415427
1332345380300	-0.055756435	-0.37657237	-1.0044308	1.0741494
1332345380315	-0.14223538	-0.6175151	-0.99822235	1.182372
1332345380332	-0.14965807	-0.7802243	-1.2254591	1.4604442
1332345380332	-0.23498395	-0.8645413	-1.5294533	1.7725339
1332345380348	-0.24121854	-1.0273627	-1.9098439	2.1820092
1332345380349	-0.24683619	-1.2684969	-2.2883358	2.6280208
1332345380367	-0.33031172	-1.4307913	-2.900496	3.2510226
1332345380381	-0.491579	-1.4355313	-3.588903	3.8964887
1332345380382	-0.573694	-1.4394733	-4.4323015	4.6953707
1332345380397	-0.5765959	-1.4423136	-5.351806	5.572662
1332345380414	-0.26481164	-1.3653154	-6.4256935	6.5744767
1332345380415	0.04779315	-1.3651519	-7.18264	7.3113775
1332345380431	0.20434648	-1.2845005	-7.307906	7.422748
1332345380431	0.36173564	-0.96642923	-6.9585085	7.034606
1332345380447	0.5200685	-0.6458783	-6.446739	6.499852
1332345380464	0.67925227	-0.32282352	-6.0075297	6.0544205
1332345380465	0.8391213	-0.23287535	-5.4053564	5.4750557
1332345380481	0.9211844	-0.37555456	-4.716421	4.820192
1332345380482	1.0821649	-0.67270327	-3.7839274	3.992708
1332345380496	1.0864632	-0.81012034	-2.6842585	3.006982
1332345380513	1.1691765	-1.102815	-1.7345934	2.3647387
1332345380514	1.1731085	-1.3935423	-0.69742775	1.9505253
1332345380530	1.0194811	-1.6823616	0.27070713	1.98569
1332345380530	0.6296286	-1.9700335	0.85266304	2.2370734
1332345380546	0.08167237	-2.099329	1.2850094	2.4627428
1332345380563	-0.70317423	-2.070187	1.8812771	2.8843253
1332345380564	-1.2541358	-1.7258673	2.796256	3.5171754
1332345380580	-1.1790404	-1.0660934	3.558443	3.8973336
1332345380581	-0.63447297	-0.091463804	3.6931152	3.7483358
1332345380596	-0.09126608	0.80580807	2.9635892	3.0725424
1332345380613	0.29365945	0.9982388	1.211833	1.5972651
1332345380613	0.52068686	0.7209048	-0.7011838	1.1324651
1332345380629	0.66853416	0.7584448	-1.9923649	2.23421
1332345380630	0.97298133	0.9532442	-2.8202453	3.1319563
1332345380645	1.041709	0.67730474	-2.479641	2.7735388
1332345380662	0.5608119	0.08738899	-0.029806137	0.5683619
1332345380663	0.23682219	-0.8958647	4.7649393	4.8542047
1332345380679	0.14817384	-1.9588847	10.805574	10.982697
1332345380679	-0.3329753	-2.3957446	16.208683	16.388163
1332345380694	-0.81418866	-2.285189	18.855404	19.010818
1332345380712	-0.9816779	-2.2551193	19.214638	19.37141
1332345380712	-0.8352184	-2.2269871	19.24858	19.394972
1332345380727	-0.6101853	-2.043612	19.974743	20.088282
1332345380744	-0.46333992	-1.8616594	21.077892	21.165018
1332345380745	-0.15907578	-1.6807294	22.24019	22.304174
1332345380761	0.067367464	-1.3433123	22.749191	22.788916
1332345380762	0.37311342	-0.77075696	22.215109	22.231606
1332345380787	0.52289	-0.35496747	21.182018	21.191444
1332345380789	0.20281258	-0.017308354	20.513653	20.514662
1332345380794	-0.11614117	0.32113862	19.890099	19.89303
1332345380811	0.036881566	0.6604786	18.996025	19.00754
1332345380811	0.58334565	1.0792171	17.673008	17.715536
1332345380826	0.97383714	0.9494966	15.761619	15.820193
1332345380843	1.2866986	0.6633829	13.500024	13.577419
1332345380844	1.2079409	0.69169044	11.27537	11.360965
1332345380860	0.8158347	0.4061612	9.874307	9.916273
1332345380861	0.65944487	0.12011516	9.227785	9.252098
1332345380876	0.73852813	-0.08816624	8.622696	8.654715
1332345380893	0.73890007	-0.45462632	6.6597137	6.7159843
1332345380894	0.7387675	-0.8225582	3.4156713	3.5901518
1332345380910	1.0517697	-0.9567578	-0.16751766	1.4316659
1332345380911	1.3639151	-0.8573301	-3.2139988	3.595145
1332345380925	1.2825685	-0.6028248	-5.9573135	6.1235585
1332345380943	0.6506171	-0.27168095	-8.392097	8.421663
1332345380944	-0.21836422	-0.17779505	-9.889365	9.8933735
1332345380959	-0.7751287	-0.55645764	-10.128096	10.172944
1332345380960	-1.2549462	-1.0935186	-9.098619	9.249624
1332345380975	-1.4223907	-1.396428	-7.737268	7.989901
1332345380992	-1.042175	-1.3081027	-7.687977	7.8677983
1332345380993	-0.2708568	-1.1422141	-8.708918	8.787677
1332345381009	0.34252083	-1.1339388	-10.63805	10.703795
1332345381010	0.4844699	-1.5184276	-13.628185	13.72107
1332345381024	0.3908429	-1.8245196	-16.891659	16.994404
1332345381041	0.1403516	-1.5810002	-19.718006	19.781786
1332345381042	-0.031328797	-1.0229906	-22.261244	22.28476
1332345381058	-0.20252168	-0.6994457	-24.909283	24.919924
1332345381074	-0.21606642	-0.610321	-27.116112	27.12384
1332345381075	-0.46426567	-0.36280465	-28.091442	28.09762
1332345381091	-0.8685247	-0.4273461	-27.592697	27.60967
1332345381092	-1.1933192	-0.64734817	-25.863012	25.898619
1332345381107	-1.2030774	-0.630183	-23.524427	23.563599
1332345381124	-0.9761715	-0.76838934	-21.362902	21.398993
1332345381125	-0.82640076	-1.2975583	-19.37975	19.440712
1332345381141	-1.0674081	-1.9820153	-17.645199	17.78822
1332345381141	-1.5421281	-2.4296215	-16.007324	16.263937
1332345381157	-1.7796104	-2.4836428	-14.70754	15.021559
1332345381173	-1.8580718	-2.300864	-13.743075	14.057685
1332345381174	-1.6990707	-2.0384688	-13.359947	13.620954
1332345381191	-1.2234907	-2.0096502	-13.311206	13.517538
1332345381192	-0.51017964	-1.9795178	-13.539342	13.692792
1332345381217	0.049206614	-1.7117715	-13.642184	13.749247
1332345381219	0.21825832	-1.2075144	-13.099128	13.156476
1332345381223	0.076244235	-0.7796785	-11.664327	11.690604
1332345381241	0.0938279	-0.66379267	-9.580927	9.604352
1332345381242	-0.0431543	-0.859921	-7.8752093	7.9221363
1332345381256	-0.17790723	-0.8186511	-6.8645735	6.915505
1332345381273	0.0030756593	-0.06937319	-6.6340384	6.634402
1332345381274	0.26420265	0.9955837	-6.950099	7.0260134
1332345381290	0.21276367	1.9051734	-6.796507	7.0616894
1332345381291	-0.30907604	2.8152547	-6.1066523	6.7314477
1332345381306	-0.6737217	3.1762006	-4.6475477	5.6693783
1332345381322	-0.41044867	3.3801517	-2.5771155	4.2702947
1332345381323	0.63730866	5.231306	-2.0188923	5.6434608
1332345381339	5.76538	9.592006	-6.194898	12.791519
1332345381340	4.6142173	14.734801	-4.353813	16.042477
1332345381355	-5.4849706	12.496574	2.3234186	13.843682
1332345381372	-8.993503	2.9538202	5.8312173	11.118059
1332345381373	-2.6941037	-4.398535	18.017912	18.741676
1332345381389	3.602936	-3.7553406	32.28989	32.706585
1332345381389	5.895377	1.1149782	36.95201	37.435944
1332345381404	5.360859	4.090943	33.72929	34.396797
1332345381421	6.6297917	4.4635625	29.050816	30.130175
1332345381422	7.033776	4.2761335	28.095367	29.276424
1332345381438	4.0609474	4.1568384	29.759455	30.321539
1332345381454	0.30018818	4.575525	29.717749	30.069422
1332345381455	-2.5225189	4.749318	27.26403	27.789322
1332345381471	-4.4088225	5.068476	23.482777	24.424742
1332345381472	-4.651858	5.4580936	18.775856	20.098839
1332345381487	-3.016711	5.6821566	14.15614	15.549397
1332345381504	-1.229495	5.4274793	10.1731615	11.595793
1332345381505	-0.2310867	4.538014	7.693103	8.934809
1332345381520	-0.0998002	3.4044843	6.86244	7.661172
1332345381521	-0.36315948	2.1861603	6.832169	7.182598
1332345381536	-0.7062269	1.1194661	7.0605364	7.183532
1332345381553	-0.8931326	0.12458372	6.6785088	6.7391157
1332345381554	-0.9229492	-0.6398071	5.0704446	5.193322
1332345381570	-0.8735428	-1.4089749	2.8668447	3.311659
1332345381571	-0.6657125	-2.0232587	0.7906356	2.2719712
1332345381586	-0.22044404	-2.4043071	-1.3943944	2.788122
1332345381603	0.30570865	-2.6278124	-3.6723852	4.5260653
1332345381604	0.9916632	-2.8498578	-5.568812	6.333779
1332345381620	1.4454001	-2.8338406	-6.4512806	7.1929727
1332345381620	1.3528099	-2.655774	-6.5411386	7.1881657
1332345381647	1.1063092	-2.314297	-6.0678034	6.5877256
1332345381649	0.9412855	-1.6511127	-5.261277	5.594035
1332345381652	0.8574858	-0.7433648	-5.214077	5.336148
1332345381670	0.77603775	0.253119	-6.626504	6.6765904
1332345381670	0.30411744	1.0253096	-8.394661	8.46251
1332345381685	-0.3232866	1.4952517	-9.572512	9.693981
1332345381702	-0.6356287	1.5067296	-9.606169	9.7443695
1332345381703	-0.3194332	0.9807632	-8.493537	8.55594
1332345381719	0.15411568	0.15244699	-6.075236	6.079102
1332345381720	0.3138991	-0.50822186	-3.2923317	3.3460827
1332345381735	0.47367036	-0.9239116	-1.1658621	1.5611567
1332345381752	0.47634834	-1.0160286	0.46558475	1.2149037
1332345381753	0.16484243	-1.0213385	1.441987	1.7747203
1332345381768	-0.22552902	-0.86219454	1.6046581	1.83553
1332345381769	-0.38094422	-0.5396359	1.1849442	1.3566201
1332345381784	-0.45842326	-0.29015875	0.49142838	0.7320149
1332345381801	-0.45810866	-0.03480196	-0.6289282	0.7788616
1332345381802	-0.22291285	0.14602256	-2.1101255	2.1268854
1332345381817	0.24721181	0.17321563	-3.3283682	3.3420281
1332345381834	0.4814118	0.2035265	-4.049447	4.0830383
1332345381834	0.47982776	0.31426835	-4.4380665	4.4749784
1332345381851	0.39943784	0.42678714	-4.4947042	4.532556
1332345381852	0.16183633	0.46164846	-4.460763	4.487507
1332345381867	-0.154473	0.49665236	-4.4970527	4.527031
1332345381883	-0.3140667	0.5313237	-4.056156	4.102846
1332345381884	-0.3954154	0.48660326	-2.9839964	3.049159
1332345381901	-0.3985162	0.36202908	-1.7529278	1.8337492
1332345381902	-0.4017503	0.31405187	-0.83756256	0.98058295
1332345381916	-0.640542	0.42075992	-0.70835114	1.0435967
1332345381933	-0.8008149	0.44651246	-1.1337433	1.4580986
1332345381934	-0.96095604	0.3910439	-1.4081869	1.7490976
1332345381950	-0.9638757	0.09703159	-0.90415573	1.3251299
1332345381951	-0.730942	-0.2785678	0.06286812	0.7847475
1332345381967	-0.41896257	-0.3433063	0.31462574	0.626401
1332345381983	0.52165073	-0.489758	-1.8760042	2.0078282
1332345381984	0.99225473	-0.16822958	-1.7224169	1.994891
1332345381999	0.05138445	0.4640174	0.30399895	0.55710673
1332345382000	-0.8100331	0.5444541	-0.5841503	1.1374601
1332345382016	-1.0426619	0.07329631	-1.1692295	1.5683156
1332345382032	-0.72490275	-0.08620882	-1.13764	1.3517177
1332345382033	-0.3278427	-0.09050417	-0.7242012	0.80008703
1332345382049	-0.08677903	-0.17508078	-0.47853374	0.516893
1332345382050	0.3120829	-0.104059696	-0.32132912	0.4598658
1332345382069	0.79019386	-0.11256981	0.21898746	0.8276677
1332345382076	0.87669206	-0.200454	1.2996721	1.5804805
1332345382081	0.5714878	-0.1320355	2.371889	2.4433358
1332345382101	0.18834412	0.09292531	2.3374462	2.3468626
1332345382102	-0.037537962	0.31772757	1.4324083	1.4677035
1332345382116	0.050589323	0.464087	0.59886265	0.7593237
1332345382132	0.217073	0.45369458	0.30796528	0.5897475
1332345382133	0.46172458	0.2866814	0.5600052	0.78037274
1332345382147	0.7059129	0.19855213	1.0409269	1.273289
1332345382164	0.792518	0.11089826	1.4378366	1.6455265
1332345382165	0.7214104	0.023738384	1.6727705	1.8218555
1332345382181	0.41389012	-0.06294131	1.4312	1.4911741
1332345382182	0.18384391	-0.149127	1.185503	1.2089064
1332345382197	0.031098157	-0.15634274	0.93570995	0.94919086
1332345382214	0.0339846	-0.16306567	1.0743265	1.0871627
1332345382215	0.03557393	-0.32625175	1.523592	1.5585371
1332345382231	0.035675794	-0.410429	1.9692488	2.011881
1332345382232	-0.122454405	-0.4940741	1.9413996	2.007022
1332345382246	-0.046611756	-0.34166932	1.1255541	1.1771927
1332345382263	-0.0503892	-0.18865514	-0.08487606	0.2129173
1332345382264	-0.21222945	0.04352379	-0.59120464	0.6296496
