Timestamp:	X:	Y:	Z:	Acceleration:
1332345823383	0.13884306	0.055658102	0.13431072	0.2010338
1332345823402	-0.1087943	-0.10215449	0.3720827	0.4008956
1332345823417	-0.19970334	-0.10270071	0.21755886	0.3126671
1332345823427	-0.05536723	-0.10292959	-0.09381008	0.14986782
1332345823429	0.08882314	-0.25979495	-0.32659817	0.4266724
1332345823433	0.15446007	-0.3378508	-0.6377926	0.7380925
1332345823434	0.22014236	-0.33710384	-0.9489441	1.0308232
1332345823435	0.28596365	-0.41450953	-1.0246124	1.141676
1332345823437	0.038046002	-0.41306567	-0.8647461	0.95909154
1332345823447	-0.13105738	-0.33281255	-0.6262722	0.7212192
1332345823451	-0.14285308	-0.17367768	-0.6229706	0.6623166
1332345823452	-0.23272017	-0.09259868	-0.6977606	0.7413522
1332345823465	-0.24363974	-0.1680224	-0.77202606	0.8268108
1332345823469	-0.25402138	-0.32146716	-0.9241457	1.0108973
1332345823479	-0.26379701	-0.47442222	-1.0754843	1.2047123
1332345823489	-0.19440675	-0.5484121	-1.3828878	1.5003095
1332345823498	-0.20274049	-0.700439	-1.6893482	1.8400043
1332345823513	-0.21026689	-0.85206485	-2.1517982	2.3238895
1332345823531	-0.21689612	-1.0816793	-2.6914668	2.9087915
1332345823532	-0.22257727	-1.2322831	-3.072733	3.3180945
1332345823546	-0.38420016	-1.3037568	-3.3737159	3.6372175
1332345823563	-0.54490376	-1.2962116	-3.7515821	4.0064263
1332345823564	-0.54763395	-1.2878925	-3.9702563	4.209692
1332345823580	-0.5492767	-1.3570412	-4.343004	4.583116
1332345823581	-0.5499634	-1.3468088	-4.6346164	4.857574
1332345823596	-0.6280979	-1.4923924	-4.6874137	4.9591923
1332345823612	-0.6266376	-1.6365737	-4.500604	4.82975
1332345823614	-0.46718878	-1.6224557	-3.995767	4.3378315
1332345823629	-0.14956969	-1.6065444	-3.3284693	3.6989274
1332345823630	0.012227178	-1.6673486	-2.7341585	3.2024715
1332345823646	0.17505485	-1.6479948	-2.2915664	2.8280394
1332345823662	0.41753852	-1.6264627	-1.9208593	2.5513566
1332345823663	0.50407565	-1.6028414	-1.5440164	2.2819245
1332345823679	0.5915041	-1.812502	-1.0826731	2.1925378
1332345823680	0.67963505	-1.9415429	-0.53729534	2.1260712
1332345823695	0.84669226	-1.833178	-0.2227459	2.0315132
1332345823711	1.092583	-1.6438138	-0.45221996	2.0249357
1332345823712	1.1814964	-1.3740124	-0.83531857	1.995395
1332345823728	1.1917133	-1.1801153	-1.2930756	2.1177576
1332345823729	1.0444119	-1.0625937	-1.5132937	2.1236665
1332345823744	0.6608138	-0.70784247	-1.8111448	2.0537677
1332345823761	0.35442877	-0.3504479	-2.185986	2.2420902
1332345823762	0.28209394	-0.14861917	-2.3261442	2.3478951
1332345823777	0.52196664	0.054744005	-1.9178591	1.9883736
1332345823794	0.68149894	0.3377421	-1.0402293	1.2886379
1332345823795	0.7606665	0.4644053	0.070714	0.8940281
1332345823811	0.759106	0.27795005	1.1797957	1.4301804
1332345823812	0.5987305	-0.14427018	2.286008	2.3675144
1332345823837	0.043704927	-0.48828256	2.9186273	2.9595125
1332345823839	-0.5131974	-0.8333849	2.9199066	3.079571
1332345823843	-0.6797093	-0.94437563	2.8388195	3.0680199
1332345823860	0.015201092	-0.821614	3.2240686	3.3271458
1332345823861	1.5717648	-0.85777295	4.153432	4.5229654
1332345823876	2.969242	-0.9742826	6.567456	7.2730393
1332345823893	4.13074	-1.2500387	10.309764	11.1766205
1332345823894	5.5265617	-1.9204345	14.671934	15.795462
1332345823909	5.665711	-2.2791152	19.182396	20.131044
1332345823910	4.391161	-2.4829197	22.113781	22.681854
1332345823926	3.4288676	-2.53163	22.286528	22.69043
1332345823943	2.856749	-2.581902	20.404747	20.764896
1332345823944	2.4384096	-1.9269731	20.153046	20.391281
1332345823959	1.702599	-1.3512285	20.979809	21.092108
1332345823960	0.57057506	-1.3251302	20.21451	20.26593
1332345823975	0.14096731	-1.2989445	20.052795	20.095316
1332345823992	0.09875721	-1.8213575	20.48745	20.568487
1332345823993	0.52303374	-2.421357	20.812557	20.959463
1332345824008	1.3354241	-2.3923013	20.397474	20.580656
1332345824009	1.9091067	-1.812725	18.538357	18.724352
1332345824024	1.8516049	-0.9175981	15.544377	15.681138
1332345824042	1.4764123	-0.020095706	12.663164	12.748958
1332345824043	1.0993559	0.64361477	10.298754	10.377242
1332345824058	0.6419703	0.75994647	8.60482	8.662135
1332345824074	0.18321812	0.48573232	7.66168	7.679248
1332345824075	0.03774011	0.13443458	7.474554	7.475858
1332345824091	0.28351855	-0.058080792	7.172041	7.1778774
1332345824092	0.529672	-0.09309018	6.455968	6.4783287
1332345824107	0.38399887	-0.049286008	4.6985435	4.7144666
1332345824124	-0.07433796	0.22967672	1.6714354	1.6887788
1332345824125	-0.3742193	0.74354756	-2.0750208	2.235758
1332345824141	-0.35841238	0.9426749	-5.205022	5.301825
1332345824142	-0.261747	0.4340862	-8.337719	8.353113
1332345824156	-0.08399224	-0.78249866	-11.472271	11.499233
1332345824174	-0.13847637	-2.001299	-12.94723	13.101723
1332345824175	-0.34646654	-2.4377882	-11.976	12.226505
1332345824190	-0.55071676	-2.013698	-10.672644	10.874907
1332345824191	-0.98655486	-1.6707292	-11.384239	11.5484
1332345824206	-1.1044408	-2.1935644	-14.105845	14.318044
1332345824223	-0.9042406	-2.640182	-17.498497	17.719639
1332345824224	-0.856547	-1.9900134	-20.850277	20.962534
1332345824240	-1.4321101	-0.71347624	-23.136185	23.191442
1332345824255	-2.238932	0.6405318	-24.827564	24.93654
1332345824267	-3.0414233	1.6800823	-26.155527	26.38531
1332345824269	-3.9176836	1.9347787	-27.034607	27.385427
1332345824273	-4.7110806	1.8755872	-27.623783	28.085325
1332345824289	-5.0288143	1.9735167	-27.83905	28.358356
1332345824290	-4.7921906	1.8360157	-27.521729	27.9961
1332345824305	-4.393236	1.0704079	-26.591354	26.973068
1332345824322	-3.8315713	0.0687148	-24.654854	24.950901
1332345824323	-3.184722	-0.54162407	-21.941835	22.178368
1332345824338	-2.5310884	-1.074947	-19.162487	19.358791
1332345824339	-1.9498131	-1.6099672	-16.091782	16.289236
1332345824354	-1.4396908	-1.9115177	-13.036047	13.253872
1332345824371	-1.0782329	-1.9012637	-10.617786	10.840424
1332345824372	-1.1028354	-1.500388	-9.640994	9.819174
1332345824387	-1.1990736	-1.1796197	-9.946358	10.087582
1332345824404	-1.2114465	-1.0170099	-10.605344	10.722651
1332345824405	-0.9828285	-1.1691947	-11.068329	11.173222
1332345824421	-0.74875164	-0.85097706	-11.179943	11.237256
1332345824422	-0.6675694	-0.4543547	-11.265515	11.29442
1332345824437	-0.8974306	-0.60682815	-11.334412	11.386066
1332345824453	-1.1247967	-1.0725989	-10.68315	10.795616
1332345824454	-1.2726102	-1.2236489	-9.0082	9.17957
1332345824470	-1.4188834	-0.74557453	-7.0117044	7.192573
1332345824471	-1.7226462	-0.26636285	-5.5721693	5.8384523
1332345824487	-1.7918391	0.37119958	-4.0639644	4.4569364
1332345824503	-1.9408822	1.0887704	-2.490872	3.3401928
1332345824504	-1.9350337	1.964719	-1.6435089	3.2102334
1332345824520	-1.8527296	3.1561916	-1.6011667	3.9947324
1332345824521	-1.7729692	7.0172	-2.212247	7.5682597
1332345824536	0.5015066	15.666299	-1.204145	15.720509
1332345824553	-2.0925016	17.33082	2.5197668	17.637606
1332345824554	-7.279206	7.222243	5.7391105	11.750958
1332345824569	-3.8357852	-0.14238812	11.591191	12.21021
1332345824570	2.1946726	-2.7244534	25.646608	25.884123
1332345824585	3.3567896	-4.3713937	36.445827	36.860214
1332345824602	0.20054752	-2.3389974	37.628338	37.7015
1332345824603	-0.9171157	1.0966954	36.72627	36.754086
1332345824619	3.2998068	4.2882676	30.598251	31.072994
1332345824620	7.2007885	6.371287	21.668322	23.705713
1332345824635	7.4891796	5.935185	17.8632	20.258532
1332345824652	5.6557574	4.548622	18.54424	19.913977
1332345824653	3.5047426	4.253364	19.081612	19.861576
1332345824668	0.4856955	4.3431473	17.352934	17.89478
1332345824683	-2.6176233	4.1122184	15.085854	15.853872
1332345824696	-3.922434	3.482839	13.304115	14.300879
1332345824697	-3.4300783	2.767583	11.449333	12.268341
1332345824701	-2.3171616	1.9683414	8.670979	9.188551
1332345824720	-1.6040777	1.084728	5.3597775	5.698852
1332345824721	-1.3686409	0.19579601	2.5409327	2.8927243
1332345824734	-1.2175993	-0.46238583	0.53370166	1.4075462
1332345824751	-1.38543	-0.96752095	-1.0481315	1.98849
1332345824752	-1.7144954	-1.1624599	-2.595089	3.3204358
1332345824767	-1.8899865	-1.1250179	-4.4164963	4.9338784
1332345824784	-1.5960224	-1.1655135	-5.938253	6.2584786
1332345824785	-0.98886466	-1.4403346	-6.2937164	6.531714
1332345824800	-0.538779	-1.6355333	-5.5625954	5.8230333
1332345824801	-0.16620198	-1.5917549	-4.5910454	4.8619957
1332345824816	0.44350094	-1.2295264	-3.9222963	4.1343484
1332345824833	0.8200952	-0.7048174	-3.3150787	3.486986
1332345824834	0.57156163	-0.40895724	-2.9973884	3.0786793
1332345824850	0.24753015	-0.34107327	-3.0419602	3.0710135
1332345824851	0.005049005	-0.18655229	-2.5805974	2.5873365
1332345824866	-0.23457226	-0.023605585	-1.3744497	1.3945227
1332345824883	-0.39264303	0.07008767	-0.2824087	0.48870802
1332345824884	-0.31257153	-0.062616825	0.38275623	0.4981206
1332345824899	0.0054715276	-0.5001738	0.85798454	0.99314713
1332345824900	0.24722275	-0.8506508	1.1424303	1.4456393
1332345824915	0.33387238	-1.0361441	0.9204054	1.4255565
1332345824932	0.34395182	-0.9777832	0.50815964	1.1543783
1332345824934	0.5124938	-0.7548263	0.37304592	0.9856855
1332345824949	0.6821711	-0.6033697	0.35472393	0.9773646
1332345824950	0.7741679	-0.44547606	-0.09930134	0.898691
1332345824964	0.7880729	-0.20353937	-0.9153824	1.224913
1332345824982	0.80225885	-0.033855915	-1.9342642	2.0943122
1332345824983	0.89465606	-0.17364454	-2.9293823	3.0678725
1332345824998	1.0649621	-0.38764858	-3.588255	3.7629762
1332345825014	1.2343557	-0.5197003	-3.9933014	4.2119093
1332345825015	1.1671011	-0.413661	-4.148357	4.3292155
1332345825031	0.9412986	-0.06958556	-4.1321616	4.23859
1332345825032	0.713664	0.2762773	-3.9481568	4.02164
1332345825047	0.40549377	0.5448246	-3.598837	3.6623607
1332345825063	0.251963	0.73564005	-3.007082	3.1059933
1332345825064	0.25307828	0.8480408	-2.2539196	2.4214408
1332345825081	0.33000425	0.96026707	-1.6531887	1.9401156
1332345825082	0.40441114	0.83625984	-1.3638649	1.6501534
1332345825096	0.39755237	0.55412173	-1.2289324	1.4054798
1332345825113	0.38871118	0.19171548	-0.7025051	0.82544816
1332345825137	0.4563378	0.06259012	0.1365242	0.48041707
1332345825140	0.4432843	0.087854385	0.7387848	0.86603826
1332345825142	0.3499499	0.2672968	0.6319456	0.7702388
1332345825143	0.17661384	0.44382334	0.050408363	0.48032552
1332345825148	-0.0765682	0.6957853	-0.6141901	0.93124074
1332345825162	-0.17395252	0.8661711	-1.2056761	1.494713
1332345825179	-0.115358606	0.8764484	-1.7247238	1.9380769
1332345825180	0.021040082	0.8051853	-1.857996	2.0250716
1332345825195	0.07853317	0.6524079	-1.605855	1.7351005
1332345825212	-0.021204963	0.5749397	-1.1254969	1.2640208
1332345825213	-0.12075314	0.3378172	-0.4952097	0.61150175
1332345825229	-0.14156678	0.17615128	0.0494709	0.23133914
1332345825230	0.15211114	0.09035468	0.50895214	0.5388265
1332345825245	0.3681003	0.15923023	0.6481886	0.7622339
1332345825262	0.42803168	0.30410624	0.62411594	0.8156055
1332345825263	0.2535861	0.2900076	0.82956123	0.91464865
1332345825278	0.47269738	0.038705826	0.08752918	0.48228863
1332345825280	0.69300425	0.021407366	-0.1890688	0.71865165
1332345825294	0.6005746	0.0030610561	0.70645046	0.92723864
1332345825311	0.43084502	-0.330256	1.1258583	1.2499013
1332345825312	0.6545925	-0.5071378	1.4621706	1.6803639
1332345825327	1.193264	-0.29208922	1.7937136	2.1740754
1332345825344	1.2619064	0.0014021397	1.8070498	2.2040505
1332345825345	0.9388422	0.21670699	1.3455143	1.6549306
1332345825361	0.6162826	0.35398555	0.8796854	1.1309096
1332345825362	0.5294597	0.33506608	0.72387886	0.95739096
1332345825377	0.5211674	0.3170836	0.87800026	1.0691314
1332345825394	0.35580075	0.22170734	0.95005894	1.0384413
1332345825395	0.19017434	0.20597553	0.8618307	0.9062805
1332345825412	0.33798164	0.11298466	0.9270239	0.9931618
1332345825413	0.56375825	-0.05727005	0.9891691	1.1399819
1332345825427	0.63195837	-0.14782715	0.969862	1.1669861
1332345825443	0.69944197	-0.15868902	0.94761276	1.1884322
1332345825444	0.60938334	-0.089934826	1.1585608	1.3121353
1332345825460	0.67541134	-0.019978285	1.366744	1.5246537
1332345825461	0.7409036	0.051028967	1.5733147	1.7397877
1332345825476	0.7272869	-0.033872366	1.5428238	1.7059891
1332345825493	0.7130375	-0.19624281	1.2754536	1.4743526
1332345825494	0.54105824	-0.20063591	1.1634722	1.2987171
1332345825509	0.36833495	-0.1255951	0.73617935	0.8327093
1332345825510	0.35210717	-0.1282394	0.15120697	0.40408954
1332345825526	0.4922076	-0.20854115	-0.27777576	0.602426
1332345825543	0.6316076	-0.2880242	-0.707777	0.99138004
1332345825567	0.5350327	-0.28829575	-0.66749096	0.90272844
1332345825570	0.35952258	0.026039124	-0.07813358	0.36883515
