Timestamp:	X:	Y:	Z:	Acceleration:
1332346402424	-0.11261606	0.43703365	-0.8392763	0.9529247
1332346402455	-0.27929533	0.28109527	-0.68471813	0.7911127
1332346402456	-0.28887308	0.04661846	-0.76537514	0.8194022
1332346402456	-0.2982769	-0.10949588	-0.84559536	0.9033216
1332346402457	-0.30744374	-0.10882759	-1.0821352	1.1302131
1332346402458	-0.31629592	-0.18686652	-1.3178368	1.3680848
1332346402462	-0.1677857	-0.26516366	-1.4740181	1.5070478
1332346402463	-0.17573684	-0.26523829	-1.6289911	1.6597731
1332346402464	-0.10461557	-0.26554918	-1.7825899	1.8052943
1332346402464	-0.18978053	-0.109101295	-1.8561292	1.868993
1332346402469	-0.3526771	0.047192812	-2.0848107	2.1149573
1332346402479	-0.3577729	0.046422005	-2.1542916	2.1842914
1332346402500	-0.20507485	-0.032859564	-2.1431384	2.1531787
1332346402501	-0.20849663	-0.26908302	-2.2082434	2.2343266
1332346402508	-0.13250965	-0.42677045	-2.270629	2.314184
1332346402518	0.022889853	-0.58436656	-2.3301725	2.4024389
1332346402529	0.10074723	-0.58486557	-2.386674	2.4593556
1332346402538	0.179519	-0.6636512	-2.4400096	2.535016
1332346402552	0.33764398	-0.820647	-2.4900508	2.643448
1332346402569	0.49664778	-1.0557294	-2.5362477	2.7917335
1332346402570	0.73482597	-1.2118645	-2.3436112	2.7388134
1332346402585	0.73809016	-1.2889649	-2.3048224	2.7419724
1332346402602	0.6633883	-1.3652041	-2.1831741	2.6589687
1332346402603	0.43193096	-1.3621161	-2.2153811	2.6362545
1332346402618	0.20050621	-1.3579185	-2.4795299	2.8341162
1332346402619	-0.03109759	-1.2739664	-2.9758382	3.2372165
1332346402634	-0.26306334	-1.188648	-3.2338915	3.4554508
1332346402652	-0.33863336	-1.3368242	-3.252471	3.5327523
1332346402652	-0.33632535	-1.4833556	-3.268571	3.605137
1332346402668	-0.3347144	-1.5494254	-3.4386802	3.7864592
1332346402684	-0.33379078	-1.5349927	-3.7630548	4.0777693
1332346402685	-0.41196358	-1.5186238	-3.9282308	4.231658
1332346402701	-0.4908111	-1.4995124	-3.7756371	4.0920496
1332346402702	-0.49162018	-1.5568994	-3.2285905	3.617931
1332346402717	-0.4143083	-1.4550529	-2.7574234	3.145189
1332346402734	-0.49418753	-1.4293311	-2.361981	2.804668
1332346402735	-0.49565715	-1.3230408	-2.1212811	2.5487146
1332346402751	-0.34009945	-1.2141663	-1.7204342	2.1330168
1332346402752	-0.26280597	-1.0246276	-1.1602645	1.5700772
1332346402766	-0.3420815	-0.9109328	-0.675426	1.1844908
1332346402783	-0.34245133	-0.9527973	0.35953522	1.074412
1332346402784	-0.42071086	-1.2282722	2.2591848	2.6056798
1332346402800	-0.41977328	-1.3448985	3.9246683	4.16989
1332346402801	-0.33966887	-1.3819038	5.11897	5.313086
1332346402816	-0.25879374	-1.260845	5.9199743	6.058284
1332346402833	0.13686585	-0.90322363	6.483811	6.5478506
1332346402833	0.45489818	-0.6232548	7.201423	7.242643
1332346402850	0.538432	-0.73472047	7.5220103	7.5769625
1332346402851	0.38719964	-1.0815217	6.7375402	6.834769
1332346402866	0.47204655	-1.1143161	5.3956966	5.529744
1332346402883	0.557507	-0.51903236	4.593028	4.6557617
1332346402884	0.48638844	0.07610607	4.956105	4.9804964
1332346402899	0.180026	0.35702825	6.404954	6.4174223
1332346402900	0.26604426	0.32346487	8.70336	8.71343
1332346402919	0.5087944	-0.10337281	12.321976	12.332909
1332346402920	0.5157136	-0.5310687	16.630386	16.646854
1332346402931	0.28663576	-1.2740328	20.531174	20.572662
1332346402949	-0.02163899	-2.096973	23.237558	23.331993
1332346402949	-0.25228822	-2.4507062	25.140642	25.261066
1332346402965	-0.16996148	-2.4922986	26.082401	26.201757
1332346402982	0.22521126	-2.143163	25.665932	25.75624
1332346402982	0.22695798	-1.5601506	23.734232	23.786537
1332346402998	-0.47864512	-0.8214526	20.362274	20.384459
1332346403014	-1.1851919	0.07320309	16.804747	16.846647
1332346403015	-1.2647444	1.1240748	13.84561	13.948622
1332346403031	-1.2667298	1.8608216	11.002899	11.230808
1332346403032	-1.3477387	1.7338318	8.286749	8.572793
1332346403047	-0.958219	0.97864795	6.7133207	6.8516135
1332346403064	-0.56875074	-0.012576461	6.8359766	6.859607
1332346403064	-0.5714409	-0.61209786	7.864172	7.908629
1332346403081	-0.5735682	-0.66331375	8.546495	8.591365
1332346403082	-0.5749123	-0.323519	8.342312	8.368355
1332346403096	-0.3396505	-0.06376016	7.4033136	7.411375
1332346403113	-0.024837554	-0.19808173	5.7461777	5.7496443
1332346403114	0.44829887	-0.726574	3.604248	3.7039826
1332346403130	0.5305948	-1.0999316	0.9782734	1.5647361
1332346403131	0.14332771	-1.3180633	-3.1417398	3.4100385
1332346403146	-0.24262369	-1.0669916	-7.8114076	7.887676
1332346403163	-0.6272489	-0.58206207	-10.988584	11.021852
1332346403164	-1.0892591	-0.17696965	-12.431986	12.480868
1332346403180	-1.6286658	-0.32238674	-12.531143	12.640651
1332346403180	-2.6382947	-0.86107135	-11.826698	12.147956
1332346403196	-3.1763847	-1.3219434	-11.334604	11.845262
1332346403212	-3.0072863	-1.3908726	-11.364321	11.837486
1332346403213	-2.1309512	-1.2246287	-11.910921	12.161855
1332346403229	-1.0179867	-0.8229803	-13.362305	13.426272
1332346403230	0.017944336	-0.4996249	-15.401104	15.409217
1332346403245	1.3694015	-0.41134274	-17.476048	17.534443
1332346403262	2.0954099	-0.55769604	-19.736195	19.854952
1332346403263	1.9599502	-0.5463888	-22.577726	22.669224
1332346403279	1.3555169	0.09367728	-25.682365	25.718285
1332346403279	0.9095798	0.891659	-27.87191	27.901
1332346403294	0.77845997	1.4550498	-29.06969	29.116491
1332346403311	0.80513394	1.5487121	-29.264145	29.316154
1332346403312	0.98862314	1.2506031	-27.601654	27.647654
1332346403327	1.171606	0.3252313	-24.543747	24.573847
1332346403347	1.196465	-0.9140422	-20.64923	20.70405
1332346403348	1.2197219	-2.1536207	-16.309092	16.495827
1332346403360	0.84849155	-2.9228563	-12.612932	12.974941
1332346403361	0.16093309	-3.3004725	-10.120169	10.645978
1332346403377	-0.2939809	-3.1295266	-8.987017	9.520864
1332346403394	-0.7519823	-2.645301	-9.451349	9.8433275
1332346403394	-1.0562798	-2.1613913	-11.046287	11.30521
1332346403411	-1.1285094	-1.9912447	-12.83271	13.035223
1332346403412	-1.2038882	-1.9774466	-14.034728	14.224388
1332346403426	-0.81127	-1.805595	-14.501841	14.636314
1332346403443	-0.2642141	-1.5537324	-14.318819	14.405293
1332346403444	0.3591339	-1.4567952	-13.646107	13.728346
1332346403460	0.9022296	-1.5928471	-12.409561	12.543859
1332346403461	1.444236	-1.6482532	-10.464802	10.691802
1332346403476	1.5145197	-1.3871896	-8.127257	8.382743
1332346403493	0.9562638	-0.6522079	-6.103472	6.212261
1332346403494	0.16208291	0.32104504	-4.635099	4.64903
1332346403509	-0.63260823	1.2190163	-3.7228336	3.9680831
1332346403510	-1.11364	2.0404916	-2.749323	3.6003578
1332346403525	-0.8102304	3.0212808	-1.2430964	3.3659916
1332346403543	0.042137057	4.553963	1.1098256	4.6874375
1332346403543	1.5222948	7.5002813	4.066575	8.666524
1332346403559	3.6303706	12.801433	6.055913	14.61952
1332346403560	1.8146464	17.395468	7.3886623	18.98651
1332346403575	-0.78561515	14.688527	8.532965	17.005337
1332346403592	-1.2668478	6.248041	10.506759	12.289625
1332346403593	-2.2974448	-2.3559031	19.66468	19.938108
1332346403608	0.9882244	-6.8099422	32.23663	32.96289
1332346403609	5.6864333	-2.407035	37.70424	38.20653
1332346403624	6.539091	5.907716	37.792133	38.806007
1332346403641	4.409302	8.634976	33.90425	35.26334
1332346403642	2.5146616	7.426038	26.199406	27.347366
1332346403657	1.5608568	6.8319907	19.77124	20.976519
1332346403674	1.4687785	6.8533964	16.342707	17.782307
1332346403675	2.2379375	6.1570106	14.892637	16.269842
1332346403691	2.4544663	4.6613283	13.915278	14.879091
1332346403692	1.0985658	3.5474236	12.011476	12.572454
1332346403707	-0.57489806	3.598434	9.095008	9.797877
1332346403723	-0.91765195	3.9529104	5.9582767	7.208928
1332346403724	-0.8716921	3.512197	3.3865864	4.9562426
1332346403741	-0.9866463	2.511282	1.4570422	3.066428
1332346403741	-0.6335091	1.5815384	0.34316278	1.7379178
1332346403767	-0.048192143	0.48549056	1.0579393	1.1650146
1332346403769	0.0649575	-0.7711512	2.7646325	2.8709035
1332346403773	-0.45119703	-1.7974639	3.810522	4.237279
1332346403790	-0.8896639	-2.2780144	3.418641	4.203327
1332346403791	-1.1712973	-2.3680196	1.8325081	3.2152045
1332346403806	-1.1385266	-2.3796809	-0.39139557	2.6668923
1332346403823	-0.86919886	-2.3110487	-2.5394504	3.541929
1332346403824	-0.51975536	-2.1607418	-4.058176	4.62685
1332346403839	-0.40347397	-1.8481541	-5.0973606	5.4370537
1332346403840	-0.28436887	-1.2140331	-5.334091	5.477889
1332346403855	0.23036563	-0.6493361	-4.763528	4.813097
1332346403872	0.5918491	-0.38810468	-3.6176152	3.6861973
1332346403873	0.40781236	-0.66474795	-2.6761765	2.7874937
1332346403889	0.1492573	-1.0075374	-2.6417174	2.8312683
1332346403890	0.13006258	-0.8666446	-2.9619012	3.0888262
1332346403905	-0.042452693	-0.39921546	-3.556942	3.5795267
1332346403922	0.024471879	-0.231498	-4.264936	4.271284
1332346403923	0.4870292	-0.28680587	-4.539596	4.574646
1332346403938	0.8742598	-0.7218349	-3.8297586	3.9940488
1332346403939	0.95037496	-1.3018532	-1.9793167	2.5525925
1332346403954	0.71491647	-1.7140985	0.1460743	1.8629484
1332346403971	0.40336752	-1.7220659	1.3736467	2.2394469
1332346403972	-0.06367886	-1.4858854	1.693757	2.2540462
1332346403987	-0.45085263	-1.2398806	1.1889849	1.7760228
1332346404004	-0.75871825	-1.1428378	-0.06859875	1.3734764
1332346404005	-0.98764104	-0.9603777	-1.455348	2.0039456
1332346404021	-0.9022996	-0.7701943	-2.5770636	2.8370056
1332346404022	-0.5814762	-0.57475734	-3.285881	3.3860707
1332346404037	-0.10364127	-0.4517212	-3.5800781	3.609952
1332346404053	0.21713185	-0.40403843	-3.6266155	3.655507
1332346404054	0.2239443	-0.35296512	-3.503664	3.528512
1332346404071	-0.0047004223	-0.14197922	-3.3698177	3.3728106
1332346404071	-0.15494907	0.22743726	-3.1511354	3.16313
1332346404086	-0.54070616	0.4413588	-2.9259481	3.0080447
1332346404103	-0.84814745	0.4197743	-2.5417013	2.7121596
1332346404104	-0.99878514	0.16241765	-1.6847191	1.9652556
1332346404120	-0.91411	-0.017264605	-0.74811363	1.1813421
1332346404121	-0.82955676	-0.27723622	0.26529217	0.9140045
1332346404136	-0.74502	-0.46096754	0.88398075	1.2445754
1332346404153	-0.6603564	-0.49038434	0.9503145	1.2568394
1332346404154	-0.5754522	-0.6013138	0.6984768	1.0865512
1332346404169	-0.49013293	-0.6370671	0.20613956	0.8298062
1332346404170	-0.40436423	-0.75471187	-0.13559723	0.8668835
1332346404188	-0.31806862	-0.6403551	-0.24907684	0.7571404
1332346404189	-0.30949438	-0.5295603	-0.37038517	0.7165236
1332346404202	-0.30026138	-0.26511693	-0.4215622	0.58151406
1332346404219	-0.36874747	-0.08239317	-0.48156166	0.6120988
1332346404220	-0.4365052	0.09731412	-0.70752144	0.83701456
1332346404235	-0.50355256	0.27420807	-0.8640766	1.0370071
1332346404252	-0.4912851	0.44835114	-1.1870003	1.360643
1332346404253	-0.47847414	0.54167867	-1.5184216	1.6816533
1332346404268	-0.38659847	0.6327579	-1.5443158	1.7131119
1332346404269	-0.45119333	0.7217715	-0.63618755	1.0626684
1332346404284	-0.75085056	0.73040986	0.5789299	1.1968437
1332346404302	-1.049891	0.57999563	1.2375622	1.7234344
1332346404302	-0.64235234	0.5848272	0.5565319	1.0316818
1332346404317	-0.3129437	0.9802494	0.8120346	1.31081
1332346404334	-0.375632	1.2169716	1.3768625	1.8755985
1332346404335	-0.59504926	0.98118377	0.6035452	1.2965616
1332346404351	-0.6570532	0.5865176	0.76787186	1.1684815
1332346404352	-0.483396	0.4256389	1.4782362	1.6124586
1332346404367	-0.30936313	0.41979003	1.792759	1.8670603
1332346404384	-0.13526666	0.56942534	1.6338263	1.7354914
1332346404384	0.038947582	0.560529	1.3938437	1.502834
1332346404401	-0.021956205	0.54970217	0.91541386	1.0680062
1332346404402	-0.16139412	0.6160655	0.43479824	0.7711253
1332346404416	-0.22235328	0.83794045	-0.2837305	0.91218865
1332346404433	-0.20488983	0.901422	-0.92628574	1.3086431
1332346404434	-0.18764073	0.8067374	-1.3355861	1.5715674
1332346404451	-0.1706199	0.6322558	-1.3547301	1.5047101
1332346404452	0.0028994083	0.53544617	-0.98280525	1.1192038
1332346404466	0.17592865	0.35928535	-0.37655067	0.54938805
1332346404483	0.112992406	0.18219781	0.22891617	0.31363344
1332346404484	-0.10751581	0.082826614	0.5987234	0.61391336
1332346404499	-0.17174622	0.13975286	0.7333288	0.7660279
1332346404500	-0.07977885	0.19624281	0.79012585	0.8180311
1332346404515	0.16833073	0.2525165	0.92637444	0.97481763
1332346404532	0.415583	0.23005223	1.1422253	1.2370577
1332346404533	0.6619491	0.20759153	1.123867	1.3207377
1332346404548	0.67195475	0.26378012	1.0282736	1.2563637
1332346404550	0.5240612	0.3988595	0.77689075	1.0184735
1332346404565	0.29665762	0.4559121	0.3696041	0.6576236
1332346404581	-0.010372758	0.4349947	0.041689873	0.437111
1332346404582	-0.24008691	0.41475558	-0.44245338	0.65224916
1332346404598	-0.3925626	0.31675768	-1.0045042	1.1240416
1332346404600	-0.46777457	0.21954346	-1.173667	1.2823831
1332346404620	-0.46565175	0.35858774	-0.6360502	0.8660119
1332346404620	-0.4646616	0.57691073	0.29444218	0.79714024
