Timestamp:	X:	Y:	Z:	Acceleration:
1332346749913	-0.63220686	0.33516693	-0.96397877	1.2005322
1332346749926	-0.5632846	0.40813732	-0.8040743	1.0632032
1332346749930	-0.33728456	0.24543142	-0.80124474	0.903322
1332346749939	-0.11104894	0.08247256	-1.0337296	1.0429431
1332346749951	0.11555129	-0.0023026466	-1.1088629	1.1148696
1332346749967	0.34266698	-0.16582394	-0.7125263	0.80784404
1332346749983	0.33497104	-0.3295884	-0.15844917	0.49592364
1332346749984	0.09254384	-0.41509295	0.004213333	0.42530492
1332346750001	0.007843077	-0.3438356	-0.38125896	0.5134616
1332346750001	0.08082867	-0.19413567	-0.8441019	0.86990225
1332346750016	0.07610065	-0.27988935	-1.2270279	1.2608436
1332346750033	0.072028786	-0.36545753	-1.5304203	1.575098
1332346750034	0.06861696	-0.60771394	-1.5971193	1.710209
1332346750050	-0.012631446	-0.69261956	-1.5054226	1.6571598
1332346750051	-0.014879286	-0.69853663	-1.2556629	1.4369636
1332346750070	0.061843753	-0.703814	-1.0045938	1.2281643
1332346750070	0.13900146	-0.70832443	-1.0660744	1.2874624
1332346750082	0.37351364	-0.6334331	-1.3614635	1.5473632
1332346750099	0.6083604	-0.47901273	-1.4983377	1.6865858
1332346750100	0.6865174	-0.40189123	-1.6335988	1.8169942
1332346750115	0.45093563	-0.48046684	-1.7672887	1.8861338
1332346750132	-0.020008743	-0.71465564	-1.7424121	1.8833833
1332346750133	-0.33403715	-1.1042938	-1.8726115	2.1994817
1332346750149	-0.33430445	-1.3355244	-1.9226236	2.3647127
1332346750150	-0.020887345	-1.4084057	-1.8140979	2.2967355
1332346750165	0.13529423	-1.4014336	-1.6255679	2.150533
1332346750182	0.21264255	-1.3926572	-1.5916972	2.1256084
1332346750183	0.13276014	-1.3824316	-1.6347909	2.1450603
1332346750198	-0.10436945	-1.213541	-2.0684505	2.4004295
1332346750199	-0.42024666	-0.96442866	-2.735804	2.9311013
1332346750214	-0.5793934	-0.87060523	-3.5586114	3.7090921
1332346750231	-0.58182627	-0.7746718	-4.457794	4.56186
1332346750232	-0.7413759	-0.67683697	-5.041238	5.1402164
1332346750247	-0.8224919	-0.73427033	-4.9166856	5.0387936
1332346750264	-0.7465908	-0.8681822	-4.711143	4.8482995
1332346750265	-0.59200144	-1.0005795	-4.58188	4.7270765
1332346750281	-0.28005153	-0.9740714	-4.2134914	4.333677
1332346750282	-0.046062976	-1.0248058	-3.6851568	3.8252752
1332346750297	0.18869638	-1.309327	-3.1520677	3.4184024
1332346750313	0.34569067	-1.6715977	-2.61586	3.123534
1332346750314	0.50357735	-1.797425	-2.2321248	2.909761
1332346750331	0.66242886	-1.6082566	-2.0001698	2.6506565
1332346750331	0.82207316	-1.4969436	-1.8427372	2.512434
1332346750346	0.82561564	-1.541482	-1.4443793	2.2680476
1332346750363	0.75118893	-1.4286016	-0.6505246	1.7402211
1332346750364	0.5986941	-1.3149171	0.2255969	1.462305
1332346750380	0.36794305	-1.1216967	0.94872475	1.5144848
1332346750381	0.37255844	-0.77096593	1.7521672	1.9501996
1332346750396	0.5338488	-0.34113717	2.792345	2.8633127
1332346750413	0.6161541	-0.3027749	3.5983038	3.6632102
1332346750414	0.6977798	-0.8130846	4.1685867	4.3040814
1332346750429	0.7785386	-1.322729	5.0514827	5.2795086
1332346750430	0.9368327	-1.5182351	6.2452393	6.4950523
1332346750445	1.4079918	-1.5567541	7.199114	7.4988775
1332346750462	1.9562131	-1.8302796	7.9117208	8.352964
1332346750463	2.189234	-2.4179428	9.323316	9.877419
1332346750479	2.3422163	-2.9271674	12.216823	12.779086
1332346750494	2.2580552	-3.3579972	16.198248	16.696054
1332346750498	1.7012166	-3.8674438	19.696726	20.144783
1332346750499	0.828066	-3.9840634	21.53167	21.91281
1332346750511	0.2665673	-3.864912	21.70251	22.04558
1332346750528	0.48720327	-3.5879006	20.833584	21.14589
1332346750529	1.0974658	-3.3095615	19.07908	19.395075
1332346750544	1.3910513	-3.0294614	17.299599	17.617855
1332346750561	1.446278	-2.432918	16.589256	16.82897
1332346750562	1.6558945	-1.8337265	17.18277	17.359497
1332346750577	1.7063541	-1.4673553	18.060223	18.199902
1332346750594	1.3619363	-1.2544622	18.11734	18.211716
1332346750595	1.0155835	-0.56778944	17.200714	17.240023
1332346750611	0.8237077	0.27982557	15.459122	15.48358
1332346750611	0.78712744	0.89462185	13.528513	13.580891
1332346750627	0.9053127	1.1989418	11.871463	11.966147
1332346750643	1.7288129	1.0336756	10.89435	11.078996
1332346750644	2.4725091	0.3205582	10.277592	10.575677
1332346750660	2.2731504	-0.47003782	8.922032	9.219046
1332346750661	1.6022286	-0.9471189	7.2291136	7.464868
1332346750676	1.2441323	-0.87544215	5.508214	5.714428
1332346750693	0.9640824	-0.7271798	3.9284115	4.109825
1332346750694	0.36939454	-0.5026656	2.09653	2.1873643
1332346750710	-0.14776939	-0.28071404	-0.3010788	0.43736097
1332346750711	-0.42969573	0.09500539	-3.3307343	3.359681
1332346750726	-0.47641718	0.54579324	-6.4409986	6.4816146
1332346750742	-0.52340186	0.7575258	-9.159141	9.205305
1332346750743	-0.7269882	0.7300209	-11.320181	11.366967
1332346750759	-1.0087143	0.46303213	-12.451692	12.501061
1332346750760	-1.05403	-0.043542236	-12.389419	12.43425
1332346750775	-0.7839321	-0.4758114	-11.441381	11.478073
1332346750792	-0.43367356	-0.67724925	-9.995907	10.028205
1332346750793	-0.47351187	-0.72594845	-9.38182	9.42177
1332346750808	-0.6676209	-0.70044386	-10.222128	10.267825
1332346750809	-0.7802131	-0.6005221	-12.277704	12.317118
1332346750824	-0.654097	-0.50428826	-15.232586	15.254961
1332346750842	-0.838143	-0.17642125	-18.29467	18.314709
1332346750842	-1.0970576	0.3838996	-21.232304	21.264093
1332346750858	-1.1951098	0.86295974	-23.727455	23.773201
1332346750874	-1.5246979	1.0257394	-25.701672	25.76728
1332346750875	-1.9289303	1.0295753	-27.391209	27.47834
1332346750891	-1.8577719	1.0313456	-28.314442	28.394058
1332346750892	-1.5473629	1.1100419	-27.539845	27.605608
1332346750907	-1.468343	1.030236	-24.90636	24.970867
1332346750924	-1.5421628	0.79196864	-21.74676	21.815752
1332346750940	-1.61205	0.39533308	-19.005278	19.07762
1332346750941	-1.5991956	-0.15980172	-17.53984	17.61332
1332346750941	-1.5823452	-1.0303124	-16.64797	16.75471
1332346750948	-1.6402581	-1.7452023	-15.863142	16.042925
1332346750958	-1.6945362	-1.9119732	-14.794722	15.01369
1332346750975	-1.3527944	-1.451983	-13.757824	13.900217
1332346750990	-0.7720752	-0.83582056	-12.754944	12.805596
1332346750991	-0.1881864	-0.53392124	-11.478865	11.492816
1332346751006	0.16342008	-0.23195547	-10.166682	10.170641
1332346751023	0.2825129	0.07051507	-9.293503	9.298063
1332346751024	0.40387774	0.45236075	-8.711375	8.732457
1332346751040	0.13507795	0.6784837	-8.184786	8.21397
1332346751040	-0.211267	0.74897873	-7.5726385	7.6125197
1332346751055	-0.4001031	0.50701	-6.721347	6.7523065
1332346751072	-0.43156052	0.4236003	-5.394925	5.4287105
1332346751073	-0.7772452	0.4201305	-4.15075	4.243742
1332346751089	-1.3591554	0.8103872	-2.9154048	3.31717
1332346751090	-1.8637471	1.8296512	-1.4577603	2.9910269
1332346751105	-2.055962	2.8498223	-0.41138935	3.5380373
1332346751122	-2.4066393	4.420144	-0.4038372	5.0490265
1332346751123	-1.738844	10.3856945	-1.6779943	10.663109
1332346751138	-2.799263	17.8422	0.15892172	18.061153
1332346751139	-3.4687817	14.153469	3.3772593	14.958577
1332346751154	-0.6079918	3.4778192	4.129063	5.432683
1332346751171	1.1533473	-2.2582757	10.966695	11.256039
1332346751172	1.2659247	-6.11662	25.223173	25.985073
1332346751187	2.8693714	-6.686795	34.888863	35.639576
1332346751215	3.6093476	-0.51644856	37.13681	37.31537
1332346751216	2.2299895	3.1340847	30.160355	30.404644
1332346751217	2.2628627	2.537243	20.309711	20.592293
1332346751220	4.335105	3.346267	16.767778	17.639416
1332346751237	3.3449776	3.5204678	18.271143	18.905481
1332346751253	0.5474957	2.9825263	18.146935	18.398544
1332346751254	-1.5467793	2.8310888	16.074312	16.39485
1332346751270	-2.703142	2.7530618	13.935951	14.460189
1332346751271	-3.392691	2.4362557	12.837906	13.500278
1332346751286	-3.0666735	2.3510435	13.086939	13.645507
1332346751303	-1.5675939	2.4989955	13.5944805	13.910868
1332346751304	-0.15101884	2.0167189	13.573281	13.723117
1332346751320	0.4770443	0.7470685	12.785239	12.815928
1332346751321	0.710188	-0.2879132	11.246782	11.27286
1332346751336	0.7843007	-0.77428913	9.114843	9.181232
1332346751353	0.54283905	-1.1827886	6.3117914	6.4445615
1332346751367	0.14324686	-1.5125983	3.4724238	3.790277
1332346751379	-0.2572257	-1.6846876	0.8353925	1.897951
1332346751381	-0.42271286	-1.7761109	-1.5069046	2.3672805
1332346751382	-0.66702175	-1.9434072	-3.3190486	3.9035666
1332346751388	-0.5190611	-1.8718063	-4.2029276	4.6300845
1332346751402	-0.057085395	-1.8743286	-4.072893	4.4838405
1332346751418	0.24823594	-1.8716545	-3.6291034	4.090856
1332346751419	0.2401478	-1.7845294	-3.4137	3.8594773
1332346751435	0.31121787	-1.4552891	-3.1851535	3.5156686
1332346751452	0.30463743	-1.1183664	-2.7045422	2.942464
1332346751452	0.22039732	-0.77396905	-2.2772055	2.415216
1332346751468	0.058541358	-0.34296656	-2.5269427	2.5507827
1332346751484	0.05447796	0.017760515	-2.978907	2.9794583
1332346751485	-0.027310103	0.15093589	-3.237986	3.2416172
1332346751501	0.12714589	0.05772996	-3.2997122	3.3026655
1332346751502	0.28222436	-0.18518853	-3.0867605	3.1051626
1332346751517	0.2024551	-0.6561971	-2.7536316	2.8379693
1332346751534	0.04471302	-0.9635998	-1.907939	2.1379323
1332346751535	-0.034143478	-0.87288654	-1.1004515	1.4050232
1332346751551	-0.034152	-0.5407212	-0.720376	0.90138084
1332346751552	-0.1908744	-0.28242326	-0.53689384	0.6359646
1332346751566	-0.34739146	-0.17630553	-0.78318787	0.8747272
1332346751583	-0.34684977	-0.22463441	-1.4705219	1.5274817
1332346751584	-0.26772684	-0.42672634	-2.3584614	2.4116619
1332346751600	-0.110031545	-0.39076066	-3.2925406	3.3174725
1332346751601	-0.1877001	-0.11809945	-4.0453987	4.0514727
1332346751616	-0.26526207	0.23400974	-4.3042192	4.31873
1332346751633	-0.2642026	0.3513217	-4.2273006	4.2500944
1332346751634	-0.10602242	0.46867514	-3.9752207	4.0041575
1332346751650	-0.026111305	0.6642642	-3.7840328	3.8419828
1332346751651	-0.02449727	0.8587892	-3.7387142	3.8361573
1332346751666	0.05581519	1.0519156	-3.7618818	3.9065838
1332346751682	-0.020567745	1.086359	-3.6180725	3.777704
1332346751683	-0.2536757	1.1186416	-3.2318878	3.4294035
1332346751699	-0.4080776	0.99141836	-2.5263786	2.7444537
1332346751700	-0.32685882	0.78288984	-1.7396154	1.9354625
1332346751715	-0.24544354	0.49266434	-1.0289297	1.1669006
1332346751731	-0.32074422	0.2772144	-0.55121994	0.6953906
1332346751732	0.07501772	0.21522856	-1.7226429	1.7376564
1332346751748	0.39252216	0.5418663	-2.2677898	2.3644373
1332346751749	0.23936275	1.1786938	-1.6386623	2.0326898
1332346751764	-0.14904788	1.2625996	-1.9554958	2.332453
1332346751782	-0.06633702	0.8715471	-1.6484814	1.865874
1332346751796	0.016472518	0.47718596	-0.6408777	0.7991884
1332346751810	-0.057602376	0.23628783	0.12531471	0.27359414
1332346751811	0.103753686	0.14942789	0.4923706	0.5249022
1332346751812	0.26508403	0.29488015	0.46013737	0.60741276
1332346751818	0.19089895	0.515952	0.028244019	0.5508598
1332346751830	0.27355012	0.57752967	-0.25427246	0.68776786
1332346751847	0.35602272	0.5583379	0.0047035217	0.66220504
1332346751865	0.20281169	0.6941755	0.2556162	0.7670409
1332346751865	0.049292088	0.8283849	0.18443584	0.8500987
1332346751881	0.13082433	0.7255559	0.34026814	0.8119906
1332346751882	0.21192306	0.6217172	0.5665026	0.867392
1332346751896	0.37098378	0.7522557	0.47045517	0.96168894
1332346751913	0.45107952	0.80395484	0.21002483	0.9454769
1332346751914	0.60909474	0.77675486	0.177392	1.002902
1332346751930	0.6879853	0.67063665	0.3724413	1.0304319
1332346751931	0.687818	0.48611856	0.7178869	1.1066917
1332346751946	0.5300367	0.38018894	1.2923746	1.4476583
1332346751963	0.4499323	0.19578648	1.9387836	1.9999133
1332346751964	0.44749025	0.011598349	2.1869183	2.232262
1332346751980	0.52264595	-0.015316963	1.8016739	1.8760123
1332346751981	0.43993285	0.03670001	0.9404049	1.0388691
1332346751995	0.43482524	0.16782975	-0.003985405	0.46610698
1332346752012	0.3501787	0.14262223	-0.79645157	0.88164693
1332346752013	0.18607363	0.19671464	-0.6515999	0.705622
