Timestamp:	X:	Y:	Z:	Acceleration:
1332349013797	0.12675309	0.60379434	-0.996438	1.1719738
1332349013809	-0.037133917	0.61603594	-0.61495495	0.87123406
1332349013809	-0.12258239	0.3931675	-0.31269646	0.517094
1332349013810	-0.12957999	0.24894166	-0.089390755	0.2945397
1332349013811	-0.13657683	0.261631	0.055273056	0.3002651
1332349013811	-0.22201408	0.2740686	-0.03538227	0.35447955
1332349013812	-0.15039662	0.20757318	-0.36110592	0.44283545
1332349013815	-0.15709226	0.21891522	-0.68623734	0.7372405
1332349013817	-0.1635638	0.30793142	-0.61819935	0.7097502
1332349013840	-0.3266846	0.39601803	-0.47076988	0.6965468
1332349013840	-0.41095057	0.40451503	-0.55765724	0.802181
1332349013841	-0.3378142	0.4119153	-0.7218771	0.8971618
1332349013848	-0.18567269	0.41806436	-0.7277765	0.85959923
1332349013858	-0.11141285	0.26593518	-0.5752449	0.6434602
1332349013868	-0.1149725	0.112458944	-0.49965096	0.5248969
1332349013878	-0.11781052	0.11455417	-0.42241955	0.45325518
1332349013888	-0.041416302	0.036791086	-0.42199516	0.42561582
1332349013898	-0.12120631	0.114620686	-0.49833298	0.52551365
1332349013913	-0.043195978	0.19101572	-0.49430656	0.53168774
1332349013930	-0.042893186	0.10919428	-0.41008186	0.42653295
1332349013931	-0.041914925	-0.052143574	-0.40285587	0.4083732
1332349013946	-0.040164575	-0.057692528	-0.39384174	0.40006617
1332349013963	-0.11637047	-0.14244103	-0.54061985	0.57105285
1332349013979	-0.11133149	-0.15318632	-0.7580919	0.7813861
1332349013980	-0.027651861	-0.32090926	-0.97529316	1.0271047
1332349013995	-0.022310361	-0.48854232	-1.0352011	1.1449072
1332349014012	-0.016876057	-0.81289315	-1.1732826	1.4274706
1332349014013	-0.01138863	-0.97988725	-1.3895063	1.7003049
1332349014029	-0.005895436	-1.1463096	-1.6053514	1.972616
1332349014030	0.07799159	-1.2335023	-1.9779572	2.3323648
1332349014045	0.0048034936	-1.2412602	-2.5856352	2.8681457
1332349014062	0.009953767	-1.2478045	-3.19269	3.4278834
1332349014063	0.014910728	-1.2529334	-3.7990265	4.0003333
1332349014078	0.019638553	-1.17788	-4.404298	4.5591254
1332349014079	0.024096832	-1.1010412	-5.008409	5.128063
1332349014095	0.028259292	-0.86529374	-5.3755546	5.444825
1332349014112	-0.12486531	-0.5485139	-5.582954	5.611224
1332349014113	-0.3568046	-0.3079524	-5.63072	5.650412
1332349014128	-0.5890868	0.013449192	-5.2826943	5.3154554
1332349014129	-0.8217075	0.33731103	-4.5379624	4.624077
1332349014144	-0.89766204	0.34943104	-3.6317692	3.7573457
1332349014161	-0.97385895	0.12877011	-2.6402497	2.8170733
1332349014162	-0.89321756	-0.32552052	-1.6431365	1.8983411
1332349014178	-0.5771094	-0.69959617	-0.5609083	1.0663527
1332349014179	-0.10385238	-1.1507815	0.7633295	1.3848305
1332349014194	0.21277425	-1.3655742	2.09344	2.508497
1332349014211	0.37304163	-1.3437918	2.8032932	3.1310365
1332349014212	0.45541254	-1.1644799	2.576356	2.863743
1332349014227	0.3814605	-0.9846957	1.6472006	1.9566317
1332349014243	0.38661045	-0.88299143	0.48546505	1.0792673
1332349014244	0.39227206	-0.7810104	-0.75362587	1.1540393
1332349014266	0.4769351	-0.75699615	-1.9920626	2.1837637
1332349014268	0.56191576	-0.81111443	-3.2316837	3.3789697
1332349014276	0.56853986	-0.7865349	-3.9244928	4.0427117
1332349014293	0.5751518	-0.8401196	-3.8356829	3.968509
1332349014294	0.5030859	-0.6579857	-3.0443087	3.1549733
1332349014310	0.35215634	-0.3186412	-2.256947	2.3063731
1332349014311	0.2791379	0.020976543	-1.6305237	1.6543777
1332349014326	0.2838744	0.2037766	-0.6940479	0.7770535
1332349014343	0.20923024	0.07283378	0.9451966	0.97081345
1332349014343	0.13363883	-0.607576	3.2088661	3.2686129
1332349014360	0.13534334	-1.2094545	5.5479865	5.679899
1332349014361	0.37144807	-1.4193438	7.883851	8.019203
1332349014376	0.606289	-1.3940765	9.66695	9.785753
1332349014392	0.7616794	-1.4479356	10.504268	10.630913
1332349014393	0.6020432	-1.6592574	10.316289	10.466204
1332349014410	0.44123155	-1.7924595	9.258446	9.440679
1332349014411	0.2793758	-1.6905764	8.428232	8.600651
1332349014425	0.19486918	-1.4318371	8.608234	8.728679
1332349014442	0.030935168	-1.0946945	9.954721	10.014779
1332349014443	0.5722889	-0.75728	12.3081665	12.344713
1332349014460	1.269534	-1.0471085	14.645859	14.738023
1332349014460	1.7305758	-1.6504166	16.733446	16.903461
1332349014475	1.8768011	-1.7819772	18.096283	18.280407
1332349014492	2.179256	-1.4419312	19.127438	19.305107
1332349014493	2.3238971	-1.2579129	20.45222	20.622225
1332349014509	2.1535378	-0.99421406	21.596497	21.726362
1332349014509	1.7466446	-0.41556633	21.854862	21.928486
1332349014525	1.2601006	0.08549976	20.91381	20.951912
1332349014542	0.9287152	0.5094919	19.001373	19.030878
1332349014542	0.83092374	0.77765477	16.58926	16.62825
1332349014558	0.9666074	0.8113034	14.0691395	14.125624
1332349014559	0.8647937	0.92410684	11.597097	11.665955
1332349014574	0.44716918	1.2725602	9.489288	9.584673
1332349014591	0.027007878	1.7782239	8.28608	8.474782
1332349014592	-0.31637323	1.8908652	7.5277195	7.768013
1332349014608	-0.5046114	1.2961901	6.584235	6.7295537
1332349014609	-0.53745234	0.5430199	5.379737	5.433718
1332349014624	-0.33574554	0.180179	4.000885	4.0189886
1332349014640	0.021674037	0.3640442	1.890605	1.9254571
1332349014641	0.22208029	0.8590152	-0.85636234	1.2331194
1332349014657	0.5009657	1.0367435	-3.7714157	3.9432702
1332349014658	0.85864997	0.8969101	-5.988599	6.1159663
1332349014674	0.9817715	0.28270245	-6.870955	6.946497
1332349014689	0.71339107	-0.33565676	-7.204641	7.2476506
1332349014690	0.2893864	-0.8790796	-8.312784	8.364143
1332349014698	0.023781419	-1.5045227	-9.406167	9.525762
1332349014708	-0.083390296	-2.2905538	-9.382235	9.658154
1332349014724	-0.18902344	-2.9228363	-8.628276	9.111852
1332349014740	-0.2930733	-2.694586	-8.5525255	8.971754
1332349014741	-0.6309371	-2.311565	-10.17121	10.449638
1332349014756	-0.96711576	-2.165567	-13.244814	13.455485
1332349014773	-0.8306561	-2.255742	-16.907011	17.077042
1332349014774	-0.45692757	-2.1888034	-20.763596	20.883642
1332349014790	-0.23819482	-1.4930458	-24.261728	24.308792
1332349014791	-0.48833916	-0.5601474	-27.009445	27.019667
1332349014806	-1.1286232	0.061463237	-28.528595	28.550978
1332349014823	-1.6098601	0.13650525	-29.217068	29.261703
1332349014824	-1.5396614	0.05764389	-28.525337	28.566917
1332349014840	-1.0745157	-0.095581055	-26.360748	26.38281
1332349014841	-0.7640649	-0.40233386	-23.438515	23.454416
1332349014855	-0.45093918	-0.70516855	-20.533264	20.550318
1332349014872	-0.1354639	-1.0834478	-17.812073	17.845507
1332349014873	0.18262565	-1.5370462	-15.974976	16.049788
1332349014889	0.5820188	-1.9089346	-14.702571	14.837398
1332349014890	0.66968167	-2.357057	-13.460879	13.682085
1332349014905	0.36716336	-2.5674229	-12.482385	12.748976
1332349014922	0.06680846	-2.5399103	-12.000329	12.266357
1332349014923	-0.31042016	-2.431901	-11.868429	12.118998
1332349014939	-0.607669	-2.1645217	-11.691274	11.905474
1332349014940	-0.6686628	-1.8953319	-11.485111	11.659638
1332349014955	-0.8075978	-1.7027197	-10.861805	11.024077
1332349014972	-0.9460491	-1.6645699	-10.211069	10.38902
1332349014973	-1.084315	-1.7026432	-9.463703	9.676591
1332349014988	-1.3010269	-1.7384821	-8.625341	8.8944645
1332349014989	-1.3608537	-1.5367901	-7.3884063	7.6682587
1332349015004	-1.2638744	-1.0193937	-5.995457	6.2114453
1332349015021	-1.2453363	-0.4210999	-4.8372087	5.0126615
1332349015022	-1.3837937	0.4927479	-3.5310125	3.8243606
1332349015038	-1.9930077	1.5651951	-2.079628	3.2782261
1332349015039	-2.6019986	2.2464533	-1.2726626	3.6655993
1332349015054	-2.4258926	3.1637125	-1.1150069	4.139719
1332349015071	0.73334175	6.043816	-3.7250679	7.1373405
1332349015072	3.5793693	12.454895	-3.615747	13.453993
1332349015087	-2.5988061	14.705099	3.3704977	15.308625
1332349015088	-9.325228	7.6918855	7.892237	14.436495
1332349015109	-7.1039305	0.831276	12.145194	14.094771
1332349015109	-2.7624216	-2.661213	25.623838	25.909344
1332349015120	0.08945358	-4.5139303	35.769768	36.05357
1332349015137	1.2169043	-0.09810147	37.322468	37.34243
1332349015153	2.0331056	4.228632	34.28158	34.60118
1332349015154	3.3232138	5.4837985	28.605026	29.3149
1332349015170	2.7334228	6.570163	25.071762	26.062077
1332349015171	1.4396312	7.5685196	24.154097	25.353016
1332349015186	0.06939787	7.693613	22.156418	23.45428
1332349015203	-1.9273524	7.3377886	17.897068	19.438696
1332349015204	-4.237765	6.89437	12.712229	15.069563
1332349015220	-5.5279145	6.2042036	8.3950405	11.812141
1332349015221	-5.092235	5.2684994	5.8156295	9.3546505
1332349015236	-3.6369576	4.0850687	4.8865647	7.334423
1332349015253	-2.4966116	2.81479	4.6887245	6.0116763
1332349015254	-1.7490633	1.3771673	4.8233843	5.31233
1332349015270	-0.84431875	0.0068838596	5.8402505	5.90097
1332349015271	0.13915822	-1.2145479	7.3639827	7.464766
1332349015285	0.49594176	-2.1319504	7.2707415	7.5930796
1332349015303	0.5395182	-2.584283	4.7947483	5.4735007
1332349015303	0.42721647	-2.96376	0.80080223	3.0996244
1332349015319	0.15899324	-3.4258132	-3.370999	4.8088574
1332349015320	-0.030282617	-3.731995	-6.453666	7.4551
1332349015335	0.016327798	-3.4103026	-7.816702	8.528262
1332349015352	0.2201283	-2.694431	-7.847643	8.300236
1332349015353	0.34510088	-2.1311636	-6.8513284	7.1834292
1332349015369	0.6264446	-1.875605	-5.6073523	5.945816
1332349015370	0.9064569	-1.3762336	-4.262831	4.570275
1332349015385	1.0278758	-0.7100427	-3.5190372	3.7342083
1332349015402	0.8334698	-0.42481685	-3.5281963	3.650111
1332349015402	0.7151941	-0.36314678	-3.893777	3.9755347
1332349015418	0.75116485	-0.36634827	-3.9044356	3.9928782
1332349015419	0.86261237	-0.5922041	-3.245635	3.410125
1332349015434	1.1277559	-0.9622979	-2.5438032	2.9442801
1332349015451	1.4675832	-1.318116	-2.1074219	2.8865995
1332349015452	1.9607434	-1.5051085	-1.4707317	2.876268
1332349015468	2.3714557	-1.5230721	-0.5535803	2.8722816
1332349015469	2.542637	-1.5297719	0.95632076	3.1176522
1332349015484	2.4743254	-1.6834947	2.505844	3.903293
1332349015501	2.322607	-1.7476281	3.1571589	4.2914286
1332349015502	2.3235126	-1.8034399	2.5868702	3.9170146
1332349015517	2.3193984	-1.7721691	0.9520893	3.0702877
1332349015533	2.2321963	-1.5772222	-0.8911867	2.874812
1332349015534	2.218748	-1.4547613	-2.5542479	3.682846
1332349015545	2.121307	-1.2475128	-3.488452	4.269137
1332349015550	2.0191658	-1.2712923	-3.857771	4.5360346
1332349015568	1.7547586	-1.2121199	-3.8204641	4.375427
1332349015569	1.5640626	-1.0712223	-3.773284	4.2227335
1332349015583	1.3685812	-0.77064276	-3.7184649	4.036568
1332349015600	1.1680787	-0.31065702	-3.4219685	3.6291575
1332349015601	1.0417807	-0.0062572956	-3.043642	3.2170022
1332349015616	0.9900999	0.14186502	-2.663725	2.8453214
1332349015633	0.93505824	0.21149278	-2.2837362	2.4767952
1332349015634	0.798933	0.35878515	-1.9052172	2.0968723
1332349015650	0.816673	0.5051925	-1.3709841	1.6738493
1332349015651	0.5972268	0.4927268	-0.6043711	0.9822036
1332349015666	0.37574553	0.47808242	0.31625748	0.685395
1332349015683	0.23252875	0.53882384	0.9181442	1.0896741
1332349015684	0.24596466	0.753078	1.4366598	1.6406146
1332349015700	0.33781335	0.72800636	1.8713951	2.0362296
1332349015701	0.43071556	0.5418019	2.064416	2.1773558
1332349015716	0.44601014	0.35088444	2.2507687	2.3212075
1332349015733	0.30632743	0.23388815	2.1943254	2.2279148
1332349015734	0.32571194	0.2688849	1.5019789	1.5602332
1332349015749	0.34744096	0.37712145	0.4868927	0.707107
1332349015750	0.3719768	0.48056698	-0.3800764	0.7167771
1332349015765	0.32101935	0.57919335	-0.8639574	1.0885499
1332349015782	0.03775227	0.7513852	-1.2007093	1.416936
1332349015783	-0.32074058	0.8404429	-1.3116779	1.5905087
1332349015799	-0.44043082	0.7677945	-1.1970978	1.4888018
1332349015800	-0.24289984	0.6913438	-1.0907011	1.313996
1332349015815	0.03648448	0.45411754	-2.0909986	2.1400535
1332349015832	0.47619772	0.2918483	-2.7060218	2.7630587
1332349015833	0.6054795	0.51833653	-1.7582717	1.9304916
1332349015849	0.34573233	0.5846894	-0.580637	0.89360607
1332349015849	0.16764134	0.56988883	0.20036411	0.6269152
1332349015865	0.14944041	0.39592075	0.82138443	0.9239903
1332349015881	0.13419378	0.3765688	1.2044897	1.2690971
1332349015882	0.12156862	0.27691412	1.2722178	1.307669
1332349015898	0.4252383	0.17577004	1.3391628	1.4160084
1332349015900	0.8095013	0.073476315	1.6412611	1.8315101
1332349015914	1.1171272	0.048852205	1.7079477	2.0414321
1332349015931	1.0340011	0.023584843	1.7747984	2.0541723
1332349015932	0.8737222	0.15497828	1.6849031	1.9042866
1332349015948	0.7144513	0.28633952	1.3597031	1.5624415
1332349015949	0.47733635	0.33952165	0.8775549	1.055096
1332349015970	0.24051958	0.4717598	0.3952589	0.66078484
1332349015971	0.16065943	0.60464215	0.0694294	0.62946326
1332349015981	0.15903044	0.7384286	-0.099965096	0.7619452
1332349015997	0.23538786	0.71622634	-0.034672737	0.75471175
1332349016013	0.23263162	0.5381141	0.029857635	0.58700573
1332349016014	0.15061319	0.28257513	0.015081406	0.32056278
1332349016031	0.14622563	-0.050408363	0.23499203	0.2813258
1332349016032	0.1409775	-0.30391097	0.76820946	0.83808255
1332349016047	0.1348905	-0.32100773	1.3009624	1.3467535
1332349016049	-0.028984487	-0.25868487	1.8333511	1.8517382
1332349016063	0.04187846	-0.038454533	1.973136	1.9739549
1332349016080	-0.04505527	0.10425758	1.5631456	1.5672663
1332349016082	-0.05406183	0.16948771	0.76051044	0.7810409
1332349016097	-0.063678086	0.23576641	0.11424351	0.26961505
1332349016113	-0.2305221	0.3815422	-0.45391655	0.63620365
1332349016114	-0.16213936	0.4498651	-0.78723526	0.9210902
1332349016130	-0.32930946	0.20527077	-0.41492462	0.5681049
1332349016132	-0.65343565	-0.1168468	0.113648415	0.67345923
