Timestamp:	X:	Y:	Z:	Acceleration:
1332349381272	0.037035286	0.34457946	0.30011463	0.45844892
1332349381291	0.18489963	0.10468793	0.3015194	0.36886498
1332349381293	0.17545587	-0.05693674	0.14647675	0.23554616
1332349381295	0.08722907	-0.061836958	-0.24339676	0.26584715
1332349381314	0.0772714	0.08999753	-0.71112347	0.7209487
1332349381327	0.06719425	0.16315317	-0.70736027	0.7290353
1332349381330	-0.02139929	0.15766549	-0.23213005	0.2814262
1332349381332	-0.10995075	0.15205097	0.08672047	0.20671019
1332349381353	-0.119904876	0.14634156	0.1707201	0.2548301
1332349381356	-0.12964627	0.06210327	0.09831238	0.17415595
1332349381370	-0.13910112	-0.022162676	0.026442528	0.14331612
1332349381372	-0.14821744	-0.18495488	-0.12332344	0.26718044
1332349381374	-0.07838479	-0.2691939	-0.35128784	0.4494582
1332349381404	-0.008021772	-0.35336423	-0.57895947	0.6783249
1332349381404	-0.015540242	-0.28045893	-0.8849001	0.92841095
1332349381405	-0.022405803	-0.2073698	-1.2691822	1.2862067
1332349381408	-0.18554118	-0.29098296	-1.496398	1.5356768
1332349381409	-0.34795645	-0.45273829	-1.7234788	1.8156059
1332349381410	-0.35267302	-0.5355933	-1.7933812	1.9045877
1332349381411	-0.43513072	-0.69643307	-1.7844701	1.9643551
1332349381412	-0.35986885	-0.9351721	-1.9319901	2.1763818
1332349381413	-0.36229476	-1.1732261	-2.3141623	2.619745
1332349381418	-0.2854573	-1.3320377	-2.6168914	2.9502425
1332349381428	-0.28620666	-1.4898694	-2.6042123	3.0138922
1332349381438	-0.2861175	-1.5681691	-2.5114636	2.9746373
1332349381448	-0.206698	-1.6452413	-2.5737548	3.061659
1332349381458	-0.047931224	-1.6423829	-3.1830907	3.582148
1332349381470	0.033203006	-1.6378758	-3.9467597	4.273248
1332349381486	0.03664744	-1.6315696	-4.4721627	4.7606306
1332349381503	0.040884912	-1.7801037	-4.6802573	5.0075192
1332349381504	0.124249816	-1.769578	-5.0419765	5.3449388
1332349381520	0.44369167	-1.4426386	-5.3210526	5.5309734
1332349381521	0.8421749	-1.0344572	-5.0459256	5.219265
1332349381536	1.005705	-0.85854936	-4.3724875	4.5680623
1332349381553	1.0908942	-0.75891256	-3.6163	3.8527424
1332349381554	1.097643	-0.7349851	-2.618801	2.9331114
1332349381569	1.1042233	-0.7080476	-1.3789477	1.9031913
1332349381570	0.87491703	-0.835866	0.023377419	1.2102472
1332349381585	0.48794398	-1.1184175	0.96080685	1.5530927
1332349381602	0.25692645	-1.3986537	1.2769222	1.9112232
1332349381603	0.26013136	-1.5985175	1.0491962	1.9296993
1332349381619	0.026440024	-1.7965959	0.66956615	1.9174918
1332349381620	-0.13025033	-1.7579871	0.2931471	1.787014
1332349381635	-0.13151094	-1.4828972	-0.15972328	1.497261
1332349381652	-0.055893183	-0.971323	-0.8468585	1.289869
1332349381653	0.096508056	-0.69395995	-1.4549565	1.6148663
1332349381669	-0.066512644	-0.572634	-1.7500591	1.8425636
1332349381669	-0.15231335	-0.29375243	-1.7334146	1.7647142
1332349381685	-0.1606833	-0.093016624	-1.3274093	1.3403308
1332349381706	-0.013225347	-0.2839923	-0.5321717	0.6033517
1332349381708	0.36895597	-0.71041703	0.573009	0.98445934
1332349381718	0.82907546	-1.0585759	1.4384794	1.9690536
1332349381719	1.1318853	-1.3287452	2.2994208	2.886878
1332349381735	1.0420592	-1.5210772	2.763187	3.3218617
1332349381751	0.87361026	-1.7142226	3.3003469	3.820215
1332349381751	1.0974629	-1.6728677	4.145974	4.6034784
1332349381767	1.2426546	-1.6323732	5.1425195	5.536636
1332349381768	0.91679883	-1.7498181	6.2111306	6.517709
1332349381784	0.43379205	-2.025217	7.194472	7.486662
1332349381800	-0.049739122	-2.2226467	8.012397	8.315115
1332349381801	-0.2981875	-2.1853828	8.665293	8.941594
1332349381817	-0.15481487	-2.1484387	8.602039	8.867628
1332349381833	0.30201793	-2.268738	7.9009285	8.225756
1332349381834	0.83692074	-2.2321281	7.502847	7.872455
1332349381850	1.1357833	-2.3517468	7.9537573	8.371557
1332349381851	1.0420017	-2.4709427	9.25548	9.636142
1332349381866	0.86952895	-2.667887	11.720949	12.052152
1332349381882	1.1676369	-3.098979	15.818903	16.161829
1332349381883	1.5439589	-3.6071568	20.686186	21.055016
1332349381900	1.5274961	-3.878007	23.809572	24.171635
1332349381901	1.3537836	-3.9117923	24.95527	25.296253
1332349381916	1.4148514	-3.4718964	24.431469	24.717453
1332349381933	1.3185469	-2.7161942	22.870453	23.068895
1332349381933	1.0645187	-2.0360882	20.580502	20.708353
1332349381949	1.0448515	-1.5092294	18.262676	18.354694
1332349381950	1.3383105	-0.97972757	15.843433	15.930013
1332349381965	1.6307058	-0.4470123	13.3966465	13.502932
1332349381982	1.4509165	0.010811567	11.389212	11.481263
1332349381983	1.191351	-0.077584386	10.606726	10.673705
1332349381999	1.1656587	-0.5551138	10.967335	11.043068
1332349382000	1.1388634	-1.1095905	11.146737	11.259571
1332349382015	0.9537544	-1.1917408	10.358007	10.4698715
1332349382032	0.53171015	-0.95888084	8.67955	8.748529
1332349382033	0.18673396	-0.2547456	6.5071316	6.514793
1332349382048	0.07582462	0.44925892	3.7647	3.7921693
1332349382049	0.04231131	0.6814923	0.0654726	0.6859364
1332349382064	-0.14898932	1.0691987	-3.8011541	3.9514751
1332349382081	-0.49843907	1.3770145	-6.8976674	7.051413
1332349382082	-0.9266518	1.6037767	-8.504881	8.70424
1332349382098	-1.119608	1.7490721	-8.620983	8.867588
1332349382099	-0.91992134	1.4198737	-8.181762	8.35485
1332349382119	-0.71954834	0.772568	-8.201527	8.269198
1332349382119	-0.5181697	0.1989671	-9.147143	9.163969
1332349382130	-0.3937521	-0.45825592	-10.698429	10.715476
1332349382147	-0.18896592	-0.88564605	-12.458521	12.49139
1332349382163	-0.29585636	-1.161925	-14.501363	14.550846
1332349382164	-0.6356476	-1.1301827	-16.74432	16.794453
1332349382180	-0.89413786	-1.0259113	-18.555027	18.604866
1332349382181	-0.8357496	-0.84868824	-20.008984	20.044405
1332349382197	-1.0882094	-0.2841401	-21.10317	21.13312
1332349382213	-1.6515039	0.35447115	-22.385494	22.449131
1332349382214	-1.9761939	0.59678876	-23.461134	23.551779
1332349382230	-2.3758378	0.20755082	-24.558393	24.673922
1332349382231	-2.6153145	0.12945518	-25.760836	25.893576
1332349382246	-2.536929	0.3624383	-26.350138	26.474463
1332349382262	-2.220019	0.3582301	-26.027992	26.124954
1332349382263	-1.8993084	0.116846085	-24.941557	25.014042
1332349382279	-1.6528534	-0.2830197	-23.400488	23.460495
1332349382280	-1.638056	-0.60542357	-21.335224	21.406578
1332349382296	-1.5407144	-0.7716894	-19.135977	19.213404
1332349382313	-1.6745654	-0.86007386	-16.801722	16.906855
1332349382313	-1.8040524	-0.9488009	-14.724671	14.865086
1332349382329	-1.6153136	-0.9590831	-13.142485	13.276068
1332349382330	-1.3447016	-0.9690269	-12.0687685	12.182053
1332349382345	-0.9921872	-0.8213871	-11.269218	11.342592
1332349382362	-0.47896188	-0.6728077	-10.97686	11.007885
1332349382363	0.11588442	-0.52302074	-10.8871155	10.900288
1332349382379	0.55708957	-0.528643	-10.842315	10.86948
1332349382380	0.68629897	-0.53269494	-10.545832	10.581556
1332349382395	0.2677039	-0.45652342	-10.080311	10.094193
1332349382412	-0.14928585	-0.29980654	-8.894722	8.901025
1332349382413	-0.25157738	0.015931964	-6.761381	6.7660785
1332349382428	-0.353912	0.6475721	-4.629472	4.687922
1332349382429	-0.45684513	1.359656	-3.6019826	3.8770673
1332349382444	-0.56105316	2.0734591	-2.8222852	3.546732
1332349382461	-0.7451042	2.5537405	-1.8961473	3.266825
1332349382462	-0.69579476	2.8782568	-1.2258573	3.204874
1332349382478	-0.1779018	2.8112514	-1.7552943	3.3190122
1332349382479	5.281737	6.4331355	-5.4502554	9.949234
1332349382494	2.9690816	14.920429	-2.504395	15.417738
1332349382510	-5.468018	13.203987	6.2966323	15.617044
1332349382511	-5.275447	1.7537395	13.258469	14.37682
1332349382536	1.1134522	-4.834866	23.402283	23.922428
1332349382538	4.202684	-4.600954	34.372517	34.932808
1332349382543	4.149267	-1.6274277	37.298157	37.56351
1332349382560	3.7002275	1.9660782	34.216843	34.472446
1332349382577	3.4834373	3.8251967	26.380606	26.883133
1332349382578	2.7922754	5.284046	19.434177	20.332369
1332349382593	1.8620087	7.363973	16.828173	18.463005
1332349382594	0.6136191	8.416871	16.045027	18.129068
1332349382610	-0.79668784	8.12819	15.193028	17.249067
1332349382611	-2.2902155	6.734512	13.727233	15.460778
1332349382626	-3.6321483	4.862345	12.895848	14.252642
1332349382643	-3.9580023	3.3768258	13.576164	14.538947
1332349382643	-2.5615582	2.9828022	14.664191	15.182134
1332349382660	-0.8551531	3.0511785	14.979447	15.310938
1332349382661	0.14243895	2.7202954	15.319294	15.559598
1332349382676	0.7456219	2.0668697	15.598583	15.752578
1332349382692	1.191264	1.172104	14.892256	14.985734
1332349382693	1.2445195	0.270759	13.198327	13.259637
1332349382709	1.0628996	-0.40202117	10.908575	10.967607
1332349382710	0.80392075	-1.0004737	7.8802767	7.984109
1332349382725	0.38936365	-1.3664491	4.668395	4.879826
1332349382742	-0.023664117	-1.57829	1.5075507	2.1827204
1332349382743	0.11426413	-1.9482286	-1.5950975	2.5205133
1332349382759	0.41075003	-2.3176289	-4.1616673	4.781171
1332349382760	0.5518782	-2.4499097	-6.345614	6.824474
1332349382775	0.53756016	-2.2645283	-7.508634	7.8610845
1332349382792	0.28932238	-1.7605984	-7.414242	7.625903
1332349382792	0.042468846	-1.2503792	-6.445956	6.566247
1332349382808	-0.20313442	-0.81103086	-5.6172075	5.6790895
1332349382809	-0.13368303	-0.598346	-5.7070837	5.739921
1332349382824	0.015211284	-0.45477653	-6.4735217	6.4894943
1332349382841	0.08657467	-0.3788197	-7.362859	7.373106
1332349382842	0.0017726421	-0.21400547	-7.7431726	7.7461295
1332349382858	-0.16075784	-0.03818631	-7.4532986	7.4551296
1332349382859	-0.16565204	0.06991172	-6.2554116	6.257995
1332349382874	-0.0129829645	0.109713316	-4.933308	4.934545
1332349382891	0.061818957	0.0038604736	-3.7943249	3.7948303
1332349382892	-0.17678851	-0.24984407	-2.6083412	2.626237
1332349382907	-0.33641037	-0.5728967	-1.2941046	1.4546784
1332349382923	-0.41708326	-1.0446656	-0.55937195	1.2562569
1332349382924	-0.34037808	-1.1957691	-0.2524557	1.2686429
1332349382940	-0.26319057	-1.1038454	-0.3668337	1.1926067
1332349382956	-0.18558311	-0.77117515	-0.59999084	0.9945558
1332349382958	-0.02903223	-0.590461	-1.0313711	1.1887865
1332349382966	0.04949069	-0.48429132	-1.5101604	1.5866858
1332349382973	0.050035298	-0.21740079	-2.6652327	2.6745527
1332349382990	-0.027405798	0.20951867	-4.108595	4.114025
1332349382991	-0.18285686	0.48187876	-5.4521346	5.476442
1332349383006	-0.41634876	0.59908056	-5.7578087	5.803844
1332349383023	-0.57095	0.5605581	-5.1857495	5.247114
1332349383024	-0.7251652	0.52267647	-4.131278	4.22688
1332349383040	-0.8005581	0.6415992	-3.6187296	3.761349
1332349383041	-0.71861625	0.68136644	-3.2574482	3.4046495
1332349383055	-0.55774754	0.7984302	-2.7348843	2.9031303
1332349383072	-0.5534369	0.83514977	-2.0554237	2.286599
1332349383073	-0.6270721	0.7126262	-1.2980871	1.6081312
1332349383089	-0.54307413	0.58736944	-0.777565	1.1155894
1332349383090	-0.53697175	0.53761125	-0.496953	0.9079245
1332349383105	-0.45169353	0.5630102	-0.45702648	0.8543306
1332349383122	-0.36557245	0.42774796	-0.42295265	0.7039179
1332349383123	-0.43565214	0.28882408	-0.31793308	0.61179537
1332349383139	-0.5833225	0.22442412	-0.14261436	0.6410696
1332349383140	-0.57339644	0.15657663	-0.05524826	0.5969524
1332349383155	-0.48418283	0.16343069	-0.2917652	0.58844674
1332349383172	-0.3940897	0.16643047	-0.77427673	0.8845961
1332349383172	-0.38174742	0.24450922	-1.2677317	1.3463504
1332349383188	-0.368694	0.31938648	-1.4584894	1.5378993
1332349383189	-0.5119667	0.46987438	-1.5820045	1.7278976
1332349383204	0.051588774	0.5394561	-3.1290698	3.17565
1332349383221	0.30179822	0.52814317	-3.039022	3.0993018
1332349383222	-0.075330615	0.7501309	-1.311389	1.5126507
1332349383237	-0.21664155	0.73486495	-1.0061216	1.2646109
1332349383254	-0.27928877	0.56121135	-0.7094946	0.9467539
1332349383255	-0.10647932	0.4649117	0.050397873	0.47960472
1332349383270	0.14481997	0.3674209	0.7246332	0.8252662
1332349383271	0.23898607	0.34754848	1.1572933	1.2317598
1332349383288	0.25439698	0.32696128	1.2705755	1.336407
1332349383289	0.42634708	0.30591893	1.4576054	1.5491841
1332349383303	0.5192559	0.36314034	1.9543972	2.0545478
1332349383320	0.45457262	0.34154344	2.211522	2.2834444
1332349383321	0.3106045	0.39845133	2.1510353	2.2095683
1332349383338	0.32265565	0.37702823	1.8515167	1.916865
1332349383339	0.25514492	0.2773676	1.5483732	1.5935782
1332349383354	0.107981145	0.1781187	1.4771843	1.4917974
1332349383370	0.037959516	0.15774107	1.4020777	1.4114337
1332349383371	-0.1118958	0.13790917	1.1663017	1.1797454
1332349383397	-0.18481152	0.040097713	1.0046358	1.0222799
1332349383399	-0.18041657	0.021559238	0.84006596	0.8594916
1332349383402	-0.098918855	0.0037634373	0.82866	0.8345517
1332349383420	-0.09723139	0.065244436	0.97042274	0.9774616
1332349383420	-0.09668982	0.12759852	1.1088858	1.1203829
1332349383435	-0.09724754	0.19086194	1.1654615	1.1849835
1332349383452	-0.020233572	0.25507712	0.9836769	1.0164123
1332349383453	0.055920243	0.24178743	0.40638256	0.47616702
1332349383469	0.28837425	0.30795574	-0.25195313	0.49140292
1332349383470	0.20640284	0.29659986	-0.52003	0.63324946
1332349383485	-0.18985246	0.20767641	-0.39737225	0.4869067
