Timestamp:	X:	Y:	Z:	Acceleration:
1332349403149	-0.2803849	0.43043113	-0.11349487	0.52608716
1332349403162	-0.20694125	0.34791327	-0.11442566	0.42066798
1332349403163	-0.13408987	0.2649951	-0.11564541	0.31871045
1332349403164	-0.061804503	0.1816585	-0.3524933	0.40133667
1332349403164	0.010063291	0.17643547	-0.8248434	0.8435623
1332349403165	-0.07536286	0.17083669	-1.2971544	1.3105245
1332349403187	-0.16101004	0.24335885	-1.6123514	1.6385435
1332349403188	-0.16829012	0.2370596	-1.3778877	1.4082235
1332349403191	-0.17556764	0.23045659	-0.8290262	0.8781906
1332349403192	-0.10425058	0.22358727	-0.35795593	0.434732
1332349403193	-0.111203045	0.13798189	-0.27834702	0.329973
1332349403194	-0.11784363	0.05215192	-0.35455132	0.3772447
1332349403207	-0.124081224	-0.033869505	-0.2724905	0.30132103
1332349403211	-0.20831503	-0.041583538	-0.032017708	0.21482429
1332349403218	-0.21352251	-0.12787294	-0.10406113	0.269763
1332349403228	-0.1396468	-0.13572478	-0.09621334	0.21720831
1332349403239	-0.22208117	0.0134010315	-0.08699894	0.23889004
1332349403255	-0.3038266	0.08413553	-0.23347759	0.3923024
1332349403272	-0.30630636	0.0765059	-0.30008984	0.43558082
1332349403273	-0.46505338	-0.087830305	-0.44433403	0.64916986
1332349403288	-0.5445385	-0.25187707	-0.58769226	0.83984905
1332349403289	-0.46630576	-0.3370931	-0.8873787	1.0575981
1332349403305	-0.38733542	-0.500391	-1.1866331	1.3448114
1332349403321	-0.3859399	-0.584754	-1.5637922	1.7135732
1332349403322	-0.46220687	-0.7470827	-1.7836556	1.9882644
1332349403338	-0.53760797	-0.90881133	-1.6107478	1.9259981
1332349403339	-0.4551916	-1.06985	-1.280488	1.7295744
1332349403354	-0.2150114	-1.0731547	-0.94981384	1.4491506
1332349403371	-0.1307641	-1.1539071	-0.93218803	1.4891526
1332349403372	-0.045736402	-1.2336328	-1.1493511	1.6866978
1332349403388	0.04012999	-1.5475426	-1.2871275	2.013255
1332349403389	0.12675774	-1.7030911	-1.6593843	2.3812063
1332349403403	0.21401376	-1.700187	-2.4231153	2.967815
1332349403420	0.30196047	-1.5383966	-3.0285373	3.4102614
1332349403421	0.39035523	-1.2177339	-3.5542846	3.7773259
1332349403437	0.47908926	-1.1303256	-3.7646508	3.9597673
1332349403453	0.724924	-1.197633	-3.816483	4.065142
1332349403454	0.8922124	-1.2627175	-3.7096448	4.0189505
1332349403470	0.9808632	-1.3248417	-3.6784034	4.0308747
1332349403471	1.0690598	-1.4631577	-3.4877925	3.9304473
1332349403486	0.9996159	-1.519968	-3.293316	3.7623749
1332349403503	0.85082006	-1.5748906	-3.017727	3.5086823
1332349403504	0.46540147	-1.7058194	-2.8166509	3.3256488
1332349403520	0.15704328	-1.8343159	-2.9252071	3.4563296
1332349403521	-0.23138185	-1.6466548	-3.029502	3.455849
1332349403536	-0.46476623	-1.2993186	-2.9714365	3.2762282
1332349403552	-0.54272336	-1.0290363	-2.5178466	2.7736287
1332349403553	-0.5441503	-0.91333246	-1.6667619	1.9769601
1332349403569	-0.6259469	-1.0307362	-1.2029543	1.7033278
1332349403570	-0.47370684	-1.0682502	-1.206645	1.6797467
1332349403585	-0.24426477	-0.8688836	-1.3637862	1.6354011
1332349403602	0.14098933	-0.5109894	-1.2816968	1.3869877
1332349403603	0.68239224	-0.3088975	-1.1182089	1.3459078
1332349403629	1.0662547	-0.105789185	-0.87366676	1.3825282
1332349403630	1.3713534	0.25473714	-0.39229345	1.448929
1332349403631	1.3623937	0.4584763	0.011410713	1.4375143
1332349403638	1.1179119	0.26974082	0.8078723	1.4053985
1332349403653	0.5594157	-0.3118019	2.0749755	2.1715639
1332349403668	-0.15620749	-0.8156326	2.791813	2.9127095
1332349403669	-0.4011899	-0.84976816	2.6435952	2.805647
1332349403684	-0.097146004	-0.7284355	1.9434476	2.0777497
1332349403701	0.2848931	-0.608732	1.7109108	1.8381878
1332349403702	0.588192	-0.334069	2.8864546	2.964657
1332349403718	0.5772379	0.095516205	4.6843743	4.7207723
1332349403719	0.40915504	0.20903063	6.946971	6.962148
1332349403734	0.16246831	0.24188471	9.281105	9.285678
1332349403750	-0.16296804	0.037081957	10.586443	10.587762
1332349403751	-0.1745511	-0.40539503	11.7261505	11.734454
1332349403767	-0.10776186	-1.0856081	13.012352	13.058003
1332349403783	-0.19793731	-1.7680919	14.601077	14.709071
1332349403784	-0.20954084	-2.3742979	15.941757	16.118958
1332349403800	-0.29956788	-2.3548641	16.480537	16.650623
1332349403801	-0.70322406	-1.787879	16.768333	16.878035
1332349403816	-0.87107044	-1.0654469	17.036999	17.092493
1332349403833	-0.724489	-0.50105906	18.227028	18.2483
1332349403834	-0.2633353	-0.25125456	20.337776	20.341034
1332349403850	0.66953117	-0.31553674	22.499283	22.511454
1332349403851	1.6818366	-0.5367205	23.850904	23.916151
1332349403866	2.145921	-0.5219898	23.130375	23.235569
1332349403883	2.0616665	0.04244709	21.286497	21.386145
1332349403884	1.9784213	0.6075182	19.490032	19.599607
1332349403900	1.5035818	0.8594594	17.736874	17.821226
1332349403901	0.4798116	0.71955585	15.168889	15.193524
1332349403915	-0.46541253	0.50172305	12.253853	12.272947
1332349403932	-1.4109511	0.4412551	9.226358	9.344045
1332349403933	-1.8077338	0.38093758	6.7943115	7.0410004
1332349403949	-1.6560285	0.16364765	4.797247	5.0776753
1332349403950	-1.5834936	-0.054092646	2.776949	3.1971586
1332349403965	-1.5115976	-0.27247834	0.9682188	1.8156595
1332349403982	-1.1262273	-0.41322708	-0.15721321	1.209901
1332349403983	-0.81944	-0.47652256	-1.0645809	1.425443
1332349403998	-0.8263178	-0.38401198	-2.1434078	2.3290477
1332349403999	-0.67560726	0.09971261	-4.0895576	4.1461873
1332349404015	-0.6808968	0.34678817	-6.585026	6.6292114
1332349404031	-0.60633934	0.043255806	-8.68668	8.707923
1332349404047	-0.45185584	-0.49686003	-9.207159	9.231621
1332349404056	-0.3742193	-1.0380893	-8.6123705	8.6827755
1332349404058	-0.21624759	-1.6588973	-8.15366	8.323513
1332349404064	-0.13476211	-2.2807322	-8.140081	8.454634
1332349404081	-0.28675777	-2.8249388	-8.645278	9.099634
1332349404082	-0.43685466	-3.5267055	-10.606938	11.186404
1332349404098	0.19975394	-3.757834	-14.491967	14.972587
1332349404099	1.6228716	-3.2824173	-19.199102	19.545166
1332349404114	2.262808	-2.4922516	-23.076912	23.321138
1332349404131	1.6485751	-1.7004757	-25.728802	25.837584
1332349404132	0.7212728	-0.82827854	-27.549917	27.571802
1332349404147	0.1869244	-0.03181529	-28.45691	28.45754
1332349404163	-0.03353733	-0.017304897	-27.90245	27.902475
1332349404164	-0.09743354	-0.39158487	-26.428566	26.431646
1332349404180	-0.31908244	-0.6047871	-25.127415	25.136717
1332349404181	-0.69879985	-0.5009209	-23.85115	23.866642
1332349404196	-0.922897	-0.5507581	-22.202595	22.228592
1332349404213	-0.99150896	-1.0684243	-20.415848	20.467815
1332349404214	-0.8261654	-2.0543582	-18.649853	18.78084
1332349404230	-0.5053774	-2.8020973	-16.897709	17.13592
1332349404231	-0.26432264	-3.3126166	-15.09367	15.455167
1332349404246	-0.024474412	-3.428425	-13.853908	14.271841
1332349404263	0.21454975	-3.3862138	-13.202191	13.631227
1332349404264	0.37437916	-3.1854577	-13.445918	13.82317
1332349404280	0.45516098	-2.8258607	-14.114801	14.402093
1332349404281	0.61401916	-2.6217363	-14.67321	14.918231
1332349404295	0.77252364	-2.1799123	-14.80357	14.98314
1332349404312	1.0092225	-1.6579566	-13.97238	14.106549
1332349404313	0.9316795	-1.3690581	-12.491405	12.600696
1332349404329	0.61831176	-1.156071	-10.757241	10.836838
1332349404330	0.22604415	-1.0983739	-8.862064	8.932733
1332349404345	0.0686644	-1.35267	-6.3362055	6.4793463
1332349404362	0.3029653	-1.526191	-3.807548	4.1132064
1332349404363	0.30106342	-1.3056233	-2.3037329	2.6650472
1332349404378	-0.09408724	-0.37713176	-1.6708426	1.7154579
1332349404379	-0.8039683	1.3371081	-1.2876515	2.0229359
1332349404395	-1.593092	2.8948126	-0.295918	3.3174462
1332349404411	-1.6768155	3.59023	2.011766	4.443947
1332349404412	-1.2117722	3.3434565	4.685746	5.8824577
1332349404428	-0.5116867	4.6652384	6.0749087	7.676639
1332349404429	0.34525532	8.104031	1.7026081	8.288148
1332349404444	-3.4279437	12.560031	-1.1354291	13.068832
1332349404461	-6.886706	11.361209	4.5426903	14.040648
1332349404462	-3.5953398	2.9365554	12.928041	13.736233
1332349404486	0.87451565	-4.632403	24.724722	25.170137
1332349404488	0.79425776	-6.559683	35.85169	36.455505
1332349404493	2.2861185	-3.0041773	38.536583	38.72105
1332349404511	5.0366106	1.0891837	37.172184	37.527657
1332349404512	5.4358587	2.659514	30.26349	30.862606
1332349404527	4.896147	5.004208	20.633888	21.789257
1332349404543	4.5942636	7.809783	15.890542	18.292328
1332349404544	4.686323	9.114982	14.931009	18.110207
1332349404560	3.1308396	8.291883	14.5312805	17.021034
1332349404561	-0.7013247	6.911147	13.438808	15.128034
1332349404576	-4.3001413	5.1280127	12.742065	14.392635
1332349404593	-5.233285	3.495076	13.405073	14.808742
1332349404593	-4.1296616	2.481113	14.163262	14.960215
1332349404610	-2.4808593	1.9281421	13.837752	14.189988
1332349404611	-0.7570848	1.6808951	12.912188	13.043128
1332349404626	0.8063948	1.1886538	12.010157	12.095744
1332349404642	1.1905881	0.14064121	11.22814	11.291962
1332349404643	0.5528678	-1.1499056	9.07274	9.162017
1332349404660	-0.08609182	-1.8199298	5.7787256	6.059144
1332349404661	-0.33316013	-1.7089418	2.069601	2.704575
1332349404675	-0.5804476	-1.7577935	-1.5018101	2.3837347
1332349404692	-1.063201	-1.9662538	-4.230062	4.784347
1332349404693	-1.38869	-2.0965912	-5.713052	6.242044
1332349404709	-1.1642479	-2.147682	-6.3401127	6.794486
1332349404710	-0.86046237	-1.959979	-6.8834143	7.208558
1332349404725	-0.47707307	-1.5319078	-7.4928064	7.662668
1332349404741	-0.17065895	-1.0193797	-7.8519516	7.919685
1332349404742	0.05897367	-0.42095447	-7.6391406	7.650957
1332349404758	0.29049158	-0.049425364	-6.6914907	6.697975
1332349404759	0.053109467	0.1745615	-6.0238724	6.0266347
1332349404774	-0.41781428	0.25137615	-6.2598443	6.278806
1332349404791	-0.72953296	0.2608273	-6.216405	6.264498
1332349404792	-0.8825489	0.28039694	-5.5007396	5.5781407
1332349404808	-0.5629217	0.23188162	-4.030899	4.076616
1332349404809	-0.24160838	-0.041879892	-2.0404186	2.0551002
1332349404824	-0.07588604	-0.54213095	-0.4737978	0.7239814
1332349404841	-0.0654147	-0.87550735	0.12656403	0.88702345
1332349404842	-0.05375597	-1.1225619	0.38053036	1.1865237
1332349404857	0.037573576	-1.2049823	0.60290337	1.3479193
1332349404873	0.3653041	-1.202167	0.8682833	1.5272748
1332349404874	0.53677064	-1.1935561	0.857811	1.5647806
1332349404890	0.63058555	-1.0215087	0.4185505	1.2713389
1332349404891	0.5676897	-0.76651	-0.46178818	1.0597441
1332349404917	0.42637205	-0.6643157	-1.5504808	1.7398561
1332349404919	0.3633565	-0.55836225	-2.1446104	2.2456958
1332349404923	0.37836897	-0.37076306	-2.7980356	2.8477414
1332349404941	0.23573855	-0.3371067	-3.748209	3.770714
1332349404941	0.013693988	-0.14454484	-4.295289	4.2977424
1332349404956	-0.20951447	0.1286273	-4.1253242	4.1326437
1332349404973	-0.1985197	0.24559903	-3.794652	3.80777
1332349404974	-0.18898931	0.2850201	-3.3027353	3.3203938
1332349404990	-0.1809698	0.40325618	-2.4167128	2.4568
1332349404991	-0.09586413	0.75645614	-2.0031815	2.143397
1332349405005	-0.012250841	0.95203805	-2.2976484	2.4871097
1332349405022	0.07006648	1.0678339	-2.4391785	2.663601
1332349405023	0.072690696	1.024957	-2.2717543	2.4933288
1332349405039	-0.004388064	0.9015124	-1.952548	2.150625
1332349405040	-0.16084483	0.54017377	-1.3262882	1.4410757
1332349405055	-0.16127202	0.25443387	-0.5498829	0.62699
1332349405072	-0.1625588	0.04391384	0.21944523	0.2766044
1332349405073	-0.0075721145	-0.013065815	0.6673279	0.6674987
1332349405088	0.22530633	-0.073712826	0.63658524	0.6792917
1332349405089	0.3793198	0.09764004	0.20540142	0.4422746
1332349405105	0.37609705	0.26559687	-0.31247425	0.5564448
1332349405122	0.29413596	0.3513484	-0.6819515	0.8215957
1332349405122	0.29051533	0.35542703	-1.5308104	1.5981576
1332349405138	0.36525452	0.43486977	-2.4667597	2.5312893
1332349405140	0.20446068	0.43304133	-2.312357	2.3614242
1332349405154	0.043589175	0.2717812	-1.1456833	1.1782849
1332349405171	0.03954944	-0.12750888	0.013035774	0.13413651
1332349405172	0.03540325	-0.21499968	0.69376945	0.72718245
1332349405188	-0.04733908	0.16646838	0.81859016	0.8366855
1332349405189	-0.05167985	0.54646015	0.3883047	0.67236155
1332349405204	0.1008707	0.76824045	0.34511852	0.84821874
1332349405221	0.017888665	0.6748526	0.7675886	1.0222223
1332349405222	-0.22206554	0.58072686	1.2640619	1.4086907
1332349405237	-0.06959075	0.5645592	1.4425058	1.5506105
1332349405239	0.082924455	0.46941042	1.45994	1.5357889
1332349405253	0.15706328	0.4525118	1.0029173	1.111431
1332349405270	0.1528342	0.5136931	0.4634552	0.7085405
1332349405271	0.14878452	0.41791248	0.31320477	0.54303306
1332349405289	0.22340831	0.16514993	0.47357178	0.5490501
1332349405289	0.37671217	-0.009121895	1.1015577	1.1642271
1332349405304	0.37325343	-0.10475516	1.4912558	1.540823
1332349405320	0.29148826	-0.043330908	1.4070005	1.4375304
1332349405321	0.20986542	-0.060142517	1.3200521	1.3379829
1332349405346	0.28528392	-0.0767076	1.073204	1.1131208
1332349405348	0.28229046	-0.014231682	0.7460451	0.79779303
1332349405352	0.20079735	-0.1081779	0.6519022	0.69065076
1332349405371	0.19771495	-0.2799616	0.7909117	0.86198086
1332349405372	0.19452101	-0.45100212	1.0848036	1.190815
1332349405386	0.11267939	-0.46425366	1.3766499	1.4571867
1332349405402	0.10913402	-0.47658563	1.5098019	1.5869927
1332349405403	0.18384385	-0.3309374	1.248847	1.3049662
1332349405420	0.25827396	0.051303864	0.59365654	0.6494348
1332349405420	0.41100594	0.19924498	-0.298007	0.5453738
1332349405435	0.48501095	0.113036156	-0.87708664	1.0086099
1332349405452	0.5587443	0.10666895	-1.222022	1.3479285
1332349405453	0.6322292	0.101600885	-1.0184517	1.2030296
1332349405469	0.6269492	0.019325495	-0.4230585	0.7565826
1332349405470	0.54288566	0.01670456	0.09375095	0.55117434
