Timestamp:	X:	Y:	Z:	Acceleration:
1332351873448	-0.039009407	0.15735745	-0.26542473	0.3110199
1332351873461	-0.21043761	0.15194082	0.05141163	0.2646
1332351873462	-0.068229124	0.067979336	0.21127701	0.23219469
1332351873463	-0.004722357	-0.016039371	0.13576221	0.13678794
1332351873463	-0.019816577	-0.02162075	-0.0966053	0.10095909
1332351873464	-0.034894407	-0.027220726	-0.32884693	0.33181152
1332351873465	-0.12830834	-0.111293316	-0.48248196	0.5115057
1332351873466	-0.14303337	-0.27383327	-0.5574808	0.6373602
1332351873467	-0.23579541	-0.3577869	-0.39693928	0.5840991
1332351873468	-0.2495532	-0.44160628	-0.23624706	0.5595584
1332351873469	-0.34115148	-0.5252297	-0.15384865	0.64491856
1332351873471	-0.43199492	-0.45161796	-0.1496973	0.6426412
1332351873472	-0.44349238	-0.45612216	-0.30225277	0.7043363
1332351873473	-0.6109756	-0.46015716	-0.3760357	0.8523137
1332351873473	-0.6204196	-0.62058043	-0.4495182	0.98595494
1332351873474	-0.62869436	-0.7018554	-0.60118103	1.1177102
1332351873478	-0.63570726	-0.7038858	-0.51709366	1.0802615
1332351873481	-0.71979773	-0.7834964	-0.19719696	1.0820638
1332351873482	-0.6455004	-0.7836795	-0.03391266	1.0158614
1332351873485	-0.49118248	-0.93974996	-0.10567284	1.0656251
1332351873491	-0.33523527	-1.0161517	-0.17700863	1.0845639
1332351873501	-0.33463165	-0.93436337	-0.32644558	1.044787
1332351873511	-0.48924023	-0.8511565	-0.4754696	1.0908229
1332351873526	-0.5637142	-0.9234829	-0.5456791	1.211759
1332351873543	-0.55810577	-0.91583896	-0.69406986	1.2774881
1332351873544	-0.39401525	-0.8281901	-0.8421917	1.2451642
1332351873559	-0.30666876	-0.81713486	-1.1468801	1.4412111
1332351873575	-0.13972354	-0.88326955	-1.6083555	1.8402432
1332351873577	-0.20704754	-1.0264206	-2.0695467	2.31936
1332351873593	-0.27292892	-1.167628	-2.373198	2.6589313
1332351873594	-0.41636267	-1.3074253	-2.6763444	3.00758
1332351873609	-0.3233276	-1.3670065	-2.9785805	3.2932034
1332351873626	-0.07276529	-1.5038471	-3.2014422	3.5378077
1332351873627	0.09982431	-1.4823947	-3.501483	3.8036616
1332351873642	0.27304652	-1.4591095	-3.6424103	3.9332821
1332351873644	0.28950247	-1.3560855	-3.467393	3.73438
1332351873658	0.38450485	-1.2517297	-3.0543904	3.3232472
1332351873675	0.4794748	-1.2242875	-2.7165403	3.0180073
1332351873691	0.5741831	-1.1953945	-2.4535518	2.7890089
1332351873699	0.5115107	-1.2432933	-2.4215417	2.7697086
1332351873700	0.44813025	-1.2901037	-2.3857903	2.7490332
1332351873708	0.38385975	-1.3357534	-2.2673907	2.6594448
1332351873725	0.08306828	-1.3016696	-2.2228847	2.577297
1332351873726	0.016462177	-1.1878848	-2.173696	2.4771547
1332351873741	-0.051547393	-1.0729406	-2.1198668	2.3764877
1332351873743	-0.19953296	-1.0354474	-1.9831815	2.2461019
1332351873758	-0.27058643	-0.9970176	-1.7638693	2.044137
1332351873775	-0.4217441	-1.1144974	-1.6971378	2.0737042
1332351873776	-0.7313696	-1.0743134	-1.7838807	2.207098
1332351873791	-0.88548267	-0.9549763	-1.7888227	2.2126784
1332351873793	-0.8053866	-0.75682926	-2.0268354	2.308571
1332351873808	-0.64783645	-0.715508	-2.263082	2.460322
1332351873825	-0.3342455	-0.6737957	-2.3401265	2.4580302
1332351873826	-0.021264166	-0.7105143	-2.3373504	2.4430492
1332351873841	0.13440254	-0.7473321	-2.0196996	2.15772
1332351873842	0.13298753	-0.7844012	-1.15208	1.4000926
1332351873857	-0.025316298	-0.90050507	0.264812	0.9389759
1332351873874	-0.026435748	-1.0169818	1.7605906	2.0333788
1332351873876	0.12972051	-1.2125953	2.942089	3.184824
1332351873891	0.36473873	-1.3304777	3.9658103	4.1989117
1332351873892	0.4432099	-1.4491906	4.8310933	5.0632057
1332351873907	0.44360062	-1.4118674	5.615508	5.807244
1332351873924	0.4444121	-1.2182963	6.475337	6.603918
1332351873925	0.68099695	-1.1039542	7.4877944	7.599312
1332351873941	0.996302	-1.06874	8.965477	9.083755
1332351873942	1.233235	-1.2695923	10.9070425	11.04972
1332351873957	1.6270921	-1.5495195	13.075763	13.267405
1332351873974	1.8637652	-1.7512188	15.31221	15.524309
1332351873975	1.4721533	-1.7962455	17.37965	17.534138
1332351873990	0.6874245	-1.8414268	18.883606	18.985626
1332351873992	0.37258494	-2.1220987	19.979094	20.094933
1332351874006	0.6058949	-2.3242786	20.978565	21.115623
1332351874024	1.0730278	-2.4475157	22.269617	22.42939
1332351874025	1.0675693	-2.6486886	23.065952	23.242062
1332351874040	0.43244308	-2.3782058	22.580172	22.709185
1332351874057	-0.047444835	-1.4791064	20.733898	20.786644
1332351874058	-0.37231943	-0.4217733	17.757504	17.766413
1332351874073	-0.8564354	0.2451725	14.584911	14.612092
1332351874074	-1.3421426	0.7564273	11.852198	11.951909
1332351874089	-1.04471	1.0339432	10.102902	10.209265
1332351874106	-0.35610098	1.0773215	9.340074	9.408741
1332351874129	-0.060728267	0.8862138	9.094613	9.137891
1332351874132	0.23395354	0.5392182	8.889719	8.90913
1332351874134	0.8424415	0.19242907	8.576271	8.619696
1332351874135	1.6081609	0.15914488	7.844986	8.009701
1332351874141	2.3743808	0.5174445	6.6179104	7.049977
1332351874156	2.5919158	0.8744173	4.8987284	5.6107197
1332351874173	2.1038432	1.1511362	2.9259577	3.7831864
1332351874174	1.3024836	1.4256303	0.8621502	2.114755
1332351874189	0.26607272	1.6190193	-1.2119989	2.0398428
1332351874206	-0.6917548	1.6524109	-3.370428	3.816906
1332351874207	-1.3357083	1.36858	-5.2908707	5.6258726
1332351874223	-1.8230603	0.6885462	-6.6579328	6.9372697
1332351874224	-2.3108535	-0.7019834	-7.3100977	7.698724
1332351874238	-2.4851332	-1.9401381	-7.4786534	8.116051
1332351874256	-2.188368	-2.7897713	-7.9400315	8.69574
1332351874257	-1.5773976	-3.3301551	-9.084444	9.803328
1332351874273	-0.9656325	-3.6394196	-11.06419	11.687348
1332351874274	-0.6664779	-4.030585	-13.7971945	14.389315
1332351874289	-0.36551857	-4.2676234	-16.338152	16.890276
1332351874305	0.33011442	-4.0358233	-18.605005	19.040564
1332351874307	0.6358018	-3.2555776	-20.675037	20.939442
1332351874322	0.3950901	-1.9258907	-22.22822	22.314993
1332351874323	0.15720087	-0.2810837	-23.657074	23.659266
1332351874338	-0.39190072	0.7380513	-25.901974	25.91545
1332351874355	-0.7812784	0.8971131	-28.722378	28.747004
1332351874356	-0.85429984	0.9813529	-31.25511	31.282179
1332351874372	-0.6109316	1.0699724	-32.2376	32.261135
1332351874373	-0.05186224	0.7697512	-31.364687	31.374174
1332351874388	0.2734701	-0.07625234	-28.946411	28.947803
1332351874405	0.44361234	-1.3109299	-25.288446	25.326288
1332351874406	0.53669584	-2.6210704	-20.864546	21.035383
1332351874422	0.5524531	-3.5362906	-16.224247	16.614353
1332351874423	0.3335364	-3.9787126	-12.235535	12.870498
1332351874438	-0.041776568	-3.9483778	-9.130655	9.947879
1332351874455	-0.41676039	-3.6805785	-7.3777094	8.255359
1332351874456	-0.5563814	-3.1755056	-6.7509985	7.4812684
1332351874471	-0.6178564	-2.5113459	-6.9397573	7.406
1332351874473	-0.6799121	-1.7665453	-7.797063	8.023538
1332351874487	-0.82118297	-1.1764815	-8.861296	8.976692
1332351874505	-0.8062715	-0.7402625	-9.502092	9.564926
1332351874506	-0.5567352	-0.4581555	-9.417441	9.445002
1332351874521	-0.229505	-0.6441008	-8.457339	8.484935
1332351874522	0.3324467	-0.90587676	-6.785673	6.85394
1332351874542	0.50134623	-1.008629	-4.8036013	4.9338894
1332351874543	-0.03663999	-0.6380528	-3.1391234	3.2035215
1332351874554	-0.6536572	0.28331572	-1.8018975	1.9376197
1332351874572	-0.95728475	1.5200219	-0.6372628	1.9060336
1332351874573	-1.1044877	2.6004794	0.4274354	2.8574617
1332351874587	-1.1737077	3.2104073	1.5459065	3.7515507
1332351874604	-0.066136405	4.5263114	2.7141652	5.278121
1332351874605	7.0056877	11.256428	3.2230844	13.6446
1332351874620	5.9938297	16.179384	3.069076	17.524773
1332351874622	-8.12452	12.466093	0.60141945	14.892045
1332351874636	-12.904193	7.492157	-0.8069434	14.943285
1332351874654	-6.0695586	4.315853	7.160157	10.331214
1332351874655	-2.0608969	-2.1660879	20.656857	20.87211
1332351874670	-1.1129613	-5.8344507	31.677242	32.22929
1332351874686	-0.87040377	-1.5890715	37.396313	37.440178
1332351874687	1.0220295	3.42802	36.401234	36.576572
1332351874703	2.9960601	4.976098	31.11716	31.65463
1332351874704	3.0108836	6.1982245	24.922918	25.857983
1332351874719	1.302523	7.0151753	21.185661	22.354898
1332351874736	0.14659935	7.1143227	18.098593	19.447214
1332351874737	-0.22203483	7.124795	14.484271	16.1433
1332351874753	-0.7451472	6.9665437	11.509821	13.474567
1332351874754	-1.659059	6.248788	9.415139	11.421238
1332351874769	-2.2579885	5.442802	8.593641	10.41985
1332351874786	-2.5423229	4.8624835	8.339569	9.982763
1332351874787	-2.8264472	3.88136	8.582308	9.834112
1332351874803	-2.4823716	2.654398	9.550905	10.218991
1332351874804	-1.7457898	1.1839103	10.78722	10.991521
1332351874819	-0.9302428	-0.2961353	11.110571	11.153378
1332351874835	-0.42851138	-1.3885689	9.8363695	9.943134
1332351874837	-0.16181114	-1.8579164	7.3583975	7.5910506
1332351874853	-0.050992593	-2.0983095	4.5333004	4.9956293
1332351874854	0.06015925	-2.1826873	1.8536692	2.8642333
1332351874869	0.17254995	-2.1919374	-0.3001318	2.2191086
1332351874886	0.3636058	-2.2774441	-2.1417298	3.1473746
1332351874887	0.47635785	-2.2810576	-3.2762551	4.0204463
1332351874903	0.66799736	-2.0452025	-3.8621416	4.4209967
1332351874904	1.0162702	-1.8809987	-4.3581867	4.854354
1332351874918	1.4426277	-1.7871311	-4.997837	5.500308
1332351874935	1.7895079	-1.605109	-5.694329	6.180946
1332351874936	1.9781623	-1.3336041	-5.973407	6.4322014
1332351874952	1.851228	-1.049798	-5.830949	6.2071805
1332351874953	1.4867091	-0.6752541	-5.57677	5.8109064
1332351874979	0.88414603	-0.20927143	-5.5215287	5.595783
1332351874981	0.20005167	0.19150281	-5.8194613	5.826047
1332351874985	-0.5660171	0.44881964	-6.154116	6.196367
1332351875002	-1.0219663	0.48395443	-6.209981	6.3120904
1332351875003	-0.8539954	0.21776223	-5.8295374	5.895781
1332351875018	-0.29759973	-0.3503275	-4.7765636	4.79863
1332351875035	0.25509727	-1.0646336	-3.2878752	3.4653487
1332351875036	0.8825449	-1.611372	-1.8321686	2.5946574
1332351875052	1.2714965	-1.678652	-0.72818756	2.2281907
1332351875053	1.1866733	-1.580924	-0.28977108	1.9978691
1332351875068	0.94257194	-1.2414255	-0.36560726	1.6010146
1332351875085	0.61754763	-0.8169675	-0.7185297	1.2510339
1332351875086	0.4474469	-0.38738823	-1.2757759	1.4063721
1332351875101	0.19698268	-0.03187561	-1.9620962	1.972217
1332351875102	0.25882512	0.32708406	-2.782196	2.813288
1332351875118	0.633279	0.61001253	-3.7409954	3.842942
1332351875135	0.7708445	0.7384176	-4.602969	4.725123
1332351875136	0.9073765	0.7111025	-4.9027367	5.03645
1332351875151	0.9645411	0.60586286	-4.7213726	4.856827
1332351875152	0.8641218	0.5002589	-4.2979584	4.4124155
1332351875167	0.606328	0.5504515	-3.7924404	3.87985
1332351875184	0.19100441	0.6775451	-3.3616562	3.4345717
1332351875185	-0.2246517	0.88080144	-2.8516045	2.9929798
1332351875201	-0.56208754	1.0811958	-2.3421907	2.6402242
1332351875203	-0.585693	1.1213019	-1.8351164	2.2289023
1332351875217	-0.37373337	1.1577375	-1.4104223	1.8626121
1332351875234	-0.16164038	0.9545238	-0.7541113	1.2271622
1332351875235	0.050904676	0.6684494	-0.024652481	0.670838
1332351875251	0.10717189	0.45623493	0.14927864	0.49185386
1332351875252	0.08587316	0.47475076	-0.15472221	0.5066571
1332351875267	0.065686345	0.4886849	-0.46664047	0.6788821
1332351875284	0.0467294	0.4188304	-0.70817757	0.8240861
1332351875285	0.029120326	0.34458566	-0.8017845	0.87318134
1332351875300	0.012950838	0.34429908	-0.74786854	0.82341784
1332351875302	-0.15870652	0.41837668	-0.54669285	0.70647
1332351875316	-0.3288894	0.41029	-0.74768543	0.9140786
1332351875333	-0.34051022	0.47650814	-1.1943521	1.3302196
1332351875335	0.041717008	0.46134615	-2.6707892	2.7106633
1332351875350	0.19002123	0.60019946	-3.2150922	3.276151
1332351875366	0.104320996	0.8152256	-2.4342084	2.5692112
1332351875368	0.2554379	0.7929299	-1.6616588	1.858789
1332351875383	0.25105795	0.8470566	0.044478416	0.88459784
1332351875399	0.09094143	0.82142544	1.2728872	1.5176469
1332351875406	-0.06803098	0.71620774	1.5533924	1.7119024
1332351875407	0.009386942	0.6887984	1.2793169	1.4529911
1332351875416	0.48008403	0.58227634	1.5497894	1.7237673
1332351875433	1.1084937	0.3968153	2.1297731	2.4335475
1332351875434	1.4235839	0.5250311	2.2347813	2.7012029
1332351875449	1.2682475	0.7315817	1.5509882	2.132892
1332351875467	0.79920495	1.0167549	0.5495062	1.4051604
1332351875468	0.64405894	1.0667002	-0.2203989	1.2653998
1332351875484	0.8810005	0.88143635	-0.36650753	1.2990072
1332351875485	1.1173639	0.61809325	0.18987465	1.2909663
1332351875499	1.1958414	0.51197433	0.9775982	1.6272224
1332351875516	1.11645	0.48497868	1.369916	1.8325759
1332351875517	1.0358658	0.45852423	1.3667889	1.7752111
1332351875533	1.0320686	0.2754035	1.0462809	1.4952312
1332351875534	0.9482545	0.09284401	1.1155558	1.4670621
1332351875549	0.8624743	-0.08929181	1.574337	1.7973236
1332351875565	0.77500707	-0.113811255	2.1879015	2.323898
1332351875567	0.68570805	-0.13765955	2.485384	2.581914
1332351875583	0.8296173	-0.08240461	2.3094616	2.4553347
1332351875584	1.1284876	0.13060164	1.660449	2.0118728
1332351875598	1.111564	0.42299843	0.7738743	1.4189374
1332351875615	0.9358664	0.63791704	-0.036385536	1.1331849
1332351875616	0.6011542	0.69692373	-0.84923553	1.2523139
1332351875632	0.3431916	0.3646407	-1.0364637	1.1510867
1332351875634	0.16210543	0.11195207	-0.5978613	0.6294836
