Timestamp:	X:	Y:	Z:	Acceleration:
1332351886252	-0.28746903	0.4610517	-1.221592	1.336972
1332351886263	-0.45211	0.77064204	-1.2160912	1.5090295
1332351886264	-0.38095587	0.5308635	-0.5825901	0.8754169
1332351886265	-0.38791293	0.29105067	0.20798683	0.5276793
1332351886266	-0.3160047	0.12956166	0.68489265	0.76532555
1332351886267	-0.16518255	-0.03216529	0.6912327	0.7114229
1332351886268	-0.092345566	-0.19420576	0.5409632	0.58213806
1332351886269	-0.17590983	-0.1996417	0.23404789	0.35437196
1332351886271	-0.18037434	-0.1269679	-0.15111923	0.2673813
1332351886272	-0.2626567	-0.05463457	-0.37922764	0.46452886
1332351886273	-0.34424472	0.09589648	-0.6073675	0.7046956
1332351886274	-0.42510918	0.16773176	-0.91412735	1.0219983
1332351886276	-0.50523514	0.1609559	-0.90717125	1.0507754
1332351886277	-0.42763963	0.07564163	-0.9004383	0.9996932
1332351886282	-0.34723794	-0.089747906	-0.89270496	0.9620556
1332351886283	-0.26623997	-0.25487185	-0.8851023	0.958775
1332351886284	-0.26301527	-0.3412242	-0.955863	1.0484679
1332351886291	-0.25903785	-0.50572205	-1.1047783	1.2423327
1332351886301	-0.2541554	-0.5913632	-1.017602	1.2040843
1332351886311	-0.24853024	-0.67654514	-0.69432354	1.0007825
1332351886321	-0.24211156	-0.68269897	-0.37014294	0.81345046
1332351886335	-0.3134063	-0.7666819	-0.43731403	0.93662596
1332351886353	-0.22693458	-0.9283488	-0.5816803	1.1187863
1332351886355	-0.21836162	-1.0106831	-0.72498894	1.2628424
1332351886369	-0.20903042	-1.013408	-0.94529057	1.4015219
1332351886389	-0.19929904	-0.93660307	-1.2431412	1.5691862
1332351886391	-0.267582	-0.85848355	-1.4613495	1.7158487
1332351886402	-0.3354748	-0.9358754	-1.5999441	1.8836739
1332351886404	-0.40310055	-1.0902512	-1.894486	2.2226593
1332351886418	-0.54867995	-1.1639287	-2.1086931	2.4702969
1332351886435	-0.69431555	-1.2363851	-2.4008527	2.7883356
1332351886437	-0.83976716	-1.1498771	-2.7700386	3.1145692
1332351886452	-0.59271383	-1.0614426	-3.0593343	3.2920353
1332351886453	-0.031706914	-1.1282017	-3.3473063	3.5324643
1332351886468	0.37245625	-1.1144578	-3.5549955	3.74416
1332351886485	0.7768103	-1.0984869	-3.6034064	3.8463807
1332351886487	0.8673456	-1.0805337	-3.7279897	3.9771533
1332351886502	0.6440733	-1.1388185	-3.9279652	4.1401267
1332351886504	0.34217682	-1.0385041	-3.7329736	3.8898158
1332351886518	0.1969705	-1.0149548	-3.0639606	3.2336953
1332351886535	0.12983039	-1.1464205	-2.2339292	2.5142744
1332351886536	0.1405524	-1.5118494	-1.3218169	2.013118
1332351886552	0.22897789	-1.7968162	-0.56153965	1.896393
1332351886553	0.23803288	-2.0020013	0.20263767	2.0262601
1332351886568	0.24610591	-2.2060087	0.81355286	2.3640876
1332351886585	0.17457263	-2.1730278	1.2719097	2.5239413
1332351886586	0.10188362	-1.9032637	1.34132	2.3306506
1332351886601	-0.050486147	-1.7105978	0.8641672	1.9171537
1332351886602	-0.28252548	-1.6735785	0.07484245	1.6989076
1332351886617	-0.35873625	-1.5568863	-0.7138934	1.749923
1332351886634	-0.35769108	-1.4384322	-1.3452926	2.0017097
1332351886636	-0.20074993	-1.2400279	-1.8991022	2.2769628
1332351886651	0.033713438	-1.0401237	-2.3760557	2.5939612
1332351886652	0.18890709	-0.99586153	-2.5414042	2.736085
1332351886667	0.34349555	-0.9505739	-2.4741235	2.6726143
1332351886684	0.41903362	-0.9038155	-2.48814	2.6801703
1332351886685	0.41567898	-0.9344959	-2.1127248	2.3472703
1332351886701	0.4904791	-0.8858528	-1.1908321	1.5631334
1332351886702	0.48653835	-0.7581706	0.042266846	0.90184736
1332351886717	0.32543004	-0.7088101	1.3513064	1.560239
1332351886734	0.32101557	-0.7375221	2.8151379	2.9277964
1332351886735	0.47332793	-0.8448169	4.2768083	4.3850703
1332351886750	0.62537974	-1.0308716	5.736279	5.861629
1332351886752	0.85564834	-1.2959918	6.64389	6.822976
1332351886766	1.0071709	-1.5619923	7.3915486	7.6216273
1332351886784	1.0012817	-1.5931203	7.978333	8.197219
1332351886785	0.9950161	-1.3899236	8.638929	8.80642
1332351886800	0.8312654	-1.109279	9.371939	9.473898
1332351886801	0.9023477	-0.986675	10.01916	10.107984
1332351886819	0.97276306	-1.2576005	10.893436	11.00885
1332351886833	0.7282025	-1.5292234	11.677467	11.799664
1332351886834	0.32592845	-1.6450373	12.372667	12.485803
1332351886851	-0.07744174	-1.7616504	13.132397	13.250255
1332351886853	-0.56034493	-1.7221156	14.112973	14.228692
1332351886866	-0.57347095	-1.8401865	15.783353	15.900609
1332351886883	0.35411477	-2.2726667	19.083748	19.221859
1332351886884	1.6730719	-2.8622956	23.932814	24.161362
1332351886899	2.5989366	-3.2166781	27.663042	27.970438
1332351886916	2.5824146	-2.9430528	28.466333	28.734344
1332351886917	2.330052	-2.3553216	25.87302	26.084284
1332351886933	2.0770202	-1.5312235	21.445704	21.600391
1332351886934	1.744779	-0.7845223	16.596746	16.706636
1332351886949	1.7252738	-0.50688136	12.731596	12.857956
1332351886966	1.6264577	-0.46374106	9.704075	9.850355
1332351886967	1.2124554	-0.34072387	7.116658	7.2272377
1332351886983	0.40396705	0.020039797	5.664652	5.679073
1332351886984	-0.32755062	0.22493482	5.362027	5.3767295
1332351886999	-0.43342495	0.19601452	5.7303486	5.7500587
1332351887016	-0.069931775	-0.1463219	6.468978	6.4710107
1332351887017	0.13510978	-0.48840225	6.0887804	6.1098313
1332351887032	0.18114823	-0.35898685	3.8763447	3.8971443
1332351887033	0.46168196	0.16226172	0.71056557	0.86277604
1332351887048	0.58450687	0.7611413	-2.6996317	2.8651345
1332351887065	0.07901633	1.5158056	-6.272005	6.453058
1332351887066	-1.0547233	2.347574	-9.926903	10.255094
1332351887082	-2.1100473	2.3927088	-12.873995	13.263374
1332351887084	-2.4584744	1.4151765	-13.6910925	13.981875
1332351887098	-1.7858119	0.1993227	-11.118384	11.262651
1332351887115	-0.9549867	-0.8630052	-7.270419	7.3834796
1332351887117	-0.51479024	-1.7722123	-5.1232758	5.445521
1332351887132	-0.46467456	-2.4502969	-6.555234	7.0136275
1332351887133	-0.49032834	-3.0540214	-9.992966	10.460728
1332351887148	-0.43440711	-3.0339894	-13.784778	14.121399
1332351887165	-0.2964406	-2.5471346	-17.141157	17.33191
1332351887166	-0.15483207	-1.906717	-19.98243	20.07379
1332351887181	-0.08792001	-1.2690599	-22.463104	22.499096
1332351887183	-0.01732719	-0.79031545	-24.582706	24.595413
1332351887197	-0.021754622	-0.31275618	-26.106052	26.107935
1332351887215	-0.41485536	0.24272335	-27.026188	27.030462
1332351887216	-0.64770466	0.7982333	-27.423183	27.442444
1332351887231	-0.48508358	1.1187942	-27.60899	27.635906
1332351887246	-0.24129069	0.8907516	-27.584175	27.59961
1332351887259	-0.46609986	-0.042774558	-26.408886	26.413033
1332351887260	-0.845477	-0.9752586	-23.603157	23.638422
1332351887264	-0.98761064	-1.3575804	-19.723652	19.79497
1332351887281	-1.0496479	-1.4252481	-16.181448	16.277971
1332351887282	-1.1102695	-1.2567996	-13.133596	13.240226
1332351887297	-1.2481524	-1.2446595	-11.523784	11.657815
1332351887314	-1.3064771	-1.1533483	-11.589842	11.720134
1332351887315	-1.2067437	-1.1396675	-12.62459	12.733237
1332351887330	-0.94915885	-0.9681788	-13.459903	13.528017
1332351887332	-0.7692667	-0.7173164	-13.788937	13.828994
1332351887346	-0.5887303	-0.6225404	-13.699159	13.725928
1332351887364	-0.25017256	-0.68338114	-12.711947	12.732761
1332351887365	0.16742486	-0.74327135	-11.159831	11.185808
1332351887380	0.3502562	-0.72354233	-9.5139265	9.547827
1332351887382	0.21962857	-0.62432224	-7.7819076	7.81
1332351887396	-0.067732275	-0.52422756	-6.362902	6.38482
1332351887413	-0.43313462	-0.34433612	-5.25158	5.2806506
1332351887414	-0.7987697	0.07165551	-4.306392	4.3804317
1332351887430	-1.0078194	0.8807059	-3.529819	3.7750452
1332351887446	-1.2957759	1.6905084	-2.9225554	3.616377
1332351887447	-1.8198705	2.3436506	-1.7857008	3.4631422
1332351887463	-1.4812461	2.6047733	-0.11842203	2.998826
1332351887464	-0.20160788	2.6300921	1.5222664	3.045542
1332351887479	1.9406909	5.009055	1.9570351	5.717246
1332351887496	2.5128744	10.996781	2.0467062	11.464412
1332351887497	-3.4293625	12.273643	3.3582978	13.178809
1332351887513	-8.35181	8.210654	6.9100003	13.598371
1332351887514	-7.4673586	3.201662	15.054758	17.107244
1332351887529	-5.2491302	-1.8139665	28.02509	28.57008
1332351887545	-1.0690633	-3.6970446	36.954197	37.154053
1332351887547	0.600265	-1.3505104	38.307777	38.336277
1332351887563	-0.082805976	0.7495899	37.807796	37.815315
1332351887564	0.17788458	2.213061	33.415516	33.489193
1332351887579	-0.029121503	4.1370134	26.767927	27.085747
1332351887595	-0.86173165	5.896965	21.637827	22.443537
1332351887597	-1.5345023	6.1579003	16.209051	17.407118
1332351887613	-2.125774	5.5476227	11.1022415	12.591854
1332351887614	-2.4795275	5.2453685	7.188295	9.237616
1332351887628	-2.516719	5.2496552	5.4752197	7.99192
1332351887645	-2.1598303	5.091569	4.17138	6.927435
1332351887647	-1.7225213	4.4563723	2.9590337	5.6198053
1332351887662	-1.0475538	3.1862955	3.405899	4.780167
1332351887677	-0.44973874	1.3619368	5.9230914	6.0942717
1332351887691	-0.085878	-0.075401545	8.786049	8.786792
1332351887692	0.043915123	-0.9685401	10.117392	10.16374
1332351887694	0.17502259	-1.5528353	9.136862	9.269529
1332351887701	0.38559353	-1.9844224	6.7150126	7.0127034
1332351887712	0.43968993	-2.1834981	4.0373306	4.6109686
1332351887728	0.57240534	-2.1490698	1.5798049	2.7279904
1332351887745	0.7831907	-2.271959	-0.33652782	2.4266102
1332351887746	1.3071928	-2.472748	-1.2380886	3.0587742
1332351887761	1.7513562	-2.4356275	-1.9020286	3.5520759
1332351887762	2.0364528	-2.158513	-2.7893567	4.0726933
1332351887778	2.0051317	-1.7188311	-3.898016	4.708446
1332351887795	1.8922818	-1.2722244	-4.988736	5.4851413
1332351887796	1.7758737	-0.97456527	-5.897895	6.236078
1332351887811	1.655189	-0.5890925	-6.308633	6.548704
1332351887813	1.529875	-0.4292612	-6.138208	6.3405347
1332351887827	1.556622	-0.10245347	-5.8545814	6.058852
1332351887844	1.5776696	0.31390262	-6.081747	6.2908845
1332351887845	1.5145037	0.81943965	-6.739575	6.956082
1332351887861	1.2885011	1.0215039	-6.727749	6.925771
1332351887862	0.6641699	1.0765901	-5.6528845	5.792691
1332351887877	-0.27966875	1.2975459	-4.222309	4.426029
1332351887894	-1.1512716	1.2137344	-2.9031591	3.3506582
1332351887895	-1.243654	0.43128753	-1.3840733	1.9100636
1332351887911	-0.6350013	-0.8152654	0.4913683	1.1442584
1332351887912	0.12617934	-2.0564344	2.8766928	3.5383902
1332351887927	1.1976539	-2.7440057	5.2193165	6.0170765
1332351887944	1.8728247	-2.7994223	6.03181	6.9084706
1332351887945	1.6040318	-2.4598227	4.911296	5.7222786
1332351887960	1.33337	-1.8039298	2.9545555	3.709641
1332351887962	0.8259237	-0.9890876	0.6278143	1.4333858
1332351887976	0.0037996173	-0.094228745	-1.6825733	1.685214
1332351887993	-0.42714632	0.567467	-3.4261265	3.4989734
1332351887994	-0.3871916	0.759228	-4.6919107	4.768687
1332351888010	-0.033350527	0.63823605	-5.5597844	5.596397
1332351888026	0.39935493	0.5179701	-6.1903195	6.224776
1332351888027	0.83282435	0.47645593	-6.350751	6.4228225
1332351888043	1.0316315	0.5922308	-5.96279	6.080285
1332351888044	0.60394484	0.7858541	-5.264809	5.357288
1332351888059	-0.2146272	1.2138889	-4.4928837	4.6589265
1332351888076	-0.79621077	1.640626	-3.7251596	4.14758
1332351888077	-1.1406521	1.6731448	-2.8053503	3.4598398
1332351888093	-1.1694257	1.3110373	-1.5756931	2.359912
1332351888109	-0.8038962	0.8678217	0.35579395	1.2352946
1332351888122	-0.357777	0.4213817	2.2836428	2.3495939
1332351888123	-0.14498608	-0.106577635	3.5003557	3.504978
1332351888125	-0.008204192	-0.40287662	3.6142502	3.6366444
1332351888131	0.13115522	-0.38913846	2.7034264	2.7344368
1332351888142	0.19471392	-0.22242045	1.4737215	1.5030767
1332351888159	0.18299048	0.017899752	0.47423553	0.50863075
1332351888176	0.173291	0.41257071	-0.4531374	0.63684994
1332351888177	0.24459112	0.64688206	-1.0738955	1.2773147
1332351888193	0.24002555	0.7991922	-1.3888683	1.6202703
1332351888194	0.23747563	1.0274465	-1.6332893	1.9441386
1332351888208	0.23697865	1.1745427	-1.8077416	2.1687875
1332351888226	0.23801409	1.2412083	-1.9114423	2.2914755
1332351888227	0.08352451	1.1489108	-1.630538	1.9964033
1332351888242	-0.22666466	1.2115786	-1.0432606	1.614835
1332351888244	-0.37907314	0.9588759	-1.3255243	1.6793314
1332351888258	0.25395527	0.7047553	-1.4564886	1.6378438
1332351888275	0.73047864	0.9201386	-0.25827217	1.2028959
1332351888276	0.6579892	1.4478984	1.4063225	2.1229937
1332351888292	0.6641488	1.1893971	2.2824001	2.6580274
1332351888293	0.74869806	0.45909476	3.4697342	3.579158
1332351888308	0.8329829	0.19870448	3.791502	3.887008
1332351888325	0.91680247	0.40808916	3.1693668	3.3244474
1332351888326	0.99997354	0.61672354	1.9174614	2.2487671
1332351888342	1.0822318	0.74592614	0.58477783	1.4386092
1332351888343	1.0064595	0.9530196	-0.43636894	1.4531431
1332351888358	0.69404936	1.0813403	-0.8321352	1.5308332
1332351888375	0.5370414	1.0522285	-0.8385277	1.4486984
1332351888376	0.3784154	0.94444776	-0.29835987	1.0602822
1332351888392	0.45346704	0.9150238	0.4745493	1.1260986
1332351888394	0.6052335	0.8071308	0.61729336	1.1827167
1332351888409	0.75528264	0.7778318	0.0517931	1.0854293
1332351888424	0.90336514	0.7484586	-0.5156517	1.2814661
1332351888426	0.9713235	0.7192638	-0.61351585	1.3554378
1332351888441	0.9588718	0.37609506	-0.3987913	1.1044985
1332351888442	1.1017746	0.03310013	0.05064392	1.1034344
1332351888457	1.2432426	-0.1526463	0.65675354	1.414312
1332351888483	1.2260402	-0.10282135	1.2627211	1.7630119
1332351888484	0.8150888	0.10438132	1.7120619	1.8990579
1332351888486	0.63810897	0.31203055	1.7694988	1.9067439
1332351888491	0.69522864	0.520308	1.2782221	1.545288
1332351888507	0.8294612	0.8077998	0.39518833	1.2234052
1332351888524	0.7268405	0.62522364	-0.6442604	1.1551075
1332351888540	0.46610412	0.12967587	-1.2908278	1.3785156
1332351888553	0.28281313	0.3414514	-1.0737104	1.1616482
1332351888554	0.09884237	0.5542872	-0.62068653	0.8380071
1332351888556	0.14952043	0.45421934	-0.40263844	0.6251314
