Timestamp:	X:	Y:	Z:	Acceleration:
1332174208293	-0.43993917	0.40504146	-1.1240273	1.2732016
1332174208308	0.11997026	0.32216048	-0.33644962	0.48101828
1332174208323	0.20955761	0.23895311	-0.09789753	0.33256114
1332174208326	0.29953444	0.07700443	-0.2512312	0.3984566
1332174208353	0.23679939	-0.008846521	-0.40074825	0.46556565
1332174208357	0.17381085	-0.01627016	-0.47127724	0.50257057
1332174208371	0.11043772	-0.023777008	-0.6196451	0.6298586
1332174208372	0.20348804	0.047118425	-0.610342	0.64509296
1332174208373	0.21737002	0.039488316	-0.67878723	0.71383554
1332174208374	0.15195619	-0.12512136	-0.7464533	0.77197057
1332174208392	0.16409206	-0.28970313	-0.73484707	0.8067554
1332174208393	0.1751964	-0.29724932	-0.8009062	0.87206745
1332174208394	0.18519215	-0.38313603	-0.86615944	0.96505
1332174208396	0.11554697	-0.5472858	-1.0091105	1.1537664
1332174208402	0.28012264	-0.63265777	-1.1512146	1.343138
1332174208412	0.28642923	-0.7961135	-1.2923088	1.544636
1332174208422	0.2915107	-0.9590523	-1.5895553	1.8792142
1332174208431	0.37382895	-1.0428574	-1.9643888	2.2552435
1332174208447	0.53344846	-1.0474036	-2.3383832	2.617185
1332174208464	0.770273	-1.050945	-2.7896862	3.078986
1332174208465	0.92743075	-1.131834	-3.4752827	3.770778
1332174208480	1.0832553	-1.2112579	-4.159174	4.4653463
1332174208497	1.1595912	-1.2893932	-4.4494815	4.7754655
1332174208498	1.1563044	-1.3659608	-4.5810714	4.918242
1332174208514	1.151547	-1.5189233	-4.631256	5.0081654
1332174208515	1.2240336	-1.6700523	-4.600376	5.044878
1332174208529	1.216494	-1.6619351	-4.801137	5.2242513
1332174208546	1.0506794	-1.6518404	-5.155468	5.514649
1332174208547	0.8832621	-1.4823976	-5.505212	5.769316
1332174208563	0.79267865	-1.3889797	-5.69297	5.9133334
1332174208564	0.62190044	-1.2145164	-5.7966614	5.9550896
1332174208579	0.370983	-1.116024	-5.6591215	5.780034
1332174208596	0.19675212	-0.85782623	-5.200858	5.274799
1332174208597	-0.13609926	-0.51854277	-4.500232	4.5320525
1332174208612	-0.47061527	-0.1765635	-3.6348963	3.6694856
1332174208613	-0.64941204	0.4030199	-2.4488263	2.5653288
1332174208629	-0.7507271	1.2984369	-1.0206141	1.8141618
1332174208645	-1.2455051	2.274517	1.043849	2.7954125
1332174208646	-1.7406808	3.1733503	3.8206797	5.2628617
1332174208662	-1.8437508	4.073434	6.840338	8.172056
1332174208663	-1.4756364	5.1307745	9.7081585	11.079291
1332174208678	-0.6358011	6.3444448	13.128248	14.594764
1332174208694	0.12682824	7.3212786	17.257128	18.746351
1332174208696	0.5773198	7.353737	21.699078	22.918568
1332174208711	0.6375492	6.5191207	25.97983	26.792852
1332174208712	0.543393	5.286566	29.938978	30.406996
1332174208732	0.059369147	4.1260767	32.23828	32.501305
1332174208733	-0.7357943	3.584869	32.087013	32.295033
1332174208744	-1.9993337	3.5056787	29.48121	29.756157
1332174208760	-3.1818097	3.88673	25.825943	26.309883
1332174208777	-3.9695065	4.571104	21.901962	22.72329
1332174208778	-4.126918	4.9302616	18.252367	19.351688
1332174208794	-3.653698	5.041457	15.025816	16.264715
1332174208795	-2.9422069	4.749028	12.301665	13.510767
1332174208810	-2.540907	4.3649187	9.441498	10.707502
1332174208826	-2.4503841	3.893376	6.2248993	7.7402925
1332174208827	-2.5130281	3.4122555	2.6483426	4.9972506
1332174208844	-2.805919	2.6049252	-0.5934515	3.8744032
1332174208845	-3.0944407	1.2396479	-2.856573	4.3900228
1332174208859	-3.142052	-0.4496491	-4.2246275	5.2841415
1332174208876	-2.557493	-1.9882042	-4.7585216	5.7564964
1332174208877	-1.0260426	-2.9055808	-4.929202	5.8131056
1332174208893	1.2959548	-3.2014732	-5.2831264	6.3119216
1332174208895	3.465352	-3.499912	-6.039918	7.793501
1332174208909	4.7757583	-3.9564426	-7.0366282	9.379522
1332174208926	4.9136405	-4.3348455	-8.270172	10.551327
1332174208927	4.191496	-4.5539627	-9.966415	11.731865
1332174208943	3.1578426	-4.5335183	-12.0410595	13.24809
1332174208944	2.124518	-4.1140695	-14.328837	15.058377
1332174208958	1.5609164	-3.6861959	-16.51014	16.988503
1332174208975	1.544383	-3.5618463	-18.343863	18.750177
1332174208976	1.9164426	-3.8180654	-19.275677	19.743406
1332174208992	2.2050166	-4.2180552	-19.222275	19.802776
1332174208993	2.409122	-4.76078	-18.414898	19.172308
1332174209008	2.371209	-5.3675504	-17.479515	18.438185
1332174209025	2.0900261	-5.957731	-16.643398	17.800716
1332174209026	1.8793864	-6.3749375	-16.14274	17.457376
1332174209041	1.6603284	-6.461688	-15.97497	17.312128
1332174209042	1.3543421	-6.375198	-15.983631	17.26134
1332174209057	0.88336074	-6.1164236	-16.172123	17.31267
1332174209074	0.4812047	-5.995728	-16.37164	17.441643
1332174209075	0.22837943	-5.781602	-16.204102	17.206161
1332174209090	0.2816388	-5.394546	-15.745445	16.646305
1332174209107	0.4062807	-5.070853	-14.842576	15.6901455
1332174209108	0.44642597	-4.89055	-13.815512	14.662372
1332174209124	0.4797724	-4.6150846	-12.968968	13.774009
1332174209125	0.5088129	-4.406516	-12.477308	13.242337
1332174209150	0.6121724	-4.1854124	-12.181352	12.894874
1332174209152	0.47759068	-4.1122537	-11.700546	12.4113455
1332174209157	0.41911906	-4.0290966	-11.111008	11.826402
1332174209175	0.35915524	-3.8589952	-10.418135	11.115681
1332174209176	0.21996921	-3.760218	-10.097403	10.777066
1332174209189	0.08052404	-3.576184	-9.836638	10.466854
1332174209206	0.09878504	-3.309837	-9.488191	10.049405
1332174209207	0.27504498	-3.11784	-8.737813	9.281485
1332174209223	0.45286644	-3.001177	-7.5888934	8.173338
1332174209224	0.39759153	-2.9634168	-6.1305065	6.8207793
1332174209239	0.031049661	-2.9265988	-4.992333	5.786997
1332174209256	-0.64651084	-2.812284	-4.410374	5.270514
1332174209257	-1.4778633	-2.4651403	-4.232561	5.1162066
1332174209272	-1.7564676	-1.414548	-3.5969534	4.2454915
1332174209273	-1.6391605	0.6516206	-2.0378265	2.695217
1332174209288	-1.2827215	3.26184	-0.18517971	3.5098813
1332174209305	-0.8436844	6.0238714	1.646802	6.3016496
1332174209306	-0.7928012	8.073198	3.9262066	9.012223
1332174209322	-0.5805694	8.937803	7.0434604	11.394373
1332174209323	-0.28533387	9.322742	10.9969	14.419665
1332174209337	-0.14265579	9.383487	15.471065	18.094862
1332174209355	0.16207936	9.039346	19.521688	21.513538
1332174209356	0.23559427	8.446107	22.677036	24.200005
1332174209371	-0.47137684	7.8367715	24.463074	25.692005
1332174209372	-1.8022813	7.523752	25.270014	26.427801
1332174209387	-3.0512996	7.34916	25.331493	26.551933
1332174209404	-3.5901747	7.230095	24.638968	25.927637
1332174209405	-3.6553388	7.5613937	22.802948	24.300425
1332174209420	-3.08966	8.105409	20.759218	22.49864
1332174209437	-2.1287131	8.313263	18.97767	20.827715
1332174209438	-0.8509882	8.342547	17.6932	19.579878
1332174209454	0.4306208	8.188514	16.736502	18.637266
1332174209455	1.3227196	7.7790937	15.6498375	17.526588
1332174209470	1.5901439	6.956301	14.508309	16.16817
1332174209486	1.3114312	6.033469	13.466801	14.814767
1332174209487	0.7996543	5.0142207	12.533711	13.523157
1332174209504	0.44758412	4.129637	11.305877	12.044794
1332174209505	0.3321576	3.4653316	9.800668	10.400574
1332174209519	0.29635647	2.7826316	8.08855	8.558943
1332174209536	0.26027817	2.1682863	6.5037746	6.860634
1332174209537	0.22360997	1.6211214	5.200182	5.4515986
1332174209553	0.18588531	0.9060483	3.8644404	3.973585
1332174209554	0.06789249	0.1863327	2.3552384	2.363573
1332174209580	-0.2877106	-0.5367875	1.0677757	1.229253
1332174209582	-0.41038644	-1.104397	-0.071815014	1.1803675
1332174209586	-0.14345488	-1.5929825	-1.137342	1.9625797
1332174209604	0.19896829	-2.0002432	-2.2803164	3.0398033
1332174209605	0.5383352	-2.244985	-3.1802068	3.929819
1332174209619	0.8746183	-2.4819074	-3.9100976	4.7131395
1332174209635	1.0508564	-2.6304255	-4.543466	5.3541126
1332174209636	1.1454104	-2.845735	-5.5474324	6.3390994
1332174209652	1.0800941	-3.0472894	-6.523588	7.2807813
1332174209653	1.0900913	-2.9979231	-7.1545577	7.833488
1332174209668	1.1756759	-2.9321344	-7.515463	8.152411
1332174209685	1.258053	-2.8480878	-7.837837	8.433622
1332174209686	1.1804416	-2.8238757	-7.9627986	8.530761
1332174209701	0.86433595	-2.7803106	-7.8880825	8.408273
1332174209703	0.46681267	-2.7174404	-7.5343738	8.023041
1332174209718	0.06654176	-2.6358433	-7.2944045	7.7563157
1332174209734	-0.18010744	-2.5328841	-7.2403836	7.6727505
1332174209735	-0.11531657	-2.2551222	-6.986566	7.3424096
1332174209750	0.26083413	-1.8803625	-6.5307283	6.801045
1332174209767	0.5563183	-1.6453824	-6.0321083	6.2771893
1332174209768	0.69306695	-1.7871661	-5.3366117	5.670426
1332174209784	0.6708412	-2.1468425	-4.6743593	5.1873493
1332174209785	0.49057153	-2.4937677	-4.0562153	4.786692
1332174209800	0.15238893	-2.7499402	-3.5611868	4.501938
1332174209816	-0.108112395	-2.9945729	-3.0336199	4.264036
1332174209817	-0.21203598	-2.9162776	-2.558219	3.885115
1332174209834	-0.1595123	-2.6707482	-2.2886076	3.5208046
1332174209835	-0.18536033	-2.34039	-2.2353106	3.2416658
1332174209849	-0.28958422	-2.002698	-2.4748392	3.1967933
1332174209866	-0.31465966	-1.5831156	-2.7040663	3.149165
1332174209867	-0.26047438	-1.1597486	-2.7659435	3.0105326
1332174209884	-0.12683032	-0.8114004	-2.583722	2.7111025
1332174209885	0.008076735	-0.5404568	-2.1638174	2.230306
1332174209899	0.065943316	-0.34763193	-1.6654902	1.7026608
1332174209916	0.04692211	-0.2336731	-1.169404	1.1934448
1332174209917	0.029650088	-0.19885778	-0.99053764	1.0107366
1332174209933	-0.064269796	-0.16570091	-1.0527859	1.0676823
1332174209934	-0.077960305	0.021155357	-1.281002	1.2835466
1332174209949	-0.32532302	0.2041521	-1.7549582	1.7964941
1332174209965	-0.41388214	0.46135807	-2.1616306	2.2487323
1332174209966	-0.26524106	0.47811794	-1.7174816	1.802413
1332174209982	-0.19337788	0.3323536	-0.8942051	0.97337383
1332174209983	-0.43379337	0.18055439	-0.55558395	0.72763324
1332174210010	-0.7511771	-0.056077957	-0.4662819	0.8859066
1332174210011	-0.9884593	-0.22105217	-0.07736015	1.015825
1332174210015	-0.9104161	-0.23582983	0.4547453	1.0446371
1332174210031	-0.75243914	-0.022160053	0.973012	1.2302065
1332174210032	-0.5145719	0.10614109	1.3208885	1.4215472
1332174210047	-0.432247	0.14919662	1.5771904	1.6421409
1332174210065	-0.34851456	0.028774261	1.8993196	1.9312446
1332174210066	-0.18476148	-0.019723892	2.2086496	2.216452
1332174210082	-0.019640764	0.004333973	2.5060997	2.5061803
1332174210083	-0.010223119	0.101424694	2.4783278	2.4804235
1332174210098	-0.07818163	0.27209282	1.9690313	1.989279
1332174210114	-0.1449162	0.3592863	0.9775009	1.051473
1332174210115	-0.132295	0.5993209	-0.02406311	0.61422026
1332174210130	-0.04049353	0.83570385	-1.0351372	1.3309958
1332174210147	-0.26206508	0.9903364	-1.5843697	1.8867091
1332174210148	-0.24776718	1.2204595	-0.88653946	1.5286798
