Timestamp:	X:	Y:	Z:	Acceleration:
1332173036468	-0.29944468	0.38434076	-2.1396527	2.1944244
1332173036489	0.0141323805	0.22023511	-1.2693167	1.2883587
1332173036502	0.09271559	0.29165196	-0.7123356	0.7752928
1332173036507	0.09330881	0.28467464	-0.62539387	0.69344336
1332173036514	0.09442064	0.19929552	-0.77276325	0.803615
1332173036526	0.017567888	0.03550458	-0.9187803	0.91963387
1332173036529	0.0981656	-0.12823057	-0.9848089	0.997962
1332173036530	0.022246256	-0.21343756	-1.0492296	1.0709497
1332173036538	0.025184408	-0.37706614	-1.0335464	1.1004686
1332173036548	0.10694662	-0.54063463	-1.2514858	1.3674575
1332173036558	0.18892567	-0.70405936	-1.6248856	1.7809114
1332173036568	0.19262849	-0.78882504	-1.9179149	2.082726
1332173036578	0.27489972	-0.8732934	-2.2093744	2.3915572
1332173036588	0.3571818	-1.1143034	-2.5777307	2.8308914
1332173036602	0.36093068	-1.2762463	-2.787166	3.086644
1332173036628	0.36452687	-1.280453	-3.151545	3.4212096
1332173036630	0.44634944	-1.362241	-3.6712399	3.9411838
1332173036631	0.527825	-1.3644361	-4.26754	4.511339
1332173036638	0.5303704	-1.2082953	-4.9400463	5.1132503
1332173036652	0.45388755	-1.1290338	-5.609971	5.7404275
1332173036668	0.5337166	-1.1264222	-5.806017	5.9383087
1332173036669	0.53433084	-1.1218212	-5.6847763	5.818992
1332173036685	0.37716532	-1.1935589	-5.2457337	5.39301
1332173036702	0.21904676	-1.1843798	-4.566303	4.7224846
1332173036704	0.059976056	-1.251348	-3.724894	3.9299242
1332173036718	-0.2570677	-1.2373955	-3.0347285	3.2873712
1332173036720	-0.65356135	-1.1426418	-2.7312436	3.0319076
1332173036735	-0.89398456	-1.0457067	-2.422186	2.785623
1332173036751	-0.8999423	-0.7891772	-1.5566092	1.963601
1332173036753	-0.8281641	-0.37336826	-0.37085438	0.98121995
1332173036768	-1.0707701	0.35827947	1.2907953	1.7149535
1332173036769	-1.5491655	1.1707346	3.3510695	3.8730092
1332173036784	-1.5566553	1.9847875	5.0228453	5.6206346
1332173036801	-1.4853789	2.8005903	5.9140825	6.7101436
1332173036803	-1.9628253	3.5389876	6.885998	7.9871197
1332173036818	-2.5962157	3.9640074	8.643372	9.857057
1332173036819	-2.5219204	3.9963536	11.890299	12.794927
1332173036834	-1.818094	3.3997273	16.703026	17.142189
1332173036851	-1.1117986	2.8011167	20.56809	20.787704
1332173036852	-0.4815657	2.3565516	23.561218	23.68367
1332173036867	-0.16247346	2.3790452	25.75789	25.868034
1332173036869	-0.3892932	2.6319454	26.839535	26.971083
1332173036883	-0.92697626	3.350504	26.254566	26.483719
1332173036900	-0.98983526	4.219105	24.386818	24.768883
1332173036902	-0.10803908	4.689186	22.021858	22.515825
1332173036917	0.7768856	4.7597218	19.30951	19.902655
1332173036933	0.879725	4.3521957	16.482899	17.070484
1332173036934	0.35701534	3.623532	13.618839	14.097171
1332173036950	-0.16306996	3.042657	10.549234	10.980469
1332173036951	-0.5249569	2.7687354	6.9716244	7.5196424
1332173036966	-0.72871083	2.7219484	3.2715397	4.3177533
1332173036983	-0.6176621	2.7446556	0.30934238	2.8302534
1332173036984	-0.03561634	2.603149	-1.3555398	2.935156
1332173037000	0.782054	2.2169454	-1.7316346	2.9197626
1332173037001	1.3637558	1.5888572	-0.56739426	2.1693854
1332173037016	1.3955127	0.48202968	1.0345459	1.8028016
1332173037033	1.0336795	-0.7862067	1.9151154	2.313932
1332173037057	0.59191287	-1.8235514	1.6056118	2.500738
1332173037058	0.30532598	-2.552392	-0.36574554	2.5964782
1332173037061	-0.14035755	-3.1267176	-3.3582716	4.590648
1332173037063	-0.7454466	-3.5455797	-6.5828023	7.5139947
1332173037068	-1.1177654	-3.729204	-9.799072	10.5441065
1332173037082	-1.3359511	-3.8332226	-13.002681	13.621603
1332173037099	-1.086133	-3.856167	-15.561247	16.068668
1332173037100	-0.525059	-3.7962532	-17.783344	18.191607
1332173037116	-0.28038168	-3.8089156	-19.507326	19.877682
1332173037132	-0.19495773	-3.8925657	-20.806442	21.168327
1332173037134	0.20263696	-4.1246567	-21.206547	21.604895
1332173037148	0.598553	-4.581627	-20.385868	20.902946
1332173037150	0.9932684	-5.1063657	-18.657652	19.369293
1332173037165	1.3870336	-5.46282	-16.568531	17.500929
1332173037182	1.544462	-5.7274823	-14.89493	16.032726
1332173037183	1.5441663	-6.057334	-14.10778	15.430658
1332173037198	1.3861535	-6.2166157	-14.284618	15.64027
1332173037199	1.0703399	-6.0479317	-15.110573	16.311117
1332173037214	0.8321061	-5.7874503	-15.804955	16.851812
1332173037231	0.82809967	-5.668445	-15.81154	16.817307
1332173037232	0.8228152	-5.535075	-15.214894	16.211327
1332173037248	0.8161093	-5.3089085	-14.566386	15.525146
1332173037249	0.80791324	-5.0690618	-14.183986	15.084216
1332173037264	1.033705	-4.738452	-13.995723	14.812215
1332173037281	1.2576948	-4.3150373	-13.917719	14.625465
1332173037282	1.4015512	-4.0364366	-13.801769	14.448045
1332173037297	1.4652619	-3.7465422	-13.494955	14.081811
1332173037299	1.213388	-3.6818833	-13.001773	13.567412
1332173037313	1.0384579	-3.5305634	-12.407804	12.942058
1332173037330	1.0968626	-3.4471703	-11.627792	12.1775055
1332173037331	0.99698937	-3.2807388	-11.072793	11.591548
1332173037347	0.97361106	-3.0287213	-10.735276	11.196751
1332173037363	1.341083	-2.694437	-9.997452	10.440667
1332173037364	1.6286638	-2.200981	-8.47159	8.903072
1332173037380	1.3649542	-1.154646	-6.7030406	6.937367
1332173037381	0.5506455	0.67627716	-5.173579	5.2465687
1332173037396	-1.128412	3.0562165	-4.1186824	5.251411
1332173037412	-3.122604	5.3555527	-3.1506796	6.9540906
1332173037414	-3.7050645	6.9447923	-1.3318281	7.9831953
1332173037430	-1.855894	7.5100965	1.4971924	7.879561
1332173037431	1.0918683	7.5192413	5.0148554	9.103842
1332173037446	2.62715	7.36321	9.535206	12.330407
1332173037463	2.437095	6.725823	15.130501	16.736433
1332173037487	1.777736	5.447912	20.30843	21.101479
1332173037490	1.3556575	3.997625	24.516949	24.877691
1332173037491	0.70007837	3.3947115	28.06614	28.279362
1332173037492	-0.50299424	4.422434	28.362303	28.709427
1332173037498	-1.7043285	6.372939	24.929798	25.787865
1332173037512	-2.2762172	8.303785	19.72598	21.523205
1332173037529	-2.6111326	9.900174	14.785764	17.984722
1332173037530	-2.9444737	10.770099	11.910966	16.325932
1332173037545	-3.0406137	10.128284	11.882151	15.906382
1332173037562	-2.820728	8.680075	13.753113	16.506008
1332173037564	-2.5199978	7.68369	15.017834	17.056519
1332173037578	-2.216133	7.2135954	14.48933	16.336704
1332173037579	-1.9089704	6.724143	13.119274	14.865182
1332173037595	-1.6766402	5.980938	11.774443	13.312409
1332173037612	-1.4397746	5.059593	10.998095	12.191412
1332173037613	-0.9629064	4.119837	10.95491	11.743522
1332173037628	-0.24577422	3.3194861	11.176985	11.662091
1332173037629	0.319132	2.5038574	11.12121	11.404055
1332173037644	0.73149765	1.8327281	10.402465	10.587976
1332173037661	0.9919232	1.3044407	8.859993	9.010269
1332173037662	1.0207086	1.0816514	7.056698	7.211713
1332173037678	0.81823415	0.84907246	5.3810396	5.508722
1332173037679	0.6187366	0.53286886	3.76513	3.85266
1332173037694	0.34275973	0.13644886	2.2950778	2.3245397
1332173037711	0.14713815	-0.26181698	0.8907957	0.94006103
1332173037712	0.030806124	-0.65834	-0.4393134	0.7920586
1332173037728	-0.006923288	-1.0510013	-1.6906371	1.9907048
1332173037729	0.111703515	-1.3588738	-2.7003002	3.025002
1332173037743	0.07214779	-1.6582589	-3.148797	3.5594873
1332173037760	0.10958129	-1.7914472	-3.192782	3.6626694
1332173037761	0.30188447	-1.9912825	-3.2939858	3.8609173
1332173037777	0.41331515	-2.256569	-3.4511771	4.1440988
1332173037793	0.36514074	-2.2721736	-3.6597233	4.323156
1332173037794	0.3926384	-2.4296825	-4.1521454	4.8267827
1332173037810	0.3384878	-2.57037	-4.61117	5.2900157
1332173037811	0.3597554	-2.6161764	-4.8788223	5.547676
1332173037826	0.22063717	-2.7221653	-5.1867285	5.8618274
1332173037843	0.07860941	-2.7338538	-5.459628	6.1063633
1332173037844	-0.06646311	-2.6503937	-5.6954927	6.2823277
1332173037860	-0.057983816	-2.6265705	-5.654362	6.2349052
1332173037861	-0.05218166	-2.5875037	-5.5780616	6.1492004
1332173037876	0.10761988	-2.6880863	-5.462137	6.0887055
1332173037893	0.4218185	-2.61608	-5.231102	5.863978
1332173037916	0.65519893	-2.5291247	-4.964507	5.6099987
1332173037919	0.72935534	-2.5054364	-4.739975	5.4107795
1332173037921	0.723371	-2.5484455	-4.643072	5.345649
1332173037922	0.6373195	-2.501304	-4.5169287	5.202436
1332173037928	0.62833124	-2.443506	-4.128227	4.838159
1332173037942	0.6180369	-2.4543378	-3.6356678	4.4298787
1332173037959	0.44955152	-2.4560277	-3.3547802	4.1819515
1332173037960	0.12305462	-2.450119	-3.2106438	4.0406013
1332173037975	0.031059444	-2.3592095	-3.1273966	3.9175813
1332173037992	0.095065296	-2.1049678	-3.1056786	3.753021
1332173037993	0.23685372	-1.8462524	-3.0716305	3.5916097
1332173038008	0.3780455	-1.5837424	-3.1841717	3.576326
1332173038010	0.5973765	-1.2405596	-2.7409353	3.0673397
1332173038025	1.0519809	-0.97473574	-1.8231249	2.319603
1332173038042	0.48612303	-0.86446905	-3.569767	3.7049775
1332173038043	-0.9430406	-0.59735966	-6.650169	6.743212
1332173038059	-1.1949782	-0.33100462	-6.121561	6.2458825
1332173038060	-0.19105959	-0.4590335	-3.0066824	3.047516
1332173038074	0.18522704	-0.51089525	-1.2299843	1.3446875
1332173038091	0.09100175	-0.33028173	-0.55687714	0.65381914
1332173038092	-0.15967023	-0.38849497	0.111115456	0.4344762
1332173038108	-0.25267866	-0.45086503	0.85122395	0.9958454
1332173038109	-0.26637492	-0.4394157	1.2702217	1.3702208
1332173038124	0.11326581	-0.19759893	1.5241575	1.541081
1332173038141	0.41547123	0.03890848	1.8481703	1.8946935
1332173038142	0.24789977	0.112912655	2.3982553	2.413676
1332173038157	-0.0754818	0.02426362	3.0167017	3.0177433
1332173038159	-0.31927398	0.08691454	2.839612	2.8588262
1332173038175	-0.3264942	0.3791945	2.02314	2.0841022
1332173038191	0.059869736	0.6654072	1.507885	1.6492629
1332173038192	0.5257158	0.9461262	1.4512854	1.8104589
1332173038206	0.36475894	1.0642164	0.9105339	1.4473001
1332173038223	-0.18764824	0.941452	-0.42814922	1.0511211
1332173038225	-0.58224857	0.8135214	-1.9365897	2.179727
1332173038241	-0.6620841	0.91553855	-1.810739	2.1343248
1332173038242	-0.270332	1.0124738	-0.20631504	1.0680583
