# bioPlux Text File Format
# Version: 1
# StartDateTime: 2012-03-21 15:56:59
# SamplingFrequency: 1000
# SampledChannels: 1 2 3 4 5 6 7 8
# SamplingResolution: 12
# AcquiringDevice: 00:07:80:93:66:BE
# EndOfHeader
0	0	0	784	639	817	2042	0	0	0	0
1	0	0	784	639	817	2039	0	0	0	0
2	0	0	783	638	817	2039	0	0	0	0
3	0	0	784	638	817	2038	0	0	0	0
4	0	0	783	638	816	2037	0	0	0	0
5	0	0	783	638	817	2038	0	0	0	0
6	0	0	783	638	816	2038	0	0	0	0
7	0	0	783	638	817	2037	0	0	0	0
8	0	0	783	638	817	2037	0	0	0	0
9	0	0	783	640	817	2037	0	0	0	0
10	0	0	783	638	816	2037	0	0	0	0
11	0	0	783	639	817	2039	0	0	0	0
12	0	0	783	639	817	2040	0	0	0	0
13	0	0	783	639	817	2038	0	0	0	0
14	0	0	783	637	817	2039	0	0	0	0
15	0	0	782	638	817	2038	0	0	0	0
16	0	0	783	639	816	2039	0	0	0	0
17	0	0	783	639	818	2038	0	0	0	0
18	0	0	783	639	818	2038	0	0	0	0
19	0	0	783	639	817	2037	0	0	0	0
20	0	0	783	639	817	2034	0	0	0	0
21	0	0	782	639	818	2036	0	0	0	0
22	0	0	783	639	817	2035	0	0	0	0
23	0	0	783	640	818	2034	0	0	0	0
24	0	0	782	639	817	2035	0	0	0	0
25	0	0	782	639	817	2034	0	0	0	0
26	0	0	782	639	818	2034	0	0	0	0
27	0	0	781	638	819	2035	0	0	0	0
28	0	0	783	638	818	2034	0	0	0	0
29	0	0	782	639	818	2034	0	0	0	0
30	0	0	783	639	818	2035	0	0	0	0
31	0	0	784	638	817	2035	0	0	0	0
32	0	0	783	637	818	2036	0	0	0	0
33	0	0	784	638	818	2036	0	0	0	0
34	0	0	783	637	818	2037	0	0	0	0
35	0	0	783	637	818	2034	0	0	0	0
36	0	0	783	637	818	2035	0	0	0	0
37	0	0	783	638	818	2035	0	0	0	0
38	0	0	783	637	817	2034	0	0	0	0
39	0	0	783	636	818	2032	0	0	0	0
40	0	0	783	637	818	2034	0	0	0	0
41	0	0	782	636	817	2032	0	0	0	0
42	0	0	783	636	817	2032	0	0	0	0
43	0	0	784	636	818	2031	0	0	0	0
44	0	0	783	636	817	2031	0	0	0	0
45	0	0	783	636	817	2030	0	0	0	0
46	0	0	784	636	817	2030	0	0	0	0
47	0	0	784	636	817	2031	0	0	0	0
48	0	0	783	636	816	2031	0	0	0	0
49	0	0	783	636	816	2032	0	0	0	0
50	0	0	783	636	817	2033	0	0	0	0
51	0	0	783	636	816	2032	0	0	0	0
52	0	0	784	636	816	2033	0	0	0	0
53	0	0	784	636	815	2033	0	0	0	0
54	0	0	784	635	816	2034	0	0	0	0
55	0	0	783	637	815	2035	0	0	0	0
56	0	0	784	636	815	2034	0	0	0	0
57	0	0	783	636	815	2033	0	0	0	0
58	0	0	785	637	815	2033	0	0	0	0
59	0	0	785	637	815	2031	0	0	0	0
60	0	0	784	637	814	2033	0	0	0	0
61	0	0	783	638	814	2031	0	0	0	0
62	0	0	783	637	814	2028	0	0	0	0
63	0	0	783	638	815	2028	0	0	0	0
64	0	0	783	638	814	2026	0	0	0	0
65	0	0	785	638	814	2027	0	0	0	0
66	0	0	784	639	815	2027	0	0	0	0
67	0	0	785	638	814	2027	0	0	0	0
68	0	0	785	639	813	2028	0	0	0	0
69	0	0	784	640	814	2027	0	0	0	0
70	0	0	784	640	814	2028	0	0	0	0
71	0	0	784	640	812	2027	0	0	0	0
72	0	0	783	639	815	2027	0	0	0	0
73	0	0	783	641	815	2026	0	0	0	0
74	0	0	784	641	815	2026	0	0	0	0
75	0	0	785	640	816	2025	0	0	0	0
76	0	0	783	641	815	2025	0	0	0	0
77	0	0	784	640	815	2024	0	0	0	0
78	0	0	784	641	815	2023	0	0	0	0
79	0	0	783	642	815	2020	0	0	0	0
80	0	0	783	642	815	2017	0	0	0	0
81	0	0	784	642	815	2015	0	0	0	0
82	0	0	784	643	816	2013	0	0	0	0
83	0	0	783	643	815	2011	0	0	0	0
84	0	0	783	643	816	2008	0	0	0	0
85	0	0	785	643	815	2010	0	0	0	0
86	0	0	784	644	815	2008	0	0	0	0
87	0	0	784	644	815	2007	0	0	0	0
88	0	0	784	643	816	2005	0	0	0	0
89	0	0	783	644	816	2006	0	0	0	0
90	0	0	783	644	816	2003	0	0	0	0
91	0	0	783	643	816	2000	0	0	0	0
92	0	0	784	644	815	2000	0	0	0	0
93	0	0	784	644	816	2000	0	0	0	0
94	0	0	785	644	816	2000	0	0	0	0
95	0	0	783	645	815	2000	0	0	0	0
96	0	0	784	645	815	2001	0	0	0	0
97	0	0	782	645	815	2002	0	0	0	0
98	0	0	782	645	815	1999	0	0	0	0
99	0	0	782	645	815	1998	0	0	0	0
100	0	0	782	645	816	1998	0	0	0	0
101	0	0	783	646	814	1995	0	0	0	0
102	0	0	782	645	815	1993	0	0	0	0
103	0	0	782	645	816	1991	0	0	0	0
104	0	0	783	644	816	1991	0	0	0	0
105	0	0	782	644	816	1991	0	0	0	0
106	0	0	781	645	816	1990	0	0	0	0
107	0	0	782	645	815	1988	0	0	0	0
108	0	0	782	644	815	1989	0	0	0	0
109	0	0	782	644	816	1990	0	0	0	0
110	0	0	783	645	815	1989	0	0	0	0
111	0	0	783	645	815	1988	0	0	0	0
112	0	0	782	645	815	1989	0	0	0	0
113	0	0	782	645	815	1990	0	0	0	0
114	0	0	781	645	815	1991	0	0	0	0
115	0	0	782	644	815	1989	0	0	0	0
116	0	0	782	645	815	1990	0	0	0	0
117	0	0	782	644	816	1991	0	0	0	0
118	0	0	781	644	814	1991	0	0	0	0
119	0	0	782	644	815	1990	0	0	0	0
120	0	0	782	646	815	1988	0	0	0	0
121	0	0	782	644	815	1987	0	0	0	0
122	0	0	781	645	815	1985	0	0	0	0
123	0	0	781	644	815	1984	0	0	0	0
124	0	0	782	644	816	1983	0	0	0	0
125	0	0	782	644	817	1982	0	0	0	0
126	0	0	781	643	815	1980	0	0	0	0
127	0	0	781	643	815	1977	0	0	0	0
0	0	0	782	645	815	1975	0	0	0	0
1	0	0	781	644	815	1974	0	0	0	0
2	0	0	780	645	814	1972	0	0	0	0
3	0	0	780	644	815	1971	0	0	0	0
4	0	0	779	643	815	1972	0	0	0	0
5	0	0	780	644	816	1968	0	0	0	0
6	0	0	779	643	815	1967	0	0	0	0
7	0	0	778	645	815	1966	0	0	0	0
8	0	0	780	645	816	1965	0	0	0	0
9	0	0	777	646	815	1963	0	0	0	0
10	0	0	777	646	815	1959	0	0	0	0
11	0	0	777	645	815	1956	0	0	0	0
12	0	0	778	646	816	1952	0	0	0	0
13	0	0	778	646	816	1950	0	0	0	0
14	0	0	778	646	816	1946	0	0	0	0
15	0	0	776	645	815	1944	0	0	0	0
16	0	0	776	646	816	1942	0	0	0	0
17	0	0	777	645	815	1941	0	0	0	0
18	0	0	777	645	816	1940	0	0	0	0
19	0	0	776	645	816	1936	0	0	0	0
20	0	0	775	645	816	1933	0	0	0	0
21	0	0	777	645	817	1933	0	0	0	0
22	0	0	777	645	816	1933	0	0	0	0
23	0	0	776	645	816	1930	0	0	0	0
24	0	0	776	645	816	1930	0	0	0	0
25	0	0	775	645	816	1927	0	0	0	0
26	0	0	774	645	816	1926	0	0	0	0
27	0	0	774	644	817	1921	0	0	0	0
28	0	0	774	644	816	1918	0	0	0	0
29	0	0	773	644	816	1914	0	0	0	0
30	0	0	773	645	817	1910	0	0	0	0
31	0	0	776	645	817	1903	0	0	0	0
32	0	0	773	645	817	1895	0	0	0	0
33	0	0	772	645	817	1894	0	0	0	0
34	0	0	772	644	817	1890	0	0	0	0
35	0	0	772	645	817	1888	0	0	0	0
36	0	0	771	645	817	1883	0	0	0	0
37	0	0	771	645	818	1881	0	0	0	0
38	0	0	771	646	819	1879	0	0	0	0
39	0	0	771	645	818	1876	0	0	0	0
40	0	0	771	645	818	1870	0	0	0	0
41	0	0	770	646	818	1868	0	0	0	0
42	0	0	769	647	817	1867	0	0	0	0
43	0	0	767	647	818	1864	0	0	0	0
44	0	0	769	646	818	1863	0	0	0	0
45	0	0	771	646	818	1860	0	0	0	0
46	0	0	771	646	817	1854	0	0	0	0
47	0	0	769	646	818	1849	0	0	0	0
48	0	0	768	646	819	1846	0	0	0	0
49	0	0	768	646	818	1843	0	0	0	0
50	0	0	769	647	819	1837	0	0	0	0
51	0	0	768	646	819	1831	0	0	0	0
52	0	0	768	647	819	1827	0	0	0	0
53	0	0	767	648	820	1818	0	0	0	0
54	0	0	767	647	819	1816	0	0	0	0
55	0	0	768	647	820	1818	0	0	0	0
56	0	0	767	647	820	1817	0	0	0	0
57	0	0	768	648	819	1817	0	0	0	0
58	0	0	766	647	820	1806	0	0	0	0
59	0	0	767	647	819	1804	0	0	0	0
60	0	0	768	648	820	1802	0	0	0	0
61	0	0	768	649	820	1801	0	0	0	0
62	0	0	768	649	820	1796	0	0	0	0
63	0	0	768	649	821	1796	0	0	0	0
64	0	0	769	648	820	1792	0	0	0	0
65	0	0	768	649	820	1788	0	0	0	0
66	0	0	767	650	820	1784	0	0	0	0
67	0	0	767	649	821	1780	0	0	0	0
68	0	0	768	649	822	1776	0	0	0	0
69	0	0	767	649	822	1773	0	0	0	0
70	0	0	767	649	822	1767	0	0	0	0
71	0	0	767	650	822	1759	0	0	0	0
72	0	0	767	651	822	1751	0	0	0	0
73	0	0	766	651	823	1745	0	0	0	0
74	0	0	766	651	822	1739	0	0	0	0
75	0	0	766	651	822	1735	0	0	0	0
76	0	0	765	651	822	1723	0	0	0	0
77	0	0	763	652	823	1720	0	0	0	0
78	0	0	764	652	823	1716	0	0	0	0
79	0	0	764	652	823	1708	0	0	0	0
80	0	0	763	652	823	1695	0	0	0	0
81	0	0	764	652	823	1688	0	0	0	0
82	0	0	765	653	822	1681	0	0	0	0
83	0	0	763	653	823	1672	0	0	0	0
84	0	0	763	653	823	1675	0	0	0	1
85	0	0	763	653	823	1669	0	0	0	0
86	0	0	764	654	824	1661	0	0	0	0
87	0	0	763	655	823	1650	0	0	0	0
88	0	0	763	655	824	1651	0	0	0	0
89	0	0	763	655	824	1646	0	0	0	0
90	0	0	762	655	823	1640	0	0	0	0
91	0	0	762	656	825	1632	0	0	0	0
92	0	0	762	656	826	1625	0	0	0	0
93	0	0	762	657	826	1604	0	0	0	0
94	0	0	762	657	826	1594	0	0	0	0
95	0	0	761	657	825	1583	0	0	0	0
96	0	0	761	658	826	1575	0	0	0	0
97	0	0	761	659	826	1572	0	0	0	0
98	0	0	761	659	827	1564	0	0	0	0
99	0	0	760	659	827	1547	0	0	0	0
100	0	0	760	659	826	1538	0	0	0	0
101	0	0	759	659	826	1532	0	0	0	0
102	0	0	760	661	827	1523	0	0	0	0
103	0	0	759	661	827	1517	0	0	0	0
104	0	0	759	661	827	1513	0	0	0	0
105	0	0	758	662	826	1503	0	0	0	0
106	0	0	758	662	827	1499	0	0	0	0
107	0	0	759	663	826	1494	0	0	0	0
108	0	0	758	663	827	1475	0	0	0	0
109	0	0	758	664	826	1460	0	0	0	0
110	0	0	757	664	826	1453	0	0	0	0
111	0	0	756	665	827	1449	0	0	0	0
112	0	0	757	667	827	1442	0	0	0	0
113	0	0	756	667	828	1433	0	0	0	0
114	0	0	756	667	827	1423	0	0	0	0
115	0	0	755	668	827	1406	0	0	0	0
116	0	0	754	669	827	1398	0	0	0	0
117	0	0	754	669	827	1388	0	0	0	0
118	0	0	753	671	828	1381	0	0	0	0
119	0	0	754	672	827	1374	0	0	0	0
120	0	0	755	673	828	1371	0	0	0	0
121	0	0	754	674	827	1378	0	0	0	0
122	0	0	753	674	825	1362	0	0	0	0
123	0	0	753	675	827	1348	0	0	0	0
124	0	0	752	675	827	1345	0	0	0	0
125	0	0	752	675	827	1339	0	0	0	0
126	0	0	752	676	828	1334	0	0	0	0
127	0	0	752	677	828	1322	0	0	0	0
0	0	0	754	678	827	1296	0	0	0	0
1	0	0	753	679	826	1297	0	0	0	0
2	0	0	752	680	826	1295	0	0	0	0
3	0	0	753	681	826	1290	0	0	0	0
4	0	0	753	681	827	1285	0	0	0	0
5	0	0	754	682	826	1281	0	0	0	0
6	0	0	754	684	826	1268	0	0	0	0
7	0	0	754	685	825	1255	0	0	0	0
8	0	0	755	685	826	1225	0	0	0	0
9	0	0	756	687	824	1204	0	0	0	0
10	0	0	755	688	823	1202	0	0	0	0
11	0	0	756	688	824	1180	0	0	0	0
12	0	0	756	690	825	1169	0	0	0	0
13	0	0	757	689	826	1148	0	0	0	0
14	0	0	759	689	825	1149	0	0	0	0
15	0	0	761	691	823	1140	0	0	0	0
16	0	0	761	692	823	1142	0	0	0	0
17	0	0	761	693	823	1135	0	0	0	0
18	0	0	762	695	822	1134	0	0	0	0
19	0	0	760	694	823	1122	0	0	0	0
20	0	0	760	695	823	1120	0	0	0	0
21	0	0	760	696	822	1111	0	0	0	0
22	0	0	762	699	822	1100	0	0	0	0
23	0	0	762	697	822	1094	0	0	0	0
24	0	0	763	698	822	1105	0	0	0	0
25	0	0	763	699	822	1084	0	0	0	0
26	0	0	761	700	822	1080	0	0	0	0
27	0	0	760	700	821	1076	0	0	0	0
28	0	0	760	700	821	1081	0	0	0	0
29	0	0	761	700	821	1076	0	0	0	0
30	0	0	761	702	821	1077	0	0	0	0
31	0	0	762	702	820	1080	0	0	0	0
32	0	0	762	702	820	1077	0	0	0	0
33	0	0	762	703	820	1087	0	0	0	0
34	0	0	761	704	818	1095	0	0	0	0
35	0	0	762	705	819	1085	0	0	0	0
36	0	0	762	705	818	1097	0	0	0	0
37	0	0	762	706	818	1080	0	0	0	0
38	0	0	762	707	817	1071	0	0	0	0
39	0	0	763	708	817	1082	0	0	0	0
40	0	0	763	708	817	1059	0	0	0	0
41	0	0	764	708	817	1036	0	0	0	0
42	0	0	765	709	815	1032	0	0	0	0
43	0	0	764	709	815	1011	0	0	0	0
44	0	0	765	710	816	1023	0	0	0	0
45	0	0	766	711	815	1013	0	0	0	0
46	0	0	766	712	814	1005	0	0	0	0
47	0	0	767	711	814	1008	0	0	0	0
48	0	0	767	712	813	988	0	0	0	0
49	0	0	767	712	813	987	0	0	0	0
50	0	0	767	713	813	973	0	0	0	0
51	0	0	767	714	813	974	0	0	0	0
52	0	0	768	714	813	958	0	0	0	0
53	0	0	767	714	812	959	0	0	0	0
54	0	0	767	714	811	954	0	0	0	0
55	0	0	767	716	811	949	0	0	0	0
56	0	0	768	717	810	961	0	0	0	0
57	0	0	768	716	809	974	0	0	0	0
58	0	0	768	716	809	968	0	0	0	0
59	0	0	769	716	809	960	0	0	0	0
60	0	0	768	717	809	935	0	0	0	0
61	0	0	771	717	808	919	0	0	0	0
62	0	0	771	717	807	909	0	0	0	0
63	0	0	771	718	808	899	0	0	0	0
64	0	0	772	719	806	888	0	0	0	0
65	0	0	774	719	805	870	0	0	0	0
66	0	0	774	719	804	852	0	0	0	0
67	0	0	774	718	803	844	0	0	0	0
68	0	0	775	720	803	839	0	0	0	0
69	0	0	776	719	803	826	0	0	0	0
70	0	0	776	719	802	799	0	0	0	0
71	0	0	777	720	801	792	0	0	0	0
72	0	0	776	719	801	768	0	0	0	0
73	0	0	777	720	801	759	0	0	0	0
74	0	0	777	721	801	769	0	0	0	0
75	0	0	778	721	800	764	0	0	0	0
76	0	0	780	720	800	763	0	0	0	0
77	0	0	780	720	799	756	0	0	0	0
78	0	0	780	721	799	752	0	0	0	0
79	0	0	779	721	798	746	0	0	0	0
80	0	0	783	721	796	753	0	0	0	0
81	0	0	785	721	796	750	0	0	0	0
82	0	0	784	722	796	746	0	0	0	0
83	0	0	784	722	794	738	0	0	0	0
84	0	0	783	721	793	709	0	0	0	0
85	0	0	786	722	794	682	0	0	0	0
86	0	0	787	722	792	673	0	0	0	0
87	0	0	789	723	792	670	0	0	0	0
88	0	0	791	722	790	662	0	0	0	0
89	0	0	792	723	790	666	0	0	0	0
90	0	0	793	722	788	670	0	0	0	0
91	0	0	793	723	789	668	0	0	0	0
92	0	0	793	723	789	672	0	0	0	0
93	0	0	793	722	787	676	0	0	0	0
94	0	0	793	722	787	677	0	0	0	0
95	0	0	792	723	787	679	0	0	0	0
96	0	0	792	722	787	658	0	0	0	0
97	0	0	792	723	786	671	0	0	0	0
98	0	0	792	722	786	673	0	0	0	0
99	0	0	792	722	786	674	0	0	0	0
100	0	0	793	721	787	681	0	0	0	0
101	0	0	793	720	787	698	0	0	0	0
102	0	0	793	721	787	707	0	0	0	0
103	0	0	792	719	786	705	0	0	0	0
104	0	0	793	719	788	697	0	0	0	0
105	0	0	792	719	787	713	0	0	0	0
106	0	0	791	718	788	722	0	0	0	0
107	0	0	791	719	787	736	0	0	0	0
108	0	0	790	717	787	732	0	0	0	0
109	0	0	791	717	789	753	0	0	0	0
110	0	0	789	716	789	771	0	0	0	0
111	0	0	790	716	789	818	0	0	0	0
112	0	0	788	716	789	858	0	0	0	0
113	0	0	788	715	790	893	0	0	0	0
114	0	0	788	716	791	901	0	0	0	0
115	0	0	788	716	791	910	0	0	0	0
116	0	0	786	715	791	930	0	0	0	0
117	0	0	787	714	792	942	0	0	0	0
118	0	0	786	714	792	942	0	0	0	0
119	0	0	787	713	792	934	0	0	0	0
120	0	0	786	713	793	946	0	0	0	0
121	0	0	786	712	795	967	0	0	0	0
122	0	0	787	712	795	980	0	0	0	0
123	0	0	785	711	796	990	0	0	0	0
124	0	0	784	711	797	988	0	0	0	0
125	0	0	782	710	798	989	0	0	0	0
126	0	0	783	710	797	985	0	0	0	0
127	0	0	783	710	797	988	0	0	0	0
0	0	0	782	710	799	968	0	0	0	0
1	0	0	782	709	798	949	0	0	0	0
2	0	0	783	709	798	967	0	0	0	0
3	0	0	783	708	798	952	0	0	0	0
4	0	0	784	708	798	895	0	0	0	0
5	0	0	784	707	798	902	0	0	0	0
6	0	0	785	706	798	907	0	0	0	0
7	0	0	785	706	798	899	0	0	0	0
8	0	0	785	706	798	901	0	0	0	0
9	0	0	786	705	798	903	0	0	0	0
10	0	0	787	704	798	915	0	0	0	0
11	0	0	787	702	798	921	0	0	0	0
12	0	0	789	702	799	930	0	0	0	0
13	0	0	790	702	799	927	0	0	0	0
14	0	0	792	702	799	935	0	0	0	0
15	0	0	791	700	800	942	0	0	0	0
16	0	0	793	699	801	937	0	0	0	0
17	0	0	794	697	801	940	0	0	0	0
18	0	0	795	695	802	951	0	0	0	0
19	0	0	795	695	802	949	0	0	0	0
20	0	0	796	693	802	941	0	0	0	0
21	0	0	796	692	804	951	0	0	0	0
22	0	0	796	691	804	941	0	0	0	0
23	0	0	797	689	805	970	0	0	0	0
24	0	0	796	688	804	1001	0	0	0	0
25	0	0	795	689	805	1042	0	0	0	0
26	0	0	795	688	804	1054	0	0	0	0
27	0	0	795	688	805	1064	0	0	0	0
28	0	0	794	688	805	1090	0	0	0	0
29	0	0	793	688	807	1099	0	0	0	0
30	0	0	791	687	806	1110	0	0	0	0
31	0	0	790	688	806	1126	0	0	0	0
32	0	0	789	687	808	1140	0	0	0	0
33	0	0	788	685	810	1154	0	0	0	0
34	0	0	788	684	810	1171	0	0	0	0
35	0	0	788	683	810	1177	0	0	0	0
36	0	0	787	682	811	1175	0	0	0	0
37	0	0	786	681	812	1167	0	0	0	0
38	0	0	785	680	812	1177	0	0	0	0
39	0	0	784	679	815	1179	0	0	0	0
40	0	0	783	677	816	1212	0	0	0	0
41	0	0	783	676	817	1233	0	0	0	0
42	0	0	782	675	819	1247	0	0	0	0
43	0	0	781	677	819	1270	0	0	0	0
44	0	0	780	676	818	1272	0	0	0	0
45	0	0	778	674	819	1282	0	0	0	0
46	0	0	777	674	820	1287	0	0	0	0
47	0	0	776	673	821	1295	0	0	0	0
48	0	0	775	672	823	1306	0	0	0	0
49	0	0	775	673	822	1315	0	0	0	0
50	0	0	775	672	823	1334	0	0	0	0
51	0	0	773	673	822	1356	0	0	0	0
52	0	0	772	674	823	1379	0	0	0	0
53	0	0	773	673	824	1391	0	0	0	0
54	0	0	772	673	824	1406	0	0	0	0
55	0	0	772	671	824	1415	0	0	0	0
56	0	0	771	671	824	1430	0	0	0	0
57	0	0	772	670	825	1438	0	0	0	0
58	0	0	772	669	825	1447	0	0	0	0
59	0	0	772	667	825	1471	0	0	0	0
60	0	0	774	666	825	1488	0	0	0	0
61	0	0	774	665	826	1497	0	0	0	0
62	0	0	774	665	825	1505	0	0	0	0
63	0	0	773	663	826	1512	0	0	0	0
64	0	0	774	662	825	1521	0	0	0	0
65	0	0	775	661	826	1531	0	0	0	0
66	0	0	776	660	825	1555	0	0	0	0
67	0	0	778	658	824	1579	0	0	0	0
68	0	0	780	657	824	1594	0	0	0	0
69	0	0	780	656	823	1606	0	0	0	0
70	0	0	779	654	823	1618	0	0	0	0
71	0	0	779	655	821	1632	0	0	0	0
72	0	0	780	653	822	1641	0	0	0	0
73	0	0	781	650	823	1641	0	0	0	0
74	0	0	781	650	821	1641	0	0	0	0
75	0	0	782	650	819	1649	0	0	0	0
76	0	0	783	648	819	1658	0	0	0	0
77	0	0	785	648	818	1677	0	0	0	0
78	0	0	786	648	816	1681	0	0	0	0
79	0	0	788	648	815	1692	0	0	0	0
80	0	0	788	646	813	1701	0	0	0	0
81	0	0	789	645	812	1706	0	0	0	0
82	0	0	789	644	812	1717	0	0	0	0
83	0	0	788	643	813	1743	0	0	0	0
84	0	0	788	641	812	1753	0	0	0	0
85	0	0	788	640	813	1764	0	0	0	0
86	0	0	787	640	813	1765	0	0	0	0
87	0	0	784	638	813	1782	0	0	0	0
88	0	0	783	637	814	1787	0	0	0	0
89	0	0	782	635	816	1793	0	0	0	0
90	0	0	779	633	816	1804	0	0	0	0
91	0	0	778	631	818	1808	0	0	0	0
92	0	0	777	630	821	1823	0	0	0	0
93	0	0	774	631	823	1848	0	0	0	0
94	0	0	771	629	824	1863	0	0	0	0
95	0	0	770	628	826	1877	0	0	0	0
96	0	0	769	628	827	1906	0	0	0	0
97	0	0	766	627	830	1909	0	0	0	0
98	0	0	764	627	830	1908	0	0	0	0
99	0	0	764	625	832	1918	0	0	0	0
100	0	0	762	624	834	1925	0	0	0	0
101	0	0	759	625	835	1937	0	0	0	0
102	0	0	761	624	837	1959	0	0	0	0
103	0	0	761	624	838	1968	0	0	0	0
104	0	0	760	623	839	1983	0	0	0	0
105	0	0	760	624	839	1992	0	0	0	0
106	0	0	760	622	840	2006	0	0	0	0
107	0	0	759	621	841	2013	0	0	0	0
108	0	0	762	619	843	2025	0	0	0	0
109	0	0	763	617	846	2026	0	0	0	0
110	0	0	764	613	847	2041	0	0	0	0
111	0	0	764	611	846	2044	0	0	0	0
112	0	0	767	607	847	2054	0	0	0	0
113	0	0	769	606	846	2058	0	0	0	0
114	0	0	767	603	847	2062	0	0	0	0
115	0	0	765	601	845	2062	0	0	0	0
116	0	0	761	601	844	2062	0	0	0	0
117	0	0	759	601	843	2063	0	0	0	0
118	0	0	757	600	841	2066	0	0	0	0
119	0	0	756	600	839	2071	0	0	0	0
120	0	0	756	604	837	2079	0	0	0	0
121	0	0	756	604	837	2086	0	0	0	0
122	0	0	758	603	837	2092	0	0	0	0
123	0	0	759	603	836	2093	0	0	0	0
124	0	0	759	604	836	2096	0	0	0	0
125	0	0	759	603	835	2105	0	0	0	0
126	0	0	760	604	835	2111	0	0	0	0
127	0	0	760	604	834	2115	0	0	0	0
0	0	0	760	604	833	2120	0	0	0	0
1	0	0	761	602	835	2129	0	0	0	0
2	0	0	762	600	836	2136	0	0	0	0
3	0	0	762	598	837	2140	0	0	0	0
4	0	0	762	594	839	2144	0	0	0	0
5	0	0	761	592	841	2149	0	0	0	0
6	0	0	759	589	842	2155	0	0	0	0
7	0	0	758	587	844	2155	0	0	0	0
8	0	0	756	586	845	2158	0	0	0	0
9	0	0	755	583	848	2162	0	0	0	0
10	0	0	753	584	850	2169	0	0	0	0
11	0	0	750	582	851	2178	0	0	0	0
12	0	0	748	582	852	2183	0	0	0	0
13	0	0	747	582	853	2189	0	0	0	0
14	0	0	746	581	855	2191	0	0	0	0
15	0	0	745	581	858	2193	0	0	0	0
16	0	0	743	580	858	2196	0	0	0	0
17	0	0	740	579	860	2202	0	0	0	0
18	0	0	738	579	862	2204	0	0	0	0
19	0	0	735	580	863	2209	0	0	0	0
20	0	0	735	583	865	2215	0	0	0	0
21	0	0	733	583	865	2219	0	0	0	0
22	0	0	734	585	866	2222	0	0	0	0
23	0	0	733	586	867	2224	0	0	0	0
24	0	0	732	586	866	2224	0	0	0	0
25	0	0	731	588	868	2226	0	0	0	0
26	0	0	730	587	867	2224	0	0	0	0
27	0	0	729	588	869	2222	0	0	0	0
28	0	0	728	587	870	2213	0	0	0	0
29	0	0	726	587	871	2211	0	0	0	0
30	0	0	725	587	869	2212	0	0	0	0
31	0	0	724	587	870	2214	0	0	0	0
32	0	0	723	588	872	2217	0	0	0	0
33	0	0	725	587	873	2217	0	0	0	0
34	0	0	725	588	871	2217	0	0	0	0
35	0	0	726	588	872	2216	0	0	0	0
36	0	0	727	588	873	2216	0	0	0	0
37	0	0	726	589	873	2215	0	0	0	0
38	0	0	728	589	873	2211	0	0	0	0
39	0	0	729	588	872	2209	0	0	0	0
40	0	0	730	587	872	2208	0	0	0	0
41	0	0	730	585	872	2206	0	0	0	0
42	0	0	732	584	871	2205	0	0	0	0
43	0	0	735	582	871	2204	0	0	0	0
44	0	0	734	581	870	2203	0	0	0	0
45	0	0	736	579	869	2203	0	0	0	0
46	0	0	738	578	869	2203	0	0	0	0
47	0	0	739	576	867	2204	0	0	0	0
48	0	0	741	572	865	2202	0	0	0	0
49	0	0	742	570	865	2201	0	0	0	0
50	0	0	743	567	862	2199	0	0	0	0
51	0	0	743	564	862	2199	0	0	0	0
52	0	0	742	560	861	2197	0	0	0	0
53	0	0	742	558	858	2197	0	0	0	0
54	0	0	742	556	857	2195	0	0	0	0
55	0	0	742	554	855	2196	0	0	0	0
56	0	0	742	551	852	2195	0	0	0	0
57	0	0	742	549	852	2196	0	0	0	0
58	0	0	742	546	850	2197	0	0	0	0
59	0	0	740	545	848	2196	0	0	0	0
60	0	0	739	543	848	2195	0	0	0	0
61	0	0	737	541	846	2194	0	0	0	0
62	0	0	736	540	845	2195	0	0	0	0
63	0	0	735	541	843	2195	0	0	0	0
64	0	0	732	541	842	2195	0	0	0	0
65	0	0	732	541	842	2194	0	0	0	0
66	0	0	729	542	841	2194	0	0	0	0
67	0	0	729	543	840	2192	0	0	0	0
68	0	0	727	543	840	2193	0	0	0	0
69	0	0	725	545	839	2193	0	0	0	0
70	0	0	725	545	838	2193	0	0	0	0
71	0	0	726	547	838	2193	0	0	0	0
72	0	0	724	548	837	2196	0	0	0	0
73	0	0	722	548	837	2195	0	0	0	0
74	0	0	721	549	838	2197	0	0	0	0
75	0	0	720	549	838	2199	0	0	0	0
76	0	0	719	550	839	2201	0	0	0	0
77	0	0	718	549	840	2204	0	0	0	0
78	0	0	718	550	841	2207	0	0	0	0
79	0	0	718	549	843	2210	0	0	0	0
80	0	0	716	548	843	2213	0	0	0	0
81	0	0	717	547	844	2214	0	0	0	0
82	0	0	718	546	845	2215	0	0	0	0
83	0	0	717	544	847	2213	0	0	0	0
84	0	0	717	543	847	2216	0	0	0	0
85	0	0	718	542	847	2217	0	0	0	0
86	0	0	718	540	846	2219	0	0	0	0
87	0	0	720	538	845	2219	0	0	0	0
88	0	0	722	536	845	2218	0	0	0	0
89	0	0	722	536	844	2217	0	0	0	0
90	0	0	722	534	843	2214	0	0	0	0
91	0	0	722	533	843	2215	0	0	0	0
92	0	0	726	531	841	2214	0	0	0	0
93	0	0	727	528	842	2218	0	0	0	0
94	0	0	730	528	839	2223	0	0	0	0
95	0	0	732	526	838	2232	0	0	0	0
96	0	0	734	524	837	2234	0	0	0	0
97	0	0	736	522	836	2240	0	0	0	0
98	0	0	738	521	834	2242	0	0	0	0
99	0	0	740	519	834	2242	0	0	0	0
100	0	0	741	518	833	2243	0	0	0	0
101	0	0	742	516	833	2245	0	0	0	0
102	0	0	742	516	832	2251	0	0	0	0
103	0	0	743	515	832	2255	0	0	0	0
104	0	0	744	513	831	2259	0	0	0	0
105	0	0	745	512	832	2266	0	0	0	0
106	0	0	746	510	832	2273	0	0	0	0
107	0	0	746	509	833	2280	0	0	0	0
108	0	0	747	508	831	2287	0	0	0	0
109	0	0	748	506	832	2296	0	0	0	0
110	0	0	748	506	830	2295	0	0	0	0
111	0	0	749	505	831	2296	0	0	0	0
112	0	0	748	504	831	2299	0	0	0	0
113	0	0	747	503	832	2297	0	0	0	0
114	0	0	745	502	832	2296	0	0	0	0
115	0	0	743	501	833	2299	0	0	0	0
116	0	0	741	500	832	2302	0	0	0	0
117	0	0	739	499	833	2305	0	0	0	0
118	0	0	738	499	835	2306	0	0	0	0
119	0	0	737	498	836	2312	0	0	0	0
120	0	0	738	498	838	2313	0	0	0	0
121	0	0	738	497	839	2317	0	0	0	0
122	0	0	738	499	841	2321	0	0	0	0
123	0	0	738	499	842	2327	0	0	0	0
124	0	0	738	499	844	2342	0	0	0	0
125	0	0	739	499	844	2350	0	0	0	0
126	0	0	740	499	846	2355	0	0	0	0
127	0	0	741	499	848	2358	0	0	0	0
0	0	0	743	499	849	2376	0	0	0	0
1	0	0	744	498	850	2390	0	0	0	0
2	0	0	744	498	850	2398	0	0	0	0
3	0	0	746	498	852	2405	0	0	0	0
4	0	0	747	497	853	2404	0	0	0	0
5	0	0	747	497	854	2408	0	0	0	0
6	0	0	748	497	855	2418	0	0	0	0
7	0	0	747	496	855	2419	0	0	0	0
8	0	0	750	497	856	2420	0	0	0	0
9	0	0	750	497	858	2424	0	0	0	0
10	0	0	749	495	858	2427	0	0	0	0
11	0	0	750	495	860	2430	0	0	0	0
12	0	0	750	494	860	2437	0	0	0	0
13	0	0	749	493	861	2445	0	0	0	0
14	0	0	749	492	861	2447	0	0	0	0
15	0	0	749	493	862	2447	0	0	0	0
16	0	0	748	491	864	2453	0	0	0	0
17	0	0	746	491	864	2460	0	0	0	0
18	0	0	745	490	865	2467	0	0	0	0
19	0	0	744	489	867	2471	0	0	0	0
20	0	0	744	489	867	2479	0	0	0	0
21	0	0	742	488	869	2486	0	0	0	0
22	0	0	741	489	870	2496	0	0	0	0
23	0	0	740	489	869	2500	0	0	0	0
24	0	0	739	488	870	2510	0	0	0	0
25	0	0	739	487	871	2517	0	0	0	0
26	0	0	738	489	871	2528	0	0	0	0
27	0	0	739	489	870	2532	0	0	0	0
28	0	0	738	490	872	2531	0	0	0	0
29	0	0	738	491	871	2537	0	0	0	0
30	0	0	736	491	872	2541	0	0	0	0
31	0	0	734	492	872	2545	0	0	0	0
32	0	0	734	492	873	2547	0	0	0	0
33	0	0	733	492	875	2549	0	0	0	0
34	0	0	732	492	876	2550	0	0	0	0
35	0	0	732	491	876	2554	0	0	0	0
36	0	0	732	491	877	2563	0	0	0	0
37	0	0	731	490	880	2572	0	0	0	0
38	0	0	730	488	881	2576	0	0	0	0
39	0	0	730	488	883	2578	0	0	0	0
40	0	0	730	488	885	2583	0	0	0	0
41	0	0	730	488	888	2584	0	0	0	0
42	0	0	729	488	889	2585	0	0	0	0
43	0	0	728	488	891	2586	0	0	0	0
44	0	0	728	487	892	2588	0	0	0	0
45	0	0	728	488	893	2591	0	0	0	0
46	0	0	727	487	894	2593	0	0	0	0
47	0	0	726	486	895	2594	0	0	0	0
48	0	0	724	485	896	2597	0	0	0	0
49	0	0	723	484	897	2597	0	0	0	0
50	0	0	722	485	898	2598	0	0	0	0
51	0	0	722	484	899	2599	0	0	0	0
52	0	0	722	483	900	2604	0	0	0	0
53	0	0	722	482	901	2604	0	0	0	0
54	0	0	722	481	901	2608	0	0	0	0
55	0	0	721	481	903	2611	0	0	0	0
56	0	0	720	481	903	2618	0	0	0	0
57	0	0	719	481	903	2622	0	0	0	0
58	0	0	720	480	903	2628	0	0	0	0
59	0	0	721	479	905	2629	0	0	0	0
60	0	0	721	479	906	2632	0	0	0	0
61	0	0	722	478	906	2635	0	0	0	0
62	0	0	722	478	906	2635	0	0	0	0
63	0	0	722	476	908	2640	0	0	0	0
64	0	0	723	476	908	2639	0	0	0	0
65	0	0	725	475	908	2645	0	0	0	0
66	0	0	724	474	909	2647	0	0	0	0
67	0	0	725	473	909	2649	0	0	0	0
68	0	0	726	472	911	2647	0	0	0	0
69	0	0	728	472	912	2646	0	0	0	0
70	0	0	728	470	911	2648	0	0	0	0
71	0	0	729	470	912	2653	0	0	0	0
72	0	0	730	469	912	2658	0	0	0	0
73	0	0	732	468	912	2665	0	0	0	0
74	0	0	732	468	911	2672	0	0	0	0
75	0	0	733	467	911	2674	0	0	0	0
76	0	0	735	466	909	2676	0	0	0	0
77	0	0	735	467	909	2678	0	0	0	0
78	0	0	736	466	908	2679	0	0	0	0
79	0	0	737	466	906	2681	0	0	0	0
80	0	0	737	466	905	2685	0	0	0	0
81	0	0	737	467	905	2687	0	0	0	0
82	0	0	737	468	905	2686	0	0	0	0
83	0	0	738	468	902	2688	0	0	0	0
84	0	0	739	468	901	2691	0	0	0	0
85	0	0	741	467	901	2702	0	0	0	0
86	0	0	742	467	899	2706	0	0	0	0
87	0	0	744	466	897	2711	0	0	0	0
88	0	0	745	465	895	2713	0	0	0	0
89	0	0	744	465	892	2717	0	0	0	0
90	0	0	744	465	892	2720	0	0	0	0
91	0	0	748	463	891	2724	0	0	0	0
92	0	0	749	463	889	2728	0	0	0	0
93	0	0	750	462	887	2737	0	0	0	0
94	0	0	751	462	885	2742	0	0	0	0
95	0	0	754	461	885	2745	0	0	0	0
96	0	0	754	462	883	2750	0	0	0	0
97	0	0	757	461	882	2755	0	0	0	0
98	0	0	759	461	880	2760	0	0	0	0
99	0	0	761	460	879	2763	0	0	0	0
100	0	0	762	459	878	2769	0	0	0	0
101	0	0	763	459	877	2772	0	0	0	0
102	0	0	763	457	875	2779	0	0	0	0
103	0	0	763	457	876	2782	0	0	0	0
104	0	0	766	456	875	2781	0	0	0	0
105	0	0	765	455	873	2784	0	0	0	0
106	0	0	766	455	874	2786	0	0	0	0
107	0	0	765	456	874	2780	0	0	0	0
108	0	0	766	456	872	2782	0	0	0	0
109	0	0	767	457	871	2787	0	0	0	0
110	0	0	767	457	872	2800	0	0	0	0
111	0	0	769	458	872	2810	0	0	0	0
112	0	0	769	460	873	2816	0	0	0	0
113	0	0	771	461	872	2823	0	0	0	0
114	0	0	773	462	871	2831	0	0	0	0
115	0	0	773	463	873	2835	0	0	0	0
116	0	0	775	463	872	2844	0	0	0	0
117	0	0	777	465	872	2856	0	0	0	0
118	0	0	778	467	872	2861	0	0	0	0
119	0	0	777	470	872	2866	0	0	0	0
120	0	0	778	472	873	2875	0	0	0	0
121	0	0	778	473	873	2885	0	0	0	0
122	0	0	777	474	873	2889	0	0	0	0
123	0	0	777	474	871	2893	0	0	0	0
124	0	0	776	476	872	2902	0	0	0	0
125	0	0	776	478	871	2908	0	0	0	0
126	0	0	774	479	871	2918	0	0	0	0
127	0	0	775	481	870	2926	0	0	0	0
0	0	0	776	484	871	2936	0	0	0	0
1	0	0	776	487	871	2938	0	0	0	0
2	0	0	777	485	871	2945	0	0	0	0
3	0	0	777	489	872	2953	0	0	0	0
4	0	0	777	490	873	2954	0	0	0	0
5	0	0	777	491	874	2969	0	0	0	0
6	0	0	778	494	874	2976	0	0	0	0
7	0	0	777	495	877	2976	0	0	0	0
8	0	0	776	497	877	2980	0	0	0	0
9	0	0	777	498	879	2983	0	0	0	0
10	0	0	779	500	879	2983	0	0	0	0
11	0	0	780	504	880	2979	0	0	0	0
12	0	0	780	505	881	2983	0	0	0	0
13	0	0	779	504	882	2985	0	0	0	0
14	0	0	780	506	882	2985	0	0	0	0
15	0	0	780	508	884	2987	0	0	0	0
16	0	0	779	512	886	2991	0	0	0	0
17	0	0	778	514	884	2995	0	0	0	0
18	0	0	776	515	885	2991	0	0	0	0
19	0	0	775	517	886	2988	0	0	0	0
20	0	0	773	519	888	2989	0	0	0	0
21	0	0	771	521	889	2994	0	0	0	0
22	0	0	770	524	890	2995	0	0	0	0
23	0	0	767	524	891	2988	0	0	0	0
24	0	0	765	526	891	2986	0	0	0	0
25	0	0	763	527	893	2992	0	0	0	0
26	0	0	763	529	894	2987	0	0	0	0
27	0	0	763	530	895	2985	0	0	0	0
28	0	0	761	533	896	2978	0	0	0	0
29	0	0	758	534	896	2970	0	0	0	0
30	0	0	756	535	898	2966	0	0	0	0
31	0	0	755	536	898	2955	0	0	0	0
32	0	0	754	539	898	2948	0	0	0	0
33	0	0	752	541	900	2936	0	0	0	0
34	0	0	752	543	900	2929	0	0	0	0
35	0	0	751	545	900	2915	0	0	0	0
36	0	0	751	545	900	2902	0	0	0	0
37	0	0	749	547	901	2886	0	0	0	0
38	0	0	747	549	901	2882	0	0	0	0
39	0	0	746	551	900	2862	0	0	0	0
40	0	0	744	552	899	2846	0	0	0	0
41	0	0	743	553	898	2838	0	0	0	0
42	0	0	740	556	898	2827	0	0	0	0
43	0	0	738	559	899	2812	0	0	0	0
44	0	0	738	560	897	2805	0	0	0	0
45	0	0	735	561	897	2799	0	0	0	0
46	0	0	732	564	897	2777	0	0	0	0
47	0	0	730	566	896	2754	0	0	0	0
48	0	0	726	568	896	2736	0	0	0	0
49	0	0	724	572	895	2701	0	0	0	0
50	0	0	723	575	894	2665	0	0	0	0
51	0	0	720	578	893	2648	0	0	0	0
52	0	0	719	581	891	2634	0	0	0	0
53	0	0	718	585	890	2618	0	0	0	0
54	0	0	717	587	888	2583	0	0	0	0
55	0	0	715	591	887	2563	0	0	0	0
56	0	0	713	594	886	2546	0	0	0	0
57	0	0	713	597	885	2531	0	0	0	0
58	0	0	713	600	883	2511	0	0	0	0
59	0	0	713	603	880	2472	0	0	0	0
60	0	0	713	607	877	2399	0	0	0	0
61	0	0	714	610	875	2349	0	0	0	0
62	0	0	714	615	872	2302	0	0	0	0
63	0	0	714	618	869	2244	0	0	0	0
64	0	0	714	623	866	2185	0	0	0	0
65	0	0	717	626	864	2147	0	0	0	0
66	0	0	717	630	860	2122	0	0	0	0
67	0	0	720	633	859	2045	0	0	0	0
68	0	0	722	636	856	1973	0	0	0	0
69	0	0	724	639	853	1882	0	0	0	0
70	0	0	725	643	851	1792	0	0	0	0
71	0	0	728	645	847	1728	0	0	0	0
72	0	0	730	650	845	1579	0	0	0	0
73	0	0	731	653	843	1505	0	0	0	0
74	0	0	734	657	840	1252	0	0	0	0
75	0	0	736	661	837	1155	0	0	0	0
76	0	0	739	664	834	1104	0	0	0	0
77	0	0	742	668	831	1030	0	0	0	0
78	0	0	743	670	829	906	0	0	0	0
79	0	0	747	675	825	760	0	0	0	0
80	0	0	751	678	822	673	0	0	0	0
81	0	0	753	682	818	464	0	0	0	0
82	0	0	752	687	816	454	0	0	0	0
83	0	0	753	690	814	481	0	0	0	0
84	0	0	755	694	811	426	0	0	0	0
85	0	0	756	698	809	351	0	0	0	0
86	0	0	757	702	806	252	0	0	0	0
87	0	0	757	706	803	196	0	0	0	0
88	0	0	756	710	801	223	0	0	0	0
89	0	0	757	714	798	235	0	0	0	0
90	0	0	758	718	797	237	0	0	0	0
91	0	0	757	720	794	138	0	0	0	0
92	0	0	756	723	793	121	0	0	0	0
93	0	0	754	730	792	108	0	0	0	0
94	0	0	753	732	792	103	0	0	0	0
95	0	0	751	736	793	109	0	0	0	0
96	0	0	749	739	792	110	0	0	0	0
97	0	0	748	745	792	114	0	0	0	0
98	0	0	744	747	792	127	0	0	0	0
99	0	0	744	750	791	133	0	0	0	0
100	0	0	741	752	792	145	0	0	0	0
101	0	0	739	754	794	136	0	0	0	0
102	0	0	738	757	794	137	0	0	0	0
103	0	0	737	758	795	164	0	0	0	0
104	0	0	736	762	797	163	0	0	0	0
105	0	0	737	764	797	156	0	0	0	0
106	0	0	738	767	798	156	0	0	0	0
107	0	0	738	768	801	145	0	0	0	0
108	0	0	739	770	802	146	0	0	0	0
109	0	0	740	773	803	146	0	0	0	0
110	0	0	740	776	802	155	0	0	0	0
111	0	0	742	780	804	162	0	0	0	0
112	0	0	743	783	806	157	0	0	0	0
113	0	0	744	786	806	159	0	0	0	0
114	0	0	744	789	807	157	0	0	0	0
115	0	0	747	791	807	149	0	0	0	0
116	0	0	750	795	808	140	0	0	0	0
117	0	0	750	798	808	137	0	0	0	0
118	0	0	752	804	810	133	0	0	0	0
119	0	0	754	809	811	137	0	0	0	0
120	0	0	755	813	811	137	0	0	0	0
121	0	0	757	817	812	146	0	0	0	0
122	0	0	758	821	814	153	0	0	0	0
123	0	0	760	824	813	152	0	0	0	0
124	0	0	761	826	814	139	0	0	0	0
125	0	0	762	830	816	143	0	0	0	0
126	0	0	762	834	816	142	0	0	0	0
127	0	0	765	837	815	140	0	0	0	0
0	0	0	767	842	816	141	0	0	0	0
1	0	0	768	844	817	144	0	0	0	0
2	0	0	769	849	816	142	0	0	0	0
3	0	0	770	851	817	129	0	0	0	0
4	0	0	772	856	817	114	0	0	0	0
5	0	0	771	859	817	130	0	0	0	0
6	0	0	773	862	818	121	0	0	0	0
7	0	0	773	866	818	113	0	0	0	0
8	0	0	774	869	817	123	0	0	0	0
9	0	0	778	873	819	118	0	0	0	0
10	0	0	780	876	818	117	0	0	0	0
11	0	0	782	880	818	100	0	0	0	0
12	0	0	783	884	817	102	0	0	0	0
13	0	0	784	887	817	105	0	0	0	0
14	0	0	786	892	818	111	0	0	0	0
15	0	0	785	894	817	104	0	0	0	0
16	0	0	787	899	818	83	0	0	0	0
17	0	0	786	903	817	77	0	0	0	0
18	0	0	785	908	815	80	0	0	0	0
19	0	0	786	913	813	66	0	0	0	0
20	0	0	785	917	813	69	0	0	0	0
21	0	0	787	921	811	77	0	0	0	0
22	0	0	785	919	808	72	0	0	0	0
23	0	0	785	921	807	69	0	0	0	0
24	0	0	786	921	806	60	0	0	0	0
25	0	0	783	922	805	66	0	0	0	0
26	0	0	783	922	803	62	0	0	0	0
27	0	0	781	923	804	52	0	0	0	0
28	0	0	780	924	802	44	0	0	0	0
29	0	0	778	924	802	44	0	0	0	0
30	0	0	776	923	804	27	0	0	0	0
31	0	0	775	923	803	40	0	0	0	0
32	0	0	771	921	804	43	0	0	0	0
33	0	0	766	921	805	57	0	0	0	0
34	0	0	763	920	805	61	0	0	0	0
35	0	0	757	919	806	65	0	0	0	0
36	0	0	757	919	806	72	0	0	0	0
37	0	0	754	917	805	78	0	0	0	0
38	0	0	751	917	805	80	0	0	0	0
39	0	0	750	917	804	76	0	0	0	0
40	0	0	747	916	804	69	0	0	0	0
41	0	0	748	915	803	75	0	0	0	0
42	0	0	746	913	802	75	0	0	0	0
43	0	0	746	911	802	75	0	0	0	0
44	0	0	746	910	801	59	0	0	0	0
45	0	0	745	908	799	33	0	0	0	0
46	0	0	744	907	797	53	0	0	0	0
47	0	0	748	905	796	55	0	0	0	0
48	0	0	746	904	795	31	0	0	0	0
49	0	0	745	904	792	31	0	0	0	0
50	0	0	744	901	791	35	0	0	0	0
51	0	0	744	900	788	28	0	0	0	0
52	0	0	745	899	786	38	0	0	0	0
53	0	0	744	897	782	40	0	0	0	0
54	0	0	743	895	780	42	0	0	0	0
55	0	0	742	893	777	46	0	0	0	0
56	0	0	742	891	773	49	0	0	0	0
57	0	0	743	887	770	45	0	0	0	0
58	0	0	743	883	768	61	0	0	0	0
59	0	0	744	877	766	61	0	0	0	0
60	0	0	746	872	764	57	0	0	0	0
61	0	0	748	868	764	59	0	0	0	0
62	0	0	750	864	764	58	0	0	0	0
63	0	0	754	861	764	45	0	0	0	0
64	0	0	757	858	766	47	0	0	0	0
65	0	0	761	854	766	43	0	0	0	0
66	0	0	763	851	764	42	0	0	0	0
67	0	0	768	849	764	36	0	0	0	0
68	0	0	769	846	763	22	0	0	0	0
69	0	0	772	843	763	44	0	0	0	0
70	0	0	775	840	763	50	0	0	0	0
71	0	0	777	840	763	48	0	0	0	0
72	0	0	778	840	765	49	0	0	0	0
73	0	0	780	838	763	54	0	0	0	0
74	0	0	780	838	762	65	0	0	0	0
75	0	0	782	839	763	65	0	0	0	0
76	0	0	785	838	760	67	0	0	0	0
77	0	0	787	832	758	67	0	0	0	0
78	0	0	789	833	759	69	0	0	0	0
79	0	0	794	829	759	69	0	0	0	0
80	0	0	795	829	758	61	0	0	0	0
81	0	0	797	826	756	70	0	0	0	0
82	0	0	799	823	756	71	0	0	0	0
83	0	0	800	822	757	64	0	0	0	0
84	0	0	800	819	756	55	0	0	0	0
85	0	0	799	813	756	55	0	0	0	0
86	0	0	801	806	755	57	0	0	0	0
87	0	0	803	799	755	53	0	0	0	0
88	0	0	807	795	754	49	0	0	0	0
89	0	0	809	791	754	51	0	0	0	0
90	0	0	811	785	755	52	0	0	0	0
91	0	0	812	780	755	49	0	0	0	0
92	0	0	814	777	755	50	0	0	0	0
93	0	0	813	775	754	56	0	0	0	0
94	0	0	813	775	753	62	0	0	0	0
95	0	0	813	774	753	64	0	0	0	0
96	0	0	813	773	752	66	0	0	0	0
97	0	0	813	772	753	66	0	0	0	0
98	0	0	811	772	752	71	0	0	0	0
99	0	0	809	770	751	72	0	0	0	0
100	0	0	810	766	752	70	0	0	0	0
101	0	0	811	763	752	70	0	0	0	0
102	0	0	812	760	753	79	0	0	0	0
103	0	0	812	758	755	77	0	0	0	0
104	0	0	811	756	756	69	0	0	0	0
105	0	0	810	756	758	70	0	0	0	0
106	0	0	810	754	760	68	0	0	0	0
107	0	0	809	752	762	63	0	0	0	0
108	0	0	808	751	763	59	0	0	0	0
109	0	0	807	751	764	59	0	0	0	0
110	0	0	807	750	765	67	0	0	0	0
111	0	0	804	749	766	65	0	0	0	0
112	0	0	803	750	767	73	0	0	0	0
113	0	0	802	749	769	78	0	0	0	0
114	0	0	802	748	771	79	0	0	0	0
115	0	0	802	749	772	77	0	0	0	0
116	0	0	800	748	774	76	0	0	0	0
117	0	0	799	748	776	73	0	0	0	0
118	0	0	801	749	778	77	0	0	0	0
119	0	0	799	747	779	80	0	0	0	0
120	0	0	797	748	781	84	0	0	0	0
121	0	0	797	746	783	88	0	0	0	0
122	0	0	798	747	785	86	0	0	0	0
123	0	0	797	745	785	83	0	0	0	0
124	0	0	794	746	787	75	0	0	0	0
125	0	0	793	745	788	73	0	0	0	0
126	0	0	794	744	788	69	0	0	0	0
127	0	0	794	743	788	69	0	0	0	0
0	0	0	794	743	790	65	0	0	0	0
1	0	0	794	741	789	59	0	0	0	0
2	0	0	793	738	791	60	0	0	0	0
3	0	0	792	740	792	57	0	0	0	0
4	0	0	792	740	792	59	0	0	0	0
5	0	0	792	740	792	63	0	0	0	0
6	0	0	792	739	793	66	0	0	0	0
7	0	0	793	739	793	68	0	0	0	0
8	0	0	791	738	794	71	0	0	0	0
9	0	0	791	737	794	72	0	0	0	0
10	0	0	790	737	795	74	0	0	0	0
11	0	0	790	737	794	78	0	0	0	0
12	0	0	789	738	795	72	0	0	0	0
13	0	0	789	737	795	79	0	0	0	0
14	0	0	788	736	795	74	0	0	0	0
15	0	0	787	737	795	69	0	0	0	0
16	0	0	788	737	795	64	0	0	0	0
17	0	0	789	737	795	61	0	0	0	0
18	0	0	789	737	795	58	0	0	0	0
19	0	0	790	737	795	54	0	0	0	0
20	0	0	789	739	795	55	0	0	0	0
21	0	0	790	739	793	54	0	0	0	0
22	0	0	790	741	793	57	0	0	0	0
23	0	0	789	739	792	61	0	0	0	0
24	0	0	789	740	792	58	0	0	0	0
25	0	0	790	743	790	63	0	0	0	0
26	0	0	790	743	789	66	0	0	0	0
27	0	0	790	743	790	70	0	0	0	0
28	0	0	791	744	788	71	0	0	0	0
29	0	0	791	746	787	77	0	0	0	0
30	0	0	792	746	786	77	0	0	0	0
31	0	0	791	747	785	78	0	0	0	0
32	0	0	790	749	785	78	0	0	0	0
33	0	0	790	749	784	85	0	0	0	0
34	0	0	790	750	782	85	0	0	0	0
35	0	0	790	751	781	78	0	0	0	0
36	0	0	790	751	781	70	0	0	0	0
37	0	0	791	753	780	67	0	0	0	0
38	0	0	792	754	778	68	0	0	0	0
39	0	0	792	755	777	64	0	0	0	0
40	0	0	791	757	776	62	0	0	0	0
41	0	0	792	758	776	63	0	0	0	0
42	0	0	792	757	775	65	0	0	0	0
43	0	0	792	759	773	67	0	0	0	0
44	0	0	794	760	772	67	0	0	0	0
45	0	0	794	758	771	71	0	0	0	0
46	0	0	793	760	770	74	0	0	0	0
47	0	0	794	762	770	77	0	0	0	0
48	0	0	795	763	768	77	0	0	0	0
49	0	0	796	763	767	79	0	0	0	0
50	0	0	796	765	767	81	0	0	0	0
51	0	0	797	767	765	81	0	0	0	0
52	0	0	797	769	765	82	0	0	0	0
53	0	0	799	769	765	85	0	0	0	0
54	0	0	799	769	764	84	0	0	0	0
55	0	0	800	772	763	79	0	0	0	0
56	0	0	800	773	761	75	0	0	0	0
57	0	0	800	774	761	74	0	0	0	0
58	0	0	801	775	760	69	0	0	0	0
59	0	0	803	775	760	63	0	0	0	0
60	0	0	802	777	759	63	0	0	0	0
61	0	0	802	777	758	63	0	0	0	0
62	0	0	802	779	758	62	0	0	0	0
63	0	0	802	779	758	58	0	0	0	0
64	0	0	802	779	759	69	0	0	0	0
65	0	0	802	780	758	85	0	0	0	0
66	0	0	803	780	758	86	0	0	0	0
67	0	0	804	781	758	83	0	0	0	0
68	0	0	803	782	758	83	0	0	0	0
69	0	0	803	781	758	79	0	0	0	0
70	0	0	805	783	759	84	0	0	0	0
71	0	0	804	784	759	80	0	0	0	0
72	0	0	803	784	759	78	0	0	0	0
73	0	0	805	783	758	87	0	0	0	0
74	0	0	805	784	759	84	0	0	0	0
75	0	0	804	784	760	81	0	0	0	0
76	0	0	806	785	759	77	0	0	0	0
77	0	0	806	785	760	77	0	0	0	0
78	0	0	806	785	760	74	0	0	0	0
79	0	0	805	785	760	68	0	0	0	0
80	0	0	804	785	760	71	0	0	0	0
81	0	0	804	785	761	68	0	0	0	0
82	0	0	804	786	761	66	0	0	0	0
83	0	0	805	786	762	64	0	0	0	0
84	0	0	804	786	762	65	0	0	0	0
85	0	0	803	786	761	69	0	0	0	0
86	0	0	803	786	761	71	0	0	0	0
87	0	0	803	787	762	69	0	0	0	0
88	0	0	801	788	762	71	0	0	0	0
89	0	0	802	788	763	76	0	0	0	0
90	0	0	802	789	763	79	0	0	0	0
91	0	0	802	789	764	78	0	0	0	0
92	0	0	803	790	765	71	0	0	0	0
93	0	0	802	790	764	73	0	0	0	0
94	0	0	803	791	763	73	0	0	0	0
95	0	0	803	792	765	69	0	0	0	0
96	0	0	802	794	764	61	0	1	0	0
97	0	0	802	794	764	61	0	0	0	0
98	0	0	801	794	764	59	0	0	0	0
99	0	0	801	793	763	53	0	0	0	0
100	0	0	802	791	764	49	0	0	0	0
101	0	0	802	792	763	51	0	0	0	0
102	0	0	802	791	763	50	0	0	0	0
103	0	0	802	791	763	50	0	0	0	0
104	0	0	802	792	762	51	0	0	0	0
105	0	0	803	791	761	55	0	0	0	0
106	0	0	803	791	762	59	0	0	0	0
107	0	0	804	790	761	62	0	0	0	0
108	0	0	804	791	761	64	0	0	0	0
109	0	0	804	790	760	66	0	0	0	0
110	0	0	804	790	759	67	0	0	0	0
111	0	0	804	790	760	68	0	0	0	0
112	0	0	805	789	759	65	0	0	0	0
113	0	0	805	790	760	73	0	0	0	0
114	0	0	805	790	759	71	0	0	0	0
115	0	0	806	790	760	65	0	0	0	0
116	0	0	806	790	761	58	0	0	0	0
117	0	0	807	790	761	59	0	0	0	0
118	0	0	804	790	761	57	0	0	0	0
119	0	0	804	791	762	51	0	0	0	0
120	0	0	806	790	761	50	0	0	0	0
121	0	0	804	791	763	47	0	0	0	0
122	0	0	805	792	763	48	0	0	0	0
123	0	0	806	792	764	46	0	0	0	0
124	0	0	807	792	763	48	0	0	0	0
125	0	0	807	792	764	54	0	0	0	0
126	0	0	806	792	765	58	0	0	0	0
127	0	0	806	793	764	61	0	0	0	0
0	0	0	807	793	765	60	0	0	0	0
1	0	0	806	793	765	62	0	0	0	0
2	0	0	807	793	765	63	0	0	0	0
3	0	0	805	793	764	61	0	0	0	0
4	0	0	804	792	766	57	0	0	0	0
5	0	0	805	791	767	64	0	0	0	0
6	0	0	803	792	767	68	0	0	0	0
7	0	0	802	791	768	62	0	0	0	0
8	0	0	803	790	770	58	0	0	0	0
9	0	0	801	790	770	55	0	0	0	0
10	0	0	801	790	770	50	0	0	0	0
11	0	0	801	788	773	51	0	0	0	0
12	0	0	800	787	772	47	0	0	0	0
13	0	0	800	788	773	49	0	0	0	0
14	0	0	801	786	775	49	0	0	0	0
15	0	0	800	786	774	50	0	0	0	0
16	0	0	800	785	776	49	0	0	0	0
17	0	0	801	785	775	54	0	0	0	0
18	0	0	802	784	774	57	0	0	0	0
19	0	0	801	785	775	57	0	0	0	0
20	0	0	799	783	775	55	0	0	0	0
21	0	0	798	783	775	55	0	0	0	0
22	0	0	798	782	775	54	0	0	0	0
23	0	0	797	781	775	50	0	0	0	0
24	0	0	798	781	774	43	0	0	0	0
25	0	0	798	781	774	34	0	0	0	0
26	0	0	798	781	774	19	0	0	0	0
27	0	0	798	780	773	8	0	0	0	0
28	0	0	796	780	772	10	0	0	0	0
29	0	0	797	779	773	7	0	0	0	0
30	0	0	795	779	771	3	0	0	0	0
31	0	0	794	780	771	0	0	0	0	0
32	0	0	794	779	770	1	0	0	0	0
33	0	0	791	778	770	7	0	0	0	0
34	0	0	788	778	772	9	0	0	0	0
35	0	0	786	779	773	17	0	0	0	0
36	0	0	783	780	774	22	0	0	0	0
37	0	0	780	780	776	29	0	0	0	0
38	0	0	779	780	778	37	0	0	0	0
39	0	0	781	781	779	39	0	0	0	0
40	0	0	787	781	780	41	0	0	0	0
41	0	0	801	781	780	44	0	0	0	0
42	0	0	814	780	780	47	0	0	0	0
43	0	0	818	779	777	45	0	0	0	0
44	0	0	817	777	775	45	0	0	0	0
45	0	0	814	776	772	47	0	0	0	0
46	0	0	810	774	770	46	0	0	0	0
47	0	0	807	774	770	38	0	0	0	0
48	0	0	806	773	774	31	0	0	0	0
49	0	0	805	771	778	27	0	0	0	0
50	0	0	804	768	782	93	0	0	0	0
51	0	0	806	767	785	88	0	0	0	0
52	0	0	809	768	789	87	0	0	0	0
53	0	0	810	770	793	119	0	0	0	0
54	0	0	811	772	797	228	0	0	0	0
55	0	0	809	773	801	313	0	0	0	0
56	0	0	804	773	808	297	0	0	0	0
57	0	0	795	771	813	299	0	0	0	0
58	0	0	788	771	817	380	0	0	0	0
59	0	0	782	768	821	534	0	0	0	0
60	0	0	776	766	825	643	0	0	0	0
61	0	0	772	764	830	768	0	0	0	0
62	0	0	765	765	837	853	0	0	0	0
63	0	0	761	765	846	956	0	0	0	0
64	0	0	759	765	855	1059	0	0	0	0
65	0	0	753	762	865	1209	0	0	0	0
66	0	0	746	761	875	1507	0	0	0	0
67	0	0	738	758	883	1775	0	0	0	0
68	0	0	729	755	891	1882	0	0	0	0
69	0	0	722	751	899	2084	0	0	0	0
70	0	0	717	749	910	2229	0	0	0	0
71	0	0	707	748	924	2469	0	0	0	0
72	0	0	690	745	946	2596	0	0	0	0
73	0	0	647	739	975	2618	0	0	0	0
74	0	0	583	725	1007	2629	0	0	0	0
75	0	0	503	706	1043	2635	0	0	0	0
76	0	0	411	677	1081	2644	0	0	0	0
77	0	0	344	645	1119	2588	0	0	0	0
78	0	0	306	617	1163	2531	0	0	0	0
79	0	0	287	587	1198	2465	0	0	0	0
80	0	0	310	558	1224	2429	0	0	0	0
81	0	0	378	537	1246	2423	0	0	0	0
82	0	0	463	531	1263	2409	0	0	0	0
83	0	0	544	545	1274	2421	0	0	0	0
84	0	0	600	566	1274	2402	0	0	0	0
85	0	0	633	594	1270	2369	0	0	0	0
86	0	0	646	623	1264	2348	0	0	0	0
87	0	0	640	650	1261	2333	0	0	0	0
88	0	0	619	669	1261	2325	0	0	0	0
89	0	0	583	675	1257	2313	0	0	0	0
90	0	0	549	671	1259	2279	0	0	0	0
91	0	0	508	651	1258	2232	0	0	0	0
92	0	0	461	622	1250	2217	0	0	0	0
93	0	0	423	593	1232	2207	0	0	0	0
94	0	0	398	568	1190	2217	0	0	0	0
95	0	0	422	544	1104	2216	0	0	0	0
96	0	0	521	516	996	2212	0	0	0	0
97	0	0	655	480	881	2197	0	0	0	0
98	0	0	791	440	771	2176	0	0	0	0
99	0	0	919	376	685	2166	0	0	0	0
100	0	0	992	284	619	2163	0	0	0	0
101	0	0	1048	190	571	2165	0	0	0	0
102	0	0	1105	125	537	2155	0	0	0	0
103	0	0	1135	87	513	2146	0	0	0	0
104	0	0	1143	64	488	2122	0	0	0	0
105	0	0	1158	48	492	2114	0	0	0	0
106	0	0	1201	39	524	2124	0	0	0	0
107	0	0	1234	34	560	2131	0	0	0	0
108	0	0	1227	31	602	2120	0	0	0	0
109	0	0	1190	33	636	2093	0	0	0	0
110	0	0	1148	54	669	2097	0	0	0	0
111	0	0	1120	84	693	2083	0	0	0	0
112	0	0	1108	115	702	2045	0	0	0	0
113	0	0	1103	135	701	1980	0	0	0	0
114	0	0	1098	150	701	1982	0	0	0	0
115	0	0	1087	168	701	1932	0	0	0	0
116	0	0	1071	188	704	1912	0	0	0	0
117	0	0	1055	213	710	1880	0	0	0	0
118	0	0	1036	238	720	1890	0	0	0	0
119	0	0	1017	261	736	1845	0	0	0	0
120	0	0	995	277	752	1773	0	0	0	0
121	0	0	975	287	774	1753	0	0	0	0
122	0	0	955	290	798	1687	0	0	0	0
123	0	0	931	275	816	1637	0	0	0	0
124	0	0	911	244	836	1635	0	0	0	0
125	0	0	891	210	856	1586	0	0	0	0
126	0	0	877	174	875	1544	0	0	0	0
127	0	0	860	143	891	1467	0	0	0	0
0	0	0	841	113	905	1480	0	0	0	0
1	0	0	820	86	919	1477	0	0	0	0
2	0	0	797	61	933	1442	0	0	0	0
3	0	0	775	47	946	1465	0	0	0	0
4	0	0	756	38	956	1473	0	0	0	0
5	0	0	735	33	962	1527	0	0	0	0
6	0	0	719	29	964	1531	0	0	0	0
7	0	0	708	27	964	1528	0	0	0	0
8	0	0	702	27	962	1561	0	0	0	0
9	0	0	707	26	958	1571	0	0	0	0
10	0	0	717	28	952	1604	0	0	0	0
11	0	0	735	36	947	1629	0	0	0	0
12	0	0	756	54	944	1638	0	0	0	0
13	0	0	782	75	936	1654	0	0	0	0
14	0	0	813	98	932	1663	0	0	0	0
15	0	0	840	121	928	1688	0	0	0	0
16	0	0	864	143	925	1708	0	0	0	0
17	0	0	885	161	923	1723	0	0	0	0
18	0	0	900	180	922	1739	0	0	0	0
19	0	0	910	199	921	1759	0	0	0	0
20	0	0	912	218	921	1769	0	0	0	0
21	0	0	910	237	924	1775	0	0	0	0
22	0	0	904	258	924	1797	0	0	0	0
23	0	0	895	278	926	1798	0	0	0	0
24	0	0	883	301	927	1801	0	0	0	0
25	0	0	870	324	928	1815	0	0	0	0
26	0	0	857	344	927	1823	0	0	0	0
27	0	0	846	364	926	1827	0	0	0	0
28	0	0	837	382	923	1830	0	0	0	0
29	0	0	828	398	917	1839	0	0	0	0
30	0	0	821	413	910	1842	0	0	0	0
31	0	0	815	427	899	1849	0	0	0	0
32	0	0	812	440	885	1854	0	0	0	0
33	0	0	812	453	876	1855	0	0	0	0
34	0	0	810	463	863	1861	0	0	0	0
35	0	0	812	470	847	1858	0	0	0	0
36	0	0	814	479	835	1859	0	0	0	0
37	0	0	818	489	823	1862	0	0	0	0
38	0	0	822	498	810	1863	0	0	0	0
39	0	0	826	505	798	1859	0	0	0	0
40	0	0	834	513	787	1856	0	0	0	0
41	0	0	840	518	777	1856	0	0	0	0
42	0	0	847	525	769	1857	0	0	0	0
43	0	0	856	534	760	1859	0	0	0	0
44	0	0	863	543	752	1859	0	0	0	0
45	0	0	873	551	746	1864	0	0	0	0
46	0	0	881	557	738	1864	0	0	0	0
47	0	0	888	565	733	1868	0	0	0	0
48	0	0	892	572	730	1870	0	0	0	0
49	0	0	896	578	728	1873	0	0	0	0
50	0	0	898	584	729	1874	0	0	0	0
51	0	0	899	588	729	1877	0	0	0	0
52	0	0	897	591	731	1880	0	0	0	0
53	0	0	894	593	734	1881	0	0	0	0
54	0	0	892	596	738	1888	0	0	0	0
55	0	0	887	598	742	1892	0	0	0	0
56	0	0	882	599	746	1896	0	0	0	0
57	0	0	876	602	751	1900	0	0	0	0
58	0	0	868	603	756	1899	0	0	0	0
59	0	0	861	605	761	1907	0	0	0	0
60	0	0	855	606	769	1919	0	0	0	0
61	0	0	848	609	773	1929	0	0	0	0
62	0	0	842	611	778	1933	0	0	0	0
63	0	0	836	614	783	1938	0	0	0	0
64	0	0	829	616	788	1945	0	0	0	0
65	0	0	823	617	791	1948	0	0	0	0
66	0	0	818	621	795	1955	0	0	0	0
67	0	0	813	623	799	1960	0	0	0	0
68	0	0	810	625	802	1963	0	0	0	0
69	0	0	807	628	804	1962	0	0	0	0
70	0	0	806	628	807	1963	0	0	0	0
71	0	0	805	628	808	1964	0	0	0	0
72	0	0	804	627	809	1967	0	0	0	0
73	0	0	807	627	809	1965	0	0	0	0
74	0	0	805	627	809	1958	0	0	0	0
75	0	0	808	626	809	1953	0	0	0	0
76	0	0	810	625	807	1950	0	0	0	0
77	0	0	814	623	805	1949	0	0	0	0
78	0	0	819	622	802	1948	0	0	0	0
79	0	0	826	620	801	1946	0	0	0	0
80	0	0	832	616	800	1944	0	0	0	0
81	0	0	838	613	800	1945	0	0	0	0
82	0	0	842	607	800	1945	0	0	0	0
83	0	0	848	603	803	1945	0	0	0	0
84	0	0	853	599	803	1946	0	0	0	0
85	0	0	856	594	809	1943	0	0	0	0
86	0	0	859	588	813	1940	0	0	0	0
87	0	0	861	585	817	1935	0	0	0	0
88	0	0	863	579	823	1934	0	0	0	0
89	0	0	862	576	828	1929	0	0	0	0
90	0	0	863	573	834	1923	0	0	0	0
91	0	0	861	569	838	1919	0	0	0	0
92	0	0	860	566	843	1915	0	0	0	0
93	0	0	858	563	848	1918	0	0	0	0
94	0	0	856	559	853	1911	0	0	0	0
95	0	0	855	556	857	1911	0	0	0	0
96	0	0	851	553	860	1912	0	0	0	0
97	0	0	846	549	862	1909	0	0	0	0
98	0	0	842	550	866	1908	0	0	0	0
99	0	0	850	551	866	1905	0	0	0	0
100	0	0	842	540	867	1903	0	0	0	0
101	0	0	826	525	873	1897	0	0	0	0
102	0	0	815	524	876	1898	0	0	0	0
103	0	0	806	520	877	1892	0	0	0	0
104	0	0	799	526	877	1884	0	0	0	0
105	0	0	799	523	879	1884	0	0	0	0
106	0	0	797	520	880	1882	0	0	0	0
107	0	0	791	513	881	1863	0	0	0	0
108	0	0	787	510	881	1858	0	0	0	0
109	0	0	785	506	881	1844	0	0	0	0
110	0	0	784	503	882	1827	0	0	0	0
111	0	0	784	504	882	1826	0	0	0	0
112	0	0	783	505	882	1818	0	0	0	0
113	0	0	781	504	884	1807	0	0	0	0
114	0	0	781	503	885	1812	0	0	0	0
115	0	0	779	500	885	1803	0	0	0	0
116	0	0	780	498	886	1795	0	0	0	0
117	0	0	780	498	885	1783	0	0	0	0
118	0	0	778	499	884	1778	0	0	0	0
119	0	0	775	502	882	1770	0	0	0	0
120	0	0	776	503	880	1772	0	0	0	0
121	0	0	774	504	877	1764	0	0	0	0
122	0	0	773	507	873	1755	0	0	0	0
123	0	0	772	512	870	1742	0	0	0	0
124	0	0	768	517	866	1741	0	0	0	0
125	0	0	767	522	862	1746	0	0	0	0
126	0	0	765	525	859	1743	0	0	0	0
127	0	0	763	532	854	1728	0	0	0	0
0	0	0	761	537	850	1713	0	0	0	0
1	0	0	760	543	847	1709	0	0	0	0
2	0	0	760	548	843	1700	0	0	0	0
3	0	0	759	554	841	1683	0	0	0	0
4	0	0	759	562	837	1655	0	0	0	0
5	0	0	760	569	835	1628	0	0	0	0
6	0	0	763	573	833	1615	0	0	0	0
7	0	0	764	577	831	1609	0	0	0	0
8	0	0	763	586	829	1605	0	0	0	0
9	0	0	765	594	826	1590	0	0	0	0
10	0	0	769	601	824	1568	0	0	0	0
11	0	0	772	608	823	1554	0	0	0	0
12	0	0	774	615	822	1541	0	0	0	0
13	0	0	775	622	819	1528	0	0	0	0
14	0	0	779	628	817	1530	0	0	0	0
15	0	0	780	635	816	1526	0	0	0	0
16	0	0	781	643	815	1515	0	0	0	0
17	0	0	782	651	813	1503	0	0	0	0
18	0	0	783	658	811	1507	0	0	0	0
19	0	0	785	666	809	1505	0	0	0	0
20	0	0	787	672	807	1510	0	0	0	0
21	0	0	784	678	805	1517	0	0	0	0
22	0	0	787	685	804	1510	0	0	0	0
23	0	0	787	691	804	1483	0	0	0	0
24	0	0	787	697	803	1474	0	0	0	0
25	0	0	788	703	801	1468	0	0	0	0
26	0	0	788	707	799	1465	0	0	0	0
27	0	0	789	714	797	1466	0	0	0	0
28	0	0	790	719	797	1472	0	0	0	0
29	0	0	789	724	794	1461	0	0	0	0
30	0	0	789	729	793	1448	0	0	0	0
31	0	0	789	735	791	1424	0	0	0	0
32	0	0	789	737	789	1407	0	0	0	0
33	0	0	787	740	788	1398	0	0	0	0
34	0	0	787	743	787	1398	0	0	0	0
35	0	0	786	745	785	1423	0	0	0	0
36	0	0	784	746	783	1431	0	0	0	0
37	0	0	786	747	782	1405	0	0	0	0
38	0	0	783	748	780	1370	0	0	0	0
39	0	0	783	748	779	1338	0	0	0	0
40	0	0	782	748	777	1336	0	0	0	0
41	0	0	781	749	776	1322	0	0	0	0
42	0	0	781	751	774	1319	0	0	0	0
43	0	0	779	750	772	1314	0	0	0	0
44	0	0	779	749	771	1311	0	0	0	0
45	0	0	780	749	769	1312	0	0	0	0
46	0	0	779	749	768	1317	0	0	0	0
47	0	0	780	751	767	1310	0	0	0	0
48	0	0	781	751	765	1295	0	0	0	0
49	0	0	781	752	763	1285	0	0	0	0
50	0	0	781	752	762	1285	0	0	0	0
51	0	0	782	752	762	1294	0	0	0	0
52	0	0	783	753	762	1305	0	0	0	0
53	0	0	784	753	762	1299	0	0	0	0
54	0	0	784	754	762	1299	0	0	0	0
55	0	0	784	754	762	1284	0	0	0	0
56	0	0	784	754	763	1268	0	0	0	0
57	0	0	784	754	762	1257	0	0	0	0
58	0	0	784	755	763	1246	0	0	0	0
59	0	0	782	756	763	1248	0	0	0	0
60	0	0	782	757	763	1241	0	0	0	0
61	0	0	782	757	764	1253	0	0	0	0
62	0	0	784	757	764	1258	0	0	0	0
63	0	0	783	756	765	1261	0	0	0	0
64	0	0	783	755	765	1266	0	0	0	0
65	0	0	783	755	766	1271	0	0	0	0
66	0	0	784	755	765	1267	0	0	0	0
67	0	0	784	755	766	1262	0	0	0	0
68	0	0	783	754	767	1260	0	0	0	0
69	0	0	783	753	767	1268	0	0	0	0
70	0	0	784	753	766	1270	0	0	0	0
71	0	0	785	753	768	1257	0	0	0	0
72	0	0	786	765	765	1241	0	0	0	0
73	0	0	786	749	767	1229	0	0	0	0
74	0	0	787	749	768	1226	0	0	0	0
75	0	0	786	753	771	1225	0	0	0	0
76	0	0	783	746	770	1213	0	0	0	0
77	0	0	787	748	772	1208	0	0	0	0
78	0	0	787	753	770	1197	0	0	0	0
79	0	0	788	750	772	1170	0	0	0	0
80	0	0	791	751	771	1164	0	0	0	0
81	0	0	793	752	771	1187	0	0	0	0
82	0	0	792	754	773	1205	0	0	0	0
83	0	0	791	754	772	1198	0	0	0	0
84	0	0	791	754	773	1193	0	0	0	0
85	0	0	790	755	773	1196	0	0	0	0
86	0	0	789	754	773	1187	0	0	0	0
87	0	0	787	754	773	1190	0	0	0	0
88	0	0	786	754	773	1197	0	0	0	0
89	0	0	784	753	773	1199	0	0	0	0
90	0	0	785	753	772	1195	0	0	0	0
91	0	0	783	753	773	1187	0	0	0	0
92	0	0	784	753	774	1155	0	0	0	0
93	0	0	783	753	773	1147	0	0	0	0
94	0	0	782	754	774	1149	0	0	0	0
95	0	0	782	754	775	1154	0	0	0	0
96	0	0	781	755	775	1160	0	0	0	0
97	0	0	781	756	775	1166	0	0	0	0
98	0	0	780	756	775	1159	0	0	0	0
99	0	0	781	757	776	1158	0	0	0	0
100	0	0	779	758	776	1143	0	0	0	0
101	0	0	778	760	777	1138	0	0	0	0
102	0	0	778	760	777	1132	0	0	0	0
103	0	0	778	762	778	1119	0	0	0	0
104	0	0	778	763	777	1113	0	0	0	0
105	0	0	779	763	778	1095	0	0	0	0
106	0	0	777	765	780	1082	0	0	0	0
107	0	0	776	764	780	1086	0	0	0	0
108	0	0	776	764	781	1096	0	0	0	0
109	0	0	775	765	782	1102	0	0	0	0
110	0	0	774	769	782	1117	0	0	0	0
111	0	0	774	768	785	1111	0	0	0	0
112	0	0	773	764	785	1108	0	0	0	0
113	0	0	772	764	790	1111	0	0	0	0
114	0	0	771	763	792	1110	0	0	0	0
115	0	0	769	764	794	1119	0	0	0	0
116	0	0	767	762	795	1126	0	0	0	0
117	0	0	766	761	798	1118	0	0	0	0
118	0	0	765	758	802	1122	0	0	0	0
119	0	0	766	756	803	1127	0	0	0	0
120	0	0	765	755	805	1134	0	0	0	0
121	0	0	766	756	807	1139	0	0	0	0
122	0	0	767	753	810	1141	0	0	0	0
123	0	0	767	751	811	1145	0	0	0	0
124	0	0	764	746	813	1147	0	0	0	0
125	0	0	765	746	815	1146	0	0	0	0
126	0	0	765	745	817	1152	0	0	0	0
127	0	0	765	743	818	1163	0	0	0	0
0	0	0	765	740	821	1168	0	0	0	0
1	0	0	764	739	822	1164	0	0	0	0
2	0	0	763	738	823	1173	0	0	0	0
3	0	0	764	738	825	1179	0	0	0	0
4	0	0	762	736	826	1176	0	0	0	0
5	0	0	763	735	826	1190	0	0	0	0
6	0	0	763	733	829	1191	0	0	0	0
7	0	0	764	731	829	1195	0	0	0	0
8	0	0	765	728	831	1195	0	0	0	0
9	0	0	765	726	832	1201	0	0	0	0
10	0	0	765	723	833	1209	0	0	0	0
11	0	0	766	720	831	1223	0	0	0	0
12	0	0	766	717	832	1233	0	0	0	0
13	0	0	767	713	832	1252	0	0	0	0
14	0	0	767	712	831	1264	0	0	0	0
15	0	0	767	710	832	1268	0	0	0	0
16	0	0	766	709	829	1271	0	0	0	0
17	0	0	766	705	830	1292	0	0	0	0
18	0	0	766	699	830	1313	0	0	0	0
19	0	0	766	698	830	1319	0	0	0	0
20	0	0	766	690	831	1331	0	0	0	0
21	0	0	765	691	827	1336	0	0	0	0
22	0	0	764	688	827	1336	0	0	0	0
23	0	0	764	686	827	1356	0	0	0	0
24	0	0	765	683	825	1366	0	0	0	0
25	0	0	764	682	824	1369	0	0	0	0
26	0	0	765	677	826	1394	0	0	0	0
27	0	0	763	675	824	1402	0	0	0	0
28	0	0	763	671	824	1408	0	0	0	0
29	0	0	764	668	822	1411	0	0	0	0
30	0	0	766	665	824	1413	0	0	0	0
31	0	0	766	661	823	1423	0	0	0	0
32	0	0	766	656	824	1431	0	0	0	0
33	0	0	767	652	825	1438	0	0	0	0
34	0	0	766	647	826	1442	0	0	0	0
35	0	0	767	644	825	1446	0	0	0	0
36	0	0	768	639	826	1454	0	0	0	0
37	0	0	768	634	826	1456	0	0	0	0
38	0	0	768	629	826	1464	0	0	0	0
39	0	0	769	624	826	1478	0	0	0	0
40	0	0	770	619	828	1485	0	0	0	0
41	0	0	771	615	826	1486	0	0	0	0
42	0	0	773	610	826	1491	0	0	0	0
43	0	0	774	604	826	1496	0	0	0	0
44	0	0	774	599	825	1504	0	0	0	0
45	0	0	775	595	824	1512	0	0	0	0
46	0	0	775	590	825	1504	0	0	0	0
47	0	0	777	584	824	1509	0	0	0	0
48	0	0	777	579	824	1519	0	0	0	0
49	0	0	778	574	823	1523	0	0	0	0
50	0	0	778	569	824	1526	0	0	0	0
51	0	0	781	566	823	1537	0	0	0	0
52	0	0	781	561	822	1544	0	0	0	0
53	0	0	782	557	822	1545	0	0	0	0
54	0	0	782	555	822	1551	0	0	0	0
55	0	0	784	552	821	1558	0	0	0	0
56	0	0	785	550	821	1574	0	0	0	0
57	0	0	785	547	821	1580	0	0	0	0
58	0	0	786	547	821	1586	0	0	0	0
59	0	0	787	545	821	1594	0	0	0	0
60	0	0	788	545	821	1589	0	0	0	0
61	0	0	788	545	820	1593	0	0	0	0
62	0	0	788	545	820	1595	0	0	0	0
63	0	0	789	544	821	1596	0	0	0	0
64	0	0	789	545	821	1598	0	0	0	0
65	0	0	789	546	821	1603	0	0	0	0
66	0	0	789	546	822	1601	0	0	0	0
67	0	0	790	548	823	1603	0	0	0	0
68	0	0	791	549	824	1604	0	0	0	0
69	0	0	787	552	825	1602	0	0	0	0
70	0	0	787	553	825	1603	0	0	0	0
71	0	0	787	554	827	1604	0	0	0	0
72	0	0	787	555	828	1607	0	0	0	0
73	0	0	786	556	831	1607	0	0	0	0
74	0	0	785	557	831	1604	0	0	0	0
75	0	0	785	558	832	1606	0	0	0	0
76	0	0	785	560	835	1605	0	0	0	0
77	0	0	782	563	835	1609	0	0	0	0
78	0	0	782	564	837	1608	0	0	0	0
79	0	0	782	566	838	1609	0	0	0	0
80	0	0	781	567	839	1613	0	0	0	0
81	0	0	780	570	840	1612	0	0	0	0
82	0	0	779	571	840	1614	0	0	0	0
83	0	0	781	573	843	1612	0	0	0	0
84	0	0	779	575	843	1611	0	0	0	0
85	0	0	778	578	842	1613	0	0	0	0
86	0	0	778	579	842	1612	0	0	0	0
87	0	0	777	581	843	1616	0	0	0	0
88	0	0	776	584	843	1618	0	0	0	0
89	0	0	774	586	842	1622	0	0	0	0
90	0	0	775	588	842	1622	0	0	0	0
91	0	0	774	590	842	1625	0	0	0	0
92	0	0	774	593	842	1626	0	0	0	0
93	0	0	774	596	841	1628	0	0	0	0
94	0	0	776	598	841	1631	0	0	0	0
95	0	0	776	600	840	1634	0	0	0	0
96	0	0	776	602	841	1634	0	0	0	0
97	0	0	776	604	840	1633	0	0	0	0
98	0	0	776	606	839	1634	0	0	0	0
99	0	0	776	608	839	1636	0	0	0	0
100	0	0	777	611	838	1637	0	0	0	0
101	0	0	778	613	837	1638	0	0	0	0
102	0	0	780	614	837	1638	0	0	0	0
103	0	0	782	616	837	1638	0	0	0	0
104	0	0	782	617	837	1637	0	0	0	0
105	0	0	783	619	836	1634	0	0	0	0
106	0	0	784	620	836	1635	0	0	0	0
107	0	0	786	621	835	1638	0	0	0	0
108	0	0	787	622	835	1640	0	0	0	0
109	0	0	788	625	835	1637	0	0	0	0
110	0	0	788	626	833	1634	0	0	0	0
111	0	0	788	628	832	1641	0	0	0	0
112	0	0	790	630	831	1646	0	0	0	0
113	0	0	791	630	830	1649	0	0	0	0
114	0	0	790	632	829	1653	0	0	0	0
115	0	0	791	632	827	1653	0	0	0	0
116	0	0	792	634	827	1653	0	0	0	0
117	0	0	792	634	827	1653	0	0	0	0
118	0	0	793	636	824	1648	0	0	0	0
119	0	0	793	638	824	1641	0	0	0	0
120	0	0	793	640	821	1642	0	0	0	0
121	0	0	794	640	820	1643	0	0	0	0
122	0	0	793	642	819	1641	0	0	0	0
123	0	0	793	642	818	1643	0	0	0	0
124	0	0	793	643	816	1640	0	0	0	0
125	0	0	793	645	815	1637	0	0	0	0
126	0	0	792	645	813	1635	0	0	0	0
127	0	0	792	646	811	1633	0	0	0	0
0	0	0	792	647	809	1631	0	0	0	0
1	0	0	793	649	808	1631	0	0	0	0
2	0	0	793	649	806	1631	0	0	0	0
3	0	0	793	650	805	1631	0	0	0	0
4	0	0	790	650	803	1632	0	0	0	0
5	0	0	792	651	801	1630	0	0	0	0
6	0	0	791	651	801	1630	0	0	0	0
7	0	0	791	651	799	1629	0	0	0	0
8	0	0	790	651	797	1625	0	0	0	0
9	0	0	790	651	796	1623	0	0	0	0
10	0	0	791	651	795	1618	0	0	0	0
11	0	0	789	652	793	1620	0	0	0	0
12	0	0	788	652	792	1618	0	0	0	0
13	0	0	787	651	791	1616	0	0	0	0
14	0	0	787	652	789	1616	0	0	0	0
15	0	0	786	652	789	1612	0	0	0	0
16	0	0	786	651	788	1612	0	0	0	0
17	0	0	785	651	786	1611	0	0	0	0
18	0	0	784	651	785	1607	0	0	0	0
19	0	0	783	652	785	1602	0	0	0	0
20	0	0	784	651	783	1595	0	0	0	0
21	0	0	784	652	783	1599	0	0	0	0
22	0	0	784	652	780	1598	0	0	0	0
23	0	0	783	652	780	1597	0	0	0	0
24	0	0	784	653	779	1598	0	0	0	0
25	0	0	785	654	778	1601	0	0	0	0
26	0	0	785	655	777	1602	0	0	0	0
27	0	0	784	654	776	1603	0	0	0	0
28	0	0	784	654	776	1606	0	0	0	0
29	0	0	785	654	776	1610	0	0	0	0
30	0	0	784	655	775	1614	0	0	0	0
31	0	0	785	654	775	1612	0	0	0	0
32	0	0	785	654	775	1611	0	0	0	0
33	0	0	786	654	774	1612	0	0	0	0
34	0	0	786	654	774	1615	0	0	0	0
35	0	0	786	655	773	1613	0	0	0	0
36	0	0	786	655	774	1611	0	0	0	0
37	0	0	785	655	773	1615	0	0	0	0
38	0	0	786	655	773	1614	0	0	0	0
39	0	0	785	656	774	1615	0	0	0	0
40	0	0	786	656	774	1616	0	0	0	0
41	0	0	786	657	774	1620	0	0	0	0
42	0	0	786	657	775	1625	0	0	0	0
43	0	0	787	658	776	1625	0	0	0	0
44	0	0	786	657	776	1627	0	0	0	0
45	0	0	786	657	778	1631	0	0	0	0
46	0	0	787	657	779	1637	0	0	0	1
47	0	0	786	657	779	1640	0	0	0	0
48	0	0	786	657	781	1640	0	0	0	0
49	0	0	785	657	782	1640	0	0	0	0
50	0	0	785	655	783	1641	0	0	0	0
51	0	0	784	656	784	1641	0	0	0	0
52	0	0	783	656	785	1642	0	0	0	0
53	0	0	784	656	787	1643	0	0	0	0
54	0	0	785	656	787	1645	0	0	0	0
55	0	0	785	655	788	1643	0	0	0	0
56	0	0	785	655	790	1644	0	0	0	0
57	0	0	784	654	791	1645	0	0	0	0
58	0	0	785	654	794	1646	0	0	0	0
59	0	0	784	654	795	1644	0	0	0	0
60	0	0	785	653	797	1643	0	0	0	0
