# bioPlux Text File Format
# Version: 1
# StartDateTime: 2012-03-21 16:43:42
# SamplingFrequency: 1000
# SampledChannels: 1 2 3 4 5 6 7 8
# SamplingResolution: 12
# AcquiringDevice: 00:07:80:93:66:BE
# EndOfHeader
0	0	0	824	705	684	801	0	0	0	0
1	0	0	823	705	684	792	0	0	0	0
2	0	0	823	706	685	790	0	0	0	0
3	0	0	824	707	686	787	0	0	0	0
4	0	0	823	708	687	784	0	0	0	0
5	0	0	823	709	688	780	0	0	0	0
6	0	0	821	710	689	770	0	0	0	0
7	0	0	822	711	690	767	0	0	0	0
8	0	0	821	711	690	766	0	0	0	0
9	0	0	820	711	690	762	0	0	0	0
10	0	0	820	712	692	763	0	0	0	0
11	0	0	819	714	693	767	0	0	0	0
12	0	0	817	714	693	770	0	0	0	0
13	0	0	817	716	695	769	0	0	0	0
14	0	0	815	717	694	769	0	0	0	0
15	0	0	815	718	696	765	0	0	0	0
16	0	0	815	717	696	761	0	0	0	0
17	0	0	814	716	696	757	0	0	0	0
18	0	0	814	717	695	759	0	0	0	0
19	0	0	815	718	694	758	0	0	0	0
20	0	0	808	718	696	757	0	0	0	0
21	0	0	805	719	700	762	0	0	0	0
22	0	0	805	720	701	760	0	0	0	0
23	0	0	808	721	702	761	0	0	0	0
24	0	0	808	720	703	761	0	0	0	0
25	0	0	805	721	702	762	0	0	0	0
26	0	0	805	721	703	765	0	0	0	0
27	0	0	804	722	704	767	0	0	0	0
28	0	0	806	724	705	769	0	0	0	0
29	0	0	807	724	705	767	0	0	0	0
30	0	0	806	724	706	767	0	0	0	0
31	0	0	805	724	707	766	0	0	0	0
32	0	0	803	724	708	772	0	0	0	0
33	0	0	803	724	709	775	0	0	0	0
34	0	0	803	725	710	771	0	0	0	0
35	0	0	803	727	711	773	0	0	0	0
36	0	0	802	727	711	777	0	0	0	0
37	0	0	802	727	711	787	0	0	0	0
38	0	0	804	728	713	789	0	0	0	0
39	0	0	803	728	714	792	0	0	0	0
40	0	0	804	730	714	791	0	0	0	0
41	0	0	804	730	717	789	0	0	0	0
42	0	0	803	729	718	790	0	0	0	0
43	0	0	802	730	718	790	0	0	0	0
44	0	0	801	730	719	791	0	0	0	0
45	0	0	802	731	720	794	0	0	0	0
46	0	0	803	731	720	796	0	0	0	0
47	0	0	802	731	721	797	0	0	0	0
48	0	0	801	732	723	801	0	0	0	0
49	0	0	802	731	723	802	0	0	0	0
50	0	0	803	732	724	801	0	0	0	0
51	0	0	803	732	725	809	0	0	0	0
52	0	0	804	732	726	808	0	0	0	0
53	0	0	803	732	726	814	0	0	0	0
54	0	0	804	731	727	814	0	0	0	0
55	0	0	803	729	727	820	0	0	0	0
56	0	0	804	729	727	820	0	0	0	0
57	0	0	804	729	728	824	0	0	0	0
58	0	0	803	729	728	826	0	0	0	0
59	0	0	805	727	728	828	0	0	0	0
60	0	0	805	727	728	828	0	0	0	0
61	0	0	806	727	729	829	0	0	0	0
62	0	0	804	725	729	831	0	0	0	0
63	0	0	803	725	729	835	0	0	0	0
64	0	0	803	722	729	836	0	0	0	0
65	0	0	804	721	729	834	0	0	0	0
66	0	0	802	719	729	834	0	0	0	0
67	0	0	802	721	730	836	0	0	0	0
68	0	0	802	720	729	838	0	0	0	0
69	0	0	802	719	729	838	0	0	0	0
70	0	0	802	719	728	838	0	0	0	0
71	0	0	802	718	727	842	0	0	0	0
72	0	0	799	717	729	845	0	0	0	0
73	0	0	800	717	729	845	0	0	1	0
74	0	0	801	716	729	850	0	0	0	0
75	0	0	801	716	730	851	0	0	0	0
76	0	0	802	715	728	850	0	0	0	0
77	0	0	801	715	729	850	0	0	0	0
78	0	0	802	713	730	857	0	0	0	0
79	0	0	800	713	728	854	0	0	0	0
80	0	0	800	712	728	852	0	0	0	0
81	0	0	800	712	729	851	0	0	0	0
82	0	0	802	711	729	851	0	0	0	0
83	0	0	801	710	729	854	0	0	0	0
84	0	0	802	710	729	853	0	0	0	0
85	0	0	802	709	728	852	0	0	0	0
86	0	0	802	709	728	849	0	0	0	0
87	0	0	800	708	727	853	0	0	0	0
88	0	0	801	707	728	855	0	0	0	0
89	0	0	800	705	728	856	0	0	0	0
90	0	0	798	704	728	857	0	0	0	0
91	0	0	800	705	727	858	0	0	0	0
92	0	0	800	703	726	860	0	0	0	0
93	0	0	800	701	727	861	0	0	0	0
94	0	0	799	701	726	859	0	0	0	0
95	0	0	799	700	726	863	0	0	0	0
96	0	0	799	698	726	861	0	0	0	0
97	0	0	795	698	726	864	0	0	0	0
98	0	0	798	696	725	870	0	0	0	0
99	0	0	798	695	725	875	0	0	0	0
100	0	0	798	693	725	876	0	0	0	0
101	0	0	799	696	725	877	0	0	0	0
102	0	0	797	693	723	876	0	0	0	0
103	0	0	798	691	724	876	0	0	0	0
104	0	0	797	690	723	877	0	0	0	0
105	0	0	797	689	722	873	0	0	0	0
106	0	0	797	689	721	875	0	0	0	0
107	0	0	795	686	721	874	0	0	0	0
108	0	0	799	684	720	876	0	0	0	0
109	0	0	800	683	718	876	0	0	0	0
110	0	0	799	681	718	877	0	0	0	0
111	0	0	799	680	716	877	0	0	0	0
112	0	0	799	678	716	880	0	0	0	0
113	0	0	798	674	714	885	0	0	0	0
114	0	0	798	673	713	887	0	0	0	0
115	0	0	798	672	711	892	0	0	0	0
116	0	0	798	670	710	901	0	0	0	0
117	0	0	800	668	708	905	0	0	0	0
118	0	0	799	666	707	905	0	0	0	0
119	0	0	801	664	706	905	0	0	0	0
120	0	0	801	662	704	910	0	0	0	0
121	0	0	800	660	702	912	0	0	0	0
122	0	0	800	659	702	915	0	0	0	0
123	0	0	800	657	700	912	0	0	0	0
124	0	0	800	655	698	916	0	0	0	0
125	0	0	799	654	696	919	0	0	0	0
126	0	0	801	651	694	916	0	0	0	0
127	0	0	801	651	693	919	0	0	0	0
0	0	0	801	650	692	927	0	0	0	0
1	0	0	802	648	690	932	0	0	0	0
2	0	0	802	649	688	938	0	0	0	0
3	0	0	800	649	687	949	0	0	0	0
4	0	0	801	646	685	949	0	0	0	0
5	0	0	800	646	684	952	0	0	0	0
6	0	0	799	647	683	951	0	0	0	0
7	0	0	799	645	682	951	0	0	0	0
8	0	0	800	645	681	952	0	0	0	0
9	0	0	799	645	678	956	0	0	0	0
10	0	0	799	645	680	956	0	0	0	0
11	0	0	799	645	678	958	0	0	0	0
12	0	0	799	645	677	958	0	0	0	0
13	0	0	799	645	677	959	0	0	0	0
14	0	0	799	645	677	960	0	0	0	0
15	0	0	799	646	676	965	0	0	0	0
16	0	0	797	645	676	967	0	0	0	0
17	0	0	799	646	676	966	0	0	0	0
18	0	0	798	648	676	968	0	0	0	0
19	0	0	796	649	676	971	0	0	0	0
20	0	0	797	650	676	976	0	0	0	0
21	0	0	797	650	676	978	0	0	0	0
22	0	0	795	651	676	981	0	0	0	0
23	0	0	794	653	676	983	0	0	0	0
24	0	0	794	653	675	991	0	0	0	0
25	0	0	793	655	677	995	0	0	0	0
26	0	0	793	656	677	1005	0	0	0	0
27	0	0	793	658	677	1013	0	0	0	0
28	0	0	793	659	677	1023	0	0	0	0
29	0	0	793	660	678	1031	0	0	0	0
30	0	0	792	662	680	1055	0	0	0	0
31	0	0	791	664	679	1079	0	0	0	0
32	0	0	792	663	681	1081	0	0	0	0
33	0	0	792	665	682	1079	0	0	0	0
34	0	0	793	667	682	1088	0	0	0	0
35	0	0	791	669	682	1101	0	0	0	0
36	0	0	791	669	683	1107	0	0	0	0
37	0	0	790	670	683	1108	0	0	0	0
38	0	0	791	671	682	1108	0	0	0	0
39	0	0	790	672	682	1112	0	0	0	0
40	0	0	789	675	683	1117	0	0	0	0
41	0	0	789	675	682	1123	0	0	0	0
42	0	0	789	675	682	1132	0	0	0	0
43	0	0	792	676	683	1137	0	0	0	0
44	0	0	793	678	682	1143	0	0	0	0
45	0	0	793	680	682	1147	0	0	0	0
46	0	0	794	681	683	1150	0	0	0	0
47	0	0	794	680	683	1164	0	0	0	0
48	0	0	793	683	684	1169	0	0	0	0
49	0	0	794	684	684	1180	0	0	0	0
50	0	0	794	685	683	1180	0	0	0	0
51	0	0	795	686	683	1185	0	0	0	0
52	0	0	795	686	683	1190	0	0	0	0
53	0	0	797	687	684	1199	0	0	0	0
54	0	0	798	689	684	1202	0	0	0	0
55	0	0	800	689	685	1203	0	0	0	0
56	0	0	801	689	683	1206	0	0	0	0
57	0	0	802	689	685	1220	0	0	0	0
58	0	0	804	691	684	1224	0	0	0	0
59	0	0	804	690	685	1228	0	0	0	0
60	0	0	804	691	685	1234	0	0	0	0
61	0	0	805	690	683	1250	0	0	0	0
62	0	0	805	692	685	1259	0	0	0	0
63	0	0	805	691	686	1274	0	0	0	0
64	0	0	807	691	686	1293	0	0	0	0
65	0	0	805	690	686	1307	0	0	0	0
66	0	0	804	689	686	1326	0	0	0	0
67	0	0	805	688	685	1352	0	0	0	0
68	0	0	805	688	686	1358	0	0	0	0
69	0	0	807	688	686	1387	0	0	0	0
70	0	0	807	688	685	1397	0	0	0	0
71	0	0	806	685	685	1409	0	0	0	0
72	0	0	807	686	684	1413	0	0	0	0
73	0	0	808	683	684	1415	0	0	0	0
74	0	0	808	683	684	1419	0	0	0	0
75	0	0	808	682	682	1420	0	0	0	0
76	0	0	809	682	681	1422	0	0	0	0
77	0	0	811	680	680	1425	0	0	0	0
78	0	0	813	680	679	1440	0	0	0	0
79	0	0	814	679	678	1462	0	0	0	0
80	0	0	813	678	677	1479	0	0	0	0
81	0	0	813	676	677	1497	0	0	0	0
82	0	0	814	675	676	1520	0	0	0	0
83	0	0	813	674	674	1523	0	0	0	0
84	0	0	814	672	673	1529	0	0	0	0
85	0	0	814	673	674	1540	0	0	0	0
86	0	0	815	673	673	1562	0	0	0	0
87	0	0	815	671	671	1571	0	0	0	0
88	0	0	815	670	670	1588	0	0	0	0
89	0	0	815	669	669	1588	0	0	0	0
90	0	0	815	668	669	1585	0	0	0	0
91	0	0	816	667	668	1575	0	0	0	0
92	0	0	816	666	666	1577	0	0	0	0
93	0	0	815	666	665	1586	0	0	0	0
94	0	0	816	665	665	1595	0	0	0	0
95	0	0	815	664	665	1590	0	0	0	0
96	0	0	816	663	664	1607	0	0	0	0
97	0	0	815	662	664	1638	0	0	0	0
98	0	0	814	660	663	1637	0	0	0	0
99	0	0	815	660	663	1654	0	0	0	0
100	0	0	814	659	662	1660	0	0	0	0
101	0	0	813	658	661	1667	0	0	0	0
102	0	0	814	657	663	1666	0	0	0	0
103	0	0	814	658	663	1675	0	0	0	0
104	0	0	815	654	663	1675	0	0	0	0
105	0	0	814	654	662	1683	0	0	0	0
106	0	0	813	653	660	1686	0	0	0	0
107	0	0	815	653	661	1690	0	0	0	0
108	0	0	815	653	662	1700	0	0	0	0
109	0	0	816	651	660	1704	0	0	0	0
110	0	0	816	650	660	1707	0	0	0	0
111	0	0	817	649	660	1713	0	0	0	0
112	0	0	817	649	659	1718	0	0	0	0
113	0	0	817	648	659	1726	0	0	0	0
114	0	0	817	645	660	1730	0	0	0	0
115	0	0	818	647	661	1734	0	0	0	0
116	0	0	817	646	660	1738	0	0	0	0
117	0	0	817	645	661	1745	0	0	0	0
118	0	0	818	643	661	1754	0	0	0	0
119	0	0	819	643	661	1766	0	0	0	0
120	0	0	817	642	660	1771	0	0	0	0
121	0	0	817	642	660	1782	0	0	0	0
122	0	0	818	641	661	1794	0	0	0	0
123	0	0	818	641	661	1805	0	0	0	0
124	0	0	817	640	661	1813	0	0	0	0
125	0	0	819	639	660	1822	0	0	0	0
126	0	0	818	637	660	1829	0	0	0	0
127	0	0	818	637	661	1840	0	0	0	0
0	0	0	819	636	660	1845	0	0	0	0
1	0	0	819	635	660	1848	0	0	0	0
2	0	0	818	635	659	1861	0	0	0	0
3	0	0	818	634	659	1870	0	0	0	0
4	0	0	819	633	657	1875	0	0	0	0
5	0	0	820	635	657	1871	0	0	0	0
6	0	0	821	632	655	1887	0	0	0	0
7	0	0	821	630	654	1895	0	0	0	0
8	0	0	820	631	654	1897	0	0	0	0
9	0	0	819	629	652	1899	0	0	0	0
10	0	0	818	629	651	1898	0	0	0	0
11	0	0	819	630	650	1906	0	0	0	0
12	0	0	820	628	648	1913	0	0	0	0
13	0	0	819	628	646	1913	0	0	0	0
14	0	0	817	627	644	1920	0	0	0	0
15	0	0	815	627	642	1921	0	0	0	0
16	0	0	814	626	641	1927	0	0	0	0
17	0	0	811	625	638	1927	0	0	0	0
18	0	0	812	625	637	1937	0	0	0	0
19	0	0	814	623	635	1939	0	0	0	0
20	0	0	816	622	635	1949	0	0	0	0
21	0	0	819	622	635	1954	0	0	0	0
22	0	0	822	623	636	1962	0	0	0	0
23	0	0	826	623	636	1968	0	0	0	0
24	0	0	827	624	636	1973	0	0	0	0
25	0	0	829	624	636	1977	0	0	0	0
26	0	0	829	622	637	1979	0	0	0	0
27	0	0	830	626	637	1981	0	0	0	0
28	0	0	829	627	635	1983	0	0	0	0
29	0	0	829	628	635	1991	0	0	0	0
30	0	0	829	630	635	1998	0	0	0	0
31	0	0	830	630	633	2016	0	0	0	0
32	0	0	828	632	634	2019	0	0	0	0
33	0	0	831	631	634	2029	0	0	0	0
34	0	0	832	632	634	2028	0	0	0	0
35	0	0	831	632	635	2030	0	0	0	0
36	0	0	830	632	635	2029	0	0	0	0
37	0	0	831	631	634	2028	0	0	0	0
38	0	0	831	631	634	2030	0	0	0	0
39	0	0	832	634	633	2034	0	0	0	0
40	0	0	832	635	632	2037	0	0	0	0
41	0	0	832	634	633	2039	0	0	0	0
42	0	0	833	634	634	2042	0	0	0	0
43	0	0	833	634	634	2042	0	0	0	0
44	0	0	831	634	635	2044	0	0	0	0
45	0	0	830	634	635	2046	0	0	0	0
46	0	0	831	634	634	2051	0	0	0	0
47	0	0	830	634	637	2054	0	0	0	0
48	0	0	829	635	637	2051	0	0	0	0
49	0	0	829	634	638	2049	0	0	0	0
50	0	0	830	632	637	2050	0	0	0	0
51	0	0	831	630	637	2052	0	0	0	0
52	0	0	829	629	638	2054	0	0	0	0
53	0	0	832	628	639	2057	0	0	0	0
54	0	0	832	628	638	2061	0	0	0	0
55	0	0	830	628	638	2067	0	0	0	0
56	0	0	831	628	637	2070	0	0	0	0
57	0	0	833	627	638	2073	0	0	0	0
58	0	0	833	625	637	2075	0	0	0	0
59	0	0	832	625	638	2074	0	0	0	0
60	0	0	834	625	637	2078	0	0	0	0
61	0	0	836	625	637	2081	0	0	0	0
62	0	0	838	624	637	2086	0	0	0	0
63	0	0	838	623	637	2086	0	0	0	0
64	0	0	838	624	637	2092	0	0	0	0
65	0	0	840	623	637	2093	0	0	0	0
66	0	0	840	621	637	2095	0	0	0	0
67	0	0	841	621	638	2095	0	0	0	0
68	0	0	840	621	638	2095	0	0	0	0
69	0	0	840	623	639	2097	0	0	0	0
70	0	0	840	623	639	2099	0	0	0	0
71	0	0	841	622	640	2105	0	0	0	0
72	0	0	839	621	639	2110	0	0	0	0
73	0	0	838	620	640	2114	0	0	0	0
74	0	0	838	621	642	2115	0	0	0	0
75	0	0	838	621	640	2115	0	0	0	0
76	0	0	840	621	639	2118	0	0	0	0
77	0	0	839	619	640	2124	0	0	0	0
78	0	0	839	619	639	2126	0	0	0	0
79	0	0	838	619	640	2124	0	0	0	0
80	0	0	839	619	641	2126	0	0	0	0
81	0	0	839	620	642	2129	0	0	0	0
82	0	0	840	619	642	2129	0	0	0	0
83	0	0	839	619	642	2133	0	0	0	0
84	0	0	837	619	643	2139	0	0	0	0
85	0	0	839	619	643	2140	0	0	0	0
86	0	0	838	619	643	2141	0	0	0	0
87	0	0	838	619	644	2142	0	0	0	0
88	0	0	837	619	644	2144	0	0	0	0
89	0	0	836	618	645	2148	0	0	0	0
90	0	0	837	618	643	2149	0	0	0	0
91	0	0	837	618	646	2151	0	0	0	0
92	0	0	838	616	646	2152	0	0	0	0
93	0	0	836	617	646	2152	0	0	0	0
94	0	0	835	615	647	2152	0	0	0	0
95	0	0	835	614	648	2152	0	0	0	0
96	0	0	833	614	648	2151	0	0	0	0
97	0	0	835	613	648	2156	0	0	0	0
98	0	0	835	612	647	2159	0	0	0	0
99	0	0	833	609	646	2157	0	0	0	0
100	0	0	832	608	646	2154	0	0	0	0
101	0	0	833	607	647	2155	0	0	0	0
102	0	0	831	607	648	2161	0	0	0	0
103	0	0	832	606	647	2165	0	0	0	0
104	0	0	833	606	648	2168	0	0	0	0
105	0	0	831	605	648	2169	0	0	0	0
106	0	0	830	604	647	2169	0	0	0	0
107	0	0	830	603	648	2169	0	0	0	0
108	0	0	828	603	648	2170	0	0	0	0
109	0	0	828	603	648	2173	0	0	0	0
110	0	0	827	602	647	2179	0	0	0	0
111	0	0	826	603	648	2183	0	0	0	0
112	0	0	828	602	648	2185	0	0	0	0
113	0	0	828	603	648	2185	0	0	0	0
114	0	0	827	603	648	2184	0	0	0	0
115	0	0	827	603	649	2188	0	0	0	0
116	0	0	827	601	648	2191	0	0	0	0
117	0	0	826	600	649	2196	0	0	0	0
118	0	0	825	601	648	2196	0	0	0	0
119	0	0	825	601	649	2196	0	0	0	0
120	0	0	825	600	647	2198	0	0	0	0
121	0	0	825	600	647	2203	0	0	0	0
122	0	0	822	599	647	2203	0	0	0	0
123	0	0	823	598	646	2206	0	0	0	0
124	0	0	822	598	647	2205	0	0	0	0
125	0	0	820	597	647	2207	0	0	0	0
126	0	0	821	598	646	2207	0	0	0	0
127	0	0	822	596	646	2209	0	0	0	0
0	0	0	821	596	646	2212	0	0	0	0
1	0	0	821	596	645	2211	0	0	0	0
2	0	0	821	594	646	2208	0	0	0	0
3	0	0	822	593	645	2213	0	0	0	0
4	0	0	821	594	644	2220	0	0	0	0
5	0	0	823	592	643	2221	0	0	0	0
6	0	0	822	592	643	2222	0	0	0	0
7	0	0	823	593	641	2222	0	0	0	0
8	0	0	824	591	640	2226	0	0	0	0
9	0	0	826	590	641	2226	0	0	0	0
10	0	0	824	589	641	2226	0	0	0	0
11	0	0	824	589	641	2227	0	0	0	0
12	0	0	824	588	639	2229	0	0	0	0
13	0	0	824	587	639	2230	0	0	0	0
14	0	0	824	586	640	2230	0	0	0	0
15	0	0	825	585	640	2229	0	0	0	0
16	0	0	825	584	639	2228	0	0	0	0
17	0	0	825	583	640	2228	0	0	0	0
18	0	0	825	582	638	2230	0	0	0	0
19	0	0	824	581	639	2229	0	0	0	0
20	0	0	824	580	639	2229	0	0	0	0
21	0	0	825	578	638	2233	0	0	0	0
22	0	0	824	577	638	2235	0	0	0	0
23	0	0	824	576	638	2237	0	0	0	0
24	0	0	824	575	638	2240	0	0	0	0
25	0	0	822	573	637	2242	0	0	0	0
26	0	0	824	572	638	2245	0	0	0	0
27	0	0	823	570	636	2246	0	0	0	0
28	0	0	822	569	635	2246	0	0	0	0
29	0	0	822	568	634	2246	0	0	0	0
30	0	0	820	567	634	2247	0	0	0	0
31	0	0	820	565	633	2247	0	0	0	0
32	0	0	819	564	633	2249	0	0	0	0
33	0	0	818	562	633	2249	0	0	0	0
34	0	0	818	562	633	2249	0	0	0	0
35	0	0	817	562	632	2251	0	0	0	0
36	0	0	815	562	632	2253	0	0	0	0
37	0	0	815	562	633	2255	0	0	0	0
38	0	0	815	561	633	2257	0	0	0	0
39	0	0	815	561	633	2258	0	0	0	0
40	0	0	815	561	633	2258	0	0	0	0
41	0	0	814	560	633	2256	0	0	0	0
42	0	0	814	561	633	2256	0	0	0	0
43	0	0	815	561	634	2257	0	0	0	0
44	0	0	813	560	634	2257	0	0	0	0
45	0	0	813	561	634	2257	0	0	0	0
46	0	0	814	561	634	2260	0	0	0	0
47	0	0	814	561	635	2260	0	0	0	0
48	0	0	814	561	635	2264	0	0	0	0
49	0	0	812	562	636	2267	0	0	0	0
50	0	0	813	562	636	2271	0	0	0	0
51	0	0	815	563	636	2272	0	0	0	0
52	0	0	814	563	637	2278	0	0	0	0
53	0	0	814	563	636	2281	0	0	0	0
54	0	0	813	563	637	2283	0	0	0	0
55	0	0	814	563	637	2285	0	0	0	0
56	0	0	814	563	636	2284	0	0	0	0
57	0	0	814	565	637	2285	0	0	0	0
58	0	0	814	566	636	2286	0	0	0	0
59	0	0	815	565	636	2287	0	0	0	0
60	0	0	815	565	636	2289	0	0	0	0
61	0	0	814	565	635	2291	0	0	0	0
62	0	0	813	566	634	2290	0	0	0	0
63	0	0	814	563	634	2291	0	0	0	0
64	0	0	814	564	634	2292	0	0	0	0
65	0	0	814	564	633	2294	0	0	0	0
66	0	0	814	564	633	2297	0	0	0	0
67	0	0	814	564	633	2299	0	0	0	0
68	0	0	813	564	630	2298	0	0	0	0
69	0	0	811	564	630	2301	0	0	0	0
70	0	0	812	563	630	2301	0	0	0	0
71	0	0	812	563	629	2306	0	0	0	0
72	0	0	810	563	628	2308	0	0	0	0
73	0	0	812	563	627	2310	0	0	0	0
74	0	0	812	563	627	2313	0	0	0	0
75	0	0	814	563	626	2319	0	0	0	0
76	0	0	815	562	626	2318	0	0	0	0
77	0	0	815	563	625	2321	0	0	0	0
78	0	0	816	563	625	2322	0	0	0	0
79	0	0	815	561	624	2326	0	0	0	0
80	0	0	818	562	624	2328	0	0	0	0
81	0	0	817	561	623	2326	0	0	0	0
82	0	0	817	560	622	2329	0	0	0	0
83	0	0	818	559	622	2332	0	0	0	0
84	0	0	817	558	622	2335	0	0	0	0
85	0	0	818	559	621	2340	0	0	0	0
86	0	0	817	558	620	2342	0	0	0	0
87	0	0	819	558	620	2346	0	0	0	0
88	0	0	819	556	620	2350	0	0	0	0
89	0	0	820	556	618	2353	0	0	0	0
90	0	0	821	554	617	2353	0	0	0	0
91	0	0	822	553	616	2355	0	0	0	0
92	0	0	822	552	615	2357	0	0	0	0
93	0	0	823	551	614	2358	0	0	0	0
94	0	0	823	551	613	2362	0	0	0	0
95	0	0	825	549	612	2368	0	0	0	0
96	0	0	825	548	609	2369	0	0	0	0
97	0	0	826	547	607	2370	0	0	0	0
98	0	0	827	546	607	2372	0	0	0	0
99	0	0	827	546	605	2372	0	0	0	0
100	0	0	826	545	604	2377	0	0	0	0
101	0	0	828	545	602	2380	0	0	0	0
102	0	0	826	544	602	2377	0	0	0	0
103	0	0	826	543	601	2378	0	0	0	0
104	0	0	826	543	601	2380	0	0	0	0
105	0	0	826	544	599	2382	0	0	0	0
106	0	0	827	546	599	2386	0	0	0	0
107	0	0	827	544	599	2390	0	0	0	0
108	0	0	827	544	598	2388	0	0	0	0
109	0	0	827	544	596	2387	0	0	0	0
110	0	0	828	544	596	2390	0	0	0	0
111	0	0	829	543	595	2390	0	0	0	0
112	0	0	830	543	595	2394	0	0	0	0
113	0	0	830	542	594	2401	0	0	0	0
114	0	0	830	541	594	2404	0	0	0	0
115	0	0	830	541	592	2409	0	0	0	0
116	0	0	829	541	591	2414	0	0	0	0
117	0	0	828	540	589	2418	0	0	0	0
118	0	0	828	541	589	2423	0	0	0	0
119	0	0	828	541	589	2426	0	0	0	0
120	0	0	828	540	587	2427	0	0	0	0
121	0	0	829	539	586	2428	0	0	0	0
122	0	0	830	538	585	2429	0	0	0	0
123	0	0	829	538	584	2435	0	0	0	0
124	0	0	829	538	583	2438	0	0	0	0
125	0	0	830	537	582	2437	0	0	0	0
126	0	0	830	537	580	2439	0	0	0	0
127	0	0	830	537	579	2441	0	0	0	0
0	0	0	828	537	578	2444	0	0	0	0
1	0	0	828	536	578	2446	0	0	0	0
2	0	0	828	536	576	2448	0	0	0	0
3	0	0	827	537	577	2452	0	0	0	0
4	0	0	828	537	575	2454	0	0	0	0
5	0	0	827	536	574	2457	0	0	0	0
6	0	0	826	536	574	2459	0	0	0	0
7	0	0	824	537	574	2463	0	0	0	0
8	0	0	822	537	575	2466	0	0	0	0
9	0	0	820	538	575	2468	0	0	0	0
10	0	0	818	539	574	2469	0	0	0	0
11	0	0	816	538	574	2473	0	0	0	0
12	0	0	816	538	575	2478	0	0	0	0
13	0	0	814	538	576	2483	0	0	0	0
14	0	0	813	538	577	2486	0	0	0	0
15	0	0	813	539	578	2493	0	0	0	0
16	0	0	810	539	577	2500	0	0	0	0
17	0	0	810	540	579	2502	0	0	0	0
18	0	0	808	539	578	2506	0	0	0	0
19	0	0	807	539	579	2510	0	0	0	0
20	0	0	806	539	580	2514	0	0	0	0
21	0	0	804	540	580	2515	0	0	0	0
22	0	0	804	540	581	2519	0	0	0	0
23	0	0	804	538	580	2520	0	0	0	0
24	0	0	803	538	580	2524	0	0	0	0
25	0	0	803	539	581	2527	0	0	0	0
26	0	0	801	537	582	2525	0	0	0	0
27	0	0	800	537	582	2525	0	0	0	0
28	0	0	801	537	583	2528	0	0	0	0
29	0	0	802	537	583	2529	0	0	0	0
30	0	0	800	537	585	2531	0	0	0	0
31	0	0	798	536	586	2532	0	0	0	0
32	0	0	800	536	586	2532	0	0	0	0
33	0	0	800	536	587	2533	0	0	0	0
34	0	0	800	536	588	2535	0	0	0	0
35	0	0	799	535	588	2537	0	0	0	0
36	0	0	799	535	588	2540	0	0	0	0
37	0	0	799	535	589	2544	0	0	0	0
38	0	0	798	534	589	2550	0	0	0	0
39	0	0	798	534	589	2555	0	0	0	0
40	0	0	796	535	590	2558	0	0	0	0
41	0	0	794	534	591	2558	0	0	0	0
42	0	0	793	532	591	2563	0	0	0	0
43	0	0	793	533	591	2566	0	0	0	0
44	0	0	793	531	590	2574	0	0	0	0
45	0	0	792	532	591	2581	0	0	0	0
46	0	0	793	529	589	2580	0	0	0	0
47	0	0	794	528	589	2582	0	0	0	0
48	0	0	796	528	588	2583	0	0	0	0
49	0	0	793	527	590	2588	0	0	0	0
50	0	0	794	527	587	2593	0	0	0	0
51	0	0	794	526	586	2596	0	0	0	0
52	0	0	794	525	586	2604	0	0	0	0
53	0	0	795	524	586	2608	0	0	0	0
54	0	0	796	524	584	2613	0	0	0	0
55	0	0	795	523	583	2617	0	0	0	0
56	0	0	796	522	583	2625	0	0	0	0
57	0	0	798	523	583	2634	0	0	0	0
58	0	0	798	522	582	2638	0	0	0	0
59	0	0	797	523	581	2644	0	0	0	0
60	0	0	798	522	581	2652	0	0	0	0
61	0	0	798	523	581	2662	0	0	0	0
62	0	0	799	522	581	2668	0	0	0	0
63	0	0	800	523	580	2678	0	0	0	0
64	0	0	799	523	581	2684	0	0	0	0
65	0	0	797	523	580	2695	0	0	0	0
66	0	0	798	522	580	2702	0	0	0	0
67	0	0	798	522	580	2712	0	0	0	0
68	0	0	797	524	581	2718	0	0	0	0
69	0	0	796	524	581	2722	0	0	0	0
70	0	0	795	525	581	2728	0	0	0	0
71	0	0	795	525	581	2731	0	0	0	0
72	0	0	794	525	582	2731	0	0	0	0
73	0	0	793	527	581	2736	0	0	0	0
74	0	0	793	528	581	2740	0	0	0	0
75	0	0	794	530	581	2740	0	0	0	0
76	0	0	795	531	582	2743	0	0	0	0
77	0	0	793	531	582	2747	0	0	0	0
78	0	0	793	531	582	2752	0	0	0	0
79	0	0	791	531	582	2754	0	0	0	0
80	0	0	792	532	582	2761	0	0	0	0
81	0	0	791	533	582	2766	0	0	0	0
82	0	0	790	535	582	2769	0	0	0	0
83	0	0	789	535	581	2772	0	0	0	0
84	0	0	788	536	581	2775	0	0	0	0
85	0	0	789	537	581	2779	0	0	0	0
86	0	0	787	539	580	2787	0	0	0	0
87	0	0	786	541	581	2797	0	0	0	0
88	0	0	786	543	582	2802	0	0	0	0
89	0	0	785	545	581	2805	0	0	0	0
90	0	0	786	547	582	2810	0	0	0	0
91	0	0	785	548	583	2812	0	0	0	0
92	0	0	786	550	583	2812	0	0	0	0
93	0	0	786	552	584	2815	0	0	0	0
94	0	0	787	555	583	2816	0	0	0	0
95	0	0	786	556	583	2820	0	0	0	0
96	0	0	785	557	583	2824	0	0	0	0
97	0	0	785	560	584	2825	0	0	0	0
98	0	0	785	561	585	2823	0	0	0	0
99	0	0	786	563	584	2820	0	0	0	0
100	0	0	786	566	584	2819	0	0	0	0
101	0	0	786	567	585	2822	0	0	0	0
102	0	0	786	569	585	2820	0	0	0	0
103	0	0	786	569	586	2822	0	0	0	0
104	0	0	788	571	585	2821	0	0	0	0
105	0	0	788	575	586	2820	0	0	0	0
106	0	0	789	577	585	2820	0	0	0	0
107	0	0	790	579	585	2823	0	0	0	0
108	0	0	793	580	585	2819	0	0	0	0
109	0	0	795	583	585	2823	0	0	0	0
110	0	0	796	585	586	2822	0	0	0	0
111	0	0	799	586	586	2823	0	0	0	0
112	0	0	802	588	588	2825	0	0	0	0
113	0	0	802	589	589	2822	0	0	0	0
114	0	0	803	592	590	2827	0	0	0	0
115	0	0	805	594	592	2826	0	0	0	0
116	0	0	804	596	594	2826	0	0	0	0
117	0	0	804	599	595	2823	0	0	0	0
118	0	0	805	601	597	2821	0	0	0	0
119	0	0	806	604	599	2822	0	0	0	0
120	0	0	806	607	602	2822	0	0	0	0
121	0	0	805	609	603	2818	0	0	0	0
122	0	0	805	611	605	2804	0	0	0	0
123	0	0	807	612	607	2787	0	0	0	0
124	0	0	810	614	609	2769	0	0	0	0
125	0	0	809	615	611	2757	0	0	0	0
126	0	0	810	619	613	2733	0	0	0	0
127	0	0	811	621	615	2722	0	0	0	0
0	0	0	812	622	615	2720	0	0	0	0
1	0	0	814	623	616	2701	0	0	0	0
2	0	0	816	625	617	2681	0	0	0	0
3	0	0	816	626	619	2668	0	0	0	0
4	0	0	817	627	621	2657	0	0	0	0
5	0	0	819	627	623	2632	0	0	0	0
6	0	0	821	629	624	2633	0	0	0	0
7	0	0	822	630	625	2607	0	0	0	0
8	0	0	824	631	628	2594	0	0	0	0
9	0	0	826	633	630	2566	0	0	0	0
10	0	0	828	636	632	2543	0	0	0	0
11	0	0	829	638	633	2516	0	0	0	0
12	0	0	831	642	635	2499	0	0	0	0
13	0	0	832	643	638	2469	0	0	0	0
14	0	0	832	645	639	2457	0	0	0	0
15	0	0	834	647	641	2423	0	0	0	0
16	0	0	836	649	644	2386	0	0	0	0
17	0	0	837	651	646	2355	0	0	0	0
18	0	0	837	654	648	2329	0	0	0	0
19	0	0	837	655	650	2297	0	0	0	0
20	0	0	836	657	652	2245	0	0	0	0
21	0	0	837	660	655	2217	0	0	0	0
22	0	0	836	662	657	2198	0	0	0	0
23	0	0	837	665	660	2166	0	0	0	0
24	0	0	837	668	662	2141	0	0	0	0
25	0	0	836	670	665	2073	0	0	0	0
26	0	0	836	673	669	2024	0	0	0	0
27	0	0	838	678	671	1987	0	0	0	0
28	0	0	838	682	675	1881	0	0	0	0
29	0	0	836	684	678	1796	0	0	0	0
30	0	0	836	687	681	1746	0	0	0	0
31	0	0	834	692	685	1655	0	0	0	0
32	0	0	833	694	687	1620	0	0	0	0
33	0	0	832	698	691	1564	0	0	0	0
34	0	0	830	699	695	1491	0	0	0	0
35	0	0	828	701	698	1468	0	0	0	0
36	0	0	828	705	701	1335	0	0	0	0
37	0	0	826	709	705	1185	0	0	0	0
38	0	0	826	711	709	1033	0	0	0	0
39	0	0	824	714	712	907	0	0	0	0
40	0	0	826	716	715	796	0	0	0	0
41	0	0	824	719	718	664	0	0	0	0
42	0	0	824	721	719	615	0	0	0	0
43	0	0	824	724	722	501	0	0	0	0
44	0	0	824	727	724	421	0	0	0	0
45	0	0	823	728	726	397	0	0	0	0
46	0	0	825	731	728	367	0	0	0	0
47	0	0	828	733	729	345	0	0	0	0
48	0	0	827	734	731	320	0	0	0	0
49	0	0	830	738	732	312	0	0	0	0
50	0	0	830	740	732	249	0	0	0	0
51	0	0	831	741	733	254	0	0	0	0
52	0	0	833	743	733	241	0	0	0	0
53	0	0	833	745	733	221	0	0	0	0
54	0	0	835	746	733	202	0	0	0	0
55	0	0	836	749	732	181	0	0	0	0
56	0	0	837	750	732	205	0	0	0	0
57	0	0	839	751	731	179	0	0	0	0
58	0	0	839	753	730	173	0	0	0	0
59	0	0	838	756	730	173	0	0	0	0
60	0	0	840	758	729	179	0	0	0	0
61	0	0	840	759	728	174	0	0	0	0
62	0	0	841	762	727	172	0	0	0	0
63	0	0	842	764	727	170	0	0	0	0
64	0	0	841	768	725	166	0	0	0	0
65	0	0	840	769	725	164	0	0	0	0
66	0	0	839	771	724	160	0	0	0	0
67	0	0	840	773	723	157	0	0	0	0
68	0	0	840	774	723	161	0	0	0	0
69	0	0	840	777	722	159	0	0	0	0
70	0	0	838	778	721	154	0	0	0	0
71	0	0	837	782	720	152	0	0	0	0
72	0	0	837	783	721	155	0	0	0	0
73	0	0	838	788	721	155	0	0	0	0
74	0	0	838	790	720	143	0	0	0	0
75	0	0	836	792	719	143	0	0	0	0
76	0	0	836	796	719	140	0	0	0	0
77	0	0	837	798	719	134	0	0	0	0
78	0	0	837	801	718	127	0	0	0	0
79	0	0	838	805	717	137	0	0	0	0
80	0	0	840	807	717	129	0	0	0	0
81	0	0	838	812	717	121	0	0	0	0
82	0	0	837	816	716	89	0	0	0	0
83	0	0	835	818	716	100	0	0	0	0
84	0	0	837	822	716	109	0	0	0	0
85	0	0	837	823	715	99	0	0	0	0
86	0	0	835	826	716	110	0	0	0	0
87	0	0	834	828	717	82	0	0	0	0
88	0	0	832	830	719	79	0	0	0	0
89	0	0	830	834	718	79	0	0	0	0
90	0	0	831	836	718	69	0	0	0	0
91	0	0	830	841	720	71	0	0	0	0
92	0	0	831	846	722	78	0	0	0	0
93	0	0	831	850	724	78	0	0	0	0
94	0	0	832	853	725	87	0	0	0	0
95	0	0	831	858	727	96	0	0	0	0
96	0	0	832	862	729	99	0	0	0	0
97	0	0	832	864	730	102	0	0	0	0
98	0	0	832	867	733	90	0	0	0	0
99	0	0	832	871	734	86	0	0	0	0
100	0	0	832	874	737	81	0	0	0	0
101	0	0	832	877	739	76	0	0	0	0
102	0	0	833	881	740	71	0	0	0	0
103	0	0	833	882	742	70	0	0	0	0
104	0	0	835	884	744	65	0	0	0	0
105	0	0	837	885	745	63	0	0	0	0
106	0	0	838	888	747	64	0	0	0	0
107	0	0	838	890	748	60	0	0	0	0
108	0	0	840	890	750	75	0	0	0	0
109	0	0	842	891	747	61	0	0	0	0
110	0	0	843	888	749	63	0	0	0	0
111	0	0	843	890	751	65	0	0	0	0
112	0	0	844	890	749	70	0	0	0	0
113	0	0	848	891	750	73	0	0	0	0
114	0	0	849	892	750	89	0	0	0	0
115	0	0	851	891	749	96	0	0	0	0
116	0	0	850	888	750	96	0	0	0	0
117	0	0	851	886	751	99	0	0	0	0
118	0	0	852	883	751	89	0	0	0	0
119	0	0	852	881	752	93	0	0	0	0
120	0	0	853	878	752	95	0	0	0	0
121	0	0	854	876	754	101	0	0	0	0
122	0	0	855	872	753	91	0	0	0	0
123	0	0	855	871	753	85	0	0	0	0
124	0	0	857	868	756	90	0	0	0	0
125	0	0	858	866	756	91	0	0	0	0
126	0	0	859	863	756	89	0	0	0	0
127	0	0	860	863	758	81	0	0	0	0
0	0	0	861	861	758	83	0	0	0	0
1	0	0	861	861	758	90	0	0	0	0
2	0	0	859	859	760	84	0	0	0	0
3	0	0	857	858	762	89	0	0	0	0
4	0	0	858	857	763	92	0	0	0	0
5	0	0	856	853	765	95	0	0	0	0
6	0	0	854	854	765	97	0	0	0	0
7	0	0	850	853	768	98	0	0	0	0
8	0	0	850	853	768	104	0	0	0	0
9	0	0	849	853	769	104	0	0	0	0
10	0	0	849	850	770	98	0	0	0	0
11	0	0	848	851	771	100	0	0	0	0
12	0	0	846	850	771	104	0	0	0	0
13	0	0	842	849	773	97	0	0	0	0
14	0	0	842	848	774	87	0	0	0	0
15	0	0	842	845	773	93	0	0	0	0
16	0	0	842	844	774	95	0	0	0	0
17	0	0	842	842	773	92	0	0	0	0
18	0	0	841	839	773	93	0	0	0	0
19	0	0	839	839	774	90	0	0	0	0
20	0	0	839	837	775	88	0	0	0	0
21	0	0	837	836	774	83	0	0	0	0
22	0	0	835	833	774	84	0	0	0	0
23	0	0	834	830	773	89	0	0	0	0
24	0	0	830	829	772	100	0	0	0	0
25	0	0	827	828	772	96	0	0	0	0
26	0	0	823	825	771	93	0	0	0	0
27	0	0	819	822	770	101	0	0	0	0
28	0	0	816	820	768	101	0	0	0	0
29	0	0	813	818	768	92	0	0	0	0
30	0	0	810	818	769	95	0	0	0	0
31	0	0	811	818	769	104	0	0	0	0
32	0	0	811	818	770	105	0	0	0	0
33	0	0	812	818	770	102	0	0	0	0
34	0	0	812	818	772	96	0	0	0	0
35	0	0	812	817	772	91	0	0	0	0
36	0	0	810	817	772	92	0	0	0	0
37	0	0	808	816	773	77	0	0	0	0
38	0	0	807	815	773	74	0	0	0	0
39	0	0	805	813	774	73	0	0	0	0
40	0	0	803	812	773	75	0	0	0	0
41	0	0	803	809	773	76	0	0	0	0
42	0	0	800	806	773	76	0	0	0	0
43	0	0	797	806	772	76	0	0	0	0
44	0	0	796	803	772	80	0	0	0	0
45	0	0	793	800	771	97	0	0	0	0
46	0	0	789	798	771	97	0	0	0	0
47	0	0	788	797	771	109	0	0	0	0
48	0	0	787	795	770	125	0	0	0	0
49	0	0	786	793	771	125	0	0	0	0
50	0	0	784	791	769	117	0	0	0	0
51	0	0	782	790	770	120	0	0	0	0
52	0	0	782	788	770	118	0	0	0	0
53	0	0	782	785	770	121	0	0	0	0
54	0	0	783	787	770	117	0	0	0	0
55	0	0	783	785	769	105	0	0	0	0
56	0	0	783	783	769	109	0	0	0	0
57	0	0	786	781	769	99	0	0	0	0
58	0	0	786	781	768	100	0	0	0	0
59	0	0	787	780	767	96	0	0	0	0
60	0	0	787	777	766	96	0	0	0	0
61	0	0	786	777	766	95	0	0	0	0
62	0	0	786	775	765	93	0	0	0	0
63	0	0	788	775	764	84	0	0	0	0
64	0	0	787	773	764	89	0	0	0	0
65	0	0	789	771	762	88	0	0	0	0
66	0	0	789	769	761	93	0	0	0	0
67	0	0	789	769	761	92	0	0	0	0
68	0	0	792	768	760	75	0	0	0	0
69	0	0	792	768	759	81	0	0	0	0
70	0	0	792	765	757	84	0	0	0	0
71	0	0	793	765	756	88	0	0	0	0
72	0	0	793	764	754	92	0	0	0	0
73	0	0	795	762	754	109	0	0	0	0
74	0	0	795	762	751	103	0	0	0	0
75	0	0	795	761	751	102	0	0	0	0
76	0	0	796	760	752	103	0	0	0	0
77	0	0	798	760	750	97	0	0	0	0
78	0	0	798	759	750	94	0	0	0	0
79	0	0	798	759	750	81	0	0	0	0
80	0	0	800	759	748	81	0	0	0	0
81	0	0	802	759	748	93	0	0	0	0
82	0	0	803	759	748	94	0	0	0	0
83	0	0	803	761	746	96	0	0	0	0
84	0	0	803	758	745	103	0	0	0	0
85	0	0	803	758	745	98	0	0	0	0
86	0	0	805	759	745	96	0	0	0	0
87	0	0	806	760	744	85	0	0	0	0
88	0	0	805	761	743	90	0	0	0	0
89	0	0	806	761	743	91	0	0	0	0
90	0	0	808	761	743	111	0	0	0	0
91	0	0	807	760	742	119	0	0	0	0
92	0	0	809	760	741	116	0	0	0	0
93	0	0	808	760	740	110	0	0	0	0
94	0	0	808	759	740	101	0	0	0	0
95	0	0	810	761	740	97	0	0	0	0
96	0	0	811	760	740	97	0	0	0	0
97	0	0	810	760	740	83	0	0	0	0
98	0	0	810	760	740	90	0	0	0	0
99	0	0	809	760	739	86	0	0	0	0
100	0	0	809	760	739	85	0	0	0	0
101	0	0	809	760	740	82	0	0	0	0
102	0	0	808	759	740	87	0	0	0	0
103	0	0	807	759	739	86	0	0	0	0
104	0	0	807	759	740	102	0	0	0	0
105	0	0	806	758	739	107	0	0	0	0
106	0	0	806	759	740	109	0	0	0	0
107	0	0	805	758	740	107	0	0	0	0
108	0	0	805	758	740	107	0	0	0	0
109	0	0	805	758	740	107	0	0	0	0
110	0	0	803	758	739	96	0	0	0	0
111	0	0	803	758	740	88	0	0	0	0
112	0	0	802	757	740	89	0	0	0	0
113	0	0	802	758	740	79	0	0	0	0
114	0	0	803	759	741	75	0	0	0	0
115	0	0	801	758	741	76	0	0	0	0
116	0	0	801	757	742	79	0	0	0	0
117	0	0	800	760	742	77	0	0	0	0
118	0	0	799	759	742	84	0	0	0	0
119	0	0	799	759	744	80	0	0	0	0
120	0	0	798	758	743	64	0	0	0	0
121	0	0	797	761	743	56	0	0	0	0
122	0	0	798	761	745	66	0	0	0	0
123	0	0	795	761	745	74	0	0	0	0
124	0	0	794	762	745	88	0	0	0	0
125	0	0	794	763	747	75	0	0	0	0
126	0	0	793	764	747	74	0	0	0	0
127	0	0	792	765	747	84	0	0	0	0
0	0	0	789	764	748	89	0	0	0	0
1	0	0	789	765	747	75	0	0	0	0
2	0	0	788	766	750	95	0	0	0	0
3	0	0	788	767	751	103	0	0	0	0
4	0	0	787	766	752	86	0	0	0	0
5	0	0	786	767	752	76	0	0	0	0
6	0	0	786	768	753	71	0	0	0	0
7	0	0	785	768	754	76	0	0	0	0
8	0	0	784	769	754	72	0	0	0	0
9	0	0	785	771	755	70	0	0	0	0
10	0	0	784	771	757	38	0	0	0	0
11	0	0	785	772	758	46	0	0	0	0
12	0	0	784	773	757	39	0	0	0	0
13	0	0	783	774	757	50	0	0	0	0
14	0	0	784	775	758	52	0	0	0	0
15	0	0	785	776	758	51	0	0	0	0
16	0	0	784	776	759	59	0	0	0	0
17	0	0	784	777	759	66	0	0	0	0
18	0	0	783	777	758	60	0	0	0	0
19	0	0	784	779	760	64	0	0	0	0
20	0	0	783	779	760	82	0	0	0	0
21	0	0	784	779	760	95	0	0	0	0
22	0	0	783	780	760	91	0	0	0	0
23	0	0	784	781	760	98	0	0	0	0
24	0	0	785	780	761	103	0	0	0	0
25	0	0	784	781	760	99	0	0	0	0
26	0	0	786	781	761	94	0	0	0	0
27	0	0	786	781	761	90	0	0	0	0
28	0	0	786	781	761	92	0	0	0	0
29	0	0	785	780	760	88	0	0	0	0
30	0	0	785	781	760	85	0	0	0	0
31	0	0	786	782	760	82	0	0	0	0
32	0	0	786	780	761	82	0	0	0	0
33	0	0	786	780	761	87	0	0	0	0
34	0	0	787	779	761	85	0	0	0	0
35	0	0	786	779	760	84	0	0	0	0
36	0	0	787	779	760	80	0	0	0	0
37	0	0	786	778	759	78	0	0	0	0
38	0	0	788	778	761	78	0	0	0	0
39	0	0	787	778	760	79	0	0	0	0
40	0	0	788	777	760	97	0	0	0	0
41	0	0	788	778	760	96	0	0	0	0
42	0	0	788	777	760	93	0	0	0	0
43	0	0	788	778	760	96	0	0	0	0
44	0	0	789	778	760	97	0	0	0	0
45	0	0	788	778	760	85	0	0	0	0
46	0	0	789	778	761	66	0	0	0	0
47	0	0	790	779	760	60	0	0	0	0
48	0	0	791	779	761	61	0	0	0	0
49	0	0	790	780	761	52	0	0	0	0
50	0	0	791	781	761	48	0	0	0	0
51	0	0	792	780	761	52	0	0	0	0
52	0	0	792	781	761	54	0	0	0	0
53	0	0	792	781	762	57	0	0	0	0
54	0	0	792	781	762	54	0	0	0	0
55	0	0	793	781	763	58	0	0	0	0
56	0	0	794	781	764	61	0	0	0	0
57	0	0	794	780	764	69	0	0	0	0
58	0	0	795	781	765	67	0	0	0	0
59	0	0	794	781	767	69	0	0	0	0
60	0	0	796	782	766	70	0	0	0	0
61	0	0	797	782	768	79	0	0	0	0
62	0	0	797	782	768	80	0	0	0	0
63	0	0	796	781	769	86	0	0	0	0
64	0	0	796	782	770	95	0	0	0	0
65	0	0	796	782	771	89	0	0	0	0
66	0	0	797	783	772	85	0	0	0	0
67	0	0	796	782	772	86	0	0	0	0
68	0	0	797	784	774	87	0	0	0	0
69	0	0	796	782	773	84	0	0	0	0
70	0	0	796	783	774	84	0	0	0	0
71	0	0	795	783	775	80	0	0	0	0
72	0	0	795	783	775	85	0	0	0	0
73	0	0	795	785	776	86	0	0	0	0
74	0	0	795	784	776	89	0	0	0	0
75	0	0	794	783	776	91	0	0	0	0
76	0	0	795	784	777	93	0	0	0	0
77	0	0	795	784	778	93	0	0	0	0
78	0	0	795	783	777	93	0	0	0	0
79	0	0	796	783	777	95	0	0	0	0
80	0	0	795	783	778	95	0	0	0	0
81	0	0	795	784	778	91	0	0	0	0
82	0	0	798	784	778	89	0	0	0	0
83	0	0	798	784	777	83	0	0	0	0
84	0	0	798	784	777	78	0	0	0	0
85	0	0	799	784	777	70	0	0	0	0
86	0	0	801	784	776	53	0	0	0	0
87	0	0	802	784	777	45	0	0	0	0
88	0	0	803	784	775	52	0	0	0	0
89	0	0	802	784	775	56	0	0	0	0
90	0	0	802	784	776	48	0	0	0	0
91	0	0	802	783	777	46	0	0	0	0
92	0	0	802	783	776	45	0	0	0	0
93	0	0	803	784	776	46	0	0	0	0
94	0	0	804	786	775	48	0	0	0	0
95	0	0	803	784	775	50	0	0	0	0
96	0	0	804	785	775	56	0	0	0	0
97	0	0	802	787	774	60	0	0	0	0
98	0	0	803	788	772	63	0	0	0	0
99	0	0	805	789	771	69	0	0	0	0
100	0	0	805	790	768	73	0	0	0	0
101	0	0	805	794	767	75	0	0	0	0
102	0	0	800	795	768	76	0	0	0	0
103	0	0	792	795	767	79	0	0	0	0
104	0	0	785	796	770	77	0	0	0	0
105	0	0	783	795	772	74	0	0	0	0
106	0	0	787	793	772	70	0	0	0	0
107	0	0	796	792	771	119	0	0	0	0
108	0	0	805	791	771	78	0	0	0	0
109	0	0	810	790	769	477	0	0	0	0
110	0	0	809	791	765	840	0	0	0	0
111	0	0	812	790	762	913	0	0	0	0
112	0	0	813	790	757	1191	0	0	0	0
113	0	0	817	791	751	1387	0	0	0	0
114	0	0	824	790	743	1552	0	0	0	0
115	0	0	832	789	735	1768	0	0	0	0
116	0	0	843	788	729	1861	0	0	0	0
117	0	0	849	787	722	1899	0	0	0	0
118	0	0	855	787	718	1830	0	0	0	0
119	0	0	862	787	713	1786	0	0	0	0
120	0	0	870	785	710	1811	0	0	0	0
121	0	0	877	785	705	1910	0	0	0	0
122	0	0	882	786	701	1992	0	0	0	0
123	0	0	886	788	695	2080	0	0	0	0
124	0	0	891	789	688	2181	0	0	0	0
125	0	0	897	789	680	2261	0	0	0	0
126	0	0	901	790	673	2327	0	0	0	0
127	0	0	905	789	666	2392	0	0	0	0
0	0	0	906	788	660	2410	0	0	0	0
1	0	0	905	787	655	2430	0	0	0	0
2	0	0	901	786	650	2430	0	0	0	0
3	0	0	900	785	646	2369	0	0	0	0
4	0	0	900	783	641	2267	0	0	0	0
5	0	0	903	783	637	2118	0	0	0	0
6	0	0	904	781	633	2060	0	0	0	0
7	0	0	905	778	628	1928	0	0	0	0
8	0	0	907	776	625	1806	0	0	0	0
9	0	0	910	772	618	1718	0	0	0	0
10	0	0	912	769	611	1652	0	0	0	0
11	0	0	917	766	600	1630	0	0	0	0
12	0	0	928	763	587	1593	0	0	0	0
13	0	0	947	761	565	1580	0	0	0	0
14	0	0	983	757	538	1510	0	0	0	0
15	0	0	1027	751	504	1400	0	0	0	0
16	0	0	1086	742	464	1365	0	0	0	0
17	0	0	1153	733	423	1285	0	0	0	0
18	0	0	1213	725	382	1215	0	0	0	0
19	0	0	1260	714	345	1157	0	0	0	0
20	0	0	1283	701	318	1073	0	0	0	0
21	0	0	1274	688	301	1004	0	0	0	0
22	0	0	1225	674	296	966	0	0	0	0
23	0	0	1154	668	298	906	0	0	0	0
24	0	0	1091	668	303	875	0	0	0	0
25	0	0	1050	666	303	825	0	0	0	0
26	0	0	1028	664	296	848	0	0	0	0
27	0	0	1022	653	284	864	0	0	0	0
28	0	0	1027	632	272	878	0	0	0	0
29	0	0	1031	600	259	922	0	0	0	0
30	0	0	1044	564	243	965	0	0	0	0
31	0	0	1064	536	230	1004	0	0	0	0
32	0	0	1072	514	232	1054	0	0	0	0
33	0	0	1051	499	265	1104	0	0	0	0
34	0	0	990	490	331	1154	0	0	0	0
35	0	0	880	479	407	1165	0	0	0	0
36	0	0	756	450	473	1225	0	0	0	0
37	0	0	653	397	537	1343	0	0	0	0
38	0	0	568	323	591	1436	0	0	0	0
39	0	0	495	249	635	1563	0	0	0	0
40	0	0	453	181	668	1689	0	0	0	0
41	0	0	440	120	696	1747	0	0	0	0
42	0	0	420	82	702	1839	0	0	0	0
43	0	0	395	60	691	1916	0	0	0	0
44	0	0	387	46	663	1981	0	0	0	0
45	0	0	391	38	636	2042	0	0	0	0
46	0	0	408	32	618	2069	0	0	0	0
47	0	0	437	29	604	2082	0	0	0	0
48	0	0	468	31	588	2096	0	0	0	0
49	0	0	496	45	579	2096	0	0	0	0
50	0	0	519	204	640	2106	0	0	0	0
51	0	0	530	221	623	2131	0	0	0	0
52	0	0	536	193	618	2139	0	0	0	0
53	0	0	538	190	618	2177	0	0	0	0
54	0	0	544	193	613	2212	0	0	0	0
55	0	0	555	208	607	2221	0	0	0	0
56	0	0	571	227	599	2243	0	0	0	0
57	0	0	597	255	593	2262	0	0	0	0
58	0	0	619	289	585	2278	0	0	0	0
59	0	0	638	320	569	2312	0	0	0	0
60	0	0	660	348	553	2325	0	0	0	0
61	0	0	677	365	529	2331	0	0	0	0
62	0	0	694	363	500	2351	0	0	0	0
63	0	0	713	355	470	2378	0	0	0	0
64	0	0	731	352	442	2381	0	0	0	0
65	0	0	750	327	405	2390	0	0	0	0
66	0	0	774	301	375	2391	0	0	0	0
67	0	0	798	273	354	2392	0	0	0	0
68	0	0	817	245	334	2392	0	0	0	0
69	0	0	827	216	316	2383	0	0	0	0
70	0	0	836	192	307	2387	0	0	0	0
71	0	0	844	175	302	2393	0	0	0	0
72	0	0	845	169	306	2396	0	0	0	0
73	0	0	837	174	314	2392	0	0	0	0
74	0	0	825	189	324	2391	0	0	0	0
75	0	0	809	200	339	2389	0	0	0	0
76	0	0	789	217	355	2379	0	0	0	0
77	0	0	764	236	373	2368	0	0	0	0
78	0	0	738	255	392	2366	0	0	0	0
79	0	0	712	276	410	2361	0	0	0	0
80	0	0	684	293	430	2359	0	0	0	0
81	0	0	661	312	451	2358	0	0	0	0
82	0	0	641	336	470	2355	0	0	0	0
83	0	0	628	358	490	2352	0	0	0	0
84	0	0	618	374	504	2342	0	0	0	0
85	0	0	615	390	521	2343	0	0	0	0
86	0	0	616	406	537	2344	0	0	0	0
87	0	0	624	424	552	2344	0	0	0	0
88	0	0	636	438	564	2346	0	0	0	0
89	0	0	646	447	575	2347	0	0	0	0
90	0	0	659	459	583	2344	0	0	0	0
91	0	0	673	470	590	2344	0	0	0	0
92	0	0	686	479	596	2344	0	0	0	0
93	0	0	700	486	603	2342	0	0	0	0
94	0	0	711	489	609	2342	0	0	0	0
95	0	0	724	494	617	2345	0	0	0	0
96	0	0	734	499	625	2345	0	0	0	0
97	0	0	745	501	637	2346	0	0	0	0
98	0	0	754	505	648	2344	0	0	0	0
99	0	0	763	503	659	2343	0	0	0	0
100	0	0	768	499	669	2341	0	0	0	0
101	0	0	773	504	679	2334	0	0	0	0
102	0	0	780	512	692	2325	0	0	0	0
103	0	0	784	519	705	2315	0	0	0	0
104	0	0	789	528	716	2315	0	0	0	0
105	0	0	790	535	723	2306	0	0	0	0
106	0	0	790	542	730	2303	0	0	0	0
107	0	0	785	549	736	2301	0	0	0	0
108	0	0	778	560	740	2300	0	0	0	0
109	0	0	773	567	744	2296	0	0	0	0
110	0	0	766	581	746	2290	0	0	0	0
111	0	0	758	591	746	2282	0	0	0	0
112	0	0	750	599	748	2278	0	0	0	0
113	0	0	740	605	751	2274	0	0	0	0
114	0	0	732	609	749	2264	0	0	0	0
115	0	0	725	615	750	2261	0	0	0	0
116	0	0	719	616	749	2255	0	0	0	0
117	0	0	718	618	749	2242	0	0	0	0
118	0	0	718	618	748	2234	0	0	0	0
119	0	0	721	616	750	2229	0	0	0	0
120	0	0	724	614	747	2228	0	0	0	0
121	0	0	728	611	742	2222	0	0	0	0
122	0	0	734	608	741	2219	0	0	0	0
123	0	0	742	606	738	2216	0	0	0	0
124	0	0	752	604	734	2214	0	0	0	0
125	0	0	759	602	730	2208	0	0	0	0
126	0	0	767	600	726	2204	0	0	0	0
127	0	0	776	599	723	2197	0	0	0	0
0	0	0	784	599	721	2188	0	0	0	0
1	0	0	791	600	719	2181	0	0	0	0
2	0	0	795	602	715	2179	0	0	0	0
3	0	0	800	602	713	2170	0	0	0	0
4	0	0	804	603	711	2164	0	0	0	0
5	0	0	808	604	710	2156	0	0	0	0
6	0	0	810	606	707	2148	0	0	0	0
7	0	0	811	608	705	2145	0	0	0	0
8	0	0	811	610	704	2140	0	0	0	0
9	0	0	811	610	703	2124	0	0	0	0
10	0	0	809	614	700	2116	0	0	0	0
11	0	0	805	615	702	2105	0	0	0	0
12	0	0	803	616	700	2100	0	0	0	0
13	0	0	797	618	699	2089	0	0	0	0
14	0	0	794	619	698	2083	0	0	0	0
15	0	0	788	620	697	2069	0	0	0	0
16	0	0	784	623	695	2063	0	0	0	0
17	0	0	780	624	694	2043	0	0	0	0
18	0	0	776	627	694	2023	0	0	0	0
19	0	0	772	629	693	1999	0	0	0	0
20	0	0	767	631	692	1986	0	0	0	0
21	0	0	765	632	691	1978	0	0	0	0
22	0	0	762	631	689	1965	0	0	0	0
23	0	0	757	630	689	1940	0	0	0	0
24	0	0	751	629	686	1935	0	0	0	0
25	0	0	749	628	684	1920	0	0	1	0
26	0	0	747	624	681	1902	0	0	0	0
27	0	0	744	623	679	1891	0	0	0	0
28	0	0	743	622	675	1856	0	0	0	0
29	0	0	742	619	673	1852	0	0	0	0
30	0	0	741	618	669	1830	0	0	0	0
31	0	0	741	617	666	1808	0	0	0	0
32	0	0	739	614	662	1800	0	0	0	0
33	0	0	740	610	659	1789	0	0	0	0
34	0	0	743	609	656	1767	0	0	0	0
35	0	0	745	605	653	1752	0	0	0	0
36	0	0	749	600	651	1749	0	0	0	0
37	0	0	752	598	648	1739	0	0	0	0
38	0	0	757	594	645	1690	0	0	0	0
39	0	0	761	590	642	1690	0	0	0	0
40	0	0	765	586	640	1674	0	0	0	0
41	0	0	771	587	637	1659	0	0	0	0
42	0	0	777	587	634	1643	0	0	0	0
43	0	0	780	587	631	1645	0	0	0	0
44	0	0	783	589	630	1641	0	0	0	0
45	0	0	786	592	629	1637	0	0	0	0
46	0	0	787	593	627	1603	0	0	0	0
47	0	0	790	595	626	1605	0	0	0	0
48	0	0	793	594	624	1603	0	0	0	0
49	0	0	794	598	624	1598	0	0	0	0
50	0	0	796	603	620	1583	0	0	0	0
51	0	0	798	598	620	1576	0	0	0	0
52	0	0	803	599	618	1552	0	0	0	0
53	0	0	807	598	617	1531	0	0	0	0
54	0	0	810	597	616	1518	0	0	0	0
55	0	0	811	597	615	1517	0	0	0	0
56	0	0	815	597	614	1511	0	0	0	0
57	0	0	818	596	615	1503	0	0	0	0
58	0	0	818	596	613	1474	0	0	0	0
59	0	0	818	596	614	1446	0	0	0	0
60	0	0	818	595	615	1434	0	0	0	0
61	0	0	817	595	616	1461	0	0	0	0
62	0	0	817	596	618	1467	0	0	0	0
63	0	0	815	599	619	1450	0	0	0	0
64	0	0	814	601	620	1427	0	0	0	0
65	0	0	814	604	623	1422	0	0	0	0
66	0	0	812	605	625	1409	0	0	0	0
67	0	0	811	607	627	1405	0	0	0	0
68	0	0	810	610	629	1391	0	0	0	0
69	0	0	809	611	632	1384	0	0	0	0
70	0	0	806	614	634	1388	0	0	0	0
71	0	0	806	616	635	1383	0	0	0	0
72	0	0	806	620	640	1365	0	0	0	0
73	0	0	806	623	643	1351	0	0	0	0
74	0	0	806	626	645	1346	0	0	0	0
75	0	0	807	629	647	1349	0	0	0	0
76	0	0	806	632	651	1339	0	0	0	0
77	0	0	807	637	654	1327	0	0	0	0
78	0	0	807	640	656	1317	0	0	0	0
79	0	0	807	644	658	1312	0	0	0	0
80	0	0	805	647	660	1319	0	0	0	0
81	0	0	806	651	662	1320	0	0	0	0
82	0	0	805	656	664	1310	0	0	0	0
83	0	0	805	659	666	1309	0	0	0	0
84	0	0	804	663	668	1317	0	0	0	0
85	0	0	804	666	669	1322	0	0	0	0
86	0	0	803	670	670	1317	0	0	0	0
87	0	0	802	674	671	1317	0	0	0	0
88	0	0	802	678	673	1310	0	0	0	0
89	0	0	802	682	672	1290	0	0	0	0
90	0	0	801	684	675	1273	0	0	0	0
91	0	0	801	689	676	1273	0	0	0	0
92	0	0	803	693	678	1275	0	0	0	0
93	0	0	801	693	679	1257	0	0	0	0
94	0	0	799	699	680	1251	0	0	0	0
95	0	0	799	703	680	1252	0	0	0	0
96	0	0	800	705	683	1249	0	0	0	0
97	0	0	799	709	683	1247	0	0	0	0
98	0	0	798	712	685	1233	0	0	0	0
99	0	0	800	715	686	1227	0	0	0	0
100	0	0	801	719	687	1220	0	0	0	0
101	0	0	801	721	688	1200	0	0	0	0
102	0	0	800	723	690	1201	0	0	0	0
103	0	0	800	725	690	1196	0	0	0	0
104	0	0	800	727	691	1190	0	0	0	0
105	0	0	800	728	693	1177	0	0	0	0
106	0	0	800	730	694	1169	0	0	0	0
107	0	0	800	732	695	1150	0	0	0	0
108	0	0	802	733	696	1125	0	0	0	0
109	0	0	801	734	697	1130	0	0	0	0
110	0	0	800	734	698	1130	0	0	0	0
111	0	0	801	735	698	1118	0	0	0	0
112	0	0	801	735	699	1106	0	0	0	0
113	0	0	799	738	700	1097	0	0	0	0
114	0	0	800	735	701	1090	0	0	0	0
115	0	0	800	737	703	1066	0	0	0	0
116	0	0	799	737	702	1047	0	0	0	0
117	0	0	799	736	704	1039	0	0	0	0
118	0	0	800	735	707	1040	0	0	0	0
119	0	0	800	735	707	1052	0	0	0	0
120	0	0	798	736	707	1033	0	0	0	0
121	0	0	799	735	710	1029	0	0	0	0
122	0	0	800	735	710	1018	0	0	0	0
123	0	0	798	733	712	1021	0	0	0	0
124	0	0	799	732	714	1035	0	0	0	0
125	0	0	800	731	714	1030	0	0	0	0
126	0	0	800	731	715	1031	0	0	0	0
127	0	0	800	729	717	1034	0	0	0	0
0	0	0	800	730	719	1043	0	0	0	0
1	0	0	800	727	718	1039	0	0	0	0
2	0	0	799	726	720	1042	0	0	0	0
3	0	0	800	725	721	1041	0	0	0	0
4	0	0	800	723	721	1038	0	0	0	0
5	0	0	799	721	721	1038	0	0	0	0
6	0	0	800	720	722	1051	0	0	0	0
7	0	0	802	720	722	1043	0	0	0	0
8	0	0	803	719	722	1023	0	0	0	0
9	0	0	802	718	723	1023	0	0	0	0
10	0	0	804	716	723	1029	0	0	0	0
11	0	0	806	715	723	1023	0	0	0	0
12	0	0	805	713	722	1028	0	0	0	0
13	0	0	807	713	722	1027	0	0	0	0
14	0	0	806	710	721	1027	0	0	0	0
15	0	0	808	711	720	1027	0	0	0	0
16	0	0	810	711	719	1026	0	0	0	0
17	0	0	810	711	719	1023	0	0	0	0
18	0	0	810	710	718	1014	0	0	0	0
19	0	0	810	711	717	1001	0	0	0	0
20	0	0	809	711	717	988	0	0	0	0
21	0	0	811	711	717	978	0	0	0	0
22	0	0	811	711	717	945	0	0	0	0
23	0	0	812	711	715	894	0	0	0	0
24	0	0	812	711	715	864	0	0	0	0
25	0	0	813	710	714	843	0	0	0	0
26	0	0	813	711	713	840	0	0	0	0
27	0	0	812	712	712	844	0	0	0	0
28	0	0	812	712	712	848	0	0	0	0
29	0	0	811	712	711	798	0	0	0	0
30	0	0	813	712	711	772	0	0	0	0
31	0	0	813	712	711	769	0	0	0	0
32	0	0	814	712	711	785	0	0	0	0
33	0	0	815	713	709	799	0	0	0	0
34	0	0	815	713	709	784	0	0	0	0
35	0	0	814	715	710	777	0	0	0	0
36	0	0	816	716	710	756	0	0	0	0
37	0	0	815	717	708	743	0	0	0	0
38	0	0	814	717	709	714	0	0	0	0
39	0	0	815	717	709	703	0	0	0	0
40	0	0	815	719	710	661	0	0	0	0
41	0	0	815	719	709	652	0	0	0	0
42	0	0	816	721	709	642	0	0	0	0
43	0	0	817	722	708	635	0	0	0	0
44	0	0	817	723	709	654	0	0	0	0
45	0	0	818	725	708	650	0	0	0	0
46	0	0	817	725	708	658	0	0	0	0
47	0	0	815	726	708	661	0	0	0	0
48	0	0	816	726	708	661	0	0	0	0
49	0	0	813	726	707	656	0	0	0	0
50	0	0	812	727	707	662	0	0	0	0
51	0	0	812	727	708	668	0	0	0	0
52	0	0	812	729	708	659	0	0	0	0
53	0	0	811	728	707	667	0	0	0	0
54	0	0	810	728	708	631	0	0	0	0
55	0	0	809	729	709	654	0	0	0	0
56	0	0	809	729	708	662	0	0	0	0
57	0	0	809	730	708	661	0	0	0	0
58	0	0	809	730	709	666	0	0	0	0
59	0	0	809	730	709	656	0	0	0	0
60	0	0	809	730	710	686	0	0	0	0
61	0	0	808	730	709	710	0	0	0	0
62	0	0	806	730	709	699	0	0	0	0
63	0	0	806	731	710	680	0	0	0	0
64	0	0	804	730	711	658	0	0	0	0
65	0	0	804	730	711	656	0	0	0	0
66	0	0	803	729	712	646	0	0	0	0
67	0	0	802	729	712	640	0	0	0	0
68	0	0	802	728	711	638	0	0	0	0
69	0	0	800	727	712	626	0	0	0	0
70	0	0	800	727	712	624	0	0	0	0
71	0	0	799	727	712	615	0	0	0	0
72	0	0	798	726	712	603	0	0	0	0
73	0	0	798	725	712	603	0	0	0	0
74	0	0	797	722	711	599	0	0	0	0
75	0	0	797	722	711	601	0	0	0	0
76	0	0	796	721	711	607	0	0	0	0
77	0	0	796	720	710	599	0	0	0	0
78	0	0	794	719	709	596	0	0	0	0
79	0	0	793	717	709	607	0	0	0	0
80	0	0	794	716	709	627	0	0	0	0
81	0	0	793	716	709	610	0	0	0	0
82	0	0	794	714	709	588	0	0	0	0
83	0	0	794	714	708	591	0	0	0	0
84	0	0	793	712	709	583	0	0	0	0
85	0	0	793	711	707	587	0	0	0	0
86	0	0	793	710	707	568	0	0	0	0
87	0	0	794	707	706	568	0	0	0	0
88	0	0	794	705	706	568	0	0	0	0
89	0	0	794	704	707	558	0	0	0	0
90	0	0	794	702	705	565	0	0	0	0
91	0	0	794	699	705	573	0	0	0	0
92	0	0	794	697	705	575	0	0	0	0
93	0	0	793	695	703	572	0	0	0	0
94	0	0	793	693	702	561	0	0	0	0
95	0	0	793	691	702	562	0	0	0	0
96	0	0	793	690	700	579	0	0	0	0
97	0	0	792	687	700	587	0	0	0	0
98	0	0	792	685	699	586	0	0	0	0
99	0	0	792	683	698	594	0	0	0	0
100	0	0	793	680	697	599	0	0	0	0
101	0	0	792	678	696	602	0	0	0	0
102	0	0	791	675	695	617	0	0	0	0
103	0	0	793	673	694	614	0	0	0	0
104	0	0	794	670	692	608	0	0	0	0
105	0	0	793	669	692	604	0	0	0	0
106	0	0	792	666	691	605	0	0	0	0
107	0	0	792	664	690	607	0	0	0	0
108	0	0	793	661	690	605	0	0	0	0
109	0	0	793	659	688	600	0	0	0	0
110	0	0	794	656	687	596	0	0	0	0
111	0	0	794	653	687	580	0	0	0	0
112	0	0	794	650	685	597	0	0	0	0
113	0	0	793	648	685	607	0	0	0	0
114	0	0	792	645	684	596	0	0	0	0
115	0	0	792	643	683	583	0	0	0	0
116	0	0	792	641	682	587	0	0	0	0
117	0	0	791	638	681	585	0	0	0	0
118	0	0	791	636	681	574	0	0	0	0
119	0	0	791	633	680	573	0	0	0	0
