# bioPlux Text File Format
# Version: 1
# StartDateTime: 2012-03-21 18:10:53
# SamplingFrequency: 1000
# SampledChannels: 1 2 3 4 5 6 7 8
# SamplingResolution: 12
# AcquiringDevice: 00:07:80:93:66:BE
# EndOfHeader
0	0	0	763	698	846	848	0	0	0	0
1	0	0	762	697	846	846	0	0	0	0
2	0	0	762	697	845	850	0	0	0	0
3	0	0	761	698	845	851	0	0	0	0
4	0	0	762	698	845	849	0	0	0	0
5	0	0	761	699	844	845	0	0	0	0
6	0	0	760	700	845	843	0	0	0	0
7	0	0	761	699	846	838	0	0	0	0
8	0	0	760	700	845	837	0	0	0	0
9	0	0	760	701	845	836	0	0	0	0
10	0	0	760	702	845	836	0	0	0	0
11	0	0	761	702	845	836	0	0	0	0
12	0	0	760	701	845	838	0	0	0	0
13	0	0	760	703	845	842	0	0	0	0
14	0	0	761	701	845	843	0	0	0	0
15	0	0	761	705	845	844	0	0	0	0
16	0	0	761	705	845	842	0	0	0	0
17	0	0	761	705	847	839	0	0	0	0
18	0	0	760	705	847	843	0	0	0	0
19	0	0	762	706	846	846	0	0	0	0
20	0	0	763	708	846	846	0	0	0	0
21	0	0	763	709	846	845	0	0	0	0
22	0	0	763	709	845	848	0	0	0	0
23	0	0	763	710	844	844	0	0	0	0
24	0	0	765	711	845	842	0	0	0	0
25	0	0	765	712	845	842	0	0	0	0
26	0	0	765	713	844	839	0	0	0	0
27	0	0	766	712	844	839	0	0	0	0
28	0	0	768	713	845	837	0	0	0	0
29	0	0	768	713	844	837	0	0	0	0
30	0	0	769	715	843	837	0	0	0	0
31	0	0	769	715	841	837	0	0	0	0
32	0	0	769	717	843	843	0	0	0	0
33	0	0	770	716	843	845	0	0	0	0
34	0	0	770	718	843	850	0	0	0	0
35	0	0	770	717	842	849	0	0	0	0
36	0	0	770	719	842	851	0	0	0	0
37	0	0	770	719	843	852	0	0	0	0
38	0	0	770	719	843	854	0	0	0	0
39	0	0	769	721	844	856	0	0	0	0
40	0	0	769	722	845	861	0	0	0	0
41	0	0	770	722	845	877	0	0	0	0
42	0	0	772	721	844	886	0	0	0	0
43	0	0	771	721	843	882	0	0	0	0
44	0	0	772	723	843	886	0	0	0	0
45	0	0	774	723	843	886	0	0	0	0
46	0	0	774	723	844	894	0	0	0	0
47	0	0	775	723	844	897	0	0	0	0
48	0	0	775	724	844	901	0	0	0	0
49	0	0	776	724	844	906	0	0	0	0
50	0	0	776	724	844	918	0	0	0	0
51	0	0	777	725	844	921	0	0	0	0
52	0	0	776	725	845	922	0	0	0	0
53	0	0	777	725	844	924	0	0	0	0
54	0	0	776	726	844	926	0	0	0	0
55	0	0	777	726	844	927	0	0	0	0
56	0	0	777	726	843	924	0	0	0	0
57	0	0	777	726	842	926	0	0	0	0
58	0	0	777	727	842	931	0	0	0	0
59	0	0	778	727	841	932	0	0	0	0
60	0	0	778	727	841	935	0	0	0	0
61	0	0	779	728	841	936	0	0	0	0
62	0	0	779	728	840	940	0	0	0	0
63	0	0	779	728	840	941	0	0	0	0
64	0	0	781	729	839	939	0	0	0	0
65	0	0	781	728	838	940	0	0	0	0
66	0	0	781	727	838	939	0	0	0	0
67	0	0	781	729	837	940	0	0	0	0
68	0	0	783	730	837	938	0	0	0	0
69	0	0	783	729	836	938	0	0	0	0
70	0	0	783	729	834	939	0	0	0	0
71	0	0	783	729	834	941	0	0	0	0
72	0	0	783	729	833	941	0	0	0	0
73	0	0	785	729	833	939	0	0	0	0
74	0	0	785	729	831	942	0	0	0	0
75	0	0	786	726	830	947	0	0	0	0
76	0	0	787	728	831	945	0	0	0	0
77	0	0	787	727	829	947	0	0	0	0
78	0	0	786	727	828	947	0	0	0	0
79	0	0	788	728	828	948	0	0	0	0
80	0	0	789	728	827	945	0	0	0	0
81	0	0	788	728	827	943	0	0	0	0
82	0	0	788	727	826	945	0	0	0	0
83	0	0	788	728	826	951	0	0	0	0
84	0	0	788	727	825	951	0	0	0	0
85	0	0	789	727	824	956	0	0	0	0
86	0	0	788	728	824	957	0	0	0	0
87	0	0	788	726	823	956	0	0	0	0
88	0	0	789	727	822	951	0	0	0	0
89	0	0	787	727	822	947	0	0	0	0
90	0	0	787	726	822	962	0	0	0	0
91	0	0	786	726	822	970	0	0	0	0
92	0	0	787	725	821	965	0	0	0	0
93	0	0	788	725	820	971	0	0	0	0
94	0	0	788	725	820	972	0	0	0	0
95	0	0	788	724	819	970	0	0	0	0
96	0	0	788	724	818	968	0	0	0	0
97	0	0	788	723	818	972	0	0	0	0
98	0	0	787	722	818	978	0	0	0	0
99	0	0	788	722	817	973	0	0	0	0
100	0	0	788	721	817	973	0	0	0	0
101	0	0	788	721	817	975	0	0	0	0
102	0	0	787	720	817	975	0	0	0	0
103	0	0	788	719	816	977	0	0	0	0
104	0	0	788	719	817	974	0	0	0	0
105	0	0	788	718	816	968	0	0	0	0
106	0	0	786	717	816	966	0	0	0	0
107	0	0	788	715	816	966	0	0	0	0
108	0	0	786	716	817	966	0	0	0	0
109	0	0	785	713	816	967	0	0	0	0
110	0	0	785	713	816	970	0	0	0	0
111	0	0	784	712	816	968	0	0	0	0
112	0	0	785	710	816	973	0	0	0	0
113	0	0	784	710	816	974	0	0	0	0
114	0	0	784	709	817	972	0	0	0	0
115	0	0	784	709	817	969	0	0	0	0
116	0	0	785	707	817	970	0	0	0	0
117	0	0	785	705	817	968	0	0	0	0
118	0	0	785	705	816	970	0	0	0	0
119	0	0	785	704	817	969	0	0	0	0
120	0	0	786	704	817	970	0	0	0	0
121	0	0	786	701	816	975	0	0	0	0
122	0	0	786	702	818	972	0	0	0	0
123	0	0	785	699	818	974	0	0	0	0
124	0	0	785	698	819	977	0	0	0	0
125	0	0	786	697	818	978	0	0	0	0
126	0	0	786	697	820	974	0	0	0	0
127	0	0	785	695	819	979	0	0	0	0
0	0	0	785	694	819	978	0	0	0	0
1	0	0	784	692	820	977	0	0	0	0
2	0	0	784	691	819	977	0	0	0	0
3	0	0	783	691	821	974	0	0	0	0
4	0	0	783	689	821	978	0	0	0	0
5	0	0	782	687	821	976	0	0	0	0
6	0	0	783	686	821	975	0	0	0	0
7	0	0	782	685	822	977	0	0	0	0
8	0	0	782	685	820	978	0	0	0	0
9	0	0	781	684	823	983	0	0	0	0
10	0	0	782	682	822	986	0	0	0	0
11	0	0	781	682	824	987	0	0	0	0
12	0	0	781	680	823	995	0	0	0	0
13	0	0	780	679	823	994	0	0	0	0
14	0	0	780	677	823	1000	0	0	0	0
15	0	0	780	677	823	1003	0	0	0	0
16	0	0	779	677	824	1003	0	0	0	0
17	0	0	778	676	824	1002	0	0	0	0
18	0	0	778	675	825	1005	0	0	0	0
19	0	0	778	674	824	1013	0	0	0	0
20	0	0	779	673	825	1017	0	0	0	0
21	0	0	778	671	825	1016	0	0	0	0
22	0	0	777	671	826	1008	0	0	0	0
23	0	0	778	671	826	1011	0	0	0	0
24	0	0	776	669	826	995	0	0	0	0
25	0	0	776	669	826	997	0	0	0	0
26	0	0	774	669	827	1001	0	0	0	0
27	0	0	774	668	827	1003	0	0	0	0
28	0	0	774	668	829	1005	0	0	0	0
29	0	0	774	667	827	1011	0	0	0	0
30	0	0	774	668	827	1017	0	0	0	0
31	0	0	773	667	829	1017	0	0	0	0
32	0	0	774	666	829	1026	0	0	0	0
33	0	0	772	666	829	1031	0	0	0	0
34	0	0	772	665	831	1034	0	0	0	0
35	0	0	772	663	830	1036	0	0	0	0
36	0	0	773	663	832	1039	0	0	0	0
37	0	0	773	663	832	1041	0	0	0	0
38	0	0	773	663	833	1042	0	0	0	0
39	0	0	773	664	834	1045	0	0	0	0
40	0	0	772	665	834	1043	0	0	0	0
41	0	0	772	666	834	1042	0	0	0	0
42	0	0	773	667	834	1046	0	0	0	0
43	0	0	775	669	834	1050	0	0	0	0
44	0	0	773	668	834	1053	0	0	0	0
45	0	0	773	669	834	1057	0	0	0	0
46	0	0	773	671	835	1058	0	0	0	0
47	0	0	773	671	835	1060	0	0	0	0
48	0	0	774	674	836	1064	0	0	0	0
49	0	0	774	674	836	1064	0	0	0	0
50	0	0	774	676	835	1067	0	0	0	0
51	0	0	773	678	836	1072	0	0	0	0
52	0	0	774	680	836	1078	0	0	0	0
53	0	0	775	682	836	1091	0	0	0	0
54	0	0	775	683	836	1096	0	0	0	0
55	0	0	775	683	835	1103	0	0	0	0
56	0	0	774	685	836	1108	0	0	0	0
57	0	0	775	686	837	1115	0	0	0	0
58	0	0	774	688	837	1120	0	0	0	0
59	0	0	773	688	837	1126	0	0	0	0
60	0	0	774	690	838	1132	0	0	0	0
61	0	0	774	691	838	1138	0	0	0	0
62	0	0	774	692	838	1148	0	0	0	0
63	0	0	773	693	840	1160	0	0	0	0
64	0	0	774	694	841	1165	0	0	0	0
65	0	0	772	695	840	1183	0	0	0	0
66	0	0	772	695	841	1197	0	0	0	0
67	0	0	771	696	841	1205	0	0	0	0
68	0	0	773	696	842	1218	0	0	0	0
69	0	0	771	697	841	1219	0	0	0	0
70	0	0	770	698	841	1226	0	0	0	0
71	0	0	770	699	842	1238	0	0	0	0
72	0	0	770	699	841	1247	0	0	0	0
73	0	0	770	701	842	1253	0	0	0	0
74	0	0	770	702	842	1255	0	0	0	0
75	0	0	771	702	842	1257	0	0	0	0
76	0	0	771	703	842	1258	0	0	0	0
77	0	0	771	704	842	1261	0	0	0	0
78	0	0	770	705	841	1260	0	0	0	0
79	0	0	771	705	841	1266	0	0	0	0
80	0	0	771	706	841	1274	0	0	0	0
81	0	0	770	707	842	1283	0	0	0	0
82	0	0	770	707	842	1294	0	0	0	0
83	0	0	771	708	843	1327	0	0	0	0
84	0	0	771	708	842	1351	0	0	0	0
85	0	0	769	708	842	1354	0	0	0	0
86	0	0	771	708	842	1365	0	0	0	0
87	0	0	771	708	842	1376	0	0	0	0
88	0	0	771	709	840	1378	0	0	0	0
89	0	0	771	708	842	1386	0	0	0	0
90	0	0	771	708	842	1394	0	0	0	0
91	0	0	770	708	843	1401	0	0	0	0
92	0	0	771	707	842	1405	0	0	0	0
93	0	0	771	707	843	1415	0	0	0	0
94	0	0	770	707	843	1421	0	0	0	0
95	0	0	771	707	843	1427	0	0	0	0
96	0	0	770	706	844	1430	0	0	0	0
97	0	0	770	705	843	1435	0	0	0	0
98	0	0	770	705	844	1453	0	0	0	0
99	0	0	769	703	843	1464	0	0	0	0
100	0	0	769	702	845	1478	0	0	0	0
101	0	0	769	701	845	1487	0	0	0	0
102	0	0	767	701	845	1487	0	0	0	0
103	0	0	768	700	847	1503	0	0	0	0
104	0	0	767	698	847	1502	0	0	0	0
105	0	0	766	697	847	1512	0	0	0	0
106	0	0	765	696	848	1528	0	0	0	0
107	0	0	765	696	848	1541	0	0	0	0
108	0	0	766	693	846	1544	0	0	0	0
109	0	0	764	692	848	1541	0	0	0	0
110	0	0	764	690	850	1554	0	0	0	0
111	0	0	763	687	848	1569	0	0	0	0
112	0	0	761	687	851	1577	0	0	0	0
113	0	0	761	686	851	1587	0	0	0	0
114	0	0	760	684	852	1592	0	0	0	0
115	0	0	759	683	851	1595	0	0	0	0
116	0	0	759	683	851	1603	0	0	0	0
117	0	0	759	681	851	1608	0	0	0	0
118	0	0	759	680	852	1607	0	0	0	0
119	0	0	759	678	852	1605	0	0	0	0
120	0	0	759	678	853	1611	0	0	0	0
121	0	0	760	677	853	1628	0	0	0	0
122	0	0	758	676	854	1638	0	0	0	0
123	0	0	757	674	855	1633	0	0	0	0
124	0	0	758	675	855	1629	0	0	0	0
125	0	0	758	673	855	1627	0	0	0	0
126	0	0	757	673	857	1636	0	0	0	0
127	0	0	755	673	857	1648	0	0	0	0
0	0	0	756	673	856	1655	0	0	0	0
1	0	0	756	673	858	1662	0	0	0	0
2	0	0	757	672	859	1668	0	0	0	0
3	0	0	758	672	859	1679	0	0	0	0
4	0	0	757	671	860	1683	0	0	0	0
5	0	0	758	671	862	1686	0	0	0	0
6	0	0	757	670	863	1687	0	0	0	0
7	0	0	757	669	863	1699	0	0	0	0
8	0	0	758	669	864	1704	0	0	0	0
9	0	0	758	669	864	1706	0	0	0	0
10	0	0	758	669	867	1705	0	0	0	0
11	0	0	758	668	868	1703	0	0	0	0
12	0	0	758	667	869	1713	0	0	0	0
13	0	0	758	667	871	1717	0	0	0	0
14	0	0	757	668	871	1726	0	0	0	0
15	0	0	757	666	871	1738	0	0	0	0
16	0	0	758	666	873	1756	0	0	0	0
17	0	0	757	665	874	1763	0	0	0	0
18	0	0	757	666	875	1769	0	0	0	0
19	0	0	756	666	876	1772	0	0	0	0
20	0	0	758	666	877	1777	0	0	0	0
21	0	0	758	665	878	1782	0	0	0	0
22	0	0	758	665	878	1787	0	0	0	0
23	0	0	758	666	879	1808	0	0	0	0
24	0	0	758	666	880	1815	0	0	0	0
25	0	0	757	665	881	1817	0	0	0	0
26	0	0	756	663	881	1815	0	0	0	0
27	0	0	755	663	883	1818	0	0	0	0
28	0	0	755	663	884	1824	0	0	0	0
29	0	0	756	661	885	1825	0	0	0	0
30	0	0	756	659	886	1823	0	0	0	0
31	0	0	756	658	888	1830	0	0	0	0
32	0	0	756	657	889	1839	0	0	0	0
33	0	0	756	656	890	1856	0	0	0	0
34	0	0	756	656	889	1860	0	0	0	0
35	0	0	755	657	889	1867	0	0	0	0
36	0	0	755	656	890	1876	0	0	0	0
37	0	0	755	656	891	1886	0	0	0	0
38	0	0	755	655	891	1900	0	0	0	0
39	0	0	754	656	891	1910	0	0	0	0
40	0	0	751	656	891	1921	0	0	0	0
41	0	0	751	655	892	1937	0	0	0	0
42	0	0	750	655	892	1948	0	0	0	0
43	0	0	749	656	891	1952	0	0	0	0
44	0	0	747	656	890	1960	0	0	0	0
45	0	0	746	656	893	1974	0	0	0	0
46	0	0	746	656	892	1987	0	0	0	0
47	0	0	743	656	891	1999	0	0	0	0
48	0	0	743	656	891	2003	0	0	0	0
49	0	0	742	655	892	2010	0	0	0	0
50	0	0	742	656	893	2016	0	0	0	0
51	0	0	740	654	893	2027	0	0	0	0
52	0	0	739	653	893	2034	0	0	0	0
53	0	0	739	653	892	2036	0	0	0	0
54	0	0	739	652	894	2046	0	0	0	0
55	0	0	738	653	893	2060	0	0	0	0
56	0	0	737	651	894	2071	0	0	0	0
57	0	0	738	650	895	2076	0	0	0	0
58	0	0	737	650	895	2083	0	0	0	0
59	0	0	738	649	895	2090	0	0	0	0
60	0	0	739	648	897	2098	0	0	0	0
61	0	0	739	645	898	2101	0	0	0	0
62	0	0	738	643	898	2112	0	0	0	0
63	0	0	738	641	900	2119	0	0	0	0
64	0	0	737	637	902	2129	0	0	0	0
65	0	0	738	635	903	2144	0	0	0	0
66	0	0	738	633	905	2162	0	0	0	0
67	0	0	738	630	906	2168	0	0	0	0
68	0	0	738	629	907	2177	0	0	0	0
69	0	0	737	626	908	2190	0	0	0	0
70	0	0	737	623	910	2192	0	0	0	0
71	0	0	739	622	911	2199	0	0	0	0
72	0	0	738	620	911	2213	0	0	0	0
73	0	0	738	619	912	2230	0	0	0	0
74	0	0	739	617	914	2238	0	0	0	0
75	0	0	739	616	913	2248	0	0	0	0
76	0	0	739	614	914	2257	0	0	0	0
77	0	0	738	612	914	2260	0	0	0	0
78	0	0	740	610	915	2268	0	0	0	0
79	0	0	741	607	915	2274	0	0	0	0
80	0	0	740	606	916	2274	0	0	0	0
81	0	0	742	604	917	2276	0	0	0	0
82	0	0	742	603	918	2280	0	0	0	0
83	0	0	741	601	919	2284	0	0	0	0
84	0	0	741	598	921	2286	0	0	0	0
85	0	0	741	596	924	2288	0	0	0	0
86	0	0	742	593	927	2290	0	0	0	0
87	0	0	742	592	929	2293	0	0	0	0
88	0	0	741	590	931	2297	0	0	0	0
89	0	0	741	589	932	2302	0	0	0	0
90	0	0	740	588	933	2307	0	0	0	0
91	0	0	739	587	934	2312	0	0	0	0
92	0	0	738	587	933	2313	0	0	0	0
93	0	0	736	588	933	2316	0	0	0	0
94	0	0	735	587	935	2320	0	0	0	0
95	0	0	733	586	934	2329	0	0	0	0
96	0	0	731	585	935	2335	0	0	0	0
97	0	0	730	584	934	2343	0	0	0	0
98	0	0	729	584	934	2348	0	0	0	0
99	0	0	728	584	934	2353	0	0	0	0
100	0	0	728	584	935	2361	0	0	0	0
101	0	0	728	584	934	2366	0	0	0	0
102	0	0	727	585	934	2369	0	0	0	0
103	0	0	727	585	933	2374	0	0	0	0
104	0	0	726	584	933	2382	0	0	0	0
105	0	0	725	584	933	2384	0	0	0	0
106	0	0	724	585	934	2392	0	0	0	0
107	0	0	724	585	933	2398	0	0	0	0
108	0	0	724	585	934	2403	0	0	0	0
109	0	0	725	585	933	2407	0	0	0	0
110	0	0	723	585	933	2407	0	0	0	0
111	0	0	723	585	933	2412	0	0	0	0
112	0	0	723	585	933	2417	0	0	0	0
113	0	0	723	585	934	2416	0	0	0	0
114	0	0	724	585	934	2419	0	0	0	0
115	0	0	725	585	933	2428	0	0	0	0
116	0	0	724	585	934	2432	0	0	0	0
117	0	0	725	585	933	2438	0	0	0	0
118	0	0	725	584	932	2443	0	0	0	0
119	0	0	725	583	930	2447	0	0	0	0
120	0	0	726	583	929	2450	0	0	0	0
121	0	0	727	583	929	2455	0	0	0	0
122	0	0	726	582	928	2458	0	0	0	0
123	0	0	726	581	928	2464	0	0	0	0
124	0	0	729	582	927	2467	0	0	0	0
125	0	0	730	580	926	2471	0	0	0	0
126	0	0	730	580	926	2475	0	0	0	0
127	0	0	730	580	924	2478	0	0	0	0
0	0	0	731	578	922	2480	0	0	0	0
1	0	0	731	578	922	2484	0	0	0	0
2	0	0	731	576	921	2488	0	0	0	0
3	0	0	730	576	921	2488	0	0	0	0
4	0	0	730	576	921	2491	0	0	0	0
5	0	0	729	575	920	2496	0	0	0	0
6	0	0	729	575	923	2503	0	0	0	0
7	0	0	727	574	921	2508	0	0	0	0
8	0	0	726	573	921	2509	0	0	0	0
9	0	0	725	571	922	2509	0	0	0	0
10	0	0	723	571	923	2511	0	0	0	0
11	0	0	721	568	924	2515	0	0	0	0
12	0	0	721	567	925	2514	0	0	0	0
13	0	0	720	566	925	2516	0	0	0	0
14	0	0	719	566	926	2522	0	0	0	0
15	0	0	719	563	926	2524	0	0	0	0
16	0	0	717	563	927	2528	0	0	0	0
17	0	0	716	562	928	2532	0	0	0	0
18	0	0	714	561	928	2537	0	0	0	0
19	0	0	716	559	931	2538	0	0	0	0
20	0	0	714	558	932	2541	0	0	0	0
21	0	0	714	557	932	2545	0	0	0	0
22	0	0	713	557	933	2550	0	0	0	0
23	0	0	712	560	936	2554	0	0	0	0
24	0	0	712	557	937	2556	0	0	0	0
25	0	0	713	555	936	2557	0	0	0	0
26	0	0	712	555	937	2557	0	0	0	0
27	0	0	712	553	937	2563	0	0	0	0
28	0	0	711	553	938	2569	0	0	0	0
29	0	0	710	551	939	2577	0	0	0	0
30	0	0	710	550	941	2585	0	0	0	0
31	0	0	710	549	943	2585	0	0	0	0
32	0	0	710	547	944	2587	0	0	0	0
33	0	0	710	548	945	2588	0	0	0	0
34	0	0	711	547	946	2588	0	0	0	0
35	0	0	711	546	948	2591	0	0	0	0
36	0	0	711	546	949	2592	0	0	0	0
37	0	0	712	545	951	2598	0	0	0	0
38	0	0	714	545	953	2602	0	0	0	0
39	0	0	714	545	954	2603	0	0	0	0
40	0	0	714	544	955	2605	0	0	0	0
41	0	0	714	544	957	2612	0	0	0	0
42	0	0	714	544	959	2616	0	0	0	0
43	0	0	716	543	962	2620	0	0	0	0
44	0	0	716	543	964	2621	0	0	0	0
45	0	0	715	541	965	2623	0	0	0	0
46	0	0	716	542	968	2626	0	0	0	0
47	0	0	715	541	970	2628	0	0	0	0
48	0	0	714	539	971	2631	0	0	0	0
49	0	0	714	539	974	2629	0	0	0	0
50	0	0	714	537	975	2629	0	0	0	0
51	0	0	714	536	977	2629	0	0	0	0
52	0	0	714	535	979	2630	0	0	0	0
53	0	0	714	533	981	2630	0	0	0	0
54	0	0	715	532	983	2629	0	0	0	0
55	0	0	716	531	982	2630	0	0	0	0
56	0	0	716	530	986	2629	0	0	0	0
57	0	0	716	528	988	2630	0	0	0	0
58	0	0	716	526	990	2631	0	0	0	0
59	0	0	717	524	993	2632	0	0	0	0
60	0	0	717	523	995	2635	0	0	0	0
61	0	0	718	522	997	2635	0	0	0	0
62	0	0	718	522	1000	2634	0	0	0	0
63	0	0	718	520	1002	2635	0	0	0	0
64	0	0	719	519	1004	2638	0	0	0	0
65	0	0	718	518	1007	2633	0	0	0	0
66	0	0	718	517	1007	2633	0	0	0	0
67	0	0	716	516	1009	2636	0	0	0	0
68	0	0	716	515	1011	2637	0	0	0	0
69	0	0	715	514	1010	2639	0	0	0	0
70	0	0	715	513	1011	2641	0	0	0	0
71	0	0	715	510	1015	2643	0	0	0	0
72	0	0	713	507	1015	2644	0	0	0	0
73	0	0	712	507	1015	2645	0	0	0	0
74	0	0	710	506	1016	2645	0	0	0	0
75	0	0	709	503	1016	2647	0	0	0	0
76	0	0	709	502	1017	2651	0	0	0	0
77	0	0	707	501	1018	2654	0	0	0	0
78	0	0	706	500	1017	2655	0	0	0	0
79	0	0	706	499	1017	2657	0	0	0	0
80	0	0	705	498	1016	2658	0	0	0	0
81	0	0	703	497	1016	2658	0	0	0	0
82	0	0	702	496	1017	2658	0	0	0	0
83	0	0	702	495	1017	2659	0	0	0	0
84	0	0	701	496	1016	2657	0	0	0	0
85	0	0	700	494	1016	2658	0	0	0	0
86	0	0	701	493	1013	2659	0	0	0	0
87	0	0	701	493	1013	2659	0	0	0	0
88	0	0	702	493	1011	2660	0	0	0	0
89	0	0	703	492	1009	2660	0	0	0	0
90	0	0	704	492	1008	2659	0	0	0	0
91	0	0	706	493	1007	2659	0	0	0	0
92	0	0	708	493	1006	2663	0	0	0	0
93	0	0	712	492	1006	2665	0	0	0	0
94	0	0	714	490	1004	2664	0	0	0	0
95	0	0	715	489	1004	2664	0	0	0	0
96	0	0	718	490	1003	2663	0	0	0	0
97	0	0	719	489	1002	2663	0	0	0	0
98	0	0	721	488	1000	2662	0	0	0	0
99	0	0	724	488	999	2664	0	0	0	0
100	0	0	723	488	998	2665	0	0	0	0
101	0	0	725	488	998	2665	0	0	0	0
102	0	0	727	488	998	2667	0	0	0	0
103	0	0	730	487	997	2668	0	0	0	0
104	0	0	732	488	996	2666	0	0	0	0
105	0	0	731	490	995	2669	0	0	0	0
106	0	0	729	491	992	2671	0	0	0	0
107	0	0	733	492	991	2675	0	0	0	0
108	0	0	734	492	988	2678	0	0	0	0
109	0	0	737	493	988	2679	0	0	0	0
110	0	0	737	492	987	2680	0	0	0	0
111	0	0	740	490	987	2684	0	0	0	0
112	0	0	741	488	987	2689	0	0	0	0
113	0	0	742	488	986	2693	0	0	0	0
114	0	0	742	487	986	2693	0	0	0	0
115	0	0	742	486	986	2697	0	0	0	0
116	0	0	742	487	986	2701	0	0	0	0
117	0	0	743	487	985	2702	0	0	0	0
118	0	0	744	486	985	2705	0	0	0	0
119	0	0	744	486	984	2706	0	0	0	0
120	0	0	745	486	986	2711	0	0	0	0
121	0	0	747	487	985	2712	0	0	0	0
122	0	0	747	488	985	2713	0	0	0	0
123	0	0	747	490	985	2720	0	0	0	0
124	0	0	748	491	984	2720	0	0	0	0
125	0	0	750	493	984	2721	0	0	0	0
126	0	0	749	494	983	2724	0	0	0	0
127	0	0	752	495	983	2731	0	0	0	0
0	0	0	753	497	981	2734	0	0	0	0
1	0	0	755	498	981	2736	0	0	0	0
2	0	0	756	499	981	2741	0	0	0	0
3	0	0	755	500	982	2745	0	0	0	0
4	0	0	758	501	983	2746	0	0	0	0
5	0	0	759	502	982	2745	0	0	0	0
6	0	0	760	501	982	2748	0	0	0	0
7	0	0	761	505	983	2750	0	0	0	0
8	0	0	760	506	984	2755	0	0	0	0
9	0	0	762	508	985	2758	0	0	0	0
10	0	0	762	508	986	2760	0	0	0	0
11	0	0	762	509	986	2761	0	0	0	0
12	0	0	762	511	986	2762	0	0	0	0
13	0	0	764	514	987	2763	0	0	0	0
14	0	0	765	516	987	2766	0	0	0	0
15	0	0	765	517	985	2769	0	0	0	0
16	0	0	766	519	986	2774	0	0	0	0
17	0	0	767	523	984	2782	0	0	0	0
18	0	0	767	525	983	2791	0	0	0	0
19	0	0	767	529	981	2794	0	0	0	0
20	0	0	766	532	979	2797	0	0	0	0
21	0	0	767	534	977	2801	0	0	0	0
22	0	0	768	536	976	2803	0	0	0	0
23	0	0	769	537	974	2805	0	0	0	0
24	0	0	769	540	975	2807	0	0	0	0
25	0	0	769	542	973	2808	0	0	0	0
26	0	0	770	544	973	2808	0	0	0	0
27	0	0	770	544	971	2809	0	0	0	0
28	0	0	770	548	969	2812	0	0	0	0
29	0	0	771	553	967	2812	0	0	0	0
30	0	0	770	555	966	2812	0	0	0	0
31	0	0	771	555	963	2809	0	0	0	0
32	0	0	772	562	961	2809	0	0	0	0
33	0	0	773	564	960	2810	0	0	0	0
34	0	0	773	567	958	2811	0	0	0	0
35	0	0	773	570	955	2814	0	0	0	0
36	0	0	772	572	954	2818	0	0	0	0
37	0	0	774	575	952	2820	0	0	0	0
38	0	0	774	578	950	2822	0	0	0	0
39	0	0	774	580	949	2825	0	0	0	0
40	0	0	774	583	946	2831	0	0	0	0
41	0	0	774	585	945	2835	0	0	0	0
42	0	0	773	589	942	2840	0	0	0	0
43	0	0	773	591	939	2839	0	0	0	0
44	0	0	773	595	937	2837	0	0	0	0
45	0	0	773	598	934	2836	0	0	0	0
46	0	0	774	602	932	2837	0	0	0	0
47	0	0	774	603	927	2843	0	0	0	0
48	0	0	773	606	926	2842	0	0	0	0
49	0	0	774	609	923	2844	0	0	0	0
50	0	0	773	611	920	2845	0	0	0	0
51	0	0	774	613	919	2844	0	0	0	0
52	0	0	773	615	917	2839	0	0	0	0
53	0	0	773	617	914	2833	0	0	0	0
54	0	0	771	618	912	2827	0	0	0	0
55	0	0	771	621	910	2826	0	0	0	0
56	0	0	769	623	909	2822	0	0	0	0
57	0	0	767	625	907	2821	0	0	0	0
58	0	0	766	629	904	2816	0	0	0	0
59	0	0	766	632	904	2808	0	0	0	0
60	0	0	764	634	903	2803	0	0	0	0
61	0	0	764	635	901	2788	0	0	0	0
62	0	0	761	638	899	2781	0	0	0	0
63	0	0	758	640	898	2781	0	0	0	0
64	0	0	756	644	899	2774	0	0	0	0
65	0	0	751	646	896	2766	0	0	0	0
66	0	0	749	650	895	2752	0	0	0	0
67	0	0	747	653	893	2740	0	0	0	0
68	0	0	744	655	890	2727	0	0	0	0
69	0	0	741	657	890	2722	0	0	0	0
70	0	0	737	660	888	2718	0	0	0	0
71	0	0	735	661	888	2700	0	0	0	0
72	0	0	732	663	886	2679	0	0	0	0
73	0	0	730	666	885	2650	0	0	0	0
74	0	0	727	667	884	2632	0	0	0	0
75	0	0	726	669	881	2616	0	0	0	0
76	0	0	724	671	879	2599	0	0	0	0
77	0	0	724	674	876	2591	0	0	0	0
78	0	0	723	676	873	2577	0	0	0	0
79	0	0	723	677	871	2564	0	0	0	0
80	0	0	723	678	868	2514	0	0	0	0
81	0	0	721	680	865	2480	0	0	0	0
82	0	0	722	681	861	2438	0	0	0	0
83	0	0	723	682	858	2409	0	0	0	0
84	0	0	724	683	855	2349	0	0	0	0
85	0	0	723	684	852	2290	0	0	0	0
86	0	0	723	685	849	2244	0	0	0	0
87	0	0	724	689	844	2186	0	0	0	0
88	0	0	726	689	841	2148	0	0	0	0
89	0	0	726	690	838	2096	0	0	0	0
90	0	0	727	691	834	2013	0	0	0	0
91	0	0	729	692	830	1976	0	0	0	0
92	0	0	731	694	827	1906	0	0	0	0
93	0	0	732	693	825	1869	0	0	0	0
94	0	0	732	695	821	1759	0	0	0	0
95	0	0	733	696	819	1695	0	0	0	0
96	0	0	734	698	817	1585	0	0	0	0
97	0	0	735	697	813	1493	0	0	0	0
98	0	0	734	698	811	1450	0	0	0	0
99	0	0	736	697	809	1370	0	0	0	0
100	0	0	737	698	804	1169	0	0	0	0
101	0	0	737	703	800	985	0	0	0	0
102	0	0	737	706	797	929	0	0	0	0
103	0	0	742	704	795	820	0	0	0	0
104	0	0	742	707	792	754	0	0	0	0
105	0	0	741	709	789	657	0	0	0	0
106	0	0	740	713	787	538	0	0	0	0
107	0	0	739	716	784	397	0	0	0	0
108	0	0	740	719	782	363	0	0	0	0
109	0	0	741	723	779	331	0	0	0	0
110	0	0	740	727	778	330	0	0	0	0
111	0	0	738	730	777	242	0	0	0	0
112	0	0	738	732	775	196	0	0	0	0
113	0	0	738	736	775	183	0	0	0	0
114	0	0	735	739	774	199	0	0	0	0
115	0	0	734	743	772	188	0	0	0	0
116	0	0	733	746	772	175	0	0	0	0
117	0	0	731	749	772	182	0	0	0	0
118	0	0	729	751	771	194	0	0	0	0
119	0	0	730	757	771	178	0	0	0	0
120	0	0	729	758	769	194	0	0	0	0
121	0	0	727	763	771	193	0	0	0	0
122	0	0	725	767	770	193	0	0	0	0
123	0	0	724	770	769	197	0	0	0	0
124	0	0	723	775	769	207	0	0	0	0
125	0	0	723	778	770	213	0	0	0	0
126	0	0	724	782	770	215	0	0	0	0
127	0	0	724	785	771	200	0	0	0	0
0	0	0	725	790	772	187	0	0	0	0
1	0	0	727	795	772	186	0	0	0	0
2	0	0	730	801	771	202	0	0	0	0
3	0	0	733	808	770	201	0	0	0	0
4	0	0	737	812	768	184	0	0	0	0
5	0	0	737	816	768	172	0	0	0	0
6	0	0	742	826	766	176	0	0	0	0
7	0	0	743	834	766	172	0	0	0	0
8	0	0	746	839	765	179	0	0	0	0
9	0	0	748	845	763	179	0	0	0	0
10	0	0	750	851	762	169	0	0	0	0
11	0	0	753	856	761	169	0	0	0	0
12	0	0	755	862	760	165	0	0	0	0
13	0	0	758	867	759	171	0	0	0	0
14	0	0	762	872	758	166	0	0	0	0
15	0	0	764	876	757	166	0	0	0	0
16	0	0	765	882	757	168	0	0	0	0
17	0	0	766	885	756	167	0	0	0	0
18	0	0	766	892	756	163	0	0	0	0
19	0	0	766	898	753	166	0	0	0	0
20	0	0	767	903	752	150	0	0	0	0
21	0	0	768	908	751	145	0	0	0	0
22	0	0	767	913	749	142	0	0	0	0
23	0	0	767	917	749	137	0	0	0	0
24	0	0	765	923	747	134	0	0	0	0
25	0	0	764	928	747	120	0	0	0	0
26	0	0	766	934	746	121	0	0	0	0
27	0	0	766	939	746	114	0	0	0	0
28	0	0	767	942	746	119	0	0	0	0
29	0	0	768	945	746	103	0	0	0	0
30	0	0	768	947	747	111	0	0	0	0
31	0	0	769	951	749	110	0	0	0	0
32	0	0	769	954	749	100	0	0	0	0
33	0	0	768	956	751	101	0	0	0	0
34	0	0	768	955	753	102	0	0	0	0
35	0	0	769	956	755	110	0	0	0	0
36	0	0	765	957	756	115	0	0	0	0
37	0	0	765	957	759	116	0	0	0	0
38	0	0	764	958	762	117	0	0	0	0
39	0	0	764	957	765	114	0	0	0	0
40	0	0	765	957	767	116	0	0	0	0
41	0	0	764	956	768	114	0	0	0	0
42	0	0	764	954	771	117	0	0	0	0
43	0	0	765	953	772	119	0	0	0	0
44	0	0	766	950	774	107	0	0	0	0
45	0	0	765	946	776	100	0	0	0	0
46	0	0	766	944	778	94	0	0	0	0
47	0	0	764	939	779	93	0	0	0	0
48	0	0	762	935	781	90	0	0	0	0
49	0	0	761	930	782	79	0	0	0	0
50	0	0	762	926	783	77	0	0	0	0
51	0	0	758	922	784	72	0	0	0	0
52	0	0	757	919	785	76	0	0	0	0
53	0	0	755	916	785	87	0	0	0	0
54	0	0	752	913	784	80	0	0	0	0
55	0	0	750	910	786	77	0	0	0	0
56	0	0	748	907	786	75	0	0	0	0
57	0	0	746	904	785	79	0	0	0	0
58	0	0	745	901	785	88	0	0	0	0
59	0	0	746	899	784	98	0	0	0	0
60	0	0	746	897	784	102	0	0	0	0
61	0	0	747	894	785	90	0	0	0	1
62	0	0	747	890	785	95	0	0	0	0
63	0	0	749	887	787	97	0	0	0	0
64	0	0	749	884	786	92	0	0	0	0
65	0	0	751	882	785	72	0	0	0	0
66	0	0	751	880	784	61	0	0	0	0
67	0	0	752	878	784	63	0	0	0	0
68	0	0	754	876	782	58	0	0	0	0
69	0	0	753	874	781	60	0	0	0	0
70	0	0	755	874	781	61	0	0	0	0
71	0	0	756	874	778	65	0	0	0	0
72	0	0	758	874	776	66	0	0	0	0
73	0	0	757	872	773	55	0	0	0	0
74	0	0	758	872	773	53	0	0	0	0
75	0	0	762	870	771	62	0	0	0	0
76	0	0	761	869	769	57	0	0	0	0
77	0	0	762	867	768	59	0	0	0	0
78	0	0	762	864	766	67	0	0	0	0
79	0	0	763	863	766	69	0	0	0	0
80	0	0	763	859	765	65	0	0	0	0
81	0	0	763	855	765	72	0	0	0	0
82	0	0	763	853	765	76	0	0	0	0
83	0	0	763	851	764	72	0	0	0	0
84	0	0	767	847	763	80	0	0	0	0
85	0	0	768	845	763	77	0	0	0	0
86	0	0	770	843	763	83	0	0	0	0
87	0	0	772	839	762	74	0	0	0	0
88	0	0	772	837	762	73	0	0	0	0
89	0	0	773	835	763	75	0	0	0	0
90	0	0	773	833	764	61	0	0	0	0
91	0	0	776	829	763	53	0	0	0	0
92	0	0	776	825	764	55	0	0	0	0
93	0	0	777	822	766	54	0	0	0	0
94	0	0	779	819	766	60	0	0	0	0
95	0	0	778	815	767	84	0	0	0	0
96	0	0	782	811	769	92	0	0	0	0
97	0	0	782	807	770	93	0	0	0	0
98	0	0	784	804	771	94	0	0	0	0
99	0	0	787	801	771	94	0	0	0	0
100	0	0	789	798	771	102	0	0	0	0
101	0	0	789	796	771	98	0	0	0	0
102	0	0	792	795	769	99	0	0	0	0
103	0	0	792	795	769	100	0	0	0	0
104	0	0	794	795	767	103	0	0	0	0
105	0	0	794	794	767	98	0	0	0	0
106	0	0	795	793	767	90	0	0	0	0
107	0	0	797	790	767	89	0	0	0	0
108	0	0	798	788	768	80	0	0	0	0
109	0	0	799	786	768	78	0	0	0	0
110	0	0	800	784	768	69	0	0	0	0
111	0	0	800	782	767	71	0	0	0	0
112	0	0	801	781	767	69	0	0	0	0
113	0	0	800	780	766	59	0	0	0	0
114	0	0	804	778	766	72	0	0	0	0
115	0	0	804	778	766	75	0	0	0	0
116	0	0	803	777	764	78	0	0	0	0
117	0	0	804	777	763	82	0	0	0	0
118	0	0	805	776	763	73	0	0	0	0
119	0	0	804	775	763	80	0	0	0	0
120	0	0	804	773	763	92	0	0	0	0
121	0	0	804	771	764	83	0	0	0	0
122	0	0	804	769	764	96	0	0	0	0
123	0	0	805	766	766	89	0	0	0	0
124	0	0	805	763	767	73	0	0	0	0
125	0	0	805	761	769	70	0	0	0	0
126	0	0	807	759	770	56	0	0	0	0
127	0	0	807	757	771	59	0	0	0	0
0	0	0	807	757	773	46	0	0	0	0
1	0	0	807	755	773	41	0	0	0	0
2	0	0	808	752	775	38	0	0	0	0
3	0	0	807	752	775	36	0	0	0	0
4	0	0	807	750	777	68	0	0	0	0
5	0	0	806	749	779	57	0	0	0	0
6	0	0	807	749	778	73	0	0	0	0
7	0	0	806	749	779	81	0	0	0	0
8	0	0	806	749	779	90	0	0	0	0
9	0	0	806	748	780	94	0	0	0	0
10	0	0	806	747	781	97	0	0	0	0
11	0	0	805	746	781	102	0	0	0	0
12	0	0	805	746	782	106	0	0	0	0
13	0	0	802	745	783	101	0	0	0	0
14	0	0	803	746	784	100	0	0	0	0
15	0	0	801	745	783	87	0	0	0	0
16	0	0	800	744	784	81	0	0	0	0
17	0	0	798	743	785	79	0	0	0	0
18	0	0	798	744	786	82	0	0	0	0
19	0	0	797	744	786	76	0	0	0	0
20	0	0	799	744	788	67	0	0	0	0
21	0	0	799	742	787	59	0	0	0	0
22	0	0	798	743	788	49	0	0	0	0
23	0	0	797	741	790	66	0	0	0	0
24	0	0	798	741	791	71	0	0	0	0
25	0	0	797	741	791	78	0	0	0	0
26	0	0	796	741	793	86	0	0	0	0
27	0	0	795	740	792	86	0	0	0	0
28	0	0	795	740	792	89	0	0	0	0
29	0	0	796	740	793	88	0	0	0	0
30	0	0	795	739	793	91	0	0	0	0
31	0	0	794	739	793	79	0	0	0	0
32	0	0	795	739	793	78	0	0	0	0
33	0	0	794	738	793	85	0	0	0	0
34	0	0	794	738	791	96	0	0	0	0
35	0	0	795	737	792	98	0	0	0	0
36	0	0	795	739	791	81	0	0	0	0
37	0	0	797	739	790	78	0	0	0	0
38	0	0	797	740	790	77	0	0	0	0
39	0	0	799	741	791	80	0	0	0	0
40	0	0	799	741	790	77	0	0	0	0
41	0	0	800	742	789	72	0	0	0	0
42	0	0	801	743	789	62	0	0	0	0
43	0	0	800	744	788	68	0	0	0	0
44	0	0	801	744	787	70	0	0	0	0
45	0	0	803	747	788	71	0	0	0	0
46	0	0	803	746	786	62	0	0	0	0
47	0	0	803	747	786	72	0	0	0	0
48	0	0	804	748	785	86	0	0	0	0
49	0	0	804	750	784	89	0	0	0	0
50	0	0	803	752	783	93	0	0	0	0
51	0	0	802	753	783	92	0	0	0	0
52	0	0	805	754	781	85	0	0	0	0
53	0	0	803	754	781	91	0	0	0	0
54	0	0	805	756	781	96	0	0	0	0
55	0	0	805	755	780	95	0	0	0	0
56	0	0	806	755	779	95	0	0	0	0
57	0	0	807	756	779	89	0	0	0	0
58	0	0	806	758	778	83	0	0	0	0
59	0	0	806	758	778	78	0	0	0	0
60	0	0	807	759	777	72	0	0	0	0
61	0	0	807	760	778	75	0	0	0	0
62	0	0	807	761	777	75	0	0	0	0
63	0	0	806	761	776	74	0	0	0	0
64	0	0	808	761	776	76	0	0	0	0
65	0	0	809	761	775	76	0	0	0	0
66	0	0	811	762	773	76	0	0	0	0
67	0	0	810	761	774	79	0	0	0	0
68	0	0	810	762	774	69	0	0	0	0
69	0	0	810	761	774	84	0	0	0	0
70	0	0	809	760	775	89	0	0	0	0
71	0	0	810	760	774	90	0	0	0	0
72	0	0	810	760	773	92	0	0	0	0
73	0	0	810	761	774	88	0	0	0	0
74	0	0	810	761	773	93	0	0	0	0
75	0	0	810	760	773	96	0	0	0	0
76	0	0	809	760	773	91	0	0	0	0
77	0	0	809	760	773	85	0	0	0	0
78	0	0	808	760	773	82	0	0	0	0
79	0	0	808	759	773	79	0	0	0	0
80	0	0	809	760	773	58	0	0	0	0
81	0	0	808	760	769	55	0	0	0	0
82	0	0	808	759	773	51	0	0	0	0
83	0	0	808	759	773	46	0	0	0	1
84	0	0	807	760	771	51	0	0	0	0
85	0	0	809	760	772	47	0	0	0	0
86	0	0	809	760	773	55	0	0	0	0
87	0	0	808	761	771	59	0	0	0	0
88	0	0	808	759	771	62	0	0	0	0
89	0	0	808	760	771	65	0	0	0	0
90	0	0	807	760	770	76	0	0	0	0
91	0	0	809	760	769	76	0	0	0	0
92	0	0	808	761	769	78	0	0	0	0
93	0	0	807	763	768	76	0	0	0	0
94	0	0	807	763	769	69	0	0	0	0
95	0	0	806	762	767	73	0	0	0	0
96	0	0	806	762	767	78	0	0	0	0
97	0	0	806	762	767	70	0	0	0	0
98	0	0	805	763	765	58	0	0	0	0
99	0	0	805	764	765	57	0	0	0	0
100	0	0	804	765	765	50	0	0	0	0
101	0	0	803	766	765	47	0	0	0	0
102	0	0	802	765	764	53	0	0	0	0
103	0	0	802	765	763	54	0	0	0	0
104	0	0	802	767	763	45	0	0	0	0
105	0	0	800	767	763	42	0	0	0	0
106	0	0	799	769	763	43	0	0	0	0
107	0	0	799	770	762	50	0	0	0	0
108	0	0	799	770	762	55	0	0	0	0
109	0	0	797	771	761	59	0	0	0	0
110	0	0	796	771	760	68	0	0	0	0
111	0	0	796	771	761	68	0	0	0	0
112	0	0	796	771	760	73	0	0	0	0
113	0	0	795	772	761	70	0	0	0	0
114	0	0	795	771	760	73	0	0	0	0
115	0	0	794	772	760	74	0	0	0	0
116	0	0	794	772	759	71	0	0	0	0
117	0	0	793	769	759	66	0	0	0	0
118	0	0	792	774	761	49	0	0	0	0
119	0	0	792	773	759	50	0	0	0	0
120	0	0	791	773	759	42	0	0	0	0
121	0	0	792	774	759	39	0	0	0	0
122	0	0	792	772	759	41	0	0	0	0
123	0	0	791	775	760	42	0	0	0	0
124	0	0	790	775	759	49	0	0	0	0
125	0	0	790	775	760	49	0	0	0	0
126	0	0	790	774	760	44	0	0	0	0
127	0	0	790	775	761	39	0	0	0	0
0	0	0	790	776	761	48	0	0	0	0
1	0	0	791	776	761	50	0	0	0	0
2	0	0	791	778	762	49	0	0	0	0
3	0	0	792	778	761	56	0	0	0	0
4	0	0	792	778	761	58	0	0	0	0
5	0	0	792	779	762	55	0	0	0	0
6	0	0	792	779	762	55	0	0	0	0
7	0	0	792	780	763	63	0	0	0	0
8	0	0	792	780	763	60	0	0	0	0
9	0	0	792	780	764	44	0	0	0	0
10	0	0	792	781	765	40	0	0	0	0
11	0	0	793	782	765	45	0	0	0	0
12	0	0	793	783	766	40	0	0	0	0
13	0	0	794	783	766	39	0	0	0	0
14	0	0	794	784	768	51	0	0	0	0
15	0	0	792	786	767	54	0	0	0	0
16	0	0	794	785	768	54	0	0	0	0
17	0	0	796	786	769	51	0	0	0	0
18	0	0	798	786	771	38	0	0	0	0
19	0	0	799	787	771	32	0	0	0	0
20	0	0	799	786	772	33	0	0	0	0
21	0	0	799	787	773	45	0	0	0	0
22	0	0	799	787	774	70	0	0	0	0
23	0	0	797	788	774	75	0	0	0	0
24	0	0	797	788	775	71	0	0	0	0
25	0	0	796	789	776	75	0	0	0	0
26	0	0	796	790	777	58	0	0	0	0
27	0	0	796	790	778	63	0	0	0	0
28	0	0	797	790	779	55	0	0	0	0
29	0	0	797	790	780	64	0	0	0	0
30	0	0	798	788	781	54	0	0	0	0
31	0	0	798	788	781	43	0	0	0	0
32	0	0	800	789	782	36	0	0	0	0
33	0	0	801	788	782	36	0	0	0	0
34	0	0	802	788	783	27	0	0	0	0
35	0	0	802	789	784	26	0	0	0	0
36	0	0	802	789	784	23	0	0	0	0
37	0	0	803	789	785	23	0	0	0	0
38	0	0	804	788	785	17	0	0	0	0
39	0	0	804	789	787	7	0	0	0	0
40	0	0	805	787	787	2	0	0	0	0
41	0	0	805	787	786	0	0	0	0	0
42	0	0	805	787	787	0	0	0	0	0
43	0	0	805	788	787	323	0	0	0	0
44	0	0	806	789	788	407	0	0	0	0
45	0	0	806	789	788	525	0	0	0	0
46	0	0	806	788	789	867	0	0	0	0
47	0	0	806	789	789	1078	0	0	0	0
48	0	0	806	791	789	1046	0	0	0	0
49	0	0	804	793	791	992	0	0	0	0
50	0	0	803	795	794	961	0	0	0	0
51	0	0	799	799	798	990	0	0	0	0
52	0	0	793	803	801	934	0	0	0	0
53	0	0	789	806	800	834	0	0	0	0
54	0	0	786	808	802	709	0	0	0	0
55	0	0	784	807	801	582	0	0	0	0
56	0	0	786	805	798	640	0	0	0	0
57	0	0	786	802	796	623	0	0	0	0
58	0	0	786	799	795	611	0	0	0	0
59	0	0	784	797	796	635	0	0	0	0
60	0	0	782	797	798	627	0	0	0	0
61	0	0	776	797	802	592	0	0	0	0
62	0	0	772	801	804	509	0	0	0	0
63	0	0	769	803	806	439	0	0	0	0
64	0	0	766	806	808	321	0	0	0	0
65	0	0	767	808	807	214	0	0	0	0
66	0	0	769	809	805	141	0	0	0	0
67	0	0	772	811	804	74	0	0	0	0
68	0	0	776	815	807	154	0	0	0	0
69	0	0	778	821	810	146	0	0	0	0
70	0	0	773	828	814	96	0	0	0	0
71	0	0	770	842	827	64	0	0	0	0
72	0	0	762	863	848	45	0	0	0	0
73	0	0	744	892	874	31	0	0	0	0
74	0	0	718	929	907	25	0	0	0	0
75	0	0	665	974	935	25	0	0	0	0
76	0	0	602	1025	951	22	0	0	0	0
77	0	0	524	1076	957	18	0	0	0	0
78	0	0	422	1120	952	46	0	0	0	0
79	0	0	297	1135	930	35	0	0	0	0
80	0	0	190	1101	924	0	0	0	0	0
81	0	0	126	1035	958	22	0	0	0	0
82	0	0	88	958	1023	0	0	0	0	0
83	0	0	78	877	1109	0	0	0	0	0
84	0	0	140	810	1193	20	0	0	0	0
85	0	0	220	774	1264	16	0	0	0	0
86	0	0	287	777	1311	0	0	0	0	0
87	0	0	327	792	1324	0	0	0	0	0
88	0	0	340	798	1313	0	0	0	0	0
89	0	0	356	791	1299	0	0	0	0	0
90	0	0	390	782	1283	10	0	0	0	0
91	0	0	453	777	1265	27	0	0	0	0
92	0	0	540	778	1253	28	0	0	0	0
93	0	0	650	779	1256	28	0	0	0	0
94	0	0	773	773	1257	38	0	0	0	0
95	0	0	888	756	1260	76	0	0	0	0
96	0	0	961	723	1261	120	0	0	0	0
97	0	0	979	663	1254	293	0	0	0	0
98	0	0	961	584	1241	385	0	0	0	0
99	0	0	929	495	1219	435	0	0	0	0
100	0	0	904	415	1189	410	0	0	0	0
101	0	0	897	344	1147	542	0	0	0	0
102	0	0	906	284	1092	657	0	0	0	0
103	0	0	913	235	1031	787	0	0	0	0
104	0	0	918	192	979	883	0	0	0	0
105	0	0	922	150	924	923	0	0	0	0
106	0	0	939	108	888	1020	0	0	0	0
107	0	0	963	75	870	1074	0	0	0	0
108	0	0	1002	56	873	1083	0	0	0	0
109	0	0	1038	44	863	1254	0	0	0	0
110	0	0	1082	36	893	1289	0	0	0	0
111	0	0	1129	31	890	1285	0	0	0	0
112	0	0	1142	28	892	1308	0	0	0	0
113	0	0	1139	27	888	1352	0	0	0	0
114	0	0	1133	26	883	1374	0	0	0	0
115	0	0	1120	26	893	1453	0	0	0	0
116	0	0	1074	32	900	1505	0	0	0	0
117	0	0	1020	50	908	1625	0	0	0	0
118	0	0	964	59	921	1681	0	0	0	0
119	0	0	914	62	941	1696	0	0	0	0
120	0	0	862	77	962	1748	0	0	0	0
121	0	0	804	98	978	1782	0	0	0	0
122	0	0	756	118	991	1835	0	0	0	0
123	0	0	715	140	1005	1853	0	0	0	0
124	0	0	679	150	1019	1842	0	0	0	0
125	0	0	653	147	1042	1859	0	0	0	0
126	0	0	633	133	1066	1883	0	0	0	0
127	0	0	625	116	1092	1900	0	0	0	0
0	0	0	626	96	1119	1905	0	0	0	0
1	0	0	631	80	1142	1913	0	0	0	0
2	0	0	639	69	1152	1919	0	0	0	0
3	0	0	650	60	1160	1903	0	0	0	0
4	0	0	663	55	1170	1897	0	0	0	0
5	0	0	676	58	1182	1896	0	0	0	0
6	0	0	686	67	1196	1893	0	0	0	0
7	0	0	695	77	1207	1892	0	0	0	0
8	0	0	705	95	1216	1892	0	0	0	0
9	0	0	713	115	1225	1887	0	0	0	0
10	0	0	725	138	1231	1888	0	0	0	0
11	0	0	740	159	1229	1890	0	0	0	0
12	0	0	757	179	1230	1891	0	0	0	0
13	0	0	772	200	1227	1897	0	0	0	0
14	0	0	783	220	1219	1901	0	0	0	0
15	0	0	793	240	1212	1906	0	0	0	0
16	0	0	801	260	1203	1912	0	0	0	0
17	0	0	805	279	1190	1913	0	0	0	0
18	0	0	808	298	1178	1921	0	0	0	0
19	0	0	808	314	1166	1930	0	0	0	0
20	0	0	811	332	1153	1934	0	0	0	0
21	0	0	811	350	1141	1953	0	0	0	0
22	0	0	810	367	1126	1958	0	0	0	0
23	0	0	810	385	1113	1965	0	0	0	0
24	0	0	808	401	1101	1968	0	0	0	0
25	0	0	806	419	1090	1974	0	0	0	0
26	0	0	807	436	1080	1990	0	0	0	0
27	0	0	807	453	1071	1999	0	0	0	0
28	0	0	811	471	1062	1995	0	0	0	0
29	0	0	814	485	1052	2004	0	0	0	0
30	0	0	819	500	1040	2018	0	0	0	0
31	0	0	827	512	1031	2027	0	0	0	0
32	0	0	832	522	1023	2029	0	0	0	0
33	0	0	842	531	1012	2025	0	0	0	0
34	0	0	856	537	1003	2026	0	0	0	0
35	0	0	862	543	995	2036	0	0	0	0
36	0	0	870	549	984	2044	0	0	0	0
37	0	0	877	554	976	2042	0	0	0	0
38	0	0	878	558	966	2041	0	0	0	0
39	0	0	880	563	956	2042	0	0	0	0
40	0	0	881	563	947	2039	0	0	0	0
41	0	0	880	569	937	2046	0	0	0	0
42	0	0	877	571	927	2049	0	0	0	0
43	0	0	874	572	917	2045	0	0	0	0
44	0	0	873	573	908	2040	0	0	0	0
45	0	0	868	574	898	2037	0	0	0	0
46	0	0	864	574	886	2029	0	0	0	0
47	0	0	857	576	877	2026	0	0	0	0
48	0	0	852	576	867	2031	0	0	0	0
49	0	0	847	577	859	2030	0	0	0	0
50	0	0	843	578	850	2024	0	0	0	0
51	0	0	840	578	842	2017	0	0	0	0
52	0	0	838	580	834	2011	0	0	0	0
53	0	0	838	580	827	2007	0	0	0	0
54	0	0	838	582	819	1996	0	0	0	0
55	0	0	836	585	811	1994	0	0	0	0
56	0	0	835	589	805	1986	0	0	0	0
57	0	0	833	593	799	1974	0	0	0	0
58	0	0	831	597	795	1975	0	0	0	0
59	0	0	830	602	791	1975	0	0	0	0
60	0	0	827	609	789	1968	0	0	0	0
61	0	0	825	616	786	1962	0	0	0	0
62	0	0	822	624	783	1958	0	0	0	0
63	0	0	819	630	781	1952	0	0	0	0
64	0	0	816	638	780	1945	0	0	0	0
65	0	0	813	645	778	1943	0	0	0	0
66	0	0	810	652	776	1939	0	0	0	0
67	0	0	809	657	775	1932	0	0	0	0
68	0	0	806	665	772	1929	0	0	0	0
69	0	0	804	672	772	1923	0	0	0	0
70	0	0	803	680	770	1920	0	0	0	0
71	0	0	802	685	770	1918	0	0	0	0
72	0	0	800	691	771	1915	0	0	0	0
73	0	0	798	697	771	1895	0	0	0	0
74	0	0	798	700	772	1891	0	0	0	0
75	0	0	799	702	774	1884	0	0	0	0
76	0	0	798	700	775	1876	0	0	0	0
77	0	0	797	699	778	1872	0	0	0	0
78	0	0	798	695	782	1869	0	0	0	0
79	0	0	797	688	785	1865	0	0	0	0
80	0	0	796	685	788	1862	0	0	0	0
81	0	0	794	683	792	1858	0	0	0	0
82	0	0	793	679	797	1851	0	0	0	0
83	0	0	791	675	802	1847	0	0	0	0
84	0	0	791	669	808	1835	0	0	0	0
85	0	0	788	663	815	1828	0	0	0	0
86	0	0	786	655	822	1820	0	0	0	0
87	0	0	781	649	828	1816	0	0	0	0
88	0	0	775	642	833	1810	0	0	0	0
89	0	0	769	638	837	1802	0	0	0	0
90	0	0	765	635	840	1800	0	0	0	0
91	0	0	761	633	846	1798	0	0	0	0
92	0	0	756	631	849	1791	0	0	0	0
93	0	0	754	630	853	1789	0	0	0	0
94	0	0	753	629	855	1792	0	0	0	0
95	0	0	751	630	859	1782	0	0	0	0
96	0	0	751	627	860	1783	0	0	0	0
97	0	0	749	626	863	1783	0	0	0	0
98	0	0	748	626	864	1778	0	0	0	0
99	0	0	745	626	866	1770	0	0	0	0
100	0	0	744	625	869	1766	0	0	0	0
101	0	0	741	624	871	1759	0	0	0	0
102	0	0	738	623	873	1748	0	0	0	0
103	0	0	736	623	876	1748	0	0	0	0
104	0	0	734	623	878	1741	0	0	0	0
105	0	0	731	622	881	1730	0	0	0	0
106	0	0	730	621	884	1730	0	0	0	0
107	0	0	729	619	887	1727	0	0	0	0
108	0	0	730	618	889	1720	0	0	0	0
109	0	0	730	619	891	1714	0	0	0	0
110	0	0	727	616	894	1695	0	0	0	0
111	0	0	729	616	897	1686	0	0	0	0
112	0	0	728	614	899	1685	0	0	0	0
113	0	0	729	614	902	1678	0	0	0	0
114	0	0	733	611	904	1677	0	0	0	0
115	0	0	733	611	906	1673	0	0	0	0
116	0	0	734	609	909	1659	0	0	0	0
117	0	0	735	608	912	1614	0	0	0	0
118	0	0	736	608	915	1569	0	0	0	0
119	0	0	737	609	916	1549	0	0	0	0
120	0	0	738	608	919	1538	0	0	0	0
121	0	0	738	609	921	1523	0	0	0	0
122	0	0	740	610	923	1497	0	0	0	0
123	0	0	741	610	924	1515	0	0	0	0
124	0	0	742	612	927	1515	0	0	0	0
125	0	0	743	614	929	1509	0	0	0	0
126	0	0	743	615	931	1509	0	0	0	0
127	0	0	745	615	934	1508	0	0	0	0
0	0	0	746	617	935	1504	0	0	0	0
1	0	0	748	619	937	1502	0	0	0	0
2	0	0	750	620	939	1478	0	0	0	0
3	0	0	752	622	940	1464	0	0	0	0
4	0	0	752	622	941	1435	0	0	0	0
5	0	0	753	623	942	1427	0	0	0	0
6	0	0	753	625	942	1407	0	0	0	0
7	0	0	752	627	942	1400	0	0	0	0
8	0	0	753	630	942	1385	0	0	0	0
9	0	0	753	631	941	1369	0	0	0	0
10	0	0	754	632	941	1342	0	0	0	0
11	0	0	755	635	940	1308	0	0	0	0
12	0	0	756	637	939	1296	0	0	0	0
13	0	0	757	640	938	1268	0	0	0	0
14	0	0	757	641	936	1252	0	0	0	0
15	0	0	758	644	934	1239	0	0	0	0
16	0	0	758	646	932	1206	0	0	0	0
17	0	0	758	648	932	1179	0	0	0	0
18	0	0	759	649	929	1158	0	0	0	0
19	0	0	758	651	927	1141	0	0	0	0
20	0	0	759	653	926	1127	0	0	0	0
21	0	0	760	656	925	1131	0	0	0	0
22	0	0	760	657	923	1117	0	0	0	0
23	0	0	761	659	922	1093	0	0	0	0
24	0	0	761	659	920	1067	0	0	0	0
25	0	0	762	662	919	1031	0	0	0	0
26	0	0	762	663	917	1028	0	0	0	0
27	0	0	763	664	915	1027	0	0	0	0
28	0	0	764	665	913	1015	0	0	0	0
29	0	0	766	665	911	1005	0	0	0	0
30	0	0	767	668	909	1001	0	0	0	0
31	0	0	768	669	907	947	0	0	0	0
32	0	0	768	671	905	947	0	0	0	0
33	0	0	770	672	902	934	0	0	0	0
34	0	0	771	673	900	930	0	0	0	0
35	0	0	772	675	897	924	0	0	0	0
36	0	0	774	677	894	939	0	0	0	0
37	0	0	775	678	892	929	0	0	0	0
38	0	0	775	681	889	930	0	0	0	0
39	0	0	775	683	886	923	0	0	0	0
40	0	0	776	684	883	912	0	0	0	0
41	0	0	776	686	881	898	0	0	0	0
42	0	0	777	688	878	883	0	0	0	0
43	0	0	780	688	876	889	0	0	0	0
44	0	0	780	690	873	897	0	0	0	0
45	0	0	780	690	870	887	0	0	0	0
46	0	0	781	692	868	884	0	0	0	0
47	0	0	782	693	865	864	0	0	0	0
48	0	0	784	693	863	859	0	0	0	0
49	0	0	783	694	861	837	0	0	0	0
50	0	0	783	693	859	820	0	0	0	0
51	0	0	784	693	856	803	0	0	0	0
52	0	0	785	693	853	809	0	0	0	0
53	0	0	785	693	851	818	0	0	0	0
54	0	0	784	693	848	815	0	0	0	0
55	0	0	785	694	846	815	0	0	0	0
56	0	0	783	693	844	810	0	0	0	0
57	0	0	784	691	841	814	0	0	0	0
58	0	0	783	694	840	816	0	0	0	0
59	0	0	782	694	836	821	0	0	0	0
60	0	0	782	692	835	822	0	0	0	0
61	0	0	781	693	833	815	0	0	0	0
62	0	0	781	694	831	811	0	0	0	0
63	0	0	782	693	828	815	0	0	0	0
64	0	0	782	694	828	806	0	0	0	0
65	0	0	780	694	825	812	0	0	0	0
66	0	0	781	695	825	805	0	0	0	0
67	0	0	782	695	822	817	0	0	0	0
68	0	0	780	696	820	807	0	0	0	0
69	0	0	781	698	818	813	0	0	0	0
70	0	0	781	698	816	799	0	0	0	0
71	0	0	781	699	816	782	0	0	0	0
72	0	0	782	702	814	768	0	0	0	0
73	0	0	781	703	813	757	0	0	0	0
74	0	0	780	704	811	762	0	0	0	0
75	0	0	781	707	810	748	0	0	0	0
76	0	0	783	709	809	731	0	0	0	0
77	0	0	784	711	805	727	0	0	0	0
78	0	0	786	714	803	752	0	0	0	0
79	0	0	786	715	803	766	0	0	0	0
80	0	0	789	718	801	781	0	0	0	0
81	0	0	788	719	802	789	0	0	0	0
82	0	0	787	723	798	778	0	0	0	0
83	0	0	789	726	798	753	0	0	0	0
84	0	0	790	729	797	746	0	0	0	0
85	0	0	789	730	794	735	0	0	0	0
86	0	0	787	732	794	734	0	0	0	0
87	0	0	786	733	793	724	0	0	0	0
88	0	0	788	735	791	752	0	0	0	0
89	0	0	790	738	791	741	0	0	0	0
90	0	0	791	740	790	733	0	0	0	0
91	0	0	792	742	789	719	0	0	0	0
92	0	0	793	746	787	727	0	0	0	0
93	0	0	793	747	786	717	0	0	0	0
94	0	0	793	749	785	709	0	0	0	0
95	0	0	792	752	785	706	0	0	0	0
96	0	0	791	754	784	702	0	0	0	0
97	0	0	789	757	783	700	0	0	0	0
98	0	0	790	758	782	720	0	0	0	0
99	0	0	789	758	780	694	0	0	0	0
100	0	0	789	760	780	687	0	0	0	0
101	0	0	789	762	779	692	0	0	0	0
102	0	0	788	764	777	683	0	0	0	0
103	0	0	787	765	776	692	0	0	0	0
104	0	0	786	765	776	672	0	0	0	0
105	0	0	786	767	775	690	0	0	0	0
106	0	0	785	769	774	695	0	0	0	0
107	0	0	788	769	773	692	0	0	0	0
108	0	0	788	771	773	687	0	0	0	0
109	0	0	789	773	772	682	0	0	0	0
110	0	0	790	773	770	662	0	0	0	0
111	0	0	788	775	770	673	0	0	0	0
112	0	0	789	777	770	666	0	0	0	0
113	0	0	786	779	769	676	0	0	0	0
114	0	0	786	780	768	674	0	0	0	0
115	0	0	785	783	768	685	0	0	0	0
116	0	0	786	784	767	691	0	0	0	0
117	0	0	785	784	767	690	0	0	0	0
118	0	0	783	784	767	674	0	0	0	0
119	0	0	784	785	767	678	0	0	0	0
120	0	0	786	785	768	667	0	0	0	0
121	0	0	787	786	768	656	0	0	0	0
122	0	0	787	786	769	645	0	0	0	0
123	0	0	787	786	769	648	0	0	0	0
124	0	0	787	785	769	649	0	0	0	0
125	0	0	787	786	769	647	0	0	0	0
126	0	0	786	786	770	651	0	0	0	0
127	0	0	786	786	770	651	0	0	0	0
0	0	0	784	785	772	648	0	0	0	0
1	0	0	785	784	773	641	0	0	0	0
2	0	0	784	783	774	639	0	0	0	0
3	0	0	785	782	776	616	0	0	0	0
4	0	0	784	783	776	641	0	0	0	0
5	0	0	783	782	778	642	0	0	0	0
6	0	0	784	781	779	636	0	0	0	0
7	0	0	783	780	779	629	0	0	0	0
8	0	0	782	780	781	623	0	0	0	0
9	0	0	783	780	782	624	0	0	0	0
10	0	0	783	779	783	625	0	0	0	0
11	0	0	782	778	784	625	0	0	0	0
12	0	0	782	778	785	623	0	0	0	0
13	0	0	782	776	787	622	0	0	0	0
14	0	0	780	775	788	633	0	0	0	0
15	0	0	779	774	789	634	0	0	0	0
16	0	0	778	773	791	631	0	0	0	0
17	0	0	777	771	793	630	0	0	0	0
18	0	0	777	770	795	645	0	0	0	0
19	0	0	775	769	796	648	0	0	0	0
20	0	0	774	768	799	650	0	0	0	0
21	0	0	772	767	799	649	0	0	0	0
22	0	0	770	767	801	648	0	0	0	0
23	0	0	770	766	803	644	0	0	0	0
24	0	0	770	765	804	644	0	0	0	0
25	0	0	770	763	806	650	0	0	0	0
26	0	0	769	762	808	649	0	0	0	0
27	0	0	769	760	810	648	0	0	0	0
28	0	0	768	758	812	652	0	0	0	0
29	0	0	767	757	813	655	0	0	0	0
30	0	0	767	755	815	666	0	0	0	0
31	0	0	766	753	817	668	0	0	0	0
32	0	0	766	751	818	668	0	0	0	0
33	0	0	765	749	819	668	0	0	0	0
34	0	0	764	746	821	666	0	0	0	0
35	0	0	762	744	821	659	0	0	0	0
36	0	0	762	740	825	663	0	0	0	0
37	0	0	761	736	828	669	0	0	0	0
38	0	0	761	731	829	673	0	0	0	0
39	0	0	761	727	832	671	0	0	0	0
40	0	0	761	723	834	668	0	0	0	0
41	0	0	760	717	836	666	0	0	0	0
42	0	0	759	715	839	671	0	0	0	0
43	0	0	759	710	842	678	0	0	0	0
44	0	0	758	707	843	684	0	0	0	0
45	0	0	759	705	846	684	0	0	0	0
46	0	0	758	702	848	679	0	0	0	0
47	0	0	758	699	850	677	0	0	0	0
48	0	0	756	695	852	679	0	0	0	0
49	0	0	756	692	855	678	0	0	0	0
50	0	0	757	690	857	671	0	0	0	0
51	0	0	758	686	859	679	0	0	0	0
52	0	0	759	683	863	692	0	0	0	0
53	0	0	759	678	864	696	0	0	0	0
54	0	0	759	674	867	728	0	0	0	0
55	0	0	759	671	870	724	0	0	0	0
56	0	0	760	666	873	740	0	0	0	0
57	0	0	760	661	875	740	0	0	0	0
58	0	0	760	657	879	722	0	0	0	0
59	0	0	760	652	881	728	0	0	0	0
60	0	0	762	647	885	730	0	0	0	0
61	0	0	761	643	886	736	0	0	0	0
62	0	0	763	639	889	749	0	0	0	0
63	0	0	764	634	891	750	0	0	0	0
64	0	0	766	630	894	767	0	0	0	0
65	0	0	767	626	896	769	0	0	0	0
66	0	0	767	621	897	782	0	0	0	0
67	0	0	769	617	899	782	0	0	0	0
68	0	0	769	612	901	782	0	0	0	0
69	0	0	769	608	902	794	0	0	0	0
70	0	0	770	603	903	805	0	0	0	0
71	0	0	769	599	905	810	0	0	0	0
72	0	0	770	594	905	797	0	0	0	0
73	0	0	769	590	907	806	0	0	0	0
74	0	0	769	587	908	815	0	0	0	0
75	0	0	770	583	909	833	0	0	0	0
76	0	0	770	579	909	839	0	0	0	0
77	0	0	770	575	910	860	0	0	0	0
78	0	0	770	570	911	841	0	0	0	0
79	0	0	769	567	911	846	0	0	0	0
80	0	0	770	563	911	871	0	0	0	0
81	0	0	770	560	912	869	0	0	0	0
82	0	0	769	558	911	888	0	0	0	0
83	0	0	769	555	911	903	0	0	0	0
84	0	0	767	553	912	916	0	0	0	0
85	0	0	765	550	912	923	0	0	0	0
86	0	0	764	548	911	926	0	0	0	0
87	0	0	762	547	911	926	0	0	0	0
88	0	0	762	545	911	924	0	0	0	0
89	0	0	761	544	909	929	0	0	0	0
90	0	0	761	545	909	934	0	0	0	0
91	0	0	761	545	909	927	0	0	0	0
92	0	0	760	544	908	915	0	0	0	0
93	0	0	760	544	908	938	0	0	0	0
94	0	0	760	545	908	944	0	0	0	0
95	0	0	760	546	906	936	0	0	0	0
96	0	0	760	547	905	942	0	0	0	0
97	0	0	760	549	905	945	0	0	0	0
98	0	0	760	549	903	947	0	0	0	0
99	0	0	759	552	903	951	0	0	0	0
100	0	0	758	554	902	971	0	0	0	0
101	0	0	759	556	902	978	0	0	0	0
102	0	0	760	559	901	968	0	0	0	0
103	0	0	759	559	901	989	0	0	0	0
104	0	0	760	563	900	989	0	0	0	0
105	0	0	759	565	900	1002	0	0	0	0
106	0	0	760	569	898	991	0	0	0	0
107	0	0	760	572	897	1006	0	0	0	0
108	0	0	761	574	897	1020	0	0	0	0
109	0	0	762	578	896	1023	0	0	0	0
110	0	0	762	582	895	1027	0	0	0	0
111	0	0	763	584	894	1036	0	0	0	0
112	0	0	764	587	893	1038	0	0	0	0
113	0	0	765	589	892	1041	0	0	0	0
114	0	0	765	593	891	1048	0	0	0	0
115	0	0	765	596	890	1059	0	0	0	0
116	0	0	764	598	889	1075	0	0	0	0
117	0	0	767	601	889	1079	0	0	0	0
118	0	0	767	603	888	1075	0	0	0	0
119	0	0	766	606	886	1081	0	0	0	0
120	0	0	767	608	885	1081	0	0	0	0
121	0	0	767	611	883	1083	0	0	0	0
122	0	0	768	612	882	1095	0	0	0	0
123	0	0	769	614	880	1123	0	0	0	0
124	0	0	770	618	879	1134	0	0	0	0
125	0	0	771	618	879	1134	0	0	0	0
126	0	0	770	620	877	1150	0	0	0	0
127	0	0	771	621	875	1154	0	0	0	0
0	0	0	771	623	873	1152	0	0	0	0
1	0	0	770	625	872	1142	0	0	0	0
2	0	0	773	625	871	1141	0	0	0	0
3	0	0	773	627	869	1164	0	0	0	0
4	0	0	772	628	867	1171	0	0	0	0
5	0	0	773	629	867	1185	0	0	0	0
6	0	0	774	631	865	1191	0	0	0	0
7	0	0	774	633	864	1195	0	0	0	0
8	0	0	774	636	862	1195	0	0	0	0
9	0	0	775	637	860	1191	0	0	0	0
10	0	0	776	640	859	1215	0	0	0	0
11	0	0	776	642	857	1198	0	0	0	0
12	0	0	777	644	855	1203	0	0	0	0
13	0	0	777	645	854	1212	0	0	0	0
14	0	0	777	647	853	1209	0	0	0	0
15	0	0	777	648	851	1217	0	0	0	0
16	0	0	777	650	850	1224	0	0	0	0
17	0	0	779	651	848	1236	0	0	0	0
18	0	0	778	654	847	1226	0	0	0	0
19	0	0	779	656	846	1232	0	0	0	0
20	0	0	778	657	843	1222	0	0	0	0
21	0	0	777	659	843	1219	0	0	0	0
22	0	0	778	661	842	1215	0	0	0	0
23	0	0	778	662	841	1216	0	0	0	0
24	0	0	778	663	841	1215	0	0	0	0
25	0	0	780	664	838	1211	0	0	0	0
26	0	0	780	665	838	1214	0	0	0	0
27	0	0	781	667	837	1222	0	0	0	0
28	0	0	781	668	835	1218	0	0	0	0
29	0	0	780	669	835	1224	0	0	0	0
30	0	0	780	671	833	1226	0	0	0	0
31	0	0	780	672	832	1233	0	0	0	0
32	0	0	780	674	831	1238	0	0	0	0
33	0	0	780	674	831	1258	0	0	0	0
34	0	0	780	676	829	1263	0	0	0	0
35	0	0	780	677	828	1255	0	0	0	0
36	0	0	780	678	828	1251	0	0	0	0
37	0	0	779	679	828	1251	0	0	0	0
38	0	0	780	680	827	1251	0	0	0	0
39	0	0	779	682	825	1255	0	0	0	0
40	0	0	781	683	824	1250	0	0	0	0
41	0	0	781	684	824	1253	0	0	0	0
42	0	0	779	684	824	1245	0	0	0	0
43	0	0	780	685	825	1253	0	0	0	0
44	0	0	780	685	824	1261	0	0	0	0
45	0	0	780	687	823	1265	0	0	0	0
46	0	0	780	688	823	1244	0	0	0	0
47	0	0	780	688	823	1259	0	0	0	0
48	0	0	779	690	822	1267	0	0	0	0
49	0	0	779	690	822	1260	0	0	0	0
50	0	0	778	691	822	1256	0	0	0	0
51	0	0	778	692	822	1258	0	0	0	0
52	0	0	779	693	821	1266	0	0	0	0
53	0	0	778	694	822	1265	0	0	0	0
54	0	0	777	694	821	1263	0	0	0	0
55	0	0	778	696	821	1257	0	0	0	0
56	0	0	779	696	821	1260	0	0	0	0
57	0	0	778	697	821	1259	0	0	0	0
58	0	0	778	698	822	1257	0	0	0	0
59	0	0	777	698	821	1257	0	0	0	0
60	0	0	778	698	821	1254	0	0	0	0
61	0	0	778	699	822	1256	0	0	0	0
62	0	0	777	699	822	1256	0	0	0	0
63	0	0	777	700	822	1262	0	0	0	0
64	0	0	777	701	822	1260	0	0	0	0
65	0	0	778	702	823	1265	0	0	0	0
66	0	0	778	703	823	1264	0	0	0	0
67	0	0	778	703	824	1265	0	0	0	0
68	0	0	779	704	824	1252	0	0	0	0
69	0	0	777	705	824	1246	0	0	0	0
70	0	0	778	706	824	1245	0	0	0	0
71	0	0	778	706	825	1256	0	0	0	0
72	0	0	777	706	826	1255	0	0	0	0
73	0	0	777	706	825	1256	0	0	0	0
74	0	0	776	707	826	1251	0	0	0	0
75	0	0	777	707	826	1255	0	0	0	0
76	0	0	777	708	827	1252	0	0	0	0
77	0	0	777	708	827	1253	0	0	0	0
78	0	0	778	708	829	1250	0	0	0	0
79	0	0	778	708	828	1246	0	0	0	0
80	0	0	778	709	829	1243	0	0	0	0
81	0	0	778	709	829	1241	0	0	0	0
82	0	0	778	708	831	1238	0	0	0	0
83	0	0	780	709	831	1236	0	0	0	0
84	0	0	780	710	832	1238	0	0	0	0
85	0	0	780	708	832	1232	0	0	0	0
86	0	0	782	708	833	1229	0	0	0	0
87	0	0	781	708	834	1226	0	0	0	0
88	0	0	782	708	835	1224	0	0	0	0
89	0	0	782	708	836	1221	0	0	0	0
90	0	0	783	706	837	1221	0	0	0	0
91	0	0	783	706	837	1224	0	0	0	0
92	0	0	784	706	838	1217	0	0	0	0
93	0	0	784	705	840	1213	0	0	0	0
94	0	0	783	704	840	1209	0	0	0	0
95	0	0	783	703	841	1200	0	0	0	0
96	0	0	785	702	843	1189	0	0	0	0
97	0	0	784	701	843	1177	0	0	0	0
98	0	0	783	701	844	1166	0	0	0	0
99	0	0	783	699	845	1163	0	0	0	0
100	0	0	783	699	846	1158	0	0	0	0
101	0	0	783	698	847	1150	0	0	0	0
102	0	0	782	698	849	1147	0	0	0	0
103	0	0	782	696	849	1147	0	0	0	0
104	0	0	784	695	849	1148	0	0	0	0
105	0	0	783	694	851	1143	0	0	0	0
106	0	0	784	693	853	1140	0	0	0	0
107	0	0	783	692	855	1138	0	0	0	0
108	0	0	783	691	854	1137	0	0	0	0
109	0	0	782	690	855	1145	0	0	0	0
110	0	0	782	689	857	1135	0	0	0	0
111	0	0	783	688	859	1131	0	0	0	0
112	0	0	782	687	860	1117	0	0	0	0
113	0	0	782	686	861	1115	0	0	0	0
114	0	0	781	685	861	1123	0	0	0	0
115	0	0	781	684	862	1119	0	0	0	0
116	0	0	781	684	863	1112	0	0	0	0
117	0	0	780	683	863	1110	0	0	0	0
118	0	0	781	683	864	1103	0	0	0	0
119	0	0	781	682	865	1104	0	0	0	0
120	0	0	781	681	865	1090	0	0	0	0
121	0	0	780	680	866	1094	0	0	0	0
122	0	0	780	679	867	1102	0	0	0	0
123	0	0	780	678	868	1103	0	0	0	0
124	0	0	780	677	868	1104	0	0	0	0
125	0	0	780	676	868	1120	0	0	0	0
126	0	0	777	674	869	1102	0	0	0	0
127	0	0	778	673	870	1089	0	0	0	0
0	0	0	778	672	872	1080	0	0	0	0
1	0	0	777	672	872	1073	0	0	0	0
2	0	0	779	669	873	1075	0	0	0	0
3	0	0	779	669	873	1079	0	0	0	0
4	0	0	778	669	874	1085	0	0	0	0
5	0	0	778	668	874	1066	0	0	0	0
6	0	0	778	667	876	1065	0	0	0	0
7	0	0	777	665	876	1059	0	0	0	0
8	0	0	777	664	877	1053	0	0	0	0
9	0	0	778	665	877	1054	0	0	0	0
10	0	0	778	663	877	1061	0	0	0	0
11	0	0	776	662	878	1063	0	0	0	0
12	0	0	776	661	878	1064	0	0	0	0
13	0	0	777	661	879	1062	0	0	0	0
14	0	0	776	659	880	1055	0	0	0	0
15	0	0	776	658	882	1058	0	0	0	0
16	0	0	777	657	880	1056	0	0	0	0
17	0	0	776	655	880	1048	0	0	0	0
18	0	0	776	656	882	1062	0	0	0	0
19	0	0	776	655	882	1052	0	0	0	0
20	0	0	776	654	882	1038	0	0	0	0
21	0	0	776	653	881	1032	0	0	0	0
22	0	0	775	653	880	1033	0	0	0	0
23	0	0	775	652	882	1032	0	0	0	0
24	0	0	776	652	882	1036	0	0	0	0
25	0	0	777	650	883	1037	0	0	0	0
26	0	0	776	648	882	1035	0	0	0	0
27	0	0	776	648	881	1041	0	0	0	0
28	0	0	775	648	883	1037	0	0	0	0
29	0	0	775	648	884	1036	0	0	0	0
30	0	0	775	646	884	1034	0	0	0	0
31	0	0	775	645	884	1035	0	0	0	0
32	0	0	776	645	883	1030	0	0	0	0
33	0	0	776	645	882	1026	0	0	0	0
34	0	0	775	645	883	1017	0	0	0	0
35	0	0	774	645	882	1020	0	0	0	0
36	0	0	774	644	882	1027	0	0	0	0
37	0	0	773	643	882	1022	0	0	0	0
38	0	0	772	642	882	1025	0	0	0	0
39	0	0	773	643	882	1022	0	0	0	0
40	0	0	773	642	881	1027	0	0	0	0
41	0	0	773	642	882	1025	0	0	0	0
42	0	0	773	641	880	1031	0	0	0	0
43	0	0	773	641	880	1035	0	0	0	0
44	0	0	770	641	879	1042	0	0	0	0
45	0	0	771	641	879	1046	0	0	0	0
46	0	0	771	641	880	1046	0	0	0	0
47	0	0	770	641	879	1039	0	0	0	0
48	0	0	771	641	877	1039	0	0	0	0
49	0	0	770	641	877	1038	0	0	0	0
50	0	0	770	642	877	1039	0	0	0	0
51	0	0	767	641	876	1044	0	0	0	0
52	0	0	768	641	875	1040	0	0	0	0
53	0	0	768	642	875	1039	0	0	0	0
54	0	0	768	642	874	1036	0	0	0	0
55	0	0	768	642	873	1035	0	0	0	0
56	0	0	769	643	873	1031	0	0	0	0
57	0	0	769	643	872	1029	0	0	0	0
58	0	0	769	643	871	1029	0	0	0	0
59	0	0	768	643	870	1026	0	0	0	0
60	0	0	768	643	869	1026	0	0	0	0
61	0	0	770	644	868	1031	0	0	0	0
62	0	0	769	643	868	1027	0	0	0	0
63	0	0	769	644	867	1018	0	0	0	0
64	0	0	769	645	866	1011	0	0	0	0
65	0	0	770	646	865	999	0	0	0	0
66	0	0	771	646	865	1001	0	0	0	0
67	0	0	772	645	864	1006	0	0	0	0
68	0	0	771	648	864	1005	0	0	0	0
69	0	0	772	649	863	1011	0	0	0	0
70	0	0	772	649	862	1009	0	0	0	0
71	0	0	772	649	861	1011	0	0	0	0
72	0	0	771	650	860	1022	0	0	0	0
73	0	0	771	650	860	1019	0	0	0	0
74	0	0	772	651	859	1015	0	0	0	0
75	0	0	771	652	858	1015	0	0	0	0
76	0	0	772	653	858	1012	0	0	0	0
77	0	0	774	653	857	1014	0	0	0	0
78	0	0	773	655	857	1017	0	0	0	0
79	0	0	772	655	857	1014	0	0	0	0
80	0	0	772	655	857	1017	0	0	0	0
81	0	0	773	655	856	1016	0	0	0	0
82	0	0	773	656	856	1016	0	0	0	0
83	0	0	775	656	855	1008	0	0	0	0
84	0	0	773	658	855	1005	0	0	0	0
85	0	0	774	658	853	1015	0	0	0	0
86	0	0	775	658	854	1017	0	0	0	0
87	0	0	774	659	853	1016	0	0	0	0
88	0	0	774	659	852	1014	0	0	0	0
