# bioPlux Text File Format
# Version: 1
# StartDateTime: 2012-03-21 17:53:23
# SamplingFrequency: 1000
# SampledChannels: 1 2 3 4 5 6 7 8
# SamplingResolution: 12
# AcquiringDevice: 00:07:80:93:66:BE
# EndOfHeader
0	0	0	799	710	820	1319	0	0	0	0
1	0	0	797	709	819	1314	0	0	0	0
2	0	0	797	708	818	1307	0	0	0	0
3	0	0	796	707	819	1306	0	0	0	0
4	0	0	797	707	818	1297	0	0	0	0
5	0	0	798	706	818	1295	0	0	0	0
6	0	0	797	706	817	1288	0	0	0	0
7	0	0	797	705	816	1283	0	0	0	0
8	0	0	797	705	817	1280	0	0	0	0
9	0	0	795	704	817	1278	0	0	0	0
10	0	0	795	703	817	1274	0	0	0	0
11	0	0	796	702	817	1270	0	0	0	0
12	0	0	795	701	816	1268	0	0	0	0
13	0	0	795	700	816	1263	0	0	0	0
14	0	0	794	699	816	1260	0	0	0	0
15	0	0	795	698	816	1234	0	0	0	0
16	0	0	794	697	816	1230	0	0	0	0
17	0	0	794	696	815	1227	0	0	0	0
18	0	0	794	694	816	1224	0	0	0	0
19	0	0	793	694	816	1221	0	0	0	0
20	0	0	792	691	815	1217	0	0	0	0
21	0	0	792	691	817	1212	0	0	0	0
22	0	0	791	690	817	1212	0	0	0	0
23	0	0	790	688	817	1209	0	0	0	0
24	0	0	790	687	816	1207	0	0	0	0
25	0	0	791	686	817	1212	0	0	0	0
26	0	0	790	685	818	1210	0	0	0	0
27	0	0	790	683	817	1207	0	0	0	0
28	0	0	789	682	818	1204	0	0	0	0
29	0	0	788	681	818	1196	0	0	0	0
30	0	0	788	681	818	1184	0	0	0	0
31	0	0	788	680	818	1174	0	0	0	0
32	0	0	788	678	817	1169	0	0	0	0
33	0	0	787	677	818	1169	0	0	0	0
34	0	0	785	676	819	1164	0	0	0	0
35	0	0	787	676	818	1165	0	0	0	0
36	0	0	787	675	818	1167	0	0	0	0
37	0	0	788	673	818	1166	0	0	0	0
38	0	0	787	672	818	1162	0	0	0	0
39	0	0	786	671	819	1159	0	0	0	0
40	0	0	786	670	821	1159	0	0	0	0
41	0	0	785	670	821	1163	0	0	0	0
42	0	0	784	668	821	1165	0	0	0	0
43	0	0	784	666	821	1161	0	0	0	0
44	0	0	781	666	822	1160	0	0	0	0
45	0	0	782	664	822	1162	0	0	0	0
46	0	0	781	664	822	1162	0	0	0	0
47	0	0	779	662	822	1159	0	0	0	0
48	0	0	778	662	822	1159	0	0	0	0
49	0	0	777	662	822	1159	0	0	0	0
50	0	0	777	660	823	1162	0	0	0	0
51	0	0	776	661	825	1157	0	0	0	0
52	0	0	774	659	825	1156	0	0	0	0
53	0	0	772	659	826	1153	0	0	0	0
54	0	0	772	657	824	1152	0	0	0	0
55	0	0	771	658	825	1155	0	0	0	0
56	0	0	770	659	826	1157	0	0	0	0
57	0	0	769	658	826	1158	0	0	0	0
58	0	0	769	658	826	1157	0	0	0	0
59	0	0	768	659	826	1162	0	0	0	0
60	0	0	766	660	826	1162	0	0	0	0
61	0	0	767	658	826	1161	0	0	0	0
62	0	0	765	659	827	1163	0	0	0	0
63	0	0	765	660	828	1164	0	0	0	0
64	0	0	765	661	826	1167	0	0	0	0
65	0	0	764	662	827	1167	0	0	0	0
66	0	0	764	662	828	1167	0	0	0	0
67	0	0	763	664	827	1164	0	0	0	0
68	0	0	763	665	828	1166	0	0	0	0
69	0	0	763	665	828	1171	0	0	0	0
70	0	0	762	667	827	1173	0	0	0	0
71	0	0	763	669	828	1173	0	0	0	0
72	0	0	763	670	827	1174	0	0	0	0
73	0	0	762	672	828	1176	0	0	0	0
74	0	0	762	674	828	1172	0	0	0	0
75	0	0	762	675	828	1171	0	0	0	0
76	0	0	760	677	829	1169	0	0	0	0
77	0	0	760	679	828	1168	0	0	0	0
78	0	0	761	680	830	1173	0	0	0	0
79	0	0	760	680	830	1173	0	0	0	0
80	0	0	761	682	830	1174	0	0	0	0
81	0	0	760	683	830	1176	0	0	0	0
82	0	0	761	684	829	1176	0	0	0	0
83	0	0	762	687	830	1177	0	0	0	0
84	0	0	761	687	829	1184	0	0	0	0
85	0	0	761	689	830	1187	0	0	0	0
86	0	0	760	690	830	1187	0	0	0	0
87	0	0	761	691	829	1185	0	0	0	0
88	0	0	761	692	830	1184	0	0	0	0
89	0	0	761	694	828	1185	0	0	0	0
90	0	0	760	695	830	1186	0	0	0	0
91	0	0	761	695	830	1186	0	0	0	0
92	0	0	761	696	829	1187	0	0	0	0
93	0	0	762	697	829	1187	0	0	0	0
94	0	0	762	697	831	1187	0	0	0	0
95	0	0	763	698	832	1190	0	0	0	0
96	0	0	763	697	832	1194	0	0	0	0
97	0	0	763	698	832	1198	0	0	0	0
98	0	0	762	699	831	1200	0	0	0	0
99	0	0	762	701	831	1202	0	0	0	0
100	0	0	762	701	831	1204	0	0	0	0
101	0	0	763	700	831	1207	0	0	0	0
102	0	0	764	701	832	1211	0	0	0	0
103	0	0	763	703	832	1210	0	0	0	0
104	0	0	765	703	831	1206	0	0	0	0
105	0	0	764	704	832	1211	0	0	0	0
106	0	0	763	705	832	1213	0	0	0	0
107	0	0	764	705	832	1210	0	0	0	0
108	0	0	763	706	833	1210	0	0	0	0
109	0	0	765	707	833	1213	0	0	0	0
110	0	0	763	707	833	1218	0	0	0	0
111	0	0	763	708	834	1219	0	0	0	0
112	0	0	763	709	834	1220	0	0	0	0
113	0	0	762	710	835	1225	0	0	0	0
114	0	0	764	709	835	1229	0	0	0	0
115	0	0	765	709	835	1233	0	0	0	0
116	0	0	764	712	836	1235	0	0	0	0
117	0	0	764	712	836	1237	0	0	0	0
118	0	0	764	714	837	1241	0	0	0	0
119	0	0	764	715	837	1244	0	0	0	0
120	0	0	764	716	838	1249	0	0	0	0
121	0	0	765	716	838	1253	0	0	0	0
122	0	0	764	716	838	1261	0	0	0	0
123	0	0	766	717	839	1287	0	0	0	0
124	0	0	767	719	839	1291	0	0	0	0
125	0	0	766	720	839	1294	0	0	0	0
126	0	0	766	720	839	1297	0	0	0	0
127	0	0	767	721	840	1301	0	0	0	0
0	0	0	767	721	841	1306	0	0	0	0
1	0	0	767	721	842	1310	0	0	0	0
2	0	0	769	717	844	1321	0	0	0	0
3	0	0	771	719	845	1329	0	0	0	0
4	0	0	770	718	846	1345	0	0	0	0
5	0	0	770	718	847	1361	0	0	0	0
6	0	0	771	719	847	1375	0	0	0	0
7	0	0	772	719	848	1385	0	0	0	0
8	0	0	768	719	849	1396	0	0	0	0
9	0	0	769	720	850	1402	0	0	0	0
10	0	0	770	721	851	1406	0	0	0	0
11	0	0	772	721	850	1410	0	0	0	0
12	0	0	772	720	852	1416	0	0	0	0
13	0	0	771	721	853	1422	0	0	0	0
14	0	0	771	721	853	1431	0	0	0	0
15	0	0	770	721	854	1437	0	0	0	0
16	0	0	771	722	854	1439	0	0	0	0
17	0	0	770	722	855	1439	0	0	0	0
18	0	0	770	722	856	1439	0	0	0	0
19	0	0	771	723	856	1438	0	0	0	0
20	0	0	770	723	856	1441	0	0	0	0
21	0	0	771	724	857	1442	0	0	0	0
22	0	0	772	724	857	1441	0	0	0	0
23	0	0	770	725	856	1446	0	0	0	0
24	0	0	771	725	857	1449	0	0	0	0
25	0	0	773	725	858	1452	0	0	0	0
26	0	0	771	724	858	1454	0	0	0	0
27	0	0	772	723	859	1462	0	0	0	0
28	0	0	772	725	859	1465	0	0	0	0
29	0	0	773	725	858	1461	0	0	0	0
30	0	0	772	725	858	1464	0	0	0	0
31	0	0	772	725	858	1465	0	0	0	0
32	0	0	772	724	858	1474	0	0	0	0
33	0	0	773	724	858	1475	0	0	0	0
34	0	0	774	723	858	1480	0	0	0	0
35	0	0	774	724	857	1485	0	0	0	0
36	0	0	774	724	856	1491	0	0	0	0
37	0	0	774	723	857	1501	0	0	0	0
38	0	0	774	723	857	1500	0	0	0	0
39	0	0	774	723	856	1505	0	0	0	0
40	0	0	774	722	855	1510	0	0	0	0
41	0	0	775	721	855	1518	0	0	0	0
42	0	0	776	721	854	1525	0	0	0	0
43	0	0	776	722	854	1532	0	0	0	0
44	0	0	775	721	853	1538	0	0	0	0
45	0	0	776	720	853	1544	0	0	0	0
46	0	0	778	721	852	1551	0	0	0	0
47	0	0	777	722	851	1558	0	0	0	0
48	0	0	777	720	852	1565	0	0	0	0
49	0	0	780	721	850	1576	0	0	0	0
50	0	0	780	721	849	1582	0	0	0	0
51	0	0	781	721	849	1584	0	0	0	0
52	0	0	783	722	849	1580	0	0	0	0
53	0	0	783	721	847	1589	0	0	0	0
54	0	0	782	721	847	1603	0	0	0	0
55	0	0	781	720	846	1621	0	0	0	0
56	0	0	782	721	846	1632	0	0	0	0
57	0	0	781	721	845	1644	0	0	0	0
58	0	0	783	720	845	1668	0	0	0	0
59	0	0	782	719	845	1691	0	0	0	0
60	0	0	780	719	845	1721	0	0	0	0
61	0	0	782	719	844	1735	0	0	0	0
62	0	0	782	718	844	1742	0	0	0	0
63	0	0	782	718	843	1755	0	0	0	0
64	0	0	781	716	842	1782	0	0	0	0
65	0	0	782	717	843	1793	0	0	0	0
66	0	0	782	718	842	1804	0	0	0	0
67	0	0	782	715	841	1815	0	0	0	0
68	0	0	782	715	842	1829	0	0	0	0
69	0	0	782	713	841	1827	0	0	0	0
70	0	0	780	711	841	1845	0	0	0	0
71	0	0	779	711	841	1860	0	0	0	0
72	0	0	778	710	842	1872	0	0	0	0
73	0	0	780	710	842	1883	0	0	0	0
74	0	0	777	708	842	1895	0	0	0	0
75	0	0	776	708	842	1918	0	0	0	0
76	0	0	775	707	842	1928	0	0	0	0
77	0	0	775	707	843	1941	0	0	0	0
78	0	0	775	706	844	1947	0	0	0	0
79	0	0	773	704	844	1958	0	0	0	0
80	0	0	772	703	844	1975	0	0	0	0
81	0	0	770	702	844	1987	0	0	0	0
82	0	0	767	700	845	1990	0	0	0	0
83	0	0	767	699	846	1988	0	0	0	0
84	0	0	765	698	847	1987	0	0	0	0
85	0	0	763	697	848	1990	0	0	0	0
86	0	0	764	694	847	2010	0	0	0	0
87	0	0	762	692	849	2018	0	0	0	0
88	0	0	763	691	848	2029	0	0	0	0
89	0	0	761	689	848	2040	0	0	0	0
90	0	0	761	687	849	2051	0	0	0	0
91	0	0	760	685	850	2052	0	0	0	0
92	0	0	761	684	850	2057	0	0	0	0
93	0	0	759	682	850	2062	0	0	0	0
94	0	0	760	681	850	2078	0	0	0	0
95	0	0	760	679	851	2086	0	0	0	0
96	0	0	760	677	851	2094	0	0	0	0
97	0	0	758	675	852	2108	0	0	0	0
98	0	0	758	674	853	2113	0	0	0	0
99	0	0	759	672	853	2115	0	0	0	0
100	0	0	757	671	856	2117	0	0	0	0
101	0	0	757	668	857	2123	0	0	0	0
102	0	0	756	666	857	2127	0	0	0	0
103	0	0	756	664	859	2135	0	0	0	0
104	0	0	756	663	860	2149	0	0	0	0
105	0	0	754	660	861	2155	0	0	0	0
106	0	0	754	658	864	2165	0	0	0	0
107	0	0	754	656	863	2172	0	0	0	0
108	0	0	754	655	864	2182	0	0	0	0
109	0	0	753	655	865	2192	0	0	0	0
110	0	0	753	653	866	2198	0	0	0	0
111	0	0	752	652	866	2204	0	0	0	0
112	0	0	753	650	867	2223	0	0	0	0
113	0	0	753	648	869	2243	0	0	0	0
114	0	0	751	646	870	2252	0	0	0	0
115	0	0	754	644	872	2257	0	0	0	0
116	0	0	752	643	873	2257	0	0	0	0
117	0	0	752	642	874	2259	0	0	0	0
118	0	0	751	640	875	2269	0	0	0	0
119	0	0	752	639	876	2269	0	0	0	0
120	0	0	750	638	878	2268	0	0	0	0
121	0	0	750	638	879	2277	0	0	0	0
122	0	0	750	637	880	2281	0	0	0	0
123	0	0	749	634	882	2282	0	0	0	0
124	0	0	749	633	883	2291	0	0	0	0
125	0	0	747	632	885	2296	0	0	0	0
126	0	0	747	631	885	2302	0	0	0	0
127	0	0	747	629	887	2307	0	0	0	0
0	0	0	745	628	889	2315	0	0	0	0
1	0	0	745	626	890	2322	0	0	0	0
2	0	0	743	625	890	2328	0	0	0	0
3	0	0	744	623	891	2336	0	0	0	0
4	0	0	744	622	891	2352	0	0	0	0
5	0	0	743	621	893	2358	0	0	0	0
6	0	0	744	620	894	2366	0	0	0	0
7	0	0	744	619	895	2365	0	0	0	0
8	0	0	744	618	897	2373	0	0	0	0
9	0	0	744	617	898	2384	0	0	0	0
10	0	0	744	616	897	2389	0	0	0	0
11	0	0	744	616	897	2391	0	0	0	0
12	0	0	744	615	899	2402	0	0	0	0
13	0	0	744	614	900	2407	0	0	0	0
14	0	0	745	612	901	2410	0	0	0	0
15	0	0	744	611	903	2412	0	0	0	0
16	0	0	745	610	903	2416	0	0	0	0
17	0	0	745	609	904	2419	0	0	0	0
18	0	0	744	608	905	2423	0	0	0	0
19	0	0	745	608	905	2424	0	0	0	0
20	0	0	745	606	906	2428	0	0	0	0
21	0	0	746	607	907	2429	0	0	0	0
22	0	0	746	607	908	2434	0	0	0	0
23	0	0	747	605	909	2443	0	0	0	0
24	0	0	747	604	910	2449	0	0	0	0
25	0	0	749	603	911	2456	0	0	0	0
26	0	0	748	601	910	2461	0	0	0	0
27	0	0	747	601	912	2468	0	0	0	0
28	0	0	749	600	913	2471	0	0	0	0
29	0	0	748	599	915	2476	0	0	0	0
30	0	0	749	600	915	2480	0	0	0	0
31	0	0	749	600	915	2484	0	0	0	0
32	0	0	749	601	916	2490	0	0	0	0
33	0	0	748	603	916	2499	0	0	0	0
34	0	0	748	603	918	2500	0	0	0	0
35	0	0	748	605	918	2503	0	0	0	0
36	0	0	748	605	919	2501	0	0	0	0
37	0	0	748	606	921	2502	0	0	0	0
38	0	0	748	606	921	2506	0	0	0	0
39	0	0	748	607	923	2509	0	0	0	0
40	0	0	747	608	925	2515	0	0	0	0
41	0	0	745	607	925	2520	0	0	0	0
42	0	0	744	609	927	2522	0	0	0	0
43	0	0	743	608	925	2523	0	0	0	0
44	0	0	742	609	928	2521	0	0	0	0
45	0	0	741	610	929	2522	0	0	0	0
46	0	0	739	610	928	2517	0	0	0	0
47	0	0	739	608	929	2511	0	0	0	0
48	0	0	737	607	930	2530	0	0	0	0
49	0	0	735	607	929	2534	0	0	0	0
50	0	0	734	606	930	2535	0	0	0	0
51	0	0	734	605	930	2541	0	0	0	0
52	0	0	734	604	930	2546	0	0	0	0
53	0	0	735	603	931	2547	0	0	0	0
54	0	0	734	602	931	2547	0	0	0	0
55	0	0	735	600	931	2547	0	0	0	0
56	0	0	736	600	930	2548	0	0	0	0
57	0	0	736	598	931	2549	0	0	0	0
58	0	0	737	598	931	2552	0	0	0	0
59	0	0	738	596	930	2560	0	0	0	0
60	0	0	738	595	930	2562	0	0	0	0
61	0	0	739	592	930	2567	0	0	0	0
62	0	0	742	593	928	2571	0	0	0	0
63	0	0	742	591	927	2574	0	0	0	0
64	0	0	744	590	925	2576	0	0	0	0
65	0	0	742	591	924	2578	0	0	0	0
66	0	0	742	590	923	2580	0	0	0	0
67	0	0	741	590	920	2588	0	0	0	0
68	0	0	741	590	918	2595	0	0	0	0
69	0	0	740	591	916	2599	0	0	0	0
70	0	0	739	588	916	2604	0	0	0	0
71	0	0	740	588	916	2609	0	0	0	0
72	0	0	739	587	913	2608	0	0	0	0
73	0	0	737	587	913	2610	0	0	0	0
74	0	0	739	586	913	2612	0	0	0	0
75	0	0	738	585	911	2613	0	0	0	0
76	0	0	738	584	910	2618	0	0	0	0
77	0	0	738	583	908	2620	0	0	0	0
78	0	0	739	584	908	2624	0	0	0	0
79	0	0	738	583	908	2632	0	0	0	0
80	0	0	739	583	908	2637	0	0	0	0
81	0	0	737	582	906	2643	0	0	0	0
82	0	0	735	581	905	2648	0	0	0	0
83	0	0	735	581	905	2653	0	0	0	0
84	0	0	735	580	905	2659	0	0	0	0
85	0	0	733	579	906	2663	0	0	0	0
86	0	0	733	579	905	2669	0	0	0	0
87	0	0	733	578	905	2677	0	0	0	0
88	0	0	730	578	904	2681	0	0	0	0
89	0	0	729	578	904	2686	0	0	0	0
90	0	0	728	576	903	2692	0	0	0	0
91	0	0	726	575	903	2694	0	0	0	0
92	0	0	727	574	904	2697	0	0	0	0
93	0	0	724	573	903	2695	0	0	0	0
94	0	0	723	573	902	2698	0	0	0	0
95	0	0	721	573	901	2705	0	0	0	0
96	0	0	720	572	901	2715	0	0	0	0
97	0	0	719	572	900	2719	0	0	0	0
98	0	0	718	572	899	2720	0	0	0	0
99	0	0	717	573	899	2724	0	0	0	0
100	0	0	715	573	898	2733	0	0	0	0
101	0	0	716	573	898	2737	0	0	0	0
102	0	0	717	572	897	2738	0	0	0	0
103	0	0	716	572	897	2740	0	0	0	0
104	0	0	716	573	896	2742	0	0	0	0
105	0	0	716	571	896	2744	0	0	0	0
106	0	0	716	570	896	2752	0	0	0	0
107	0	0	717	569	897	2759	0	0	0	0
108	0	0	716	569	896	2763	0	0	0	0
109	0	0	716	569	896	2768	0	0	0	0
110	0	0	716	567	896	2772	0	0	0	0
111	0	0	716	565	896	2775	0	0	0	0
112	0	0	716	564	896	2779	0	0	0	0
113	0	0	715	564	897	2784	0	0	0	0
114	0	0	715	561	897	2785	0	0	0	0
115	0	0	716	559	899	2791	0	0	0	0
116	0	0	717	558	900	2797	0	0	0	0
117	0	0	718	557	901	2798	0	0	0	0
118	0	0	720	555	902	2802	0	0	0	0
119	0	0	721	554	905	2803	0	0	0	0
120	0	0	722	554	906	2803	0	0	0	0
121	0	0	722	552	909	2807	0	0	0	0
122	0	0	722	551	911	2815	0	0	0	0
123	0	0	724	550	912	2818	0	0	0	0
124	0	0	725	549	913	2819	0	0	0	0
125	0	0	726	548	916	2823	0	0	0	0
126	0	0	727	549	918	2826	0	0	0	0
127	0	0	729	548	919	2828	0	0	0	0
0	0	0	729	548	920	2831	0	0	0	0
1	0	0	730	549	922	2837	0	0	0	0
2	0	0	729	549	923	2840	0	0	0	0
3	0	0	731	549	924	2839	0	0	0	0
4	0	0	731	548	925	2843	0	0	0	0
5	0	0	731	548	927	2847	0	0	0	0
6	0	0	731	549	929	2851	0	0	0	0
7	0	0	730	550	930	2856	0	0	0	0
8	0	0	730	551	932	2860	0	0	0	0
9	0	0	730	551	932	2859	0	0	0	0
10	0	0	732	552	934	2866	0	0	0	0
11	0	0	730	552	935	2869	0	0	0	0
12	0	0	729	552	936	2872	0	0	0	0
13	0	0	730	552	937	2871	0	0	0	0
14	0	0	730	553	938	2872	0	0	0	0
15	0	0	730	552	941	2875	0	0	0	0
16	0	0	731	553	941	2879	0	0	0	0
17	0	0	730	552	943	2881	0	0	0	0
18	0	0	731	551	943	2884	0	0	0	0
19	0	0	731	551	945	2886	0	0	0	0
20	0	0	731	551	947	2888	0	0	0	0
21	0	0	730	552	947	2891	0	0	0	0
22	0	0	729	551	948	2897	0	0	0	0
23	0	0	730	551	949	2902	0	0	0	0
24	0	0	731	551	949	2902	0	0	0	0
25	0	0	731	551	950	2907	0	0	0	0
26	0	0	731	552	951	2909	0	0	0	0
27	0	0	730	551	951	2907	0	0	0	0
28	0	0	731	551	952	2907	0	0	0	0
29	0	0	729	551	953	2908	0	0	0	0
30	0	0	728	551	953	2909	0	0	0	0
31	0	0	728	552	955	2912	0	0	0	0
32	0	0	726	552	956	2915	0	0	0	0
33	0	0	725	551	958	2918	0	0	0	0
34	0	0	723	551	959	2919	0	0	0	0
35	0	0	723	551	960	2922	0	0	0	0
36	0	0	723	552	961	2923	0	0	0	0
37	0	0	721	551	962	2923	0	0	0	0
38	0	0	721	551	963	2924	0	0	0	0
39	0	0	719	551	964	2924	0	0	0	0
40	0	0	720	551	965	2922	0	0	0	0
41	0	0	721	552	966	2927	0	0	0	0
42	0	0	720	552	967	2931	0	0	0	0
43	0	0	720	553	968	2934	0	0	0	0
44	0	0	720	553	969	2932	0	0	0	0
45	0	0	721	554	969	2933	0	0	0	0
46	0	0	721	554	971	2935	0	0	0	0
47	0	0	721	555	971	2937	0	0	0	0
48	0	0	721	555	971	2938	0	0	0	0
49	0	0	722	556	972	2939	0	0	0	0
50	0	0	721	557	972	2942	0	0	0	0
51	0	0	723	558	973	2942	0	0	0	0
52	0	0	722	559	974	2942	0	0	0	0
53	0	0	723	559	975	2945	0	0	0	0
54	0	0	723	560	974	2946	0	0	0	0
55	0	0	722	559	975	2950	0	0	0	0
56	0	0	722	560	976	2953	0	0	0	0
57	0	0	722	559	977	2956	0	0	0	0
58	0	0	722	560	978	2957	0	0	0	0
59	0	0	723	558	979	2959	0	0	0	0
60	0	0	724	559	978	2961	0	0	0	0
61	0	0	723	558	979	2961	0	0	0	0
62	0	0	724	558	980	2964	0	0	0	0
63	0	0	724	558	981	2966	0	0	0	0
64	0	0	724	557	981	2968	0	0	0	0
65	0	0	723	556	982	2971	0	0	0	0
66	0	0	725	556	982	2972	0	0	0	0
67	0	0	725	554	983	2973	0	0	0	0
68	0	0	726	555	982	2974	0	0	0	0
69	0	0	728	553	983	2977	0	0	0	0
70	0	0	728	552	983	2977	0	0	0	0
71	0	0	729	552	983	2979	0	0	0	0
72	0	0	730	551	982	2981	0	0	0	0
73	0	0	730	550	982	2982	0	0	0	0
74	0	0	730	549	983	2982	0	0	0	0
75	0	0	732	549	983	2983	0	0	0	0
76	0	0	732	549	983	2983	0	0	0	0
77	0	0	733	547	982	2980	0	0	0	0
78	0	0	734	545	981	2980	0	0	0	0
79	0	0	734	544	981	2981	0	0	0	0
80	0	0	736	545	980	2982	0	0	0	0
81	0	0	734	546	980	2983	0	0	0	0
82	0	0	734	545	980	2985	0	0	0	0
83	0	0	734	544	979	2986	0	0	0	0
84	0	0	734	543	978	2985	0	0	0	0
85	0	0	733	543	980	2985	0	0	0	0
86	0	0	732	542	977	2986	0	0	0	0
87	0	0	730	542	977	2988	0	0	0	0
88	0	0	730	541	977	2987	0	0	0	0
89	0	0	728	540	977	2988	0	0	0	0
90	0	0	727	540	976	2989	0	0	0	0
91	0	0	729	539	975	2990	0	0	0	0
92	0	0	727	539	976	2990	0	0	0	0
93	0	0	726	539	974	2991	0	0	0	0
94	0	0	724	538	973	2991	0	0	0	0
95	0	0	723	538	973	2990	0	0	0	0
96	0	0	723	538	973	2991	0	0	0	0
97	0	0	722	537	972	2991	0	0	0	0
98	0	0	723	535	971	2991	0	0	0	0
99	0	0	721	534	972	2995	0	0	0	0
100	0	0	720	533	971	2995	0	0	0	0
101	0	0	721	532	971	2995	0	0	0	0
102	0	0	719	533	970	2998	0	0	0	0
103	0	0	718	532	970	3000	0	0	0	0
104	0	0	718	532	970	3000	0	0	0	0
105	0	0	717	530	970	3000	0	0	0	0
106	0	0	716	529	969	3001	0	0	0	0
107	0	0	713	530	970	3002	0	0	0	0
108	0	0	712	530	969	3005	0	0	0	0
109	0	0	712	530	970	3006	0	0	0	0
110	0	0	711	530	970	3008	0	0	0	0
111	0	0	711	530	970	3008	0	0	0	0
112	0	0	709	530	970	3008	0	0	0	0
113	0	0	707	530	970	3006	0	0	0	0
114	0	0	708	529	972	3007	0	0	0	0
115	0	0	706	531	971	3008	0	0	0	0
116	0	0	705	528	973	3009	0	0	0	0
117	0	0	705	529	973	3012	0	0	0	0
118	0	0	703	528	973	3013	0	0	0	0
119	0	0	702	526	975	3017	0	0	0	0
120	0	0	705	527	976	3017	0	0	0	0
121	0	0	704	526	976	3017	0	0	0	0
122	0	0	704	524	977	3019	0	0	0	0
123	0	0	706	523	978	3023	0	0	0	0
124	0	0	708	521	980	3026	0	0	0	0
125	0	0	708	521	979	3026	0	0	0	0
126	0	0	708	520	980	3027	0	0	0	0
127	0	0	710	519	980	3031	0	0	0	0
0	0	0	710	517	980	3032	0	0	0	0
1	0	0	711	517	981	3030	0	0	0	0
2	0	0	712	517	980	3030	0	0	0	0
3	0	0	714	516	981	3033	0	0	0	0
4	0	0	716	515	980	3034	0	0	0	0
5	0	0	717	516	980	3035	0	0	0	0
6	0	0	719	516	981	3037	0	0	0	0
7	0	0	721	516	980	3042	0	0	0	0
8	0	0	723	517	979	3048	0	0	0	0
9	0	0	725	518	979	3047	0	0	0	0
10	0	0	726	518	979	3052	0	0	0	0
11	0	0	727	519	980	3053	0	0	0	0
12	0	0	728	521	979	3052	0	0	0	0
13	0	0	730	522	980	3053	0	0	0	0
14	0	0	730	524	980	3056	0	0	0	0
15	0	0	730	525	978	3056	0	0	0	0
16	0	0	731	527	978	3058	0	0	0	0
17	0	0	734	528	979	3057	0	0	0	0
18	0	0	732	530	979	3062	0	0	0	0
19	0	0	731	531	978	3065	0	0	0	0
20	0	0	731	533	977	3065	0	0	0	0
21	0	0	731	535	977	3065	0	0	0	0
22	0	0	732	537	976	3065	0	0	0	0
23	0	0	731	539	975	3063	0	0	0	0
24	0	0	731	540	975	3063	0	0	0	0
25	0	0	731	542	974	3061	0	0	0	0
26	0	0	732	544	973	3058	0	0	0	0
27	0	0	733	545	973	3056	0	0	0	0
28	0	0	733	548	971	3052	0	0	0	0
29	0	0	732	551	968	3049	0	0	0	0
30	0	0	732	554	965	3047	0	0	0	0
31	0	0	732	555	962	3050	0	0	0	0
32	0	0	732	557	961	3052	0	0	0	0
33	0	0	732	559	960	3052	0	0	0	0
34	0	0	733	560	957	3056	0	0	0	0
35	0	0	734	561	956	3059	0	0	0	0
36	0	0	733	563	955	3053	0	0	0	0
37	0	0	733	565	953	3052	0	0	0	0
38	0	0	732	567	950	3048	0	0	0	0
39	0	0	731	570	949	3043	0	0	0	0
40	0	0	731	572	947	3034	0	0	0	0
41	0	0	731	574	945	3027	0	0	0	0
42	0	0	731	577	944	3023	0	0	0	0
43	0	0	730	580	942	3020	0	0	0	0
44	0	0	730	583	940	3014	0	0	0	0
45	0	0	731	584	939	3009	0	0	0	0
46	0	0	732	586	937	2997	0	0	0	0
47	0	0	732	589	935	2998	0	0	0	0
48	0	0	734	591	933	3000	0	0	0	0
49	0	0	734	591	931	3003	0	0	0	0
50	0	0	735	595	929	3008	0	0	0	0
51	0	0	737	598	927	3006	0	0	0	0
52	0	0	737	599	926	2998	0	0	0	0
53	0	0	739	601	924	2990	0	0	0	0
54	0	0	741	604	922	2984	0	0	0	0
55	0	0	742	605	920	2985	0	0	0	0
56	0	0	743	607	919	2979	0	0	0	0
57	0	0	744	609	916	2965	0	0	0	0
58	0	0	746	611	915	2956	0	0	0	0
59	0	0	747	613	914	2951	0	0	0	0
60	0	0	748	614	911	2944	0	0	0	0
61	0	0	749	616	910	2944	0	0	0	0
62	0	0	750	619	908	2940	0	0	0	0
63	0	0	752	621	905	2928	0	0	0	0
64	0	0	753	623	904	2921	0	0	0	0
65	0	0	752	625	902	2910	0	0	0	0
66	0	0	753	627	901	2899	0	0	0	0
67	0	0	754	629	900	2890	0	0	0	0
68	0	0	753	632	898	2891	0	0	0	0
69	0	0	754	635	897	2867	0	0	0	0
70	0	0	755	636	894	2837	0	0	0	0
71	0	0	757	637	892	2807	0	0	0	0
72	0	0	758	641	891	2776	0	0	0	0
73	0	0	760	643	888	2750	0	0	0	0
74	0	0	762	645	886	2720	0	0	0	0
75	0	0	762	648	883	2683	0	0	0	0
76	0	0	763	650	881	2677	0	0	0	0
77	0	0	764	653	880	2620	0	0	0	0
78	0	0	765	655	875	2580	0	0	0	0
79	0	0	766	658	875	2525	0	0	0	0
80	0	0	768	659	873	2492	0	0	0	0
81	0	0	769	661	870	2455	0	0	0	0
82	0	0	771	664	868	2385	0	0	0	0
83	0	0	770	667	865	2344	0	0	0	0
84	0	0	770	669	863	2270	0	0	0	0
85	0	0	771	673	861	2199	0	0	0	0
86	0	0	772	674	857	2138	0	0	0	0
87	0	0	773	677	855	2060	0	0	0	0
88	0	0	774	682	853	1997	0	0	0	0
89	0	0	774	683	850	1948	0	0	0	0
90	0	0	775	685	848	1869	0	0	0	0
91	0	0	776	688	845	1819	0	0	0	0
92	0	0	777	691	843	1736	0	0	0	0
93	0	0	776	693	838	1629	0	0	0	0
94	0	0	777	696	839	1536	0	0	0	0
95	0	0	776	698	837	1438	0	0	0	0
96	0	0	775	701	835	1310	0	0	0	0
97	0	0	775	703	834	1170	0	0	0	0
98	0	0	774	706	833	1066	0	0	0	0
99	0	0	773	708	832	1075	0	0	0	0
100	0	0	773	711	831	1035	0	0	0	0
101	0	0	772	714	830	964	0	0	0	0
102	0	0	767	717	830	855	0	0	0	0
103	0	0	765	719	828	801	0	0	0	0
104	0	0	763	722	827	707	0	0	0	0
105	0	0	761	726	828	690	0	0	0	0
106	0	0	757	729	828	627	0	0	0	0
107	0	0	754	732	829	607	0	0	0	0
108	0	0	750	736	824	596	0	0	0	0
109	0	0	746	740	825	552	0	0	0	0
110	0	0	744	745	825	519	0	0	0	0
111	0	0	740	747	826	533	0	0	0	0
112	0	0	739	750	825	547	0	0	0	0
113	0	0	737	753	825	546	0	0	0	0
114	0	0	732	755	825	542	0	0	0	0
115	0	0	726	760	824	524	0	0	0	0
116	0	0	725	764	825	498	0	0	0	0
117	0	0	723	767	824	478	0	0	0	0
118	0	0	721	771	823	448	0	0	0	0
119	0	0	720	775	823	444	0	0	0	0
120	0	0	719	780	823	393	0	0	0	0
121	0	0	718	785	822	380	0	0	0	0
122	0	0	716	792	819	384	0	0	0	0
123	0	0	715	798	817	357	0	0	0	0
124	0	0	716	802	813	363	0	0	0	0
125	0	0	716	808	810	382	0	0	0	0
126	0	0	716	814	806	382	0	0	0	0
127	0	0	716	821	803	367	0	0	0	0
0	0	0	719	829	799	349	0	0	0	0
1	0	0	720	836	795	306	0	0	0	0
2	0	0	723	843	793	312	0	0	0	0
3	0	0	724	849	789	297	0	0	0	0
4	0	0	726	855	787	285	0	0	0	0
5	0	0	728	861	784	284	0	0	0	0
6	0	0	731	867	782	307	0	0	0	0
7	0	0	731	873	779	301	0	0	0	0
8	0	0	735	878	777	275	0	0	0	0
9	0	0	738	884	773	263	0	0	0	0
10	0	0	739	890	770	250	0	0	0	0
11	0	0	742	899	766	250	0	0	0	0
12	0	0	744	906	760	225	0	0	0	0
13	0	0	747	913	756	217	0	0	0	0
14	0	0	749	920	752	218	0	0	0	0
15	0	0	750	927	748	220	0	0	0	0
16	0	0	750	934	743	219	0	0	0	0
17	0	0	751	940	740	223	0	0	0	0
18	0	0	750	947	735	238	0	0	0	0
19	0	0	752	953	731	227	0	0	0	0
20	0	0	753	961	727	224	0	0	0	0
21	0	0	754	968	721	219	0	0	0	0
22	0	0	754	976	718	223	0	0	0	0
23	0	0	755	982	714	218	0	0	0	0
24	0	0	754	987	712	215	0	0	0	0
25	0	0	755	993	710	219	0	0	0	0
26	0	0	755	999	707	221	0	0	0	0
27	0	0	753	1003	705	218	0	0	0	0
28	0	0	754	1007	704	223	0	0	0	0
29	0	0	756	1012	702	206	0	0	0	0
30	0	0	756	1017	701	199	0	0	0	0
31	0	0	761	1019	701	202	0	0	0	0
32	0	0	763	1023	701	198	0	0	0	0
33	0	0	766	1025	702	191	0	0	0	0
34	0	0	769	1029	703	189	0	0	0	0
35	0	0	771	1031	703	178	0	0	0	0
36	0	0	775	1031	705	173	0	0	0	0
37	0	0	779	1031	708	169	0	0	0	0
38	0	0	784	1030	710	163	0	0	0	0
39	0	0	790	1029	713	167	0	0	0	0
40	0	0	793	1028	715	163	0	0	0	0
41	0	0	796	1024	718	174	0	0	0	0
42	0	0	799	1023	720	162	0	0	0	0
43	0	0	800	1021	725	163	0	0	0	0
44	0	0	801	1017	727	151	0	0	0	0
45	0	0	806	1015	730	130	0	0	0	0
46	0	0	807	1008	734	131	0	0	0	0
47	0	0	808	1002	737	131	0	0	0	0
48	0	0	807	995	740	124	0	0	0	0
49	0	0	806	987	743	124	0	0	0	0
50	0	0	804	980	746	120	0	0	0	0
51	0	0	803	975	746	121	0	0	0	0
52	0	0	799	966	747	107	0	0	0	0
53	0	0	795	956	751	102	0	0	0	0
54	0	0	791	946	754	97	0	0	0	0
55	0	0	785	937	756	88	0	0	0	0
56	0	0	780	928	758	91	0	0	0	0
57	0	0	775	921	760	91	0	0	0	0
58	0	0	772	914	758	98	0	0	0	0
59	0	0	767	906	762	97	0	0	0	0
60	0	0	763	898	762	96	0	0	0	0
61	0	0	757	891	762	104	0	0	0	0
62	0	0	751	885	762	105	0	0	0	0
63	0	0	749	879	761	105	0	0	0	0
64	0	0	744	872	762	105	0	0	0	0
65	0	0	742	867	763	108	0	0	0	0
66	0	0	740	860	762	109	0	0	0	0
67	0	0	740	855	764	120	0	0	0	0
68	0	0	741	851	763	117	0	0	0	0
69	0	0	743	848	764	109	0	0	0	0
70	0	0	744	844	762	102	0	0	0	0
71	0	0	745	841	762	101	0	0	0	0
72	0	0	746	840	761	96	0	0	0	0
73	0	0	748	837	761	90	0	0	0	0
74	0	0	749	836	760	83	0	0	0	0
75	0	0	751	834	760	85	0	0	0	0
76	0	0	753	832	759	86	0	0	0	0
77	0	0	755	830	757	86	0	0	0	0
78	0	0	756	830	759	85	0	0	0	0
79	0	0	758	828	759	91	0	0	0	0
80	0	0	758	826	760	96	0	0	0	0
81	0	0	760	821	761	96	0	0	0	0
82	0	0	761	819	763	101	0	0	0	0
83	0	0	763	814	766	101	0	0	0	0
84	0	0	765	810	767	102	0	0	0	0
85	0	0	767	806	769	100	0	0	0	0
86	0	0	770	801	771	105	0	0	0	0
87	0	0	771	797	773	106	0	0	0	0
88	0	0	774	792	775	104	0	0	0	0
89	0	0	774	787	777	99	0	0	0	0
90	0	0	775	784	779	94	0	0	0	0
91	0	0	778	781	780	95	0	0	0	0
92	0	0	780	781	781	90	0	0	0	0
93	0	0	780	780	780	86	0	0	0	0
94	0	0	780	779	779	86	0	0	0	0
95	0	0	779	779	779	87	0	0	0	0
96	0	0	779	780	776	90	0	0	0	0
97	0	0	781	779	776	89	0	0	0	0
98	0	0	781	779	776	91	0	0	0	0
99	0	0	782	779	776	95	0	0	0	0
100	0	0	781	776	776	100	0	0	0	0
101	0	0	780	773	778	101	0	0	0	0
102	0	0	782	770	779	107	0	0	0	0
103	0	0	784	767	781	111	0	0	0	0
104	0	0	781	766	782	108	0	0	0	0
105	0	0	780	765	782	106	0	0	0	0
106	0	0	779	761	783	110	0	0	0	0
107	0	0	778	762	785	115	0	0	0	0
108	0	0	778	759	785	109	0	0	0	0
109	0	0	777	758	785	103	0	0	0	0
110	0	0	777	756	785	96	0	0	0	0
111	0	0	777	755	785	94	0	0	0	0
112	0	0	778	754	785	91	0	0	0	0
113	0	0	777	753	784	86	0	0	0	0
114	0	0	778	753	785	84	0	0	0	0
115	0	0	779	751	785	84	0	0	0	0
116	0	0	779	750	786	87	0	0	0	0
117	0	0	781	748	786	89	0	0	0	0
118	0	0	782	745	787	92	0	0	0	0
119	0	0	784	743	788	93	0	0	0	0
120	0	0	786	741	789	97	0	0	0	0
121	0	0	786	739	791	97	0	0	0	0
122	0	0	788	739	792	105	0	0	0	0
123	0	0	790	736	791	104	0	0	0	0
124	0	0	789	736	793	103	0	0	0	0
125	0	0	791	736	794	102	0	0	0	0
126	0	0	791	734	794	106	0	0	0	0
127	0	0	791	733	794	106	0	0	0	0
0	0	0	791	734	795	104	0	0	0	0
1	0	0	791	732	795	99	0	0	0	0
2	0	0	792	731	796	93	0	0	0	0
3	0	0	792	732	794	89	0	0	0	0
4	0	0	792	732	793	90	0	0	0	0
5	0	0	791	733	793	81	0	0	0	0
6	0	0	790	734	792	79	0	0	0	0
7	0	0	791	735	791	84	0	0	0	0
8	0	0	791	736	789	83	0	0	0	0
9	0	0	789	736	789	82	0	0	0	0
10	0	0	791	736	789	83	0	0	0	0
11	0	0	791	736	789	90	0	0	0	0
12	0	0	791	736	789	95	0	0	0	0
13	0	0	790	737	789	95	0	0	0	0
14	0	0	791	737	788	99	0	0	0	0
15	0	0	791	737	788	97	0	0	0	0
16	0	0	790	737	788	98	0	0	0	0
17	0	0	792	737	788	97	0	0	0	0
18	0	0	791	737	787	103	0	0	0	0
19	0	0	792	738	787	106	0	0	0	0
20	0	0	792	737	787	105	0	0	0	0
21	0	0	792	738	788	97	0	0	0	0
22	0	0	792	738	789	90	0	0	0	0
23	0	0	792	738	790	88	0	0	0	0
24	0	0	792	737	790	83	0	0	0	0
25	0	0	793	735	792	82	0	0	0	0
26	0	0	793	735	793	78	0	0	0	0
27	0	0	795	735	794	82	0	0	0	0
28	0	0	794	735	794	81	0	0	0	0
29	0	0	794	735	795	81	0	0	0	0
30	0	0	794	735	796	83	0	0	0	0
31	0	0	794	736	797	85	0	0	0	0
32	0	0	795	735	797	90	0	0	0	0
33	0	0	796	735	798	93	0	0	0	0
34	0	0	795	735	797	95	0	0	0	0
35	0	0	796	737	798	95	0	0	0	0
36	0	0	797	736	797	97	0	0	0	0
37	0	0	796	736	798	95	0	0	0	0
38	0	0	797	738	797	94	0	0	0	0
39	0	0	797	739	796	100	0	0	0	0
40	0	0	797	739	796	98	0	0	0	0
41	0	0	797	741	796	94	0	0	0	0
42	0	0	798	741	794	85	0	0	0	0
43	0	0	799	744	793	81	0	0	0	0
44	0	0	799	745	792	76	0	0	0	0
45	0	0	801	746	791	73	0	0	0	0
46	0	0	801	747	790	72	0	0	0	0
47	0	0	803	749	789	67	0	0	0	0
48	0	0	802	750	787	67	0	0	0	0
49	0	0	802	752	786	67	0	0	0	0
50	0	0	802	754	784	72	0	0	0	0
51	0	0	802	756	783	74	0	0	0	0
52	0	0	803	757	782	69	0	0	0	0
53	0	0	804	758	780	70	0	0	0	0
54	0	0	804	760	777	51	0	0	0	0
55	0	0	805	760	776	92	0	0	0	0
56	0	0	803	762	775	94	0	0	0	0
57	0	0	805	764	773	76	0	0	0	0
58	0	0	803	765	772	85	0	0	0	0
59	0	0	804	767	770	106	0	0	0	0
60	0	0	804	767	770	104	0	0	0	0
61	0	0	805	767	768	96	0	0	0	0
62	0	0	806	768	767	86	0	0	0	0
63	0	0	806	768	765	86	0	0	0	0
64	0	0	806	768	765	65	0	0	0	0
65	0	0	807	769	765	52	0	0	0	0
66	0	0	807	769	762	47	0	0	0	0
67	0	0	806	770	762	73	0	0	0	0
68	0	0	806	770	761	88	0	0	0	0
69	0	0	809	770	761	87	0	0	0	0
70	0	0	809	771	761	90	0	0	0	0
71	0	0	809	771	760	99	0	0	0	0
72	0	0	809	772	760	101	0	0	0	0
73	0	0	808	772	760	98	0	0	0	0
74	0	0	810	772	759	69	0	0	0	0
75	0	0	811	771	760	71	0	0	0	0
76	0	0	809	773	758	86	0	0	0	0
77	0	0	810	773	758	100	0	0	0	0
78	0	0	810	773	758	80	0	0	0	0
79	0	0	810	774	758	107	0	0	0	0
80	0	0	811	774	758	111	0	0	0	0
81	0	0	811	774	759	107	0	0	0	0
82	0	0	811	775	757	99	0	0	0	0
83	0	0	810	776	758	98	0	0	0	0
84	0	0	810	776	758	88	0	0	0	0
85	0	0	810	776	757	89	0	0	0	0
86	0	0	811	778	758	87	0	0	0	0
87	0	0	812	777	757	91	0	0	0	0
88	0	0	811	777	756	93	0	0	0	0
89	0	0	811	778	756	91	0	0	0	0
90	0	0	813	779	756	90	0	0	0	0
91	0	0	813	779	756	100	0	0	0	0
92	0	0	813	779	756	106	0	0	0	0
93	0	0	812	780	755	105	0	0	0	0
94	0	0	813	781	755	109	0	0	0	0
95	0	0	813	781	755	97	0	0	0	0
96	0	0	813	783	755	100	0	0	0	0
97	0	0	816	784	753	108	0	0	0	0
98	0	0	816	784	754	113	0	0	0	0
99	0	0	815	785	753	117	0	0	0	0
100	0	0	815	785	753	117	0	0	0	0
101	0	0	816	785	753	95	0	0	0	0
102	0	0	815	787	754	87	0	0	0	0
103	0	0	815	787	754	73	0	0	0	0
104	0	0	814	788	755	99	0	0	0	0
105	0	0	815	789	755	97	0	0	0	0
106	0	0	815	789	755	93	0	0	0	0
107	0	0	815	790	755	94	0	0	0	0
108	0	0	814	791	756	96	0	0	0	0
109	0	0	815	791	755	96	0	0	0	0
110	0	0	815	791	756	90	0	0	0	0
111	0	0	816	791	756	97	0	0	0	0
112	0	0	815	790	756	101	0	0	0	0
113	0	0	815	791	756	105	0	0	0	0
114	0	0	814	791	756	101	0	0	0	0
115	0	0	815	793	757	105	0	0	0	0
116	0	0	814	792	758	109	0	0	0	0
117	0	0	815	791	758	109	0	0	0	0
118	0	0	815	792	759	111	0	0	0	0
119	0	0	814	791	759	113	0	0	0	0
120	0	0	814	791	759	111	0	0	0	0
121	0	0	812	790	760	83	0	0	0	0
122	0	0	811	791	761	76	0	0	0	0
123	0	0	812	791	762	84	0	0	0	0
124	0	0	811	790	762	38	0	0	0	0
125	0	0	811	791	763	33	0	0	0	0
126	0	0	810	791	763	25	0	0	0	0
127	0	0	810	790	763	22	0	0	0	0
0	0	0	809	790	763	22	0	0	0	0
1	0	0	808	792	764	26	0	0	0	0
2	0	0	809	792	764	23	0	0	0	0
3	0	0	807	790	763	26	0	0	0	0
4	0	0	808	790	764	32	0	0	0	0
5	0	0	808	790	765	32	0	0	0	0
6	0	0	808	790	765	33	0	0	0	0
7	0	0	807	789	765	36	0	0	0	0
8	0	0	806	789	766	37	0	0	0	0
9	0	0	807	790	767	35	0	0	0	0
10	0	0	806	789	766	31	0	0	0	0
11	0	0	807	789	767	33	0	0	0	0
12	0	0	805	789	766	28	0	0	0	0
13	0	0	803	789	767	20	0	0	0	0
14	0	0	804	789	767	30	0	0	0	0
15	0	0	802	789	767	37	0	0	0	0
16	0	0	803	789	768	33	0	0	0	0
17	0	0	802	789	767	28	0	0	0	0
18	0	0	800	789	767	23	0	0	0	0
19	0	0	801	789	767	25	0	0	0	0
20	0	0	801	789	768	26	0	0	0	0
21	0	0	801	788	767	26	0	0	0	0
22	0	0	802	788	767	26	0	0	0	0
23	0	0	802	788	767	26	0	0	0	0
24	0	0	801	788	767	30	0	0	0	0
25	0	0	802	788	767	34	0	0	0	0
26	0	0	802	787	767	36	0	0	0	0
27	0	0	802	787	766	26	0	0	0	0
28	0	0	802	786	767	27	0	0	0	0
29	0	0	802	786	766	25	0	0	0	0
30	0	0	803	785	766	27	0	0	0	0
31	0	0	802	785	766	32	0	0	0	0
32	0	0	802	785	766	31	0	0	0	0
33	0	0	802	784	767	28	0	0	0	0
34	0	0	802	784	767	20	0	0	0	0
35	0	0	804	784	766	20	0	0	0	0
36	0	0	803	783	765	19	0	0	0	0
37	0	0	804	783	767	15	0	0	0	0
38	0	0	803	784	766	11	0	0	0	0
39	0	0	805	783	765	10	0	0	0	0
40	0	0	803	782	766	6	0	0	0	0
41	0	0	803	782	765	1	0	0	0	0
42	0	0	805	782	765	0	0	0	0	0
43	0	0	804	782	766	8	0	0	0	0
44	0	0	803	781	765	85	0	0	0	0
45	0	0	804	781	765	159	0	0	0	0
46	0	0	800	781	765	321	0	0	0	0
47	0	0	802	780	767	675	0	0	0	0
48	0	0	802	780	767	825	0	0	0	0
49	0	0	801	781	768	973	0	0	0	0
50	0	0	800	781	768	1122	0	0	0	0
51	0	0	800	782	769	1556	0	0	0	0
52	0	0	798	783	770	1829	0	0	0	0
53	0	0	796	783	772	1965	0	0	0	0
54	0	0	796	784	773	2120	0	0	0	0
55	0	0	794	786	773	2166	0	0	0	0
56	0	0	790	786	772	2168	0	0	0	0
57	0	0	786	786	772	2219	0	0	0	0
58	0	0	782	784	771	2199	0	0	0	0
59	0	0	776	785	771	2205	0	0	0	0
60	0	0	769	784	770	2215	0	0	0	0
61	0	0	763	782	773	2216	0	0	0	0
62	0	0	758	781	776	2233	0	0	0	0
63	0	0	755	780	779	2271	0	0	0	0
64	0	0	753	779	784	2253	0	0	0	0
65	0	0	752	779	786	2211	0	0	0	0
66	0	0	751	780	788	2187	0	0	0	0
67	0	0	750	779	789	2166	0	0	0	0
68	0	0	750	781	792	2120	0	0	0	0
69	0	0	751	781	795	1972	0	0	0	0
70	0	0	751	783	796	1904	0	0	0	0
71	0	0	752	786	798	1678	0	0	0	0
72	0	0	755	787	799	1531	0	0	0	0
73	0	0	755	791	803	1504	0	0	0	0
74	0	0	757	792	807	1358	0	0	0	0
75	0	0	755	795	809	1214	0	0	0	0
76	0	0	751	800	813	1167	0	0	0	0
77	0	0	744	810	827	1081	0	0	0	0
78	0	0	727	831	851	1027	0	0	0	0
79	0	0	693	862	880	889	0	0	0	0
80	0	0	647	906	916	783	0	0	0	0
81	0	0	591	966	956	741	0	0	0	0
82	0	0	526	1032	987	718	0	0	0	0
83	0	0	470	1090	992	677	0	0	0	0
84	0	0	405	1119	976	538	0	0	0	0
85	0	0	307	1112	946	472	0	0	0	0
86	0	0	210	1065	924	565	0	0	0	0
87	0	0	140	986	940	563	0	0	0	0
88	0	0	96	911	1008	513	0	0	0	0
89	0	0	70	849	1103	458	0	0	0	0
90	0	0	57	797	1200	325	0	0	0	0
91	0	0	65	762	1284	307	0	0	0	0
92	0	0	82	749	1354	329	0	0	0	0
93	0	0	111	760	1399	360	0	0	0	0
94	0	0	161	768	1415	321	0	0	0	0
95	0	0	252	761	1422	337	0	0	0	0
96	0	0	371	754	1427	383	0	0	0	0
97	0	0	499	767	1425	447	0	0	0	0
98	0	0	637	791	1416	551	0	0	0	0
99	0	0	763	811	1412	646	0	0	0	0
100	0	0	857	801	1392	809	0	0	0	0
101	0	0	925	769	1365	940	0	0	0	0
102	0	0	955	714	1341	1088	0	0	0	0
103	0	0	955	632	1312	1175	0	0	0	0
104	0	0	952	537	1282	1349	0	0	0	0
105	0	0	959	441	1249	1424	0	0	0	0
106	0	0	974	356	1195	1544	0	0	0	0
107	0	0	1001	282	1128	1588	0	0	0	0
108	0	0	1033	215	1062	1623	0	0	0	0
109	0	0	1059	167	999	1649	0	0	0	0
110	0	0	1074	133	944	1725	0	0	0	0
111	0	0	1095	113	907	1798	0	0	0	0
112	0	0	1122	97	877	1858	0	0	0	0
113	0	0	1124	81	853	1900	0	0	0	0
114	0	0	1155	58	863	1936	0	0	0	0
115	0	0	1196	45	879	1988	0	0	0	0
116	0	0	1224	37	896	1992	0	0	0	0
117	0	0	1229	32	892	2018	0	0	0	0
118	0	0	1217	29	881	2044	0	0	0	0
119	0	0	1175	26	880	2088	0	0	0	0
120	0	0	1122	27	876	2117	0	0	0	0
121	0	0	1068	28	870	2170	0	0	0	0
122	0	0	1014	29	871	2212	0	0	0	0
123	0	0	953	31	877	2236	0	0	0	0
124	0	0	915	29	884	2251	0	0	0	0
125	0	0	863	30	894	2257	0	0	0	0
126	0	0	803	30	906	2272	0	0	0	0
127	0	0	748	28	911	2283	0	0	0	0
0	0	0	696	35	914	2281	0	0	0	0
1	0	0	652	41	924	2273	0	0	0	0
2	0	0	615	46	939	2277	0	0	0	0
3	0	0	594	49	957	2291	0	0	0	0
4	0	0	582	47	980	2298	0	0	0	0
5	0	0	585	46	1008	2302	0	0	0	0
6	0	0	595	44	1035	2305	0	0	0	0
7	0	0	608	37	1057	2306	0	0	0	0
8	0	0	629	32	1083	2301	0	0	0	0
9	0	0	650	29	1112	2300	0	0	0	0
10	0	0	671	28	1135	2300	0	0	0	0
11	0	0	682	29	1162	2304	0	0	0	0
12	0	0	692	31	1191	2304	0	0	0	0
13	0	0	699	36	1218	2304	0	0	0	0
14	0	0	701	49	1238	2299	0	0	0	0
15	0	0	705	71	1257	2299	0	0	0	0
16	0	0	710	94	1271	2299	0	0	0	0
17	0	0	717	118	1277	2304	0	0	0	0
18	0	0	723	141	1278	2309	0	0	0	0
19	0	0	730	166	1271	2312	0	0	0	0
20	0	0	734	193	1263	2317	0	0	0	0
21	0	0	736	225	1248	2324	0	0	0	0
22	0	0	739	258	1232	2327	0	0	0	0
23	0	0	738	292	1213	2331	0	0	0	0
24	0	0	739	323	1193	2331	0	0	0	0
25	0	0	744	350	1174	2337	0	0	0	0
26	0	0	752	377	1153	2342	0	0	0	0
27	0	0	762	402	1131	2345	0	0	0	0
28	0	0	767	427	1108	2348	0	0	0	0
29	0	0	776	449	1086	2350	0	0	0	0
30	0	0	786	469	1067	2354	0	0	0	0
31	0	0	794	487	1050	2365	0	0	0	0
32	0	0	802	501	1037	2374	0	0	0	0
33	0	0	809	513	1025	2379	0	0	0	0
34	0	0	814	522	1012	2383	0	0	0	0
35	0	0	820	533	1000	2387	0	0	0	0
36	0	0	822	544	987	2393	0	0	0	0
37	0	0	825	555	973	2395	0	0	0	0
38	0	0	831	565	961	2398	0	0	0	0
39	0	0	835	573	948	2399	0	0	0	0
40	0	0	839	585	936	2400	0	0	0	0
41	0	0	850	590	922	2400	0	0	0	0
42	0	0	854	593	913	2398	0	0	0	0
43	0	0	859	596	905	2402	0	0	0	0
44	0	0	862	600	897	2403	0	0	0	0
45	0	0	862	602	892	2403	0	0	0	0
46	0	0	865	603	887	2402	0	0	0	0
47	0	0	867	598	881	2403	0	0	0	0
48	0	0	865	596	876	2402	0	0	0	0
49	0	0	864	598	868	2404	0	0	0	0
50	0	0	861	596	863	2404	0	0	0	0
51	0	0	855	597	856	2403	0	0	0	0
52	0	0	853	594	849	2403	0	0	0	0
53	0	0	851	593	842	2406	0	0	0	0
54	0	0	851	593	834	2401	0	0	0	0
55	0	0	852	595	828	2399	0	0	0	0
56	0	0	853	598	822	2397	0	0	0	0
57	0	0	853	601	815	2394	0	0	0	0
58	0	0	855	606	809	2395	0	0	0	0
59	0	0	857	610	803	2395	0	0	0	0
60	0	0	857	616	795	2395	0	0	0	0
61	0	0	859	623	790	2395	0	0	0	0
62	0	0	859	630	784	2395	0	0	0	0
63	0	0	859	638	780	2396	0	0	0	0
64	0	0	858	646	775	2398	0	0	0	0
65	0	0	856	652	771	2397	0	0	0	0
66	0	0	854	656	769	2395	0	0	0	0
67	0	0	854	660	769	2397	0	0	0	0
68	0	0	852	663	770	2398	0	0	0	0
69	0	0	850	665	770	2397	0	0	0	0
70	0	0	849	669	771	2396	0	0	0	0
71	0	0	846	672	773	2400	0	0	0	0
72	0	0	842	675	774	2400	0	0	0	0
73	0	0	838	675	776	2398	0	0	0	0
74	0	0	835	676	779	2396	0	0	0	0
75	0	0	834	676	781	2394	0	0	0	0
76	0	0	832	676	784	2394	0	0	0	0
77	0	0	829	674	786	2393	0	0	0	0
78	0	0	826	671	790	2395	0	0	0	0
79	0	0	825	670	793	2395	0	0	0	0
80	0	0	825	665	795	2394	0	0	0	0
81	0	0	823	663	797	2391	0	0	0	0
82	0	0	824	660	801	2389	0	0	0	0
83	0	0	823	659	805	2386	0	0	0	0
84	0	0	823	657	807	2381	0	0	0	0
85	0	0	820	657	809	2376	0	0	0	0
86	0	0	820	654	813	2368	0	0	0	0
87	0	0	819	652	817	2358	0	0	0	0
88	0	0	818	649	821	2362	0	0	0	1
89	0	0	818	644	827	2362	0	0	0	0
90	0	0	817	639	833	2358	0	0	0	0
91	0	0	815	635	838	2357	0	0	0	0
92	0	0	813	630	843	2355	0	0	0	0
93	0	0	809	625	846	2349	0	0	0	0
94	0	0	804	621	848	2341	0	0	0	0
95	0	0	801	617	853	2336	0	0	0	0
96	0	0	797	612	857	2323	0	0	0	0
97	0	0	797	608	861	2310	0	0	0	0
98	0	0	795	603	863	2299	0	0	0	0
99	0	0	792	598	866	2285	0	0	0	0
100	0	0	792	594	869	2275	0	0	0	0
101	0	0	790	590	871	2252	0	0	0	0
102	0	0	787	585	874	2264	0	0	0	0
103	0	0	783	582	877	2263	0	0	0	0
104	0	0	781	581	879	2245	0	0	0	0
105	0	0	776	577	880	2228	0	0	0	0
106	0	0	771	576	883	2207	0	0	0	0
107	0	0	767	575	886	2187	0	0	0	0
108	0	0	763	572	887	2170	0	0	0	0
109	0	0	761	571	890	2149	0	0	0	0
110	0	0	758	569	894	2132	0	0	0	0
111	0	0	757	568	897	2110	0	0	0	0
112	0	0	758	566	898	2099	0	0	0	0
113	0	0	759	565	901	2087	0	0	0	0
114	0	0	762	564	905	2074	0	0	0	0
115	0	0	764	564	907	2056	0	0	0	0
116	0	0	764	564	910	2035	0	0	0	0
117	0	0	767	562	912	2028	0	0	0	0
118	0	0	768	563	916	2028	0	0	0	0
119	0	0	770	563	918	2000	0	0	0	0
120	0	0	773	565	922	1980	0	0	0	0
121	0	0	775	565	925	1962	0	0	0	0
122	0	0	774	567	927	1936	0	0	0	0
123	0	0	774	568	929	1891	0	0	0	0
124	0	0	774	568	932	1865	0	0	0	0
125	0	0	773	569	934	1854	0	0	0	0
126	0	0	774	569	937	1834	0	0	0	0
127	0	0	772	570	940	1811	0	0	0	0
0	0	0	771	571	942	1791	0	0	0	0
1	0	0	769	571	945	1763	0	0	0	0
2	0	0	768	572	947	1734	0	0	0	0
3	0	0	767	573	950	1704	0	0	0	0
4	0	0	765	575	953	1681	0	0	0	0
5	0	0	764	577	954	1653	0	0	0	0
6	0	0	763	578	957	1629	0	0	0	0
7	0	0	762	581	958	1600	0	0	0	0
8	0	0	760	583	959	1579	0	0	0	0
9	0	0	760	585	960	1552	0	0	0	0
10	0	0	759	587	960	1534	0	0	0	0
11	0	0	759	589	960	1505	0	0	0	0
12	0	0	758	591	960	1478	0	0	0	0
13	0	0	759	594	958	1444	0	0	0	0
14	0	0	760	596	956	1434	0	0	0	0
15	0	0	760	598	954	1428	0	0	0	0
16	0	0	761	599	950	1374	0	0	0	0
17	0	0	761	599	947	1320	0	0	0	0
18	0	0	763	601	944	1297	0	0	0	0
19	0	0	764	601	940	1269	0	0	0	0
20	0	0	767	602	938	1239	0	0	0	0
21	0	0	769	603	933	1215	0	0	0	0
22	0	0	770	602	931	1209	0	0	0	0
23	0	0	771	604	927	1196	0	0	0	0
24	0	0	773	604	923	1181	0	0	0	0
25	0	0	775	606	920	1169	0	0	0	0
26	0	0	776	607	917	1157	0	0	0	0
27	0	0	779	609	914	1141	0	0	0	0
28	0	0	781	610	910	1117	0	0	0	0
29	0	0	782	610	906	1092	0	0	0	0
30	0	0	785	611	904	1077	0	0	0	0
31	0	0	785	611	901	1077	0	0	0	0
32	0	0	788	613	898	1053	0	0	0	0
33	0	0	791	614	895	1029	0	0	0	0
34	0	0	792	616	892	1004	0	0	0	0
35	0	0	792	617	888	970	0	0	0	0
36	0	0	793	620	884	966	0	0	0	0
37	0	0	795	621	881	945	0	0	0	0
38	0	0	796	624	879	912	0	0	0	0
39	0	0	797	627	874	884	0	0	0	0
40	0	0	797	628	871	845	0	0	0	0
41	0	0	796	631	868	786	0	0	0	0
42	0	0	799	634	865	723	0	0	0	0
43	0	0	798	636	861	734	0	0	0	0
44	0	0	798	638	858	699	0	0	0	0
45	0	0	798	640	854	701	0	0	0	0
46	0	0	798	642	851	673	0	0	0	0
47	0	0	798	645	849	660	0	0	0	0
48	0	0	797	647	844	621	0	0	0	0
49	0	0	797	649	841	597	0	0	0	0
50	0	0	797	652	839	535	0	0	0	0
51	0	0	796	654	836	517	0	0	0	0
52	0	0	797	655	832	507	0	0	0	0
53	0	0	795	657	829	507	0	0	0	0
54	0	0	794	658	825	454	0	0	0	0
55	0	0	795	661	824	425	0	0	0	0
56	0	0	794	663	822	427	0	0	0	0
57	0	0	794	664	819	416	0	0	0	0
58	0	0	792	666	817	411	0	0	0	0
59	0	0	792	668	816	380	0	0	0	0
60	0	0	790	669	813	373	0	0	0	0
61	0	0	791	672	811	355	0	0	0	0
62	0	0	789	672	810	333	0	0	0	0
63	0	0	788	675	809	348	0	0	0	0
64	0	0	788	677	807	353	0	0	0	0
65	0	0	787	678	805	336	0	0	0	0
66	0	0	786	680	803	341	0	0	0	0
67	0	0	786	682	801	297	0	0	0	0
68	0	0	785	685	800	239	0	0	0	0
69	0	0	783	687	798	256	0	0	0	0
70	0	0	785	689	798	286	0	0	0	0
71	0	0	784	692	797	279	0	0	0	0
72	0	0	782	695	796	238	0	0	0	0
73	0	0	781	697	794	236	0	0	0	0
74	0	0	781	699	794	240	0	0	0	0
75	0	0	780	703	794	264	0	0	0	0
76	0	0	779	706	792	221	0	0	0	0
77	0	0	778	707	793	212	0	0	0	0
78	0	0	778	713	791	207	0	0	0	0
79	0	0	776	716	790	203	0	0	0	0
80	0	0	775	719	789	202	0	0	0	0
81	0	0	775	721	789	196	0	0	0	0
82	0	0	775	726	788	198	0	0	0	0
83	0	0	774	727	786	200	0	0	0	0
84	0	0	772	731	785	204	0	0	0	0
85	0	0	771	733	785	208	0	0	0	0
86	0	0	769	735	783	206	0	0	0	0
87	0	0	767	737	784	207	0	0	0	0
88	0	0	768	741	783	209	0	0	0	0
89	0	0	767	742	783	202	0	0	0	0
90	0	0	768	745	783	207	0	0	0	0
91	0	0	767	747	783	210	0	0	0	0
92	0	0	767	749	782	222	0	0	0	0
93	0	0	767	751	782	207	0	0	0	0
94	0	0	767	754	781	207	0	0	0	0
95	0	0	766	757	781	204	0	0	0	0
96	0	0	767	760	781	229	0	0	0	0
97	0	0	768	761	780	237	0	0	0	0
98	0	0	768	763	779	277	0	0	0	0
99	0	0	768	765	778	271	0	0	0	0
100	0	0	768	767	778	250	0	0	0	0
101	0	0	767	768	777	207	0	0	0	0
102	0	0	768	768	777	221	0	0	0	0
103	0	0	767	774	776	230	0	0	0	0
104	0	0	767	776	775	225	0	0	0	0
105	0	0	766	779	774	219	0	0	0	0
106	0	0	767	782	774	198	0	0	0	0
107	0	0	767	785	773	176	0	0	0	0
108	0	0	767	787	771	160	0	0	0	0
109	0	0	767	789	771	160	0	0	0	0
110	0	0	767	793	770	164	0	0	0	0
111	0	0	767	796	769	171	0	0	0	0
112	0	0	767	799	768	172	0	0	0	0
113	0	0	770	800	767	174	0	0	0	0
114	0	0	770	803	766	179	0	0	0	0
115	0	0	770	805	766	175	0	0	0	0
116	0	0	771	806	766	183	0	0	0	0
117	0	0	774	808	766	192	0	0	0	0
118	0	0	775	809	766	182	0	0	0	0
119	0	0	775	809	766	178	0	0	0	0
120	0	0	776	811	766	200	0	0	0	0
121	0	0	778	811	766	200	0	0	0	0
122	0	0	779	812	766	238	0	0	0	0
123	0	0	781	813	767	252	0	0	0	0
124	0	0	782	814	767	263	0	0	0	0
125	0	0	784	814	768	277	0	0	0	0
126	0	0	785	813	768	278	0	0	0	0
127	0	0	786	813	770	272	0	0	0	0
0	0	0	788	813	771	284	0	0	0	0
1	0	0	788	814	772	285	0	0	0	0
2	0	0	787	813	773	277	0	0	0	0
3	0	0	788	812	775	279	0	0	0	0
4	0	0	790	810	777	261	0	0	0	0
5	0	0	792	809	777	282	0	0	0	0
6	0	0	792	808	781	278	0	0	0	0
7	0	0	792	807	783	244	0	0	0	0
8	0	0	793	806	786	245	0	0	0	0
9	0	0	794	803	787	234	0	0	0	0
10	0	0	794	801	788	232	0	0	0	0
11	0	0	795	798	790	231	0	0	0	0
12	0	0	796	798	793	225	0	0	0	0
13	0	0	796	797	794	248	0	0	0	0
14	0	0	796	795	797	257	0	0	0	0
15	0	0	798	794	799	251	0	0	0	0
16	0	0	797	794	801	243	0	0	0	0
17	0	0	797	792	803	243	0	0	0	0
18	0	0	796	790	805	247	0	0	0	0
19	0	0	796	789	807	251	0	0	0	0
20	0	0	795	787	809	246	0	0	0	0
21	0	0	795	783	811	236	0	0	0	0
22	0	0	796	782	814	232	0	0	0	0
23	0	0	797	779	816	251	0	0	0	0
24	0	0	796	776	818	282	0	0	0	0
25	0	0	797	773	820	287	0	0	0	0
26	0	0	796	770	823	281	0	0	0	0
27	0	0	795	768	825	273	0	0	0	0
28	0	0	796	765	826	282	0	0	0	0
29	0	0	796	763	828	271	0	0	0	0
30	0	0	796	759	830	271	0	0	0	0
31	0	0	794	756	832	279	0	0	0	0
32	0	0	793	753	834	282	0	0	0	0
33	0	0	793	750	835	274	0	0	0	0
34	0	0	792	747	836	272	0	0	0	0
35	0	0	793	744	838	271	0	0	0	0
36	0	0	791	740	839	259	0	0	0	0
37	0	0	792	739	841	274	0	0	0	0
38	0	0	792	737	842	279	0	0	0	0
39	0	0	788	734	843	259	0	0	0	0
40	0	0	787	731	845	246	0	0	0	0
41	0	0	786	729	847	252	0	0	0	0
42	0	0	783	726	849	270	0	0	0	0
43	0	0	783	723	851	285	0	0	0	0
44	0	0	782	721	854	267	0	0	0	0
45	0	0	780	716	856	268	0	0	0	0
46	0	0	778	713	858	271	0	0	0	0
47	0	0	776	710	860	283	0	0	0	0
48	0	0	778	705	861	287	0	0	0	0
49	0	0	774	700	865	285	0	0	0	0
50	0	0	774	697	868	287	0	0	0	0
51	0	0	774	693	869	289	0	0	0	0
52	0	0	773	689	871	285	0	0	0	0
53	0	0	774	686	872	269	0	0	0	0
54	0	0	773	682	874	264	0	0	0	0
55	0	0	774	679	876	261	0	0	0	0
56	0	0	771	676	877	261	0	0	0	0
57	0	0	771	673	879	260	0	0	0	0
58	0	0	771	670	880	268	0	0	0	0
59	0	0	771	666	883	273	0	0	0	0
60	0	0	771	663	884	269	0	0	0	0
61	0	0	772	659	885	286	0	0	0	0
62	0	0	771	658	886	302	0	0	0	0
63	0	0	770	654	889	306	0	0	0	0
64	0	0	770	650	889	284	0	0	0	0
65	0	0	770	647	890	274	0	0	0	0
66	0	0	771	643	891	299	0	0	0	0
67	0	0	771	641	892	332	0	0	0	0
68	0	0	769	636	893	335	0	0	0	0
69	0	0	769	633	894	334	0	0	0	0
70	0	0	769	628	897	338	0	0	0	0
71	0	0	768	624	896	343	0	0	0	0
72	0	0	768	621	897	329	0	0	0	0
73	0	0	768	618	899	335	0	0	0	0
74	0	0	767	614	898	339	0	0	0	0
75	0	0	767	612	900	342	0	0	0	0
76	0	0	766	606	899	378	0	0	0	0
77	0	0	765	602	900	379	0	0	0	0
78	0	0	764	601	901	381	0	0	0	0
79	0	0	764	598	901	400	0	0	0	0
80	0	0	764	595	902	418	0	0	0	0
81	0	0	763	593	903	419	0	0	0	0
82	0	0	762	590	902	396	0	0	0	0
83	0	0	763	588	902	379	0	0	0	0
84	0	0	762	586	902	396	0	0	0	0
85	0	0	762	584	901	440	0	0	0	0
86	0	0	762	582	901	464	0	0	0	0
87	0	0	763	581	901	457	0	0	0	0
88	0	0	765	579	901	528	0	0	0	0
89	0	0	764	579	900	558	0	0	0	0
90	0	0	763	578	900	569	0	0	0	0
91	0	0	764	577	899	562	0	0	0	0
92	0	0	764	577	898	540	0	0	0	0
93	0	0	763	576	897	530	0	0	0	0
94	0	0	764	576	896	510	0	0	0	0
95	0	0	763	577	895	498	0	0	0	0
96	0	0	764	579	894	499	0	0	0	0
97	0	0	764	579	893	501	0	0	0	0
98	0	0	765	580	892	509	0	0	0	0
99	0	0	766	581	891	502	0	0	0	0
100	0	0	766	582	890	525	0	0	0	0
101	0	0	767	584	888	540	0	0	0	0
102	0	0	767	586	887	531	0	0	0	0
103	0	0	768	587	886	528	0	0	0	0
104	0	0	768	590	886	517	0	0	0	0
105	0	0	769	591	885	514	0	0	0	0
106	0	0	769	592	884	517	0	0	0	0
107	0	0	771	594	884	529	0	0	0	0
108	0	0	772	597	883	546	0	0	0	0
109	0	0	772	599	881	553	0	0	0	0
110	0	0	772	600	881	553	0	0	0	0
111	0	0	773	603	881	550	0	0	0	0
112	0	0	772	604	880	553	0	0	0	0
113	0	0	775	607	881	550	0	0	0	0
114	0	0	777	609	880	545	0	0	0	0
115	0	0	777	611	879	548	0	0	0	0
116	0	0	779	615	879	531	0	0	0	0
117	0	0	780	617	877	536	0	0	0	0
118	0	0	781	620	877	565	0	0	0	0
119	0	0	782	622	877	562	0	0	0	0
120	0	0	782	623	876	559	0	0	0	0
121	0	0	783	624	875	554	0	0	0	0
122	0	0	785	625	874	565	0	0	0	0
123	0	0	785	629	872	555	0	0	0	0
124	0	0	787	631	872	558	0	0	0	0
125	0	0	786	633	871	551	0	0	0	0
126	0	0	787	635	870	544	0	0	0	0
127	0	0	787	637	869	548	0	0	0	0
0	0	0	788	638	867	545	0	0	0	0
1	0	0	789	640	866	540	0	0	0	0
2	0	0	789	642	865	536	0	0	0	0
3	0	0	789	642	863	542	0	0	0	0
4	0	0	790	644	863	541	0	0	0	0
5	0	0	790	646	861	533	0	0	0	0
6	0	0	790	647	859	528	0	0	0	0
7	0	0	790	648	859	537	0	0	0	0
8	0	0	791	649	858	547	0	0	0	0
9	0	0	792	651	856	556	0	0	0	0
10	0	0	790	653	854	559	0	0	0	0
11	0	0	791	654	853	567	0	0	0	0
12	0	0	790	655	853	580	0	0	0	0
13	0	0	790	657	852	575	0	0	0	0
14	0	0	791	658	850	570	0	0	0	0
15	0	0	791	660	849	571	0	0	0	0
16	0	0	792	661	848	571	0	0	0	0
17	0	0	792	662	848	566	0	0	0	0
18	0	0	793	664	848	564	0	0	0	0
19	0	0	792	665	846	562	0	0	0	0
20	0	0	792	666	845	560	0	0	0	0
21	0	0	791	668	845	571	0	0	0	0
22	0	0	790	668	844	565	0	0	0	0
23	0	0	792	669	845	559	0	0	0	0
24	0	0	791	666	843	561	0	0	0	0
25	0	0	792	669	843	559	0	0	0	0
26	0	0	792	671	843	558	0	0	0	0
27	0	0	791	671	842	562	0	0	0	0
28	0	0	792	672	842	563	0	0	0	0
29	0	0	791	672	841	563	0	0	0	0
30	0	0	792	672	841	559	0	0	0	0
31	0	0	793	674	841	569	0	0	0	0
32	0	0	792	674	841	559	0	0	0	0
33	0	0	792	675	841	566	0	0	0	0
34	0	0	792	674	841	560	0	0	0	0
35	0	0	790	675	841	564	0	0	0	0
36	0	0	791	675	841	565	0	0	0	0
37	0	0	789	675	842	565	0	0	0	0
38	0	0	790	676	842	571	0	0	0	0
39	0	0	789	676	841	572	0	0	0	0
40	0	0	789	676	842	585	0	0	0	0
41	0	0	789	677	842	582	0	0	0	0
42	0	0	789	677	842	593	0	0	0	0
43	0	0	790	677	842	598	0	0	0	0
44	0	0	789	677	842	600	0	0	0	0
45	0	0	789	678	842	598	0	0	0	0
46	0	0	790	678	843	592	0	0	0	0
47	0	0	789	678	842	598	0	0	0	0
48	0	0	790	679	842	600	0	0	0	0
49	0	0	791	679	842	602	0	0	0	0
50	0	0	790	679	843	605	0	0	0	0
51	0	0	790	679	843	607	0	0	0	0
52	0	0	789	679	843	605	0	0	0	0
53	0	0	790	679	843	611	0	0	0	0
54	0	0	789	678	843	613	0	0	0	0
55	0	0	790	678	843	613	0	0	0	0
56	0	0	790	678	843	615	0	0	0	0
57	0	0	789	678	843	612	0	0	0	0
58	0	0	789	677	843	625	0	0	0	0
59	0	0	789	676	844	642	0	0	0	0
60	0	0	789	676	844	663	0	0	0	0
61	0	0	789	676	844	659	0	0	0	0
62	0	0	789	675	844	651	0	0	0	0
63	0	0	789	674	844	637	0	0	0	0
64	0	0	788	674	844	645	0	0	0	0
65	0	0	789	673	845	647	0	0	0	0
66	0	0	789	672	845	636	0	0	0	0
67	0	0	787	672	846	629	0	0	0	0
68	0	0	788	670	846	655	0	0	0	0
69	0	0	787	670	846	657	0	0	0	0
70	0	0	788	670	847	657	0	0	0	0
71	0	0	787	667	846	659	0	0	0	0
72	0	0	786	667	846	671	0	0	0	0
73	0	0	786	666	847	676	0	0	0	0
74	0	0	786	665	846	674	0	0	0	0
75	0	0	786	664	847	670	0	0	0	0
76	0	0	786	664	847	672	0	0	0	0
77	0	0	786	663	847	662	0	0	0	0
78	0	0	786	661	847	647	0	0	0	0
79	0	0	786	661	847	643	0	0	0	0
80	0	0	786	659	847	650	0	0	0	0
81	0	0	785	659	847	653	0	0	0	0
82	0	0	785	658	847	674	0	0	0	0
83	0	0	785	658	847	686	0	0	0	0
84	0	0	783	656	846	697	0	0	0	0
85	0	0	784	655	846	701	0	0	0	0
86	0	0	784	656	846	693	0	0	0	0
87	0	0	784	655	847	695	0	0	0	0
88	0	0	783	654	846	705	0	0	0	0
89	0	0	783	654	845	712	0	0	0	0
90	0	0	782	653	845	716	0	0	0	0
91	0	0	783	653	846	721	0	0	0	0
92	0	0	783	652	846	716	0	0	0	0
93	0	0	783	651	846	714	0	0	0	0
94	0	0	783	651	845	713	0	0	0	0
95	0	0	783	651	845	726	0	0	0	0
96	0	0	782	651	846	733	0	0	0	0
97	0	0	782	651	845	728	0	0	0	0
98	0	0	781	650	845	719	0	0	0	0
99	0	0	781	649	845	728	0	0	0	0
100	0	0	781	647	845	731	0	0	0	0
101	0	0	781	649	845	748	0	0	0	0
102	0	0	781	649	845	753	0	0	0	0
103	0	0	781	648	845	749	0	0	0	0
104	0	0	783	647	846	751	0	0	0	0
105	0	0	783	647	845	749	0	0	0	0
106	0	0	780	648	846	752	0	0	0	0
107	0	0	781	647	846	754	0	0	0	0
108	0	0	782	647	847	759	0	0	0	0
109	0	0	782	647	847	761	0	0	0	0
110	0	0	782	648	847	763	0	0	0	0
111	0	0	781	647	848	760	0	0	0	0
112	0	0	781	646	848	752	0	0	0	0
113	0	0	781	646	848	757	0	0	0	0
114	0	0	781	646	848	764	0	0	0	0
115	0	0	781	646	850	776	0	0	0	0
116	0	0	782	646	849	782	0	0	0	0
117	0	0	780	645	850	781	0	0	0	0
118	0	0	781	645	850	783	0	0	0	0
119	0	0	780	645	851	785	0	0	0	0
120	0	0	780	646	851	787	0	0	0	0
121	0	0	781	646	851	778	0	0	0	0
122	0	0	779	646	851	780	0	0	0	0
123	0	0	779	646	852	777	0	0	0	0
124	0	0	779	647	853	803	0	0	0	0
125	0	0	779	647	853	818	0	0	0	0
126	0	0	778	647	854	813	0	0	0	0
127	0	0	779	646	855	826	0	0	0	0
0	0	0	779	646	855	830	0	0	0	0
1	0	0	778	647	855	836	0	0	0	0
2	0	0	779	646	856	836	0	0	0	0
3	0	0	778	647	856	836	0	0	0	0
4	0	0	778	647	857	831	0	0	0	0
5	0	0	777	648	858	837	0	0	0	0
6	0	0	777	646	858	855	0	0	0	0
7	0	0	778	649	858	874	0	0	0	0
8	0	0	777	649	859	881	0	0	0	0
9	0	0	778	649	859	888	0	0	0	0
10	0	0	777	649	859	891	0	0	0	0
11	0	0	778	649	860	897	0	0	0	0
12	0	0	779	650	861	899	0	0	0	0
13	0	0	778	650	862	902	0	0	0	0
14	0	0	778	651	863	903	0	0	0	0
15	0	0	779	651	863	908	0	0	0	0
16	0	0	779	652	864	907	0	0	0	0
17	0	0	779	653	863	911	0	0	0	0
18	0	0	779	652	863	911	0	0	0	0
19	0	0	779	653	865	923	0	0	0	0
20	0	0	780	654	865	922	0	0	0	0
21	0	0	778	654	864	925	0	0	0	0
22	0	0	780	655	865	925	0	0	0	0
23	0	0	781	655	865	927	0	0	0	0
24	0	0	780	657	865	931	0	0	0	0
25	0	0	780	657	866	930	0	0	0	0
26	0	0	780	657	866	928	0	0	0	0
27	0	0	780	658	866	930	0	0	0	0
28	0	0	781	658	867	936	0	0	0	0
29	0	0	780	659	867	932	0	0	0	0
30	0	0	780	659	867	933	0	0	0	0
31	0	0	781	660	868	945	0	0	0	0
32	0	0	781	661	868	951	0	0	0	0
33	0	0	781	662	867	965	0	0	0	0
34	0	0	781	664	868	963	0	0	0	0
35	0	0	781	663	868	966	0	0	0	0
36	0	0	781	663	869	975	0	0	0	0
37	0	0	782	663	868	981	0	0	0	0
38	0	0	781	664	869	986	0	0	0	0
39	0	0	781	666	870	996	0	0	0	0
40	0	0	781	665	869	998	0	0	0	0
41	0	0	781	666	869	1001	0	0	0	0
42	0	0	781	667	869	1003	0	0	0	0
43	0	0	781	667	869	1005	0	0	0	0
44	0	0	782	668	869	1003	0	0	0	0
45	0	0	782	668	870	1007	0	0	0	0
46	0	0	782	668	868	1009	0	0	0	0
47	0	0	782	669	868	1013	0	0	0	0
48	0	0	783	671	867	1013	0	0	0	0
49	0	0	782	670	868	1009	0	0	0	0
50	0	0	783	670	868	1011	0	0	0	0
51	0	0	783	671	868	1018	0	0	0	0
52	0	0	783	671	868	1018	0	0	0	0
53	0	0	784	671	867	1017	0	0	0	0
54	0	0	783	672	868	1015	0	0	0	0
55	0	0	782	672	867	1015	0	0	0	0
56	0	0	784	673	868	1017	0	0	0	0
57	0	0	785	673	867	1018	0	0	0	0
58	0	0	785	673	866	1013	0	0	0	0
59	0	0	785	674	867	1015	0	0	0	0
60	0	0	785	675	866	1020	0	0	0	0
61	0	0	785	674	867	1016	0	0	0	0
62	0	0	786	674	866	1016	0	0	0	0
63	0	0	786	675	866	1012	0	0	0	0
64	0	0	785	676	865	1015	0	0	0	0
65	0	0	786	675	865	1023	0	0	0	0
66	0	0	785	675	864	1019	0	0	0	0
67	0	0	786	675	864	1014	0	0	0	0
68	0	0	785	675	863	1013	0	0	0	0
69	0	0	786	674	863	1013	0	0	0	0
70	0	0	789	676	862	1017	0	0	0	0
71	0	0	787	675	863	1020	0	0	0	0
72	0	0	788	676	862	1023	0	0	0	0
73	0	0	787	675	861	1029	0	0	0	0
74	0	0	788	676	862	1031	0	0	0	0
75	0	0	787	676	861	1030	0	0	0	0
76	0	0	787	676	860	1024	0	0	0	0
77	0	0	788	676	860	1025	0	0	0	0
78	0	0	787	677	859	1020	0	0	0	0
79	0	0	787	676	859	1018	0	0	0	0
80	0	0	787	677	858	1020	0	0	0	0
81	0	0	787	676	858	1022	0	0	0	0
82	0	0	787	676	857	1023	0	0	0	0
83	0	0	786	675	857	1023	0	0	0	0
84	0	0	785	676	857	1029	0	0	0	0
85	0	0	786	675	856	1031	0	0	0	0
86	0	0	787	673	856	1027	0	0	0	0
87	0	0	786	675	856	1027	0	0	0	0
88	0	0	786	674	854	1030	0	0	0	0
89	0	0	785	674	855	1028	0	0	0	0
90	0	0	786	674	854	1029	0	0	0	0
91	0	0	786	673	854	1029	0	0	0	0
92	0	0	785	673	854	1033	0	0	0	0
93	0	0	785	673	853	1033	0	0	0	0
94	0	0	784	673	852	1031	0	0	0	0
95	0	0	783	672	851	1028	0	0	0	0
96	0	0	784	671	850	1030	0	0	0	0
97	0	0	783	672	850	1029	0	0	0	0
98	0	0	782	671	850	1027	0	0	0	0
99	0	0	783	671	849	1027	0	0	0	0
100	0	0	782	669	849	1025	0	0	0	0
101	0	0	782	669	848	1023	0	0	0	0
102	0	0	783	669	848	1021	0	0	0	0
103	0	0	783	668	848	1017	0	0	0	0
104	0	0	783	669	847	1023	0	0	0	0
105	0	0	782	667	846	1023	0	0	0	0
106	0	0	782	667	846	1023	0	0	0	0
107	0	0	780	667	846	1027	0	0	0	0
108	0	0	780	665	845	1029	0	0	0	0
109	0	0	780	666	844	1028	0	0	0	0
110	0	0	782	665	845	1030	0	0	0	0
111	0	0	780	665	843	1034	0	0	0	0
112	0	0	781	664	844	1034	0	0	0	0
113	0	0	781	663	843	1032	0	0	0	0
114	0	0	780	663	843	1028	0	0	0	0
115	0	0	779	662	843	1031	0	0	0	0
116	0	0	779	662	843	1034	0	0	0	0
117	0	0	780	662	843	1036	0	0	0	0
118	0	0	779	662	843	1036	0	0	0	0
119	0	0	779	661	842	1027	0	0	0	0
120	0	0	779	661	841	1027	0	0	0	0
121	0	0	779	661	841	1022	0	0	0	0
122	0	0	779	660	842	1027	0	0	0	0
123	0	0	780	660	842	1028	0	0	0	0
124	0	0	780	659	841	1033	0	0	0	0
125	0	0	779	659	840	1037	0	0	0	0
126	0	0	779	659	841	1040	0	0	0	0
127	0	0	777	659	842	1042	0	0	0	0
0	0	0	779	658	841	1046	0	0	0	0
1	0	0	779	658	841	1048	0	0	0	0
2	0	0	779	657	841	1031	0	0	0	0
3	0	0	780	656	841	1038	0	0	0	0
4	0	0	780	657	841	1046	0	0	0	0
5	0	0	780	657	841	1049	0	0	0	0
6	0	0	780	656	842	1039	0	0	0	0
7	0	0	779	656	841	1039	0	0	0	0
8	0	0	779	656	843	1046	0	0	0	0
9	0	0	778	656	842	1045	0	0	0	0
10	0	0	779	656	843	1047	0	0	0	0
11	0	0	778	655	843	1051	0	0	0	0
12	0	0	777	655	843	1053	0	0	0	0
13	0	0	777	655	844	1054	0	0	0	0
14	0	0	777	654	843	1059	0	0	0	0
15	0	0	779	655	843	1060	0	0	0	0
16	0	0	777	655	844	1062	0	0	0	0
17	0	0	778	655	845	1065	0	0	0	0
18	0	0	778	654	844	1065	0	0	0	0
19	0	0	776	655	845	1066	0	0	0	0
20	0	0	777	655	846	1068	0	0	0	0
21	0	0	776	655	845	1067	0	0	0	0
22	0	0	777	655	846	1066	0	0	0	0
23	0	0	776	655	846	1072	0	0	0	0
24	0	0	777	654	846	1068	0	0	0	0
25	0	0	778	655	847	1070	0	0	0	0
26	0	0	777	654	847	1068	0	0	0	0
27	0	0	778	655	848	1063	0	0	0	0
28	0	0	776	655	848	1065	0	0	0	0
29	0	0	777	655	849	1062	0	0	0	0
30	0	0	777	655	850	1059	0	0	0	0
31	0	0	778	655	850	1062	0	0	0	0
32	0	0	777	655	850	1061	0	0	0	0
33	0	0	778	655	851	1062	0	0	0	0
34	0	0	778	655	851	1065	0	0	0	0
35	0	0	778	656	851	1066	0	0	0	0
36	0	0	779	656	851	1067	0	0	0	0
37	0	0	778	656	852	1065	0	0	0	0
38	0	0	779	656	853	1068	0	0	0	0
39	0	0	778	656	853	1066	0	0	0	0
40	0	0	779	657	854	1062	0	0	0	0
41	0	0	779	656	854	1061	0	0	0	0
42	0	0	779	656	854	1064	0	0	0	0
43	0	0	779	657	855	1063	0	0	0	0
44	0	0	778	657	855	1063	0	0	0	0
45	0	0	779	657	855	1060	0	0	0	0
46	0	0	778	657	855	1057	0	0	0	0
47	0	0	779	657	856	1061	0	0	0	0
48	0	0	779	656	857	1064	0	0	0	0
49	0	0	779	658	856	1065	0	0	0	0
50	0	0	779	659	857	1061	0	0	0	0
51	0	0	779	659	857	1060	0	0	0	0
52	0	0	778	658	857	1062	0	0	0	0
53	0	0	778	659	858	1055	0	0	0	0
54	0	0	778	660	857	1059	0	0	0	0
55	0	0	779	660	858	1059	0	0	0	0
56	0	0	780	660	857	1059	0	0	0	0
57	0	0	779	661	858	1061	0	0	0	0
58	0	0	780	661	858	1063	0	0	0	0
59	0	0	781	662	859	1065	0	0	0	0
60	0	0	783	661	859	1066	0	0	0	0
