# bioPlux Text File Format
# Version: 1
# StartDateTime: 2012-03-20 11:47:25
# SamplingFrequency: 1000
# SampledChannels: 1 2 3 4 5 6 7 8
# SamplingResolution: 12
# AcquiringDevice: 00:07:80:93:66:BE
# EndOfHeader
0	0	0	1142	437	697	1368	0	0	0	0
1	0	0	1159	443	693	1384	0	0	0	0
2	0	0	1172	440	690	1388	0	0	0	0
3	0	0	1176	434	694	1394	0	0	0	0
4	0	0	1166	418	704	1427	0	0	0	0
5	0	0	1151	382	711	1433	0	0	0	0
6	0	0	1126	342	728	1473	0	0	0	0
7	0	0	1090	301	752	1505	0	0	0	0
8	0	0	1056	254	773	1521	0	0	0	0
9	0	0	1022	208	790	1546	0	0	0	0
10	0	0	989	170	806	1560	0	0	0	0
11	0	0	961	133	816	1577	0	0	0	0
12	0	0	945	94	835	1573	0	0	0	0
13	0	0	929	65	851	1582	0	0	0	0
14	0	0	916	49	866	1584	0	0	0	0
15	0	0	905	39	876	1580	0	0	0	0
16	0	0	901	34	884	1589	0	0	0	0
17	0	0	899	30	892	1593	0	0	0	0
18	0	0	902	26	896	1597	0	0	0	0
19	0	0	911	27	896	1616	0	0	0	0
20	0	0	926	28	897	1625	0	0	0	0
21	0	0	941	41	893	1631	0	0	0	0
22	0	0	956	65	886	1626	0	0	0	0
23	0	0	974	90	880	1609	0	0	0	0
24	0	0	986	116	873	1606	0	0	0	0
25	0	0	999	144	865	1593	0	0	0	0
26	0	0	1014	175	858	1598	0	0	0	0
27	0	0	1026	210	850	1595	0	0	0	0
28	0	0	1036	242	842	1596	0	0	0	0
29	0	0	1043	274	835	1592	0	0	0	0
30	0	0	1048	303	829	1598	0	0	0	0
31	0	0	1049	329	824	1584	0	0	0	0
32	0	0	1050	352	819	1582	0	0	0	0
33	0	0	1047	370	813	1580	0	0	0	0
34	0	0	1045	387	805	1589	0	0	0	0
35	0	0	1039	401	794	1589	0	0	0	0
36	0	0	1031	412	784	1594	0	0	0	0
37	0	0	1021	419	774	1592	0	0	0	0
38	0	0	1009	427	765	1590	0	0	0	0
39	0	0	994	434	754	1618	0	0	0	0
40	0	0	981	440	746	1628	0	0	0	0
41	0	0	966	449	736	1614	0	0	0	0
42	0	0	953	457	730	1607	0	0	0	0
43	0	0	943	467	725	1606	0	0	0	0
44	0	0	933	480	720	1595	0	0	0	0
45	0	0	926	494	714	1579	0	0	0	0
46	0	0	923	508	709	1566	0	0	0	0
47	0	0	926	529	705	1562	0	0	0	0
48	0	0	929	547	703	1559	0	0	0	0
49	0	0	934	563	701	1560	0	0	0	0
50	0	0	940	580	701	1565	0	0	0	0
51	0	0	946	596	703	1557	0	0	0	0
52	0	0	950	611	708	1544	0	0	0	0
53	0	0	954	624	715	1540	0	0	0	0
54	0	0	956	633	724	1529	0	0	0	0
55	0	0	956	640	732	1533	0	0	0	0
56	0	0	950	648	739	1521	0	0	0	0
57	0	0	945	651	746	1517	0	0	0	0
58	0	0	937	653	756	1520	0	0	0	0
59	0	0	927	654	765	1523	0	0	0	0
60	0	0	914	655	775	1516	0	0	0	0
61	0	0	905	654	785	1510	0	0	0	0
62	0	0	894	651	796	1499	0	0	0	0
63	0	0	886	649	804	1491	0	0	0	0
64	0	0	881	647	810	1487	0	0	0	0
65	0	0	877	644	814	1478	0	0	0	0
66	0	0	876	643	816	1482	0	0	0	0
67	0	0	879	640	818	1473	0	0	0	0
68	0	0	883	636	817	1466	0	0	0	0
69	0	0	888	633	817	1466	0	0	0	0
70	0	0	893	628	814	1466	0	0	0	0
71	0	0	899	630	810	1468	0	0	0	0
72	0	0	906	627	806	1465	0	0	0	0
73	0	0	912	626	803	1467	0	0	0	0
74	0	0	918	623	799	1456	0	0	0	0
75	0	0	923	620	794	1435	0	0	0	0
76	0	0	928	617	790	1428	0	0	0	0
77	0	0	930	614	788	1423	0	0	0	0
78	0	0	934	608	786	1415	0	0	0	0
79	0	0	937	603	784	1411	0	0	0	0
80	0	0	938	597	784	1408	0	0	0	0
81	0	0	938	591	782	1393	0	0	0	0
82	0	0	940	585	782	1375	0	0	0	0
83	0	0	942	579	782	1377	0	0	0	0
84	0	0	943	571	783	1371	0	0	0	0
85	0	0	943	563	786	1366	0	0	0	0
86	0	0	944	558	789	1361	0	0	0	0
87	0	0	945	552	791	1333	0	0	0	0
88	0	0	943	548	794	1313	0	0	0	0
89	0	0	942	544	799	1308	0	0	0	0
90	0	0	940	540	804	1296	0	0	0	0
91	0	0	939	536	809	1285	0	0	0	0
92	0	0	937	532	814	1270	0	0	0	0
93	0	0	938	524	820	1260	0	0	0	0
94	0	0	940	517	827	1245	0	0	0	0
95	0	0	939	512	831	1249	0	0	0	0
96	0	0	939	508	837	1247	0	0	0	0
97	0	0	937	505	841	1243	0	0	0	0
98	0	0	933	501	845	1236	0	0	0	0
99	0	0	931	500	849	1236	0	0	0	0
100	0	0	929	495	850	1230	0	0	0	0
101	0	0	928	495	853	1223	0	0	0	0
102	0	0	920	495	857	1213	0	0	0	0
103	0	0	911	492	858	1209	0	0	0	0
104	0	0	905	497	857	1220	0	0	0	0
105	0	0	894	501	858	1201	0	0	0	0
106	0	0	892	505	856	1170	0	0	0	0
107	0	0	886	505	856	1151	0	0	0	0
108	0	0	882	504	857	1131	0	0	0	0
109	0	0	876	502	859	1126	0	0	0	0
110	0	0	870	501	860	1104	0	0	0	0
111	0	0	863	503	859	1078	0	0	0	0
112	0	0	860	506	858	1054	0	0	0	0
113	0	0	856	507	858	1013	0	0	0	0
114	0	0	856	508	856	978	0	0	0	0
115	0	0	852	510	857	928	0	0	0	0
116	0	0	850	514	858	911	0	0	0	0
117	0	0	847	516	859	907	0	0	0	0
118	0	0	844	516	860	896	0	0	0	0
119	0	0	840	518	861	883	0	0	0	0
120	0	0	838	519	861	883	0	0	0	0
121	0	0	836	522	864	870	0	0	0	0
122	0	0	838	525	864	850	0	0	0	0
123	0	0	835	526	866	833	0	0	0	0
124	0	0	832	526	868	830	0	0	0	0
125	0	0	832	528	870	829	0	0	0	0
126	0	0	830	528	870	804	0	0	0	0
127	0	0	826	528	872	777	0	0	0	0
0	0	0	825	529	872	763	0	0	0	0
1	0	0	822	532	871	751	0	0	0	0
2	0	0	817	533	871	742	0	0	0	0
3	0	0	821	537	869	735	0	0	0	0
4	0	0	821	538	867	728	0	0	0	0
5	0	0	819	540	865	731	0	0	0	0
6	0	0	815	542	865	731	0	0	0	0
7	0	0	815	547	863	725	0	0	0	0
8	0	0	818	550	860	718	0	0	0	0
9	0	0	819	554	858	699	0	0	0	0
10	0	0	818	558	857	682	0	0	0	0
11	0	0	819	560	856	681	0	0	0	0
12	0	0	822	563	854	649	0	0	0	0
13	0	0	823	569	853	626	0	0	0	0
14	0	0	826	571	849	619	0	0	0	0
15	0	0	823	574	848	621	0	0	0	0
16	0	0	822	580	845	625	0	0	0	0
17	0	0	827	586	842	630	0	0	0	0
18	0	0	826	594	839	610	0	0	0	0
19	0	0	828	601	839	597	0	0	0	0
20	0	0	830	604	833	573	0	0	0	0
21	0	0	830	610	832	539	0	0	0	0
22	0	0	830	615	828	548	0	0	0	0
23	0	0	832	622	825	541	0	0	0	0
24	0	0	830	629	823	548	0	0	0	0
25	0	0	834	634	820	513	0	0	0	0
26	0	0	834	640	818	494	0	0	0	0
27	0	0	836	646	816	485	0	0	0	0
28	0	0	838	649	816	482	0	0	0	0
29	0	0	838	654	813	494	0	0	0	0
30	0	0	839	657	811	495	0	0	0	0
31	0	0	836	664	810	472	0	0	0	0
32	0	0	840	668	808	470	0	0	0	0
33	0	0	838	671	807	464	0	0	0	0
34	0	0	840	674	806	461	0	0	0	0
35	0	0	842	678	805	480	0	0	0	0
36	0	0	841	680	803	451	0	0	0	0
37	0	0	839	684	803	444	0	0	0	0
38	0	0	837	685	802	449	0	0	0	0
39	0	0	837	688	802	459	0	0	0	0
40	0	0	837	688	800	501	0	0	0	0
41	0	0	838	689	802	505	0	0	0	0
42	0	0	838	691	801	498	0	0	0	0
43	0	0	836	692	800	501	0	0	0	0
44	0	0	837	692	800	494	0	0	0	0
45	0	0	836	693	799	501	0	0	0	0
46	0	0	835	693	798	501	0	0	0	0
47	0	0	836	692	797	504	0	0	0	0
48	0	0	833	691	797	501	0	0	0	0
49	0	0	835	691	796	504	0	0	0	0
50	0	0	833	690	796	502	0	0	0	0
51	0	0	832	689	795	503	0	0	0	0
52	0	0	832	688	796	508	0	0	0	0
53	0	0	831	688	797	498	0	0	0	0
54	0	0	834	688	796	488	0	0	0	0
55	0	0	831	687	797	452	0	0	0	0
56	0	0	830	686	796	449	0	0	0	0
57	0	0	831	686	798	452	0	0	0	0
58	0	0	831	688	797	454	0	0	0	0
59	0	0	826	688	797	444	0	0	0	0
60	0	0	826	686	798	454	0	0	0	0
61	0	0	827	689	799	455	0	0	0	0
62	0	0	821	689	800	452	0	0	0	0
63	0	0	823	689	799	460	0	0	0	0
64	0	0	822	691	797	469	0	0	0	0
65	0	0	818	691	799	474	0	0	0	0
66	0	0	818	692	798	476	0	0	0	0
67	0	0	815	693	797	495	0	0	0	0
68	0	0	813	692	796	502	0	0	0	0
69	0	0	811	693	796	509	0	0	0	0
70	0	0	813	692	794	509	0	0	0	0
71	0	0	811	693	793	523	0	0	0	0
72	0	0	809	695	791	522	0	0	0	0
73	0	0	809	693	790	495	0	0	0	0
74	0	0	807	695	790	479	0	0	0	0
75	0	0	805	695	790	472	0	0	0	0
76	0	0	803	697	790	482	0	0	0	0
77	0	0	802	698	789	479	0	0	0	0
78	0	0	800	698	788	485	0	0	0	0
79	0	0	795	700	786	485	0	0	0	0
80	0	0	793	699	788	495	0	0	0	0
81	0	0	795	699	787	507	0	0	0	0
82	0	0	790	699	790	516	0	0	0	0
83	0	0	790	699	788	525	0	0	0	0
84	0	0	788	699	787	530	0	0	0	0
85	0	0	790	699	787	544	0	0	0	0
86	0	0	787	700	785	555	0	0	0	0
87	0	0	785	700	786	561	0	0	0	0
88	0	0	785	702	784	571	0	0	0	0
89	0	0	782	704	783	574	0	0	0	0
90	0	0	782	704	785	571	0	0	0	0
91	0	0	778	706	785	574	0	0	0	0
92	0	0	775	707	785	576	0	0	0	0
93	0	0	769	709	787	571	0	0	0	0
94	0	0	767	709	789	569	0	0	0	0
95	0	0	763	712	790	570	0	0	0	0
96	0	0	758	712	789	565	0	0	0	0
97	0	0	758	713	790	561	0	0	0	0
98	0	0	756	714	792	559	0	0	0	0
99	0	0	757	715	792	558	0	0	0	0
100	0	0	757	715	792	558	0	0	0	0
101	0	0	755	716	792	560	0	0	0	0
102	0	0	758	718	793	562	0	0	0	0
103	0	0	756	720	793	557	0	0	0	0
104	0	0	761	720	794	543	0	0	0	0
105	0	0	761	721	794	526	0	0	0	0
106	0	0	764	722	794	514	0	0	0	0
107	0	0	764	725	794	516	0	0	0	0
108	0	0	767	725	794	516	0	0	0	0
109	0	0	769	727	794	507	0	0	0	0
110	0	0	768	728	794	499	0	0	0	0
111	0	0	767	733	793	477	0	0	0	0
112	0	0	771	734	795	453	0	0	0	0
113	0	0	774	734	796	445	0	0	0	0
114	0	0	772	736	795	433	0	0	0	0
115	0	0	773	739	796	429	0	0	0	0
116	0	0	776	740	797	413	0	0	0	0
117	0	0	775	739	798	401	0	0	0	0
118	0	0	777	744	798	411	0	0	0	0
119	0	0	777	745	799	407	0	0	0	0
120	0	0	776	746	799	415	0	0	0	0
121	0	0	778	748	799	422	0	0	0	0
122	0	0	780	750	799	404	0	0	0	0
123	0	0	779	751	801	428	0	0	0	0
124	0	0	778	752	802	434	0	0	0	0
125	0	0	779	753	802	422	0	0	0	0
126	0	0	781	754	803	423	0	0	0	0
127	0	0	780	755	804	424	0	0	0	0
0	0	0	781	757	804	428	0	0	0	0
1	0	0	780	757	808	445	0	0	0	0
2	0	0	782	756	807	443	0	0	0	0
3	0	0	783	756	809	431	0	0	0	0
4	0	0	783	757	809	434	0	0	0	0
5	0	0	785	758	809	436	0	0	0	0
6	0	0	787	757	809	442	0	0	0	0
7	0	0	790	758	810	439	0	0	0	0
8	0	0	794	758	811	438	0	0	0	0
9	0	0	799	757	811	437	0	0	0	0
10	0	0	800	758	811	433	0	0	0	0
11	0	0	805	759	812	423	0	0	0	0
12	0	0	808	759	811	425	0	0	0	0
13	0	0	810	760	811	442	0	0	0	0
14	0	0	811	761	811	447	0	0	0	0
15	0	0	811	761	811	445	0	0	0	0
16	0	0	810	761	812	451	0	0	0	0
17	0	0	809	759	811	451	0	0	0	0
18	0	0	807	761	813	455	0	0	0	0
19	0	0	805	761	812	467	0	0	0	0
20	0	0	803	761	812	463	0	0	0	0
21	0	0	801	760	812	474	0	0	0	0
22	0	0	800	758	811	482	0	0	0	0
23	0	0	799	756	813	489	0	0	0	0
24	0	0	799	755	812	489	0	0	0	0
25	0	0	798	753	812	490	0	0	0	0
26	0	0	798	750	812	484	0	0	0	0
27	0	0	798	749	812	487	0	0	0	0
28	0	0	797	747	812	486	0	0	0	0
29	0	0	797	745	812	482	0	0	0	0
30	0	0	798	741	812	473	0	0	0	0
31	0	0	796	739	811	463	0	0	0	0
32	0	0	798	736	811	461	0	0	0	0
33	0	0	797	734	811	454	0	0	0	0
34	0	0	798	731	812	440	0	0	0	0
35	0	0	798	727	812	465	0	0	0	0
36	0	0	799	723	812	472	0	0	0	0
37	0	0	800	719	812	485	0	0	0	0
38	0	0	801	716	813	494	0	0	0	0
39	0	0	800	712	813	494	0	0	0	0
40	0	0	802	709	813	492	0	0	0	0
41	0	0	804	704	813	499	0	0	0	0
42	0	0	806	701	815	496	0	0	0	0
43	0	0	807	696	815	499	0	0	0	0
44	0	0	808	691	816	509	0	0	0	0
45	0	0	809	688	818	518	0	0	0	0
46	0	0	809	684	820	515	0	0	0	0
47	0	0	809	679	822	507	0	0	0	0
48	0	0	810	676	823	523	0	0	0	0
49	0	0	811	672	825	523	0	0	0	0
50	0	0	810	668	829	519	0	0	0	0
51	0	0	811	665	831	522	0	0	0	0
52	0	0	811	663	834	524	0	0	0	0
53	0	0	810	660	838	528	0	0	0	0
54	0	0	809	657	840	529	0	0	0	0
55	0	0	808	653	842	534	0	0	0	0
56	0	0	811	651	845	531	0	0	0	0
57	0	0	809	648	847	532	0	0	0	0
58	0	0	810	644	850	520	0	0	0	0
59	0	0	813	641	850	525	0	0	0	0
60	0	0	813	638	854	524	0	0	0	0
61	0	0	815	635	855	516	0	0	0	0
62	0	0	817	631	857	522	0	0	0	0
63	0	0	818	630	859	519	0	0	0	0
64	0	0	817	626	860	527	0	0	0	0
65	0	0	819	625	860	526	0	0	0	0
66	0	0	821	624	861	522	0	0	0	0
67	0	0	823	622	861	505	0	0	0	0
68	0	0	824	620	861	509	0	0	0	0
69	0	0	827	618	861	475	0	0	0	0
70	0	0	828	617	861	478	0	0	0	0
71	0	0	830	616	860	472	0	0	0	0
72	0	0	830	613	860	472	0	0	0	0
73	0	0	831	611	858	471	0	0	0	0
74	0	0	830	609	857	474	0	0	0	0
75	0	0	829	607	855	471	0	0	0	0
76	0	0	830	606	854	479	0	0	0	0
77	0	0	829	604	853	479	0	0	0	0
78	0	0	829	602	850	471	0	0	0	0
79	0	0	828	600	849	465	0	0	0	0
80	0	0	828	599	847	477	0	0	0	0
81	0	0	827	598	846	482	0	0	0	0
82	0	0	826	596	844	475	0	0	0	0
83	0	0	826	594	843	496	0	0	0	0
84	0	0	825	593	842	499	0	0	0	0
85	0	0	825	592	840	488	0	0	0	0
86	0	0	824	590	839	492	0	0	0	0
87	0	0	823	589	838	502	0	0	0	0
88	0	0	824	586	837	494	0	0	0	0
89	0	0	823	586	836	489	0	0	0	0
90	0	0	823	586	833	478	0	0	0	0
91	0	0	823	586	833	478	0	0	0	0
92	0	0	823	585	833	469	0	0	0	0
93	0	0	822	586	830	469	0	0	0	0
94	0	0	823	586	830	465	0	0	0	0
95	0	0	822	590	828	469	0	0	0	0
96	0	0	822	590	826	468	0	0	0	0
97	0	0	822	593	825	473	0	0	0	0
98	0	0	823	595	823	469	0	0	0	0
99	0	0	822	596	823	473	0	0	0	0
100	0	0	822	597	821	453	0	0	0	0
101	0	0	822	600	820	456	0	0	0	0
102	0	0	821	602	818	461	0	0	0	0
103	0	0	821	604	815	469	0	0	0	0
104	0	0	819	605	814	473	0	0	0	0
105	0	0	818	609	812	469	0	0	0	0
106	0	0	820	612	809	469	0	0	0	0
107	0	0	818	613	808	468	0	0	0	0
108	0	0	818	616	806	461	0	0	0	0
109	0	0	818	618	805	461	0	0	0	0
110	0	0	819	621	802	466	0	0	0	0
111	0	0	819	623	800	464	0	0	0	0
112	0	0	819	625	798	473	0	0	0	0
113	0	0	820	628	797	475	0	0	0	0
114	0	0	821	629	795	478	0	0	0	0
115	0	0	821	630	795	485	0	0	0	0
116	0	0	823	634	793	493	0	0	0	0
117	0	0	824	636	792	491	0	0	0	0
118	0	0	824	637	792	496	0	0	0	0
119	0	0	825	639	791	503	0	0	0	0
120	0	0	826	639	790	504	0	0	0	0
121	0	0	826	640	789	502	0	0	0	0
122	0	0	826	641	789	507	0	0	0	0
123	0	0	826	642	787	515	0	0	0	0
124	0	0	827	641	787	515	0	0	0	0
125	0	0	827	642	786	521	0	0	0	0
126	0	0	829	644	786	517	0	0	0	0
127	0	0	829	643	783	518	0	0	0	0
0	0	0	829	642	783	540	0	0	0	0
1	0	0	828	642	783	551	0	0	0	0
2	0	0	828	641	781	572	0	0	0	0
3	0	0	829	643	780	580	0	0	0	0
4	0	0	829	641	779	594	0	0	0	0
5	0	0	828	642	779	600	0	0	0	0
6	0	0	828	640	778	607	0	0	0	0
7	0	0	825	638	777	631	0	0	0	0
8	0	0	827	636	777	636	0	0	0	0
9	0	0	825	635	777	639	0	0	0	0
10	0	0	824	634	777	640	0	0	0	0
11	0	0	824	633	776	639	0	0	0	0
12	0	0	823	632	776	639	0	0	0	0
13	0	0	821	630	776	639	0	0	0	0
14	0	0	821	628	775	640	0	0	0	0
15	0	0	820	627	775	642	0	0	0	0
16	0	0	821	623	775	644	0	0	0	0
17	0	0	820	623	775	639	0	0	0	0
18	0	0	820	621	775	635	0	0	0	0
19	0	0	820	620	776	626	0	0	0	0
20	0	0	821	618	776	621	0	0	0	0
21	0	0	821	617	778	614	0	0	0	0
22	0	0	820	616	777	588	0	0	0	0
23	0	0	820	614	778	560	0	0	0	0
24	0	0	821	613	779	562	0	0	0	0
25	0	0	821	611	781	562	0	0	0	0
26	0	0	821	610	782	557	0	0	0	0
27	0	0	821	610	784	551	0	0	0	0
28	0	0	821	610	786	554	0	0	0	0
29	0	0	822	609	787	546	0	0	0	0
30	0	0	821	608	788	545	0	0	0	0
31	0	0	822	608	790	547	0	0	0	0
32	0	0	820	607	792	543	0	0	0	0
33	0	0	823	607	794	515	0	0	0	0
34	0	0	823	607	794	512	0	0	0	0
35	0	0	826	607	795	513	0	0	0	0
36	0	0	827	607	797	515	0	0	0	0
37	0	0	827	606	798	510	0	0	0	0
38	0	0	828	606	800	492	0	0	0	0
39	0	0	829	607	801	496	0	0	0	0
40	0	0	829	607	802	493	0	0	0	0
41	0	0	830	607	803	515	0	0	0	0
42	0	0	830	608	805	517	0	0	0	0
43	0	0	830	609	805	506	0	0	0	0
44	0	0	830	610	807	506	0	0	0	0
45	0	0	830	611	807	495	0	0	0	0
46	0	0	830	612	807	481	0	0	0	0
47	0	0	830	614	809	464	0	0	0	0
48	0	0	831	615	810	444	0	0	0	0
49	0	0	832	616	811	409	0	0	0	0
50	0	0	831	618	811	418	0	0	0	0
51	0	0	833	619	811	431	0	0	0	0
52	0	0	832	620	811	436	0	0	0	0
53	0	0	833	621	812	431	0	0	0	0
54	0	0	833	622	813	406	0	0	0	0
55	0	0	833	623	814	371	0	0	0	0
56	0	0	834	624	815	394	0	0	0	0
57	0	0	834	625	814	378	0	0	0	0
58	0	0	835	626	816	377	0	0	0	0
59	0	0	834	626	816	373	0	0	0	0
60	0	0	835	628	817	366	0	0	0	0
61	0	0	834	629	817	366	0	0	0	0
62	0	0	833	630	817	291	0	0	0	0
63	0	0	832	632	817	272	0	0	0	0
64	0	0	830	633	818	272	0	0	0	0
65	0	0	829	634	819	324	0	0	0	0
66	0	0	827	636	819	334	0	0	0	0
67	0	0	827	637	820	322	0	0	0	0
68	0	0	826	639	821	313	0	0	0	0
69	0	0	824	640	822	271	0	0	0	0
70	0	0	823	642	822	273	0	0	0	0
71	0	0	823	643	822	280	0	0	0	0
72	0	0	821	644	823	275	0	0	0	0
73	0	0	821	647	824	273	0	0	0	0
74	0	0	820	648	824	268	0	0	0	0
75	0	0	820	650	825	278	0	0	0	0
76	0	0	820	651	826	273	0	0	0	0
77	0	0	819	653	826	279	0	0	0	0
78	0	0	819	655	827	276	0	0	0	0
79	0	0	818	656	827	279	0	0	0	0
80	0	0	817	657	827	286	0	0	0	0
81	0	0	817	658	826	292	0	0	0	0
82	0	0	817	659	827	304	0	0	0	0
83	0	0	817	660	826	371	0	0	0	0
84	0	0	816	662	826	373	0	0	0	0
85	0	0	817	663	824	375	0	0	0	0
86	0	0	816	663	824	400	0	0	0	0
87	0	0	815	665	822	425	0	0	0	0
88	0	0	816	666	822	458	0	0	0	0
89	0	0	815	666	822	464	0	0	0	0
90	0	0	815	667	820	465	0	0	0	0
91	0	0	814	667	818	465	0	0	0	0
92	0	0	814	666	818	463	0	0	0	0
93	0	0	813	666	818	463	0	0	0	0
94	0	0	813	666	816	463	0	0	0	0
95	0	0	812	665	815	463	0	0	0	0
96	0	0	813	666	814	466	0	0	0	0
97	0	0	813	665	813	457	0	0	0	0
98	0	0	813	665	813	449	0	0	0	0
99	0	0	814	665	811	452	0	0	0	0
100	0	0	814	664	811	458	0	0	0	0
101	0	0	814	662	810	450	0	0	0	0
102	0	0	814	662	811	446	0	0	0	0
103	0	0	814	661	810	439	0	0	0	0
104	0	0	812	659	809	438	0	0	0	0
105	0	0	812	658	810	442	0	0	0	0
106	0	0	812	655	809	447	0	0	0	0
107	0	0	810	655	810	465	0	0	0	0
108	0	0	809	655	810	474	0	0	0	0
109	0	0	807	652	811	484	0	0	0	0
110	0	0	807	651	811	488	0	0	0	0
111	0	0	806	649	811	491	0	0	0	0
112	0	0	807	649	809	469	0	0	0	0
113	0	0	807	647	811	465	0	0	0	0
114	0	0	808	645	811	461	0	0	0	0
115	0	0	810	644	811	460	0	0	0	0
116	0	0	812	642	810	470	0	0	0	0
117	0	0	813	640	810	468	0	0	0	0
118	0	0	814	639	810	464	0	0	0	0
119	0	0	814	636	809	467	0	0	0	0
120	0	0	815	635	808	470	0	0	0	0
121	0	0	816	633	807	467	0	0	0	0
122	0	0	816	632	808	460	0	0	0	0
123	0	0	816	631	807	467	0	0	0	0
124	0	0	815	630	807	475	0	0	0	0
125	0	0	815	629	805	477	0	0	0	0
126	0	0	814	629	805	478	0	0	0	0
127	0	0	816	627	805	491	0	0	0	0
0	0	0	817	627	804	492	0	0	0	0
1	0	0	816	624	803	485	0	0	0	0
2	0	0	816	624	804	496	0	0	0	0
3	0	0	816	624	802	507	0	0	0	0
4	0	0	816	621	802	514	0	0	0	0
5	0	0	816	620	802	510	0	0	0	0
6	0	0	817	619	802	501	0	0	0	0
7	0	0	816	619	803	493	0	0	0	0
8	0	0	816	617	803	501	0	0	0	0
9	0	0	816	617	803	500	0	0	0	0
10	0	0	816	617	804	497	0	0	0	0
11	0	0	817	616	805	499	0	0	0	0
12	0	0	816	615	805	493	0	0	0	0
