# bioPlux Text File Format
# Version: 1
# StartDateTime: 2012-03-21 16:44:35
# SamplingFrequency: 1000
# SampledChannels: 1 2 3 4 5 6 7 8
# SamplingResolution: 12
# AcquiringDevice: 00:07:80:93:66:BE
# EndOfHeader
0	0	0	801	651	683	1016	0	0	0	0
1	0	0	799	652	682	1017	0	0	0	0
2	0	0	799	652	684	1017	0	0	0	0
3	0	0	800	651	683	1018	0	0	0	0
4	0	0	800	651	683	1018	0	0	0	0
5	0	0	801	652	683	1018	0	0	0	0
6	0	0	799	652	683	1017	0	0	0	0
7	0	0	799	651	683	1018	0	0	0	0
8	0	0	800	652	683	1018	0	0	0	0
9	0	0	800	652	683	1016	0	0	0	0
10	0	0	800	651	683	1015	0	0	0	0
11	0	0	800	652	683	1012	0	0	0	0
12	0	0	800	652	684	1013	0	0	0	0
13	0	0	800	652	684	1011	0	0	0	0
14	0	0	800	653	683	1013	0	0	0	0
15	0	0	799	652	683	1012	0	0	0	0
16	0	0	800	652	683	1010	0	0	0	0
17	0	0	799	652	684	1011	0	0	0	0
18	0	0	800	653	684	1011	0	0	0	0
19	0	0	801	652	684	1014	0	0	0	0
20	0	0	801	652	684	1013	0	0	0	0
21	0	0	801	651	684	1013	0	0	0	0
22	0	0	801	652	683	1013	0	0	0	0
23	0	0	801	651	684	1014	0	0	0	0
24	0	0	802	652	685	1016	0	0	0	0
25	0	0	801	652	684	1013	0	0	0	0
26	0	0	801	652	683	1012	0	0	0	0
27	0	0	800	652	684	1014	0	0	0	0
28	0	0	801	652	684	1013	0	0	0	0
29	0	0	801	652	685	1013	0	0	0	0
30	0	0	802	653	685	1010	0	0	0	0
31	0	0	802	653	684	1009	0	0	0	0
32	0	0	802	653	685	1009	0	0	0	0
33	0	0	801	653	684	1008	0	0	0	0
34	0	0	800	653	684	1007	0	0	0	0
35	0	0	800	653	684	1007	0	0	0	0
36	0	0	801	653	685	1009	0	0	0	0
37	0	0	801	653	684	1008	0	0	0	0
38	0	0	799	652	684	1009	0	0	0	0
39	0	0	800	652	683	1010	0	0	0	0
40	0	0	800	653	684	1013	0	0	0	0
41	0	0	800	653	683	1012	0	0	0	0
42	0	0	800	652	684	1013	0	0	0	0
43	0	0	801	653	684	1013	0	0	0	0
44	0	0	801	653	684	1014	0	0	0	0
45	0	0	801	653	684	1013	0	0	0	0
46	0	0	801	652	684	1011	0	0	0	0
47	0	0	801	651	685	1013	0	0	0	0
48	0	0	801	652	685	1010	0	0	0	0
49	0	0	802	652	684	1008	0	0	0	0
50	0	0	801	651	684	1008	0	0	0	0
51	0	0	800	651	683	1009	0	0	0	0
52	0	0	800	653	683	1007	0	0	0	0
53	0	0	801	652	683	1007	0	0	0	0
54	0	0	800	652	682	1005	0	0	0	0
55	0	0	801	654	682	1006	0	0	0	0
56	0	0	801	652	683	1006	0	0	0	0
57	0	0	801	652	682	1004	0	0	0	0
58	0	0	800	653	682	1006	0	0	0	0
59	0	0	800	653	682	1005	0	0	0	0
60	0	0	801	653	682	1004	0	0	0	0
61	0	0	801	652	683	1003	0	0	0	0
62	0	0	802	652	683	1003	0	0	0	0
63	0	0	801	652	682	1003	0	0	0	0
64	0	0	801	652	683	1002	0	0	0	0
65	0	0	802	651	683	1003	0	0	0	0
66	0	0	802	652	683	1002	0	0	0	0
67	0	0	802	652	683	1004	0	0	0	0
68	0	0	801	651	682	1004	0	0	0	0
69	0	0	803	651	681	1002	0	0	0	0
70	0	0	802	652	682	1001	0	0	0	0
71	0	0	801	652	682	1000	0	0	0	0
72	0	0	802	652	682	1001	0	0	0	0
73	0	0	802	651	683	999	0	0	0	0
74	0	0	802	652	682	996	0	0	0	0
75	0	0	802	652	683	997	0	0	0	0
76	0	0	802	653	682	998	0	0	0	0
77	0	0	802	652	682	998	0	0	0	0
78	0	0	802	652	682	999	0	0	0	0
79	0	0	802	652	683	999	0	0	0	0
80	0	0	803	651	682	999	0	0	0	0
81	0	0	802	651	680	999	0	0	0	0
82	0	0	803	651	682	999	0	0	0	0
83	0	0	803	651	681	999	0	0	0	0
84	0	0	803	651	681	999	0	0	0	0
85	0	0	803	651	682	998	0	0	0	0
86	0	0	803	652	681	998	0	0	0	0
87	0	0	802	651	681	998	0	0	0	0
88	0	0	803	650	681	997	0	0	0	0
89	0	0	802	651	681	994	0	0	0	0
90	0	0	803	651	682	993	0	0	0	0
91	0	0	802	650	681	992	0	0	0	0
92	0	0	802	651	679	991	0	0	0	0
93	0	0	801	651	680	989	0	0	0	0
94	0	0	802	651	681	989	0	0	0	0
95	0	0	802	651	681	987	0	0	0	0
96	0	0	802	650	681	987	0	0	0	0
97	0	0	803	650	681	988	0	0	0	0
98	0	0	802	650	681	988	0	0	0	0
99	0	0	803	651	681	988	0	0	0	0
100	0	0	804	650	681	990	0	0	0	0
101	0	0	803	651	680	989	0	0	0	0
102	0	0	802	651	681	988	0	0	0	0
103	0	0	802	650	681	988	0	0	0	0
104	0	0	801	649	683	988	0	0	0	0
105	0	0	802	650	681	987	0	0	0	0
106	0	0	802	650	681	987	0	0	0	0
107	0	0	803	650	682	989	0	0	0	0
108	0	0	803	651	681	990	0	0	0	0
109	0	0	802	650	680	986	0	0	0	0
110	0	0	804	650	681	983	0	0	0	0
111	0	0	803	650	679	983	0	0	0	0
112	0	0	802	650	681	984	0	0	0	0
113	0	0	802	651	681	982	0	0	0	0
114	0	0	803	651	681	983	0	0	0	0
115	0	0	803	650	681	979	0	0	0	0
116	0	0	803	650	680	978	0	0	0	0
117	0	0	803	652	681	976	0	0	0	0
118	0	0	802	650	680	979	0	0	0	0
119	0	0	803	651	681	978	0	0	0	0
120	0	0	803	651	680	981	0	0	0	0
121	0	0	803	651	681	982	0	0	0	0
122	0	0	803	652	680	981	0	0	0	0
123	0	0	802	652	681	981	0	0	0	0
124	0	0	803	652	680	982	0	0	0	0
125	0	0	802	652	680	980	0	0	0	0
126	0	0	802	652	680	979	0	0	0	0
127	0	0	804	652	681	981	0	0	0	0
0	0	0	803	652	682	981	0	0	0	0
1	0	0	803	652	682	978	0	0	0	0
2	0	0	804	653	681	976	0	0	0	0
3	0	0	804	651	680	976	0	0	0	0
4	0	0	803	652	681	974	0	0	0	0
5	0	0	803	652	680	972	0	0	0	0
6	0	0	803	652	680	971	0	0	0	0
7	0	0	803	651	680	965	0	0	0	0
8	0	0	804	652	680	963	0	0	0	0
9	0	0	803	653	681	963	0	0	0	0
10	0	0	802	652	681	961	0	0	0	0
11	0	0	803	653	681	962	0	0	0	0
12	0	0	803	653	680	961	0	0	0	0
13	0	0	805	652	680	961	0	0	0	0
14	0	0	804	652	680	961	0	0	0	0
15	0	0	805	652	681	961	0	0	0	0
16	0	0	805	653	680	968	0	0	0	0
17	0	0	806	653	681	965	0	0	0	0
18	0	0	804	653	681	963	0	0	0	0
19	0	0	805	652	681	959	0	0	0	0
20	0	0	804	652	681	954	0	0	0	0
21	0	0	804	651	680	956	0	0	0	0
22	0	0	804	652	681	959	0	0	0	0
23	0	0	803	653	680	952	0	0	0	0
24	0	0	804	651	680	954	0	0	0	0
25	0	0	805	652	680	952	0	0	0	0
26	0	0	803	651	680	945	0	0	0	0
27	0	0	805	651	681	946	0	0	0	0
28	0	0	805	652	680	946	0	0	0	0
29	0	0	804	652	681	950	0	0	0	0
30	0	0	803	651	680	947	0	0	0	0
31	0	0	803	651	680	945	0	0	0	0
32	0	0	804	650	681	947	0	0	0	0
33	0	0	803	651	681	948	0	0	0	0
34	0	0	804	651	683	948	0	0	0	0
35	0	0	804	651	681	949	0	0	0	0
36	0	0	804	652	681	948	0	0	0	0
37	0	0	803	651	681	942	0	0	0	0
38	0	0	803	651	680	938	0	0	0	0
39	0	0	803	652	680	939	0	0	0	0
40	0	0	803	653	680	940	0	0	0	0
41	0	0	804	652	680	936	0	0	0	0
42	0	0	805	653	680	937	0	0	0	0
43	0	0	804	652	681	937	0	0	0	0
44	0	0	803	652	681	939	0	0	0	0
45	0	0	804	653	681	938	0	0	0	0
46	0	0	803	652	681	935	0	0	0	0
47	0	0	803	651	681	935	0	0	0	0
48	0	0	803	652	681	933	0	0	0	0
49	0	0	804	652	681	930	0	0	0	0
50	0	0	804	653	682	929	0	0	0	0
51	0	0	804	653	680	930	0	0	0	0
52	0	0	805	653	681	934	0	0	0	0
53	0	0	805	652	681	933	0	0	0	0
54	0	0	805	652	681	931	0	0	0	0
55	0	0	806	653	681	933	0	0	0	0
56	0	0	805	653	680	933	0	0	0	0
57	0	0	805	653	681	931	0	0	0	0
58	0	0	805	654	681	934	0	0	0	0
59	0	0	805	653	681	932	0	0	0	0
60	0	0	805	654	682	932	0	0	0	0
61	0	0	805	654	681	928	0	0	0	0
62	0	0	805	654	681	930	0	0	0	0
63	0	0	806	653	681	926	0	0	0	0
64	0	0	806	654	681	924	0	0	0	0
65	0	0	805	654	680	925	0	0	0	0
66	0	0	806	654	681	925	0	0	0	0
67	0	0	806	653	680	923	0	0	0	0
68	0	0	805	653	681	924	0	0	0	0
69	0	0	805	654	681	925	0	0	0	0
70	0	0	805	655	681	922	0	0	0	0
71	0	0	805	654	681	922	0	0	0	0
72	0	0	805	654	680	922	0	0	0	0
73	0	0	806	654	681	922	0	0	0	0
74	0	0	807	654	681	924	0	0	0	0
75	0	0	806	654	682	924	0	0	0	0
76	0	0	806	654	681	924	0	0	0	0
77	0	0	806	655	681	921	0	0	0	0
78	0	0	806	654	682	920	0	0	0	0
79	0	0	807	655	681	920	0	0	0	0
80	0	0	806	655	681	921	0	0	0	0
81	0	0	806	656	681	920	0	0	0	0
82	0	0	803	654	681	917	0	0	0	0
83	0	0	806	655	681	914	0	0	0	0
84	0	0	806	655	681	911	0	0	0	0
85	0	0	806	656	681	908	0	0	0	0
86	0	0	806	656	681	905	0	0	0	0
87	0	0	807	657	681	907	0	0	0	0
88	0	0	808	656	680	911	0	0	0	0
89	0	0	807	657	681	908	0	0	0	0
90	0	0	807	657	679	908	0	0	0	0
91	0	0	807	657	680	908	0	0	0	0
92	0	0	808	656	680	915	0	0	0	0
93	0	0	807	656	681	910	0	0	0	0
94	0	0	808	657	680	911	0	0	0	0
95	0	0	808	657	680	913	0	0	0	0
96	0	0	808	657	680	914	0	0	0	0
97	0	0	808	657	679	913	0	0	0	0
98	0	0	809	657	680	917	0	0	0	0
99	0	0	809	657	679	913	0	0	0	0
100	0	0	808	657	680	909	0	0	0	0
101	0	0	808	657	680	911	0	0	0	0
102	0	0	808	657	680	897	0	0	0	0
103	0	0	809	657	681	897	0	0	0	0
104	0	0	808	656	679	894	0	0	0	0
105	0	0	808	658	680	891	0	0	0	0
106	0	0	808	657	679	891	0	0	0	0
107	0	0	808	658	679	890	0	0	0	0
108	0	0	808	658	679	890	0	0	0	0
109	0	0	808	658	680	890	0	0	0	0
110	0	0	809	657	680	889	0	0	0	0
111	0	0	809	658	679	889	0	0	0	0
112	0	0	809	658	680	891	0	0	0	0
113	0	0	809	658	680	892	0	0	0	0
114	0	0	810	657	680	891	0	0	0	0
115	0	0	810	658	680	891	0	0	0	0
116	0	0	810	658	678	891	0	0	0	0
117	0	0	810	659	679	891	0	0	0	0
118	0	0	810	658	679	889	0	0	0	0
119	0	0	810	659	679	890	0	0	0	0
120	0	0	811	659	679	891	0	0	0	0
121	0	0	811	659	678	888	0	0	0	0
122	0	0	812	659	679	884	0	0	0	0
123	0	0	811	660	678	883	0	0	0	0
124	0	0	811	660	679	882	0	0	0	0
125	0	0	811	660	678	879	0	0	0	0
126	0	0	812	660	678	875	0	0	0	0
127	0	0	812	659	678	877	0	0	0	0
0	0	0	811	660	678	874	0	0	0	0
1	0	0	813	659	678	875	0	0	0	0
2	0	0	814	661	678	874	0	0	0	0
3	0	0	812	660	676	876	0	0	0	0
4	0	0	813	661	677	880	0	0	0	0
5	0	0	812	661	677	880	0	0	0	0
6	0	0	813	662	678	881	0	0	0	0
7	0	0	813	662	678	881	0	0	0	0
8	0	0	813	661	677	881	0	0	0	0
9	0	0	814	661	677	880	0	0	0	0
10	0	0	814	661	677	880	0	0	0	0
11	0	0	814	662	678	880	0	0	0	0
12	0	0	814	661	677	879	0	0	0	0
13	0	0	815	661	677	875	0	0	0	0
14	0	0	814	663	677	870	0	0	0	0
15	0	0	815	662	677	867	0	0	0	0
16	0	0	815	662	676	864	0	0	0	0
17	0	0	816	663	676	864	0	0	0	0
18	0	0	817	662	676	858	0	0	0	0
19	0	0	817	662	677	857	0	0	0	0
20	0	0	816	663	676	855	0	0	0	0
21	0	0	818	663	677	846	0	0	0	0
22	0	0	818	664	677	845	0	0	0	0
23	0	0	818	664	675	844	0	0	0	0
24	0	0	818	665	677	844	0	0	0	0
25	0	0	818	664	676	844	0	0	0	0
26	0	0	818	665	677	841	0	0	0	0
27	0	0	820	665	676	842	0	0	0	0
28	0	0	819	665	676	843	0	0	0	0
29	0	0	820	666	676	842	0	0	0	0
30	0	0	821	666	676	841	0	0	0	0
31	0	0	822	666	677	842	0	0	0	0
32	0	0	821	667	676	841	0	0	0	0
33	0	0	821	667	676	838	0	0	0	0
34	0	0	822	667	677	837	0	0	0	0
35	0	0	822	668	677	835	0	0	0	0
36	0	0	823	668	677	835	0	0	0	0
37	0	0	823	668	677	834	0	0	0	0
38	0	0	824	668	676	830	0	0	0	0
39	0	0	824	669	677	826	0	0	0	0
40	0	0	825	669	675	823	0	0	0	0
41	0	0	825	670	677	816	0	0	0	0
42	0	0	826	670	677	809	0	0	0	0
43	0	0	827	670	676	808	0	0	0	0
44	0	0	827	671	676	810	0	0	0	0
45	0	0	827	671	677	807	0	0	0	0
46	0	0	828	672	676	809	0	0	0	0
47	0	0	828	672	676	810	0	0	0	0
48	0	0	828	672	676	808	0	0	0	0
49	0	0	826	673	676	807	0	0	0	0
50	0	0	827	673	676	807	0	0	0	0
51	0	0	828	673	676	805	0	0	0	0
52	0	0	828	674	676	805	0	0	0	0
53	0	0	829	675	676	799	0	0	0	0
54	0	0	830	675	675	791	0	0	0	0
55	0	0	829	676	676	783	0	0	0	0
56	0	0	830	676	676	780	0	0	0	0
57	0	0	832	678	676	775	0	0	0	0
58	0	0	832	678	676	771	0	0	0	0
59	0	0	831	679	675	764	0	0	0	0
60	0	0	830	680	675	763	0	0	0	0
61	0	0	832	681	675	760	0	0	0	0
62	0	0	831	681	675	758	0	0	0	0
63	0	0	832	681	674	758	0	0	0	0
64	0	0	831	682	675	758	0	0	0	0
65	0	0	831	682	675	757	0	0	0	0
66	0	0	832	683	675	761	0	0	0	0
67	0	0	834	684	675	757	0	0	0	0
68	0	0	833	686	674	758	0	0	0	0
69	0	0	833	685	675	754	0	0	0	0
70	0	0	833	686	675	750	0	0	0	0
71	0	0	833	687	676	757	0	0	0	0
72	0	0	834	688	676	756	0	0	0	0
73	0	0	835	690	677	751	0	0	0	0
74	0	0	836	690	677	745	0	0	0	0
75	0	0	835	690	678	741	0	0	0	0
76	0	0	835	690	678	733	0	0	0	0
77	0	0	835	692	678	727	0	0	0	0
78	0	0	837	692	679	725	0	0	0	0
79	0	0	837	692	681	721	0	0	0	0
80	0	0	837	692	681	712	0	0	0	0
81	0	0	838	694	681	712	0	0	0	0
82	0	0	838	694	682	708	0	0	0	0
83	0	0	839	695	683	706	0	0	0	0
84	0	0	840	695	683	708	0	0	0	0
85	0	0	841	696	684	709	0	0	0	0
86	0	0	840	697	683	708	0	0	0	0
87	0	0	839	697	685	708	0	0	0	0
88	0	0	838	699	685	705	0	0	0	0
89	0	0	837	700	686	700	0	0	0	0
90	0	0	838	700	687	699	0	0	0	0
91	0	0	837	701	687	701	0	0	0	0
92	0	0	835	702	688	700	0	0	0	0
93	0	0	837	704	689	698	0	0	0	0
94	0	0	836	705	689	689	0	0	0	0
95	0	0	836	705	689	679	0	0	0	0
96	0	0	834	705	690	677	0	0	0	0
97	0	0	835	707	691	676	0	0	0	0
98	0	0	834	707	692	673	0	0	0	0
99	0	0	834	709	691	673	0	0	0	0
100	0	0	832	710	693	681	0	0	0	0
101	0	0	833	712	694	657	0	0	0	0
102	0	0	832	714	694	661	0	0	0	0
103	0	0	829	715	696	647	0	0	0	0
104	0	0	828	716	697	640	0	0	0	0
105	0	0	827	717	699	649	0	0	0	0
106	0	0	827	719	700	643	0	0	0	0
107	0	0	825	720	700	648	0	0	0	0
108	0	0	825	721	701	631	0	0	0	0
109	0	0	825	723	702	639	0	0	0	0
110	0	0	826	724	703	645	0	0	0	0
111	0	0	824	726	704	614	0	0	0	0
112	0	0	825	726	705	617	0	0	0	0
113	0	0	824	727	705	615	0	0	0	0
114	0	0	823	729	706	621	0	0	0	0
115	0	0	820	729	707	617	0	0	0	0
116	0	0	820	731	709	614	0	0	0	0
117	0	0	819	733	710	627	0	0	0	0
118	0	0	818	732	709	622	0	0	0	0
119	0	0	816	732	709	614	0	0	0	0
120	0	0	814	733	709	617	0	0	0	0
121	0	0	815	734	709	616	0	0	0	0
122	0	0	814	734	712	624	0	0	0	0
123	0	0	814	734	710	639	0	0	0	0
124	0	0	814	732	708	643	0	0	0	0
125	0	0	810	731	708	643	0	0	0	0
126	0	0	805	731	712	642	0	0	0	0
127	0	0	804	731	713	641	0	0	0	0
0	0	0	805	732	713	648	0	0	0	0
1	0	0	803	732	714	645	0	0	0	0
2	0	0	802	733	714	654	0	0	0	0
3	0	0	802	736	714	653	0	0	0	0
4	0	0	800	733	714	648	0	0	0	0
5	0	0	799	733	714	648	0	0	0	0
6	0	0	798	735	714	649	0	0	0	0
7	0	0	796	734	716	651	0	0	0	0
8	0	0	795	735	716	652	0	0	0	0
9	0	0	795	735	716	654	0	0	0	0
10	0	0	795	735	717	654	0	0	0	0
11	0	0	794	735	718	654	0	0	0	0
12	0	0	795	736	717	658	0	0	0	0
13	0	0	795	737	718	660	0	0	0	0
14	0	0	795	737	718	661	0	0	0	0
15	0	0	794	738	718	658	0	0	0	0
16	0	0	793	739	719	656	0	0	0	0
17	0	0	794	739	719	669	0	0	0	0
18	0	0	794	740	718	675	0	0	0	0
19	0	0	793	740	720	677	0	0	0	0
20	0	0	792	739	720	677	0	0	0	0
21	0	0	790	739	720	678	0	0	0	0
22	0	0	790	740	721	678	0	0	0	0
23	0	0	790	739	721	678	0	0	0	0
24	0	0	790	739	722	677	0	0	0	0
25	0	0	791	739	722	679	0	0	0	0
26	0	0	791	739	723	682	0	0	0	0
27	0	0	790	740	724	680	0	0	0	0
28	0	0	790	740	725	665	0	0	0	0
29	0	0	792	740	724	669	0	0	0	0
30	0	0	791	740	725	680	0	0	0	0
31	0	0	790	738	725	666	0	0	0	0
32	0	0	789	738	725	661	0	0	0	0
33	0	0	790	739	725	661	0	0	0	0
34	0	0	790	738	725	662	0	0	0	0
35	0	0	790	738	726	671	0	0	0	0
36	0	0	790	738	726	668	0	0	0	0
37	0	0	791	737	726	671	0	0	0	0
38	0	0	791	737	726	671	0	0	0	0
39	0	0	791	736	725	671	0	0	0	0
40	0	0	790	736	725	673	0	0	0	0
41	0	0	789	736	725	673	0	0	0	0
42	0	0	790	734	725	671	0	0	0	0
43	0	0	789	733	725	675	1	0	0	0
44	0	0	790	732	725	676	0	0	0	0
45	0	0	790	731	724	677	0	0	0	0
46	0	0	790	730	725	683	0	0	0	0
47	0	0	791	730	724	686	0	0	0	0
48	0	0	790	728	723	688	0	0	0	0
49	0	0	790	727	724	687	0	0	0	0
50	0	0	790	726	724	682	0	0	0	0
51	0	0	790	724	723	692	0	0	0	0
52	0	0	789	723	723	699	0	0	0	0
53	0	0	789	722	723	698	0	0	0	0
54	0	0	789	722	723	697	0	0	0	0
55	0	0	791	721	723	698	0	0	0	0
56	0	0	791	721	722	700	0	0	0	0
57	0	0	790	719	722	701	0	0	0	0
58	0	0	791	718	721	704	0	0	0	0
59	0	0	792	717	721	706	0	0	0	0
60	0	0	794	716	720	708	0	0	0	0
61	0	0	794	715	719	709	0	0	0	0
62	0	0	795	715	719	710	0	0	0	0
63	0	0	794	714	719	710	0	0	0	0
64	0	0	795	714	718	707	0	0	0	0
65	0	0	795	712	718	708	0	0	0	0
66	0	0	796	711	718	705	0	0	0	0
67	0	0	796	711	718	703	0	0	0	0
68	0	0	796	710	718	708	0	0	0	0
69	0	0	795	709	718	711	0	0	0	0
70	0	0	796	708	717	720	0	0	0	0
71	0	0	796	707	718	725	0	0	0	0
72	0	0	797	707	717	725	0	0	0	0
73	0	0	796	705	719	728	0	0	0	0
74	0	0	795	703	718	731	0	0	0	0
75	0	0	794	702	718	734	0	0	0	0
76	0	0	795	701	717	739	0	0	0	0
77	0	0	794	699	718	739	0	0	0	0
78	0	0	794	698	717	741	0	0	0	0
79	0	0	792	697	718	744	0	0	0	0
80	0	0	792	696	717	745	0	0	0	0
81	0	0	792	694	716	746	0	0	0	0
82	0	0	791	692	716	745	0	0	0	0
83	0	0	791	691	716	749	0	0	0	0
84	0	0	790	689	716	752	0	0	0	0
85	0	0	789	687	716	752	0	0	0	0
86	0	0	787	684	715	751	0	0	0	0
87	0	0	787	684	715	750	0	0	0	0
88	0	0	787	681	715	751	0	0	0	0
89	0	0	787	678	715	749	0	0	0	0
90	0	0	787	678	714	749	0	0	0	0
91	0	0	789	676	712	748	0	0	0	0
92	0	0	789	674	711	752	0	0	0	0
93	0	0	790	673	710	759	0	0	0	0
94	0	0	790	670	709	761	0	0	0	0
95	0	0	793	668	708	768	0	0	0	0
96	0	0	793	666	706	773	0	0	0	0
97	0	0	794	665	705	776	0	0	0	0
98	0	0	796	662	705	778	0	0	0	0
99	0	0	795	661	705	780	0	0	0	0
100	0	0	796	660	704	781	0	0	0	0
101	0	0	797	657	704	781	0	0	0	0
102	0	0	797	655	704	782	0	0	0	0
103	0	0	798	656	703	786	0	0	0	0
104	0	0	797	654	703	787	0	0	0	0
105	0	0	798	653	702	787	0	0	0	0
106	0	0	801	652	703	786	0	0	0	0
107	0	0	803	651	703	785	0	0	0	0
108	0	0	804	650	702	786	0	0	0	0
109	0	0	804	648	702	788	0	0	0	0
110	0	0	804	647	702	787	0	0	0	0
111	0	0	804	647	701	789	0	0	0	0
112	0	0	803	645	702	789	0	0	0	0
113	0	0	804	644	703	791	0	0	0	0
114	0	0	803	643	703	791	0	0	0	0
115	0	0	804	642	703	792	0	0	0	0
116	0	0	804	642	703	793	0	0	0	0
117	0	0	804	641	704	787	0	0	0	0
118	0	0	806	640	705	791	0	0	0	0
119	0	0	808	641	706	791	0	0	0	0
120	0	0	809	640	706	798	0	0	0	0
121	0	0	811	643	706	804	0	0	0	0
122	0	0	813	642	706	803	0	0	0	0
123	0	0	813	643	707	810	0	0	0	0
124	0	0	811	642	708	814	0	0	0	0
125	0	0	811	644	709	811	0	0	0	0
126	0	0	811	645	708	810	0	0	0	0
127	0	0	811	645	709	809	0	0	0	0
0	0	0	810	646	711	808	0	0	0	0
1	0	0	810	648	710	803	0	0	0	0
2	0	0	810	649	710	811	0	0	0	0
3	0	0	811	650	710	810	0	0	0	0
4	0	0	809	650	709	814	0	0	0	0
5	0	0	810	650	708	828	0	0	0	0
6	0	0	810	649	707	830	0	0	0	0
7	0	0	810	652	707	828	0	0	0	0
8	0	0	811	652	708	831	0	0	0	0
9	0	0	809	653	706	842	0	0	0	0
10	0	0	811	655	706	838	0	0	0	0
11	0	0	812	654	705	847	0	0	0	0
12	0	0	810	656	702	848	0	0	0	0
13	0	0	810	658	701	854	0	0	0	0
14	0	0	808	658	700	870	0	0	0	0
15	0	0	808	660	700	877	0	0	0	0
16	0	0	807	661	699	872	0	0	0	0
17	0	0	806	661	696	881	0	0	0	0
18	0	0	806	662	695	888	0	0	0	0
19	0	0	806	663	694	906	0	0	0	0
20	0	0	805	663	692	924	0	0	0	0
21	0	0	805	664	690	942	0	0	0	0
22	0	0	805	666	690	947	0	0	0	0
23	0	0	804	668	689	959	0	0	0	0
24	0	0	804	670	687	969	0	0	0	0
25	0	0	803	671	684	985	0	0	0	0
26	0	0	803	671	683	1015	0	0	0	0
27	0	0	803	672	680	1028	0	0	0	0
28	0	0	803	673	679	1020	0	0	0	0
29	0	0	806	674	677	1022	0	0	0	0
30	0	0	806	675	676	1026	0	0	0	0
31	0	0	806	675	675	1039	0	0	0	0
32	0	0	807	674	673	1035	0	0	0	0
33	0	0	807	675	672	1036	0	0	0	0
34	0	0	809	677	670	1046	0	0	0	0
35	0	0	810	678	669	1047	0	0	0	0
36	0	0	809	679	669	1054	0	0	0	0
37	0	0	810	680	669	1053	0	0	0	0
38	0	0	811	681	667	1047	0	0	0	0
39	0	0	811	681	668	1049	0	0	0	0
40	0	0	812	681	666	1053	0	0	0	0
41	0	0	811	681	666	1062	0	0	0	0
42	0	0	810	682	666	1069	0	0	0	0
43	0	0	811	681	665	1082	0	0	0	0
44	0	0	812	682	665	1097	0	0	0	0
45	0	0	811	683	665	1102	0	0	0	0
46	0	0	810	682	665	1109	0	0	0	0
47	0	0	810	682	665	1129	0	0	0	0
48	0	0	810	679	665	1147	0	0	0	0
49	0	0	809	678	664	1155	0	0	0	0
50	0	0	811	677	663	1157	0	0	0	0
51	0	0	811	677	662	1162	0	0	0	0
52	0	0	812	676	661	1189	0	0	0	0
53	0	0	812	674	660	1190	0	0	0	0
54	0	0	810	673	660	1185	0	0	0	0
55	0	0	809	671	659	1196	0	0	0	0
56	0	0	809	670	659	1210	0	0	0	0
57	0	0	810	669	658	1227	0	0	0	0
58	0	0	810	667	656	1228	0	0	0	0
59	0	0	810	666	655	1240	0	0	0	0
60	0	0	810	663	654	1247	0	0	0	0
61	0	0	808	661	652	1259	0	0	0	0
62	0	0	806	660	651	1260	0	0	0	0
63	0	0	804	657	648	1263	0	0	0	0
64	0	0	801	656	647	1270	0	0	0	0
65	0	0	800	653	646	1268	0	0	0	0
66	0	0	798	653	645	1280	0	0	0	0
67	0	0	799	652	646	1277	0	0	0	0
68	0	0	799	651	645	1282	0	0	0	0
69	0	0	801	651	646	1281	0	0	0	0
70	0	0	805	650	647	1284	0	0	0	0
71	0	0	805	650	648	1298	0	0	0	0
72	0	0	808	650	649	1308	0	0	0	0
73	0	0	811	651	650	1317	0	0	0	0
74	0	0	813	648	650	1317	0	0	0	0
75	0	0	814	652	651	1314	0	0	0	0
76	0	0	814	653	652	1313	0	0	0	0
77	0	0	812	653	651	1317	0	0	0	0
78	0	0	813	653	652	1325	0	0	0	0
79	0	0	814	654	652	1326	0	0	0	0
80	0	0	815	655	652	1335	0	0	0	0
81	0	0	814	656	652	1340	0	0	0	0
82	0	0	815	655	652	1344	0	0	0	0
83	0	0	817	654	653	1341	0	0	0	0
84	0	0	818	655	653	1346	0	0	0	0
85	0	0	818	654	652	1358	0	0	0	0
86	0	0	818	652	652	1354	0	0	0	0
87	0	0	817	651	652	1365	0	0	0	0
88	0	0	818	651	651	1377	0	0	0	0
89	0	0	820	651	651	1383	0	0	0	0
90	0	0	821	651	651	1405	0	0	0	0
91	0	0	821	649	650	1405	0	0	0	0
92	0	0	821	647	649	1415	0	0	0	0
93	0	0	823	648	648	1426	0	0	0	0
94	0	0	822	646	648	1435	0	0	0	0
95	0	0	822	644	648	1440	0	0	0	0
96	0	0	824	645	647	1438	0	0	0	0
97	0	0	824	645	646	1440	0	0	0	0
98	0	0	824	646	647	1443	0	0	0	0
99	0	0	826	645	647	1439	0	0	0	0
100	0	0	828	647	647	1445	0	0	0	0
101	0	0	828	647	647	1449	0	0	0	0
102	0	0	829	647	647	1440	0	0	0	0
103	0	0	829	648	646	1440	0	0	0	0
104	0	0	828	649	647	1477	0	0	0	0
105	0	0	830	650	647	1480	0	0	0	0
106	0	0	830	650	646	1487	0	0	0	0
107	0	0	829	650	648	1491	0	0	0	0
108	0	0	830	651	648	1499	0	0	0	0
109	0	0	832	651	645	1514	0	0	0	0
110	0	0	832	651	648	1516	0	0	0	0
111	0	0	831	651	647	1515	0	0	0	0
112	0	0	833	651	647	1523	0	0	0	0
113	0	0	834	651	647	1524	0	0	0	0
114	0	0	833	651	647	1529	0	0	0	0
115	0	0	834	652	647	1546	0	0	0	0
116	0	0	834	651	645	1572	0	0	0	0
117	0	0	837	652	645	1578	0	0	0	0
118	0	0	834	651	644	1593	0	0	0	0
119	0	0	836	650	643	1617	0	0	0	0
120	0	0	837	649	644	1632	0	0	0	0
121	0	0	838	648	643	1655	0	0	0	0
122	0	0	838	648	642	1675	0	0	0	0
123	0	0	836	646	641	1679	0	0	0	0
124	0	0	838	645	642	1677	0	0	0	0
125	0	0	836	645	642	1682	0	0	0	0
126	0	0	836	643	641	1684	0	0	0	0
127	0	0	837	641	641	1690	0	0	0	0
0	0	0	838	641	639	1695	0	0	0	0
1	0	0	837	641	637	1695	0	0	0	0
2	0	0	835	641	638	1699	0	0	0	0
3	0	0	835	641	637	1708	0	0	0	0
4	0	0	835	639	637	1708	0	0	0	0
5	0	0	834	636	636	1709	0	0	0	0
6	0	0	835	634	634	1710	0	0	0	0
7	0	0	834	632	635	1727	0	0	0	0
8	0	0	835	630	635	1738	0	0	0	0
9	0	0	834	629	634	1752	0	0	0	0
10	0	0	833	627	634	1755	0	0	0	0
11	0	0	833	626	633	1763	0	0	0	0
12	0	0	835	623	633	1762	0	0	0	0
13	0	0	832	622	632	1765	0	0	0	0
14	0	0	833	621	632	1758	0	0	0	0
15	0	0	835	617	632	1765	0	0	0	0
16	0	0	835	616	631	1782	0	0	0	0
17	0	0	835	614	629	1787	0	0	0	0
18	0	0	834	612	628	1784	0	0	0	0
19	0	0	833	611	628	1788	0	0	0	0
20	0	0	834	610	626	1810	0	0	0	0
21	0	0	834	607	626	1819	0	0	0	0
22	0	0	835	606	625	1820	0	0	0	0
23	0	0	834	606	625	1828	0	0	0	1
24	0	0	833	605	625	1836	0	0	0	0
25	0	0	833	604	626	1847	0	0	0	0
26	0	0	832	605	626	1851	0	0	0	0
27	0	0	832	604	625	1857	0	0	0	0
28	0	0	832	604	626	1865	0	0	0	0
29	0	0	830	602	625	1867	0	0	0	0
30	0	0	830	602	626	1864	0	0	0	0
31	0	0	829	602	625	1861	0	0	0	0
32	0	0	830	601	624	1865	0	0	0	0
33	0	0	830	601	625	1874	0	0	0	0
34	0	0	828	599	624	1879	0	0	0	0
35	0	0	828	598	625	1886	0	0	0	0
36	0	0	827	598	626	1893	0	0	0	0
37	0	0	828	597	624	1891	0	0	0	0
38	0	0	828	597	624	1891	0	0	0	0
39	0	0	826	597	626	1899	0	0	0	0
40	0	0	826	594	626	1903	0	0	0	0
41	0	0	824	595	626	1904	0	0	0	0
42	0	0	824	593	627	1914	0	0	0	0
43	0	0	824	594	627	1915	0	0	0	0
44	0	0	826	593	627	1920	0	0	0	0
45	0	0	825	593	628	1924	0	0	0	0
46	0	0	824	592	628	1926	0	0	0	0
47	0	0	825	593	628	1923	0	0	0	0
48	0	0	826	592	628	1919	0	0	0	0
49	0	0	825	593	629	1932	0	0	0	0
50	0	0	827	593	627	1940	0	0	0	0
51	0	0	827	593	629	1947	0	0	0	0
52	0	0	827	593	628	1955	0	0	0	0
53	0	0	829	592	628	1961	0	0	0	0
54	0	0	830	593	627	1959	0	0	0	0
55	0	0	831	592	628	1965	0	0	0	0
56	0	0	833	592	627	1969	0	0	0	0
57	0	0	833	593	629	1978	0	0	0	0
58	0	0	834	593	628	1988	0	0	0	0
59	0	0	837	593	629	1996	0	0	0	0
60	0	0	835	592	630	2013	0	0	0	0
61	0	0	836	593	630	2022	0	0	0	0
62	0	0	837	593	631	2022	0	0	0	0
63	0	0	837	592	633	2025	0	0	0	0
64	0	0	838	592	634	2036	0	0	0	0
65	0	0	838	591	634	2040	0	0	0	0
66	0	0	838	590	635	2045	0	0	0	0
67	0	0	838	590	635	2052	0	0	0	0
68	0	0	838	590	636	2057	0	0	0	0
69	0	0	840	589	637	2064	0	0	0	0
70	0	0	840	587	637	2067	0	0	0	0
71	0	0	839	586	637	2068	0	0	0	0
72	0	0	838	585	637	2067	0	0	0	0
73	0	0	839	582	638	2073	0	0	0	0
74	0	0	837	582	638	2078	0	0	0	0
75	0	0	837	581	638	2084	0	0	0	0
76	0	0	837	581	640	2093	0	0	0	0
77	0	0	837	579	639	2099	0	0	0	0
78	0	0	837	579	640	2103	0	0	0	0
79	0	0	835	577	640	2111	0	0	0	0
80	0	0	835	576	639	2119	0	0	0	0
81	0	0	833	575	642	2126	0	0	0	0
82	0	0	833	574	642	2129	0	0	0	0
83	0	0	833	573	643	2136	0	0	0	0
84	0	0	832	572	643	2138	0	0	0	0
85	0	0	831	570	644	2148	0	0	0	0
86	0	0	833	571	643	2153	0	0	0	0
87	0	0	831	569	642	2156	0	0	0	0
88	0	0	831	568	643	2158	0	0	0	0
89	0	0	831	567	643	2162	0	0	0	0
90	0	0	832	566	644	2168	0	0	0	0
91	0	0	833	565	644	2166	0	0	0	0
92	0	0	833	564	644	2169	0	0	0	0
93	0	0	832	563	643	2172	0	0	0	0
94	0	0	833	562	641	2178	0	0	0	0
95	0	0	832	561	641	2180	0	0	0	0
96	0	0	832	562	640	2185	0	0	0	0
97	0	0	832	559	638	2191	0	0	0	0
98	0	0	831	560	637	2191	0	0	0	0
99	0	0	829	558	637	2195	0	0	0	0
100	0	0	831	557	636	2200	0	0	0	0
101	0	0	831	557	634	2203	0	0	0	0
102	0	0	831	555	632	2203	0	0	0	0
103	0	0	830	553	631	2202	0	0	0	0
104	0	0	831	553	630	2205	0	0	0	0
105	0	0	830	551	628	2217	0	0	0	0
106	0	0	832	551	627	2223	0	0	0	0
107	0	0	832	550	625	2228	0	0	0	0
108	0	0	832	549	624	2230	0	0	0	0
109	0	0	832	548	622	2242	0	0	0	0
110	0	0	833	548	621	2242	0	0	0	0
111	0	0	832	547	619	2234	0	0	0	0
112	0	0	833	546	619	2232	0	0	0	0
113	0	0	834	546	617	2230	0	0	0	0
114	0	0	834	546	616	2238	0	0	0	0
115	0	0	834	546	614	2237	0	0	0	0
116	0	0	833	547	613	2238	0	0	0	0
117	0	0	834	547	612	2236	0	0	0	0
118	0	0	833	547	612	2238	0	0	0	0
119	0	0	834	548	610	2235	0	0	0	0
120	0	0	833	549	609	2230	0	0	0	0
121	0	0	833	550	608	2229	0	0	0	0
122	0	0	832	551	607	2228	0	0	0	0
123	0	0	830	552	606	2230	0	0	0	0
124	0	0	831	552	604	2238	0	0	0	0
125	0	0	828	551	603	2241	0	0	0	0
126	0	0	830	554	604	2243	0	0	0	0
127	0	0	829	555	602	2250	0	2	0	0
0	0	0	828	555	602	2251	0	0	0	0
1	0	0	827	556	600	2254	0	0	0	0
2	0	0	826	556	600	2255	0	0	0	0
3	0	0	826	557	600	2256	0	0	0	0
4	0	0	825	557	599	2254	0	0	0	0
5	0	0	824	558	599	2255	0	0	0	0
6	0	0	825	558	599	2254	0	0	0	0
7	0	0	824	558	599	2255	0	0	0	0
8	0	0	824	557	599	2259	0	0	0	0
9	0	0	824	559	600	2265	0	0	0	0
10	0	0	825	560	600	2268	0	0	0	0
11	0	0	825	558	601	2269	0	0	0	0
12	0	0	825	558	601	2268	0	0	0	0
13	0	0	825	558	602	2267	0	0	0	0
14	0	0	825	557	602	2268	0	0	0	0
15	0	0	824	557	603	2268	0	0	0	0
16	0	0	825	557	605	2268	0	0	0	0
17	0	0	824	557	605	2268	0	0	0	0
18	0	0	823	556	606	2274	0	0	0	0
19	0	0	824	556	606	2279	0	0	0	0
20	0	0	824	554	606	2277	0	0	0	0
21	0	0	825	554	607	2279	0	0	0	0
22	0	0	824	553	606	2284	0	0	0	0
23	0	0	823	553	606	2282	0	0	0	0
24	0	0	825	552	606	2282	0	0	0	0
25	0	0	825	551	606	2283	0	0	0	0
26	0	0	826	551	606	2284	0	0	0	0
27	0	0	826	550	605	2284	0	0	0	0
28	0	0	828	549	604	2288	0	0	0	0
29	0	0	830	549	604	2290	0	1	0	0
30	0	0	831	548	603	2289	0	0	0	0
31	0	0	831	546	602	2291	0	0	0	0
32	0	0	832	546	600	2292	0	0	0	0
33	0	0	832	545	600	2293	0	0	0	0
34	0	0	833	544	597	2298	0	0	0	0
35	0	0	833	543	598	2299	0	0	0	0
36	0	0	833	542	597	2300	0	0	0	0
37	0	0	834	542	596	2298	0	0	0	0
38	0	0	835	540	596	2297	0	0	0	0
39	0	0	837	540	595	2301	0	0	0	0
40	0	0	837	540	595	2303	0	0	0	0
41	0	0	837	539	593	2303	0	0	0	0
42	0	0	838	539	592	2303	0	0	0	0
43	0	0	837	538	592	2304	0	0	0	0
44	0	0	838	538	593	2304	0	0	0	0
45	0	0	837	540	591	2306	0	0	0	0
46	0	0	838	539	591	2311	0	0	0	0
47	0	0	839	538	592	2311	0	0	0	0
48	0	0	840	540	590	2313	0	0	0	0
49	0	0	841	541	590	2314	0	0	0	0
50	0	0	839	539	589	2318	0	0	0	0
51	0	0	841	539	589	2320	0	0	0	0
52	0	0	841	539	590	2319	0	0	0	0
53	0	0	841	539	589	2322	0	0	0	0
54	0	0	840	538	589	2323	0	0	0	0
55	0	0	838	538	588	2322	0	0	0	0
56	0	0	838	539	588	2321	0	0	0	0
57	0	0	838	538	588	2321	0	0	0	0
58	0	0	839	539	588	2322	0	0	0	0
59	0	0	839	539	585	2320	0	0	0	0
60	0	0	838	539	588	2318	0	0	0	0
61	0	0	839	539	588	2318	0	0	0	0
62	0	0	835	540	588	2319	0	0	0	0
63	0	0	835	540	589	2318	0	0	0	0
64	0	0	835	541	588	2316	0	0	0	0
65	0	0	834	542	589	2316	0	0	0	0
66	0	0	832	541	590	2315	0	0	0	0
67	0	0	831	542	591	2314	0	0	0	0
68	0	0	829	543	591	2313	0	0	0	0
69	0	0	828	544	593	2314	0	0	0	0
70	0	0	826	544	593	2316	0	0	0	0
71	0	0	825	545	593	2317	0	0	0	0
72	0	0	825	546	593	2315	0	0	0	0
73	0	0	824	547	592	2316	0	0	0	0
74	0	0	822	548	592	2316	0	0	0	0
75	0	0	822	547	591	2316	0	0	0	0
76	0	0	823	547	591	2315	0	0	0	0
77	0	0	821	548	589	2315	0	0	0	0
78	0	0	820	548	588	2315	0	0	0	0
79	0	0	819	547	587	2314	0	0	0	0
80	0	0	819	546	587	2315	0	0	0	0
81	0	0	819	546	585	2316	0	0	0	0
82	0	0	817	545	585	2314	0	0	0	0
83	0	0	817	545	583	2310	0	0	0	0
84	0	0	817	544	583	2309	0	0	0	0
85	0	0	817	544	582	2309	0	0	0	0
86	0	0	816	543	580	2307	0	0	0	0
87	0	0	815	543	580	2308	0	0	0	0
88	0	0	816	543	579	2307	0	0	0	0
89	0	0	817	542	578	2308	0	0	0	0
90	0	0	818	542	577	2307	0	0	0	0
91	0	0	817	541	576	2307	0	0	0	0
92	0	0	819	540	576	2306	0	0	0	0
93	0	0	818	541	577	2305	0	0	0	0
94	0	0	817	540	576	2301	0	0	0	0
95	0	0	816	539	577	2300	0	0	0	0
96	0	0	814	538	576	2295	0	0	0	0
97	0	0	814	539	577	2295	0	0	0	0
98	0	0	816	538	578	2292	0	0	0	0
99	0	0	813	538	577	2291	0	0	0	0
100	0	0	812	538	578	2290	0	0	0	0
101	0	0	810	537	578	2286	0	0	0	0
102	0	0	810	537	579	2284	0	0	0	0
103	0	0	810	538	579	2283	0	0	0	0
104	0	0	809	538	581	2284	0	0	0	0
105	0	0	809	538	581	2284	0	0	0	0
106	0	0	807	538	581	2283	0	0	0	0
107	0	0	806	537	581	2282	0	0	0	0
108	0	0	808	537	582	2283	0	0	0	0
109	0	0	807	538	581	2284	0	0	0	0
110	0	0	806	537	581	2283	0	0	0	0
111	0	0	805	536	582	2283	0	0	0	0
112	0	0	805	536	582	2282	0	0	0	0
113	0	0	804	535	583	2283	0	0	0	0
114	0	0	803	536	582	2287	0	0	0	0
115	0	0	802	535	580	2288	0	0	0	0
116	0	0	801	535	581	2287	0	0	0	0
117	0	0	799	535	582	2287	0	0	0	0
118	0	0	797	533	583	2288	0	0	0	0
119	0	0	796	533	585	2290	0	0	0	0
120	0	0	794	531	585	2291	0	0	0	0
121	0	0	794	531	587	2292	0	0	0	0
122	0	0	796	531	587	2289	0	0	0	0
123	0	0	794	531	589	2287	0	0	0	0
124	0	0	792	530	591	2288	0	0	0	0
125	0	0	791	529	592	2287	0	0	0	0
126	0	0	791	529	593	2288	0	0	0	0
127	0	0	788	528	593	2287	0	0	0	0
0	0	0	788	530	595	2287	0	0	0	0
1	0	0	788	527	596	2292	0	0	0	0
2	0	0	787	526	596	2297	0	0	0	0
3	0	0	786	527	596	2301	0	0	0	0
4	0	0	786	527	597	2303	0	0	0	0
5	0	0	785	527	597	2304	0	0	0	0
6	0	0	784	528	597	2302	0	0	0	0
7	0	0	784	527	598	2308	0	0	0	0
8	0	0	785	528	599	2311	0	0	0	0
9	0	0	785	527	599	2314	0	0	0	0
10	0	0	784	527	599	2317	0	0	0	0
11	0	0	786	528	601	2321	0	0	0	0
12	0	0	786	527	601	2323	0	0	0	0
13	0	0	787	527	600	2328	0	0	0	0
14	0	0	786	528	601	2339	0	0	0	0
15	0	0	786	528	601	2346	0	0	0	0
16	0	0	787	527	600	2349	0	0	0	0
17	0	0	789	527	600	2355	0	0	0	0
18	0	0	790	527	601	2359	0	0	0	0
19	0	0	790	528	601	2363	0	0	0	0
20	0	0	791	529	601	2371	0	0	0	0
21	0	0	792	529	602	2379	0	0	0	0
22	0	0	792	529	601	2384	0	0	0	0
23	0	0	792	529	601	2389	0	0	0	0
24	0	0	791	531	600	2394	0	0	0	0
25	0	0	792	533	602	2402	0	0	0	0
26	0	0	793	535	603	2409	0	0	0	0
27	0	0	791	533	604	2419	0	0	0	0
28	0	0	792	535	604	2425	0	0	0	0
29	0	0	791	538	603	2431	0	0	0	0
30	0	0	793	539	603	2435	0	0	0	0
31	0	0	792	539	603	2438	0	0	0	0
32	0	0	794	539	603	2448	0	0	0	0
33	0	0	794	540	602	2449	0	0	0	0
34	0	0	793	542	603	2448	0	0	0	0
35	0	0	792	542	602	2449	0	0	0	0
36	0	0	792	543	602	2448	0	0	0	0
37	0	0	792	544	602	2452	0	0	0	0
38	0	0	790	545	602	2460	0	0	0	0
39	0	0	790	547	602	2466	0	0	0	0
40	0	0	789	549	601	2468	0	0	0	0
41	0	0	789	550	602	2469	0	0	0	0
42	0	0	789	550	602	2474	0	0	0	0
43	0	0	788	551	602	2476	0	0	0	0
44	0	0	789	554	602	2486	0	0	0	0
45	0	0	787	556	602	2494	0	0	0	0
46	0	0	788	557	603	2499	0	0	0	0
47	0	0	787	560	602	2503	0	0	0	0
48	0	0	789	561	602	2507	0	0	0	0
49	0	0	788	562	603	2513	0	0	0	0
50	0	0	788	564	602	2522	0	0	0	0
51	0	0	789	566	601	2532	0	0	0	0
52	0	0	789	568	601	2542	0	0	0	0
53	0	0	791	570	601	2550	0	0	0	0
54	0	0	790	570	599	2556	0	0	0	0
55	0	0	792	574	599	2561	0	0	0	0
56	0	0	792	574	599	2579	0	0	0	0
57	0	0	792	574	597	2588	0	0	0	0
58	0	0	795	575	597	2595	0	0	0	0
59	0	0	796	576	596	2599	0	0	0	0
60	0	0	798	578	595	2605	0	0	0	0
61	0	0	800	580	596	2611	0	0	0	0
62	0	0	801	581	596	2613	0	0	0	0
63	0	0	802	584	596	2615	0	0	0	0
64	0	0	802	585	596	2627	0	0	0	0
65	0	0	805	588	595	2639	0	0	0	0
66	0	0	806	590	596	2644	0	0	0	0
67	0	0	809	590	597	2651	0	0	0	0
68	0	0	811	593	598	2650	0	0	0	0
69	0	0	811	596	598	2654	0	0	0	0
70	0	0	813	597	599	2654	0	0	0	0
71	0	0	814	601	600	2660	0	0	0	0
72	0	0	814	601	602	2663	0	0	0	0
73	0	0	816	602	603	2668	0	0	0	0
74	0	0	816	605	605	2673	0	0	0	0
75	0	0	816	607	607	2678	0	0	0	0
76	0	0	817	608	607	2683	0	0	0	0
77	0	0	818	611	609	2686	0	0	0	0
78	0	0	819	613	612	2690	0	0	0	0
79	0	0	820	616	613	2698	0	0	0	0
80	0	0	820	617	615	2699	0	0	0	0
81	0	0	822	621	615	2699	0	0	0	0
82	0	0	821	622	618	2699	0	0	0	0
83	0	0	820	625	620	2701	0	0	0	0
84	0	0	823	628	622	2702	0	0	0	0
85	0	0	825	630	623	2701	0	0	0	0
86	0	0	826	632	625	2698	0	0	0	0
87	0	0	827	636	626	2694	0	0	0	0
88	0	0	829	637	627	2694	0	0	0	0
89	0	0	831	638	629	2687	0	0	0	0
90	0	0	832	639	631	2685	0	0	0	0
91	0	0	834	642	632	2685	0	0	0	0
92	0	0	835	642	634	2671	0	0	0	0
93	0	0	836	644	636	2661	0	0	0	0
94	0	0	836	644	638	2652	0	0	0	0
95	0	0	836	647	641	2632	0	0	0	0
96	0	0	839	649	643	2615	0	0	0	0
97	0	0	840	651	645	2595	0	0	0	0
98	0	0	840	653	646	2570	0	0	0	0
99	0	0	839	655	648	2551	0	0	0	0
100	0	0	839	658	651	2515	0	0	0	0
101	0	0	837	660	654	2496	0	0	0	0
102	0	0	835	663	656	2458	0	0	0	0
103	0	0	835	665	658	2408	0	0	0	0
104	0	0	835	667	660	2369	0	0	0	0
105	0	0	834	670	663	2353	0	0	0	0
106	0	0	833	673	666	2321	0	0	0	0
107	0	0	830	675	668	2254	0	0	0	0
108	0	0	831	677	672	2210	0	0	0	0
109	0	0	827	679	675	2180	0	0	0	0
110	0	0	827	681	677	2111	0	0	0	0
111	0	0	827	684	681	2016	0	0	0	0
112	0	0	824	686	682	1994	0	0	0	0
113	0	0	823	689	685	1913	0	0	0	0
114	0	0	824	691	688	1821	0	0	0	0
115	0	0	823	694	690	1776	0	0	0	0
116	0	0	822	696	695	1746	0	0	0	0
117	0	0	823	700	696	1670	0	0	0	0
118	0	0	822	702	698	1554	0	0	0	0
119	0	0	823	705	701	1429	0	0	0	0
120	0	0	822	707	703	1366	0	0	0	0
121	0	0	824	711	705	1297	0	0	0	0
122	0	0	824	713	707	1199	0	0	0	0
123	0	0	825	716	711	1153	0	0	0	0
124	0	0	825	718	712	1230	0	0	0	0
125	0	0	826	720	715	1128	0	0	0	0
126	0	0	828	722	717	1058	0	0	0	0
127	0	0	828	725	717	959	0	0	0	0
0	0	0	829	727	720	893	0	0	0	0
1	0	0	830	731	722	844	0	0	0	0
2	0	0	830	732	722	731	0	0	0	0
3	0	0	830	735	725	687	0	0	0	0
4	0	0	832	738	726	623	0	0	0	0
5	0	0	833	740	727	555	0	0	0	0
6	0	0	832	741	729	501	0	0	0	0
7	0	0	832	743	729	456	0	0	0	0
8	0	0	834	746	730	479	0	0	0	0
9	0	0	833	749	730	489	0	0	0	0
10	0	0	835	752	730	502	0	0	0	0
11	0	0	837	754	730	461	0	0	0	0
12	0	0	837	756	730	421	0	0	0	0
13	0	0	838	759	729	393	0	0	0	0
14	0	0	839	761	728	407	0	0	0	0
15	0	0	841	765	729	411	0	0	0	0
16	0	0	842	767	729	424	0	0	0	0
17	0	0	842	770	727	409	0	0	0	0
18	0	0	843	772	728	414	0	0	0	0
19	0	0	845	774	727	423	0	0	0	0
20	0	0	845	775	726	426	0	0	0	0
21	0	0	846	777	725	397	0	0	0	0
22	0	0	846	779	725	373	0	0	0	0
23	0	0	846	781	725	329	0	0	0	0
24	0	0	845	782	723	309	0	0	0	0
25	0	0	847	786	723	283	0	0	0	0
26	0	0	847	789	722	209	0	0	0	0
27	0	0	847	792	722	174	0	0	0	0
28	0	0	849	796	721	142	0	0	0	0
29	0	0	847	798	720	141	0	0	0	0
30	0	0	848	802	719	136	0	0	0	0
31	0	0	847	804	719	123	0	0	0	0
32	0	0	848	809	717	117	0	0	0	0
33	0	0	848	813	717	109	0	0	0	0
34	0	0	849	818	717	106	0	0	0	0
35	0	0	849	821	716	117	0	0	0	0
36	0	0	845	825	716	101	0	0	0	0
37	0	0	843	829	715	105	0	0	0	0
38	0	0	844	831	715	112	0	0	0	0
39	0	0	843	836	713	126	0	0	0	0
40	0	0	842	839	713	124	0	0	0	0
41	0	0	841	844	713	128	0	0	0	0
42	0	0	840	848	715	125	0	0	0	0
43	0	0	839	852	717	115	0	0	0	0
44	0	0	838	857	717	119	0	0	0	0
45	0	0	839	862	718	95	0	0	0	0
46	0	0	840	866	718	82	0	0	0	0
47	0	0	838	869	720	77	0	0	0	0
48	0	0	840	873	721	79	0	0	0	0
49	0	0	842	878	723	76	0	0	0	0
50	0	0	843	881	723	76	0	0	0	0
51	0	0	843	884	724	71	0	0	0	0
52	0	0	843	887	726	72	0	0	0	0
53	0	0	844	891	729	77	0	0	0	0
54	0	0	846	893	730	87	0	0	0	0
55	0	0	848	896	733	82	0	0	0	0
56	0	0	848	898	736	85	0	0	0	0
57	0	0	848	899	738	82	0	0	0	0
58	0	0	848	901	740	76	0	0	0	0
59	0	0	847	902	743	70	0	0	0	0
60	0	0	848	903	744	69	0	0	0	0
61	0	0	849	905	746	68	0	0	0	0
62	0	0	849	906	747	68	0	0	0	0
63	0	0	850	905	749	67	0	0	0	0
64	0	0	851	907	750	72	0	0	0	0
65	0	0	853	906	750	71	0	0	0	0
66	0	0	854	908	751	60	0	0	0	0
67	0	0	858	907	753	64	0	0	0	0
68	0	0	857	906	753	60	0	0	0	0
69	0	0	858	905	754	58	0	0	0	0
70	0	0	860	906	754	60	0	0	0	0
71	0	0	859	903	755	56	0	0	0	0
72	0	0	861	900	755	57	0	0	0	0
73	0	0	862	897	755	61	0	0	0	0
74	0	0	862	895	755	61	0	0	0	0
75	0	0	864	894	757	62	0	0	0	0
76	0	0	865	891	756	65	0	0	0	0
77	0	0	863	889	757	67	0	0	0	0
78	0	0	863	886	758	67	0	0	0	0
79	0	0	861	884	757	68	0	0	0	0
80	0	0	858	883	758	69	0	0	0	0
81	0	0	859	880	758	72	0	0	0	0
82	0	0	858	876	759	66	0	0	0	0
83	0	0	856	873	761	69	0	0	0	0
84	0	0	855	871	760	75	0	0	0	0
85	0	0	853	869	761	78	0	0	0	0
86	0	0	850	865	761	70	0	0	0	0
87	0	0	848	864	761	61	0	0	0	0
88	0	0	847	862	763	62	0	0	0	0
89	0	0	845	860	762	55	0	0	0	0
90	0	0	842	857	763	47	0	0	0	0
91	0	0	841	854	762	43	0	0	0	0
92	0	0	840	852	763	53	0	0	0	0
93	0	0	840	851	763	53	0	0	0	0
94	0	0	838	848	764	54	0	0	0	0
95	0	0	836	846	763	55	0	0	0	0
96	0	0	834	843	764	58	0	0	0	0
97	0	0	831	842	764	64	0	0	0	0
98	0	0	829	840	763	62	0	0	0	0
99	0	0	827	839	763	62	0	0	0	0
100	0	0	825	838	762	66	0	0	0	0
101	0	0	824	835	763	69	0	0	0	0
102	0	0	821	832	763	68	0	0	0	0
103	0	0	819	830	764	67	0	0	0	0
104	0	0	816	829	764	71	0	0	0	0
105	0	0	815	827	765	68	0	0	0	0
106	0	0	812	828	765	64	0	0	0	0
107	0	0	811	825	765	54	0	0	0	0
108	0	0	810	823	766	56	0	0	0	0
109	0	0	808	821	766	52	0	0	0	0
110	0	0	806	821	767	59	0	0	0	0
111	0	0	804	817	767	54	0	0	0	0
112	0	0	803	816	768	60	0	0	0	0
113	0	0	800	814	769	51	0	0	0	0
114	0	0	799	811	769	45	0	0	0	0
115	0	0	797	808	769	59	0	0	0	0
116	0	0	796	806	769	60	0	0	0	0
117	0	0	794	801	769	55	0	0	0	0
118	0	0	793	803	769	65	0	0	0	0
119	0	0	794	799	771	59	0	0	0	0
120	0	0	792	797	770	77	0	0	0	0
121	0	0	790	799	771	82	0	0	0	0
122	0	0	788	796	772	79	0	0	0	0
123	0	0	786	794	773	69	0	0	0	0
124	0	0	787	789	773	64	0	0	0	0
125	0	0	790	786	774	61	0	0	0	0
126	0	0	792	786	774	60	0	0	0	0
127	0	0	790	784	775	55	0	0	0	0
0	0	0	789	786	776	49	0	0	0	0
1	0	0	790	785	776	47	0	0	0	0
2	0	0	791	784	777	53	0	0	0	0
3	0	0	791	782	778	45	0	0	0	0
4	0	0	792	782	778	44	0	0	0	0
5	0	0	792	781	779	47	0	0	0	0
6	0	0	793	778	779	53	0	0	0	0
7	0	0	792	776	778	41	0	0	0	0
8	0	0	791	773	778	47	0	0	0	0
9	0	0	791	772	778	54	0	0	0	0
10	0	0	791	769	778	47	0	0	0	0
11	0	0	791	768	777	45	0	0	0	0
12	0	0	792	767	777	56	0	0	0	0
13	0	0	791	766	777	56	0	0	0	0
14	0	0	792	764	776	51	0	0	0	0
15	0	0	792	762	774	54	0	0	0	0
16	0	0	792	761	774	61	0	0	0	0
17	0	0	794	760	773	68	0	0	0	0
18	0	0	795	756	772	62	0	0	0	0
19	0	0	794	759	771	57	0	0	0	0
20	0	0	795	758	772	57	0	0	0	0
21	0	0	795	756	769	57	0	0	0	0
22	0	0	796	757	769	53	0	0	0	0
23	0	0	797	756	768	48	0	0	0	0
24	0	0	798	755	767	49	0	0	0	0
25	0	0	798	754	766	51	0	0	0	0
26	0	0	799	754	765	49	0	0	0	0
27	0	0	799	755	764	34	0	0	0	0
28	0	0	798	753	763	40	0	0	0	0
29	0	0	799	755	762	46	0	0	0	0
30	0	0	797	753	762	44	0	0	0	0
31	0	0	797	754	761	44	0	0	0	0
32	0	0	799	753	759	44	0	0	0	0
33	0	0	800	753	758	48	0	0	0	0
34	0	0	799	752	758	46	0	0	0	0
35	0	0	800	751	756	48	0	0	0	0
36	0	0	800	751	754	67	0	0	0	0
37	0	0	800	751	755	67	0	0	0	0
38	0	0	800	750	755	62	0	0	0	0
39	0	0	800	751	754	58	0	0	0	0
40	0	0	800	751	753	58	0	0	0	0
41	0	0	800	750	752	58	0	0	0	0
42	0	0	800	750	752	55	0	0	0	0
43	0	0	801	750	751	47	0	0	0	0
44	0	0	800	750	752	40	0	0	0	0
45	0	0	802	750	751	47	0	0	0	0
46	0	0	802	748	752	41	0	0	0	0
47	0	0	803	749	749	41	0	0	0	0
48	0	0	804	747	749	45	0	0	0	0
49	0	0	803	748	749	47	0	0	0	0
50	0	0	805	749	750	59	0	0	0	0
51	0	0	806	748	749	40	0	0	0	0
52	0	0	806	748	749	38	0	0	0	0
53	0	0	806	748	749	38	0	0	0	0
54	0	0	807	748	750	36	0	0	0	0
55	0	0	809	746	750	35	0	0	0	0
56	0	0	808	746	751	47	0	0	0	0
57	0	0	809	747	751	44	0	0	0	0
58	0	0	810	747	751	35	0	0	0	0
59	0	0	809	746	752	35	0	0	0	0
60	0	0	808	747	753	31	0	0	0	0
61	0	0	808	748	753	27	0	0	0	0
62	0	0	808	749	754	24	0	0	0	0
63	0	0	807	749	754	20	0	0	0	0
64	0	0	808	750	755	20	0	0	0	0
65	0	0	808	750	756	22	0	0	0	0
66	0	0	807	751	756	21	0	0	0	0
67	0	0	805	752	756	23	0	0	0	0
68	0	0	806	751	756	26	0	0	0	0
69	0	0	806	752	755	30	0	0	0	0
70	0	0	803	754	757	31	0	0	0	0
71	0	0	803	754	757	31	0	0	0	0
72	0	0	803	754	758	34	0	0	0	0
73	0	0	803	755	758	37	0	0	0	0
74	0	0	803	757	758	36	0	0	0	0
75	0	0	800	758	758	34	0	0	0	0
76	0	0	800	759	757	40	0	0	0	0
77	0	0	799	759	758	39	0	0	0	0
78	0	0	797	761	757	33	0	0	0	0
79	0	0	798	762	758	30	0	0	0	0
80	0	0	796	762	758	27	0	0	0	0
81	0	0	796	762	759	26	0	0	0	0
82	0	0	795	763	758	21	0	0	0	0
83	0	0	795	763	758	17	0	0	0	0
84	0	0	794	764	758	18	0	0	0	0
85	0	0	794	765	758	21	0	0	0	0
86	0	0	792	765	758	21	0	0	0	0
87	0	0	792	766	759	23	0	0	0	0
88	0	0	792	766	758	26	0	0	0	0
89	0	0	790	766	758	30	0	0	0	0
90	0	0	789	767	758	32	0	0	0	0
91	0	0	789	768	759	34	0	0	0	0
92	0	0	789	769	757	36	0	0	0	0
93	0	0	787	769	758	36	0	0	0	0
94	0	0	787	769	758	36	0	0	0	0
95	0	0	787	770	759	31	0	0	2	0
96	0	0	788	770	759	36	0	0	0	0
97	0	0	786	771	759	35	0	0	0	0
98	0	0	785	773	760	28	0	0	0	0
99	0	0	785	773	760	21	0	0	0	0
100	0	0	785	773	761	16	0	0	0	0
101	0	0	784	773	762	12	0	0	0	0
102	0	0	785	774	762	7	0	0	0	0
103	0	0	785	775	762	5	0	0	0	0
104	0	0	783	776	763	15	0	0	0	0
105	0	0	783	776	764	13	0	0	0	0
106	0	0	783	776	763	14	0	0	0	0
107	0	0	783	777	765	15	0	0	0	0
108	0	0	782	777	766	19	0	0	0	0
109	0	0	781	778	766	24	0	0	0	0
110	0	0	782	780	766	24	0	0	0	0
111	0	0	783	780	766	25	0	0	0	0
112	0	0	783	781	767	26	0	0	0	0
113	0	0	783	782	767	28	0	0	0	0
114	0	0	783	782	768	25	0	0	0	0
115	0	0	783	784	768	31	0	0	0	0
116	0	0	782	785	769	32	0	0	0	0
117	0	0	783	785	768	30	0	0	0	0
118	0	0	783	785	769	26	0	0	0	0
119	0	0	783	787	769	21	0	0	0	0
120	0	0	783	787	769	18	0	0	0	0
121	0	0	783	788	768	17	0	0	0	0
122	0	0	784	787	768	17	0	0	0	0
123	0	0	784	787	768	12	0	0	0	0
124	0	0	783	788	768	17	0	0	0	0
125	0	0	783	789	767	19	0	0	0	0
126	0	0	784	788	767	18	0	0	0	0
127	0	0	783	788	767	16	0	0	0	0
0	0	0	783	788	767	18	0	0	0	0
1	0	0	783	789	767	20	0	0	0	0
2	0	0	783	788	767	24	0	0	0	0
3	0	0	783	787	767	25	0	0	0	0
4	0	0	783	787	767	28	0	0	0	0
5	0	0	783	788	766	31	0	0	0	0
6	0	0	782	787	766	30	0	0	0	0
7	0	0	783	786	767	27	0	0	0	0
8	0	0	784	786	766	31	0	0	0	0
9	0	0	783	787	766	33	0	0	0	0
10	0	0	784	787	765	28	0	0	0	0
11	0	0	783	787	765	21	0	0	0	0
12	0	0	784	788	765	21	0	0	0	0
13	0	0	784	788	764	21	0	0	0	0
14	0	0	784	788	765	17	0	0	0	0
15	0	0	785	789	766	13	0	0	0	0
16	0	0	785	789	765	14	0	0	0	0
17	0	0	786	789	765	13	0	0	0	0
18	0	0	785	789	764	9	0	0	0	0
19	0	0	786	788	764	7	0	0	0	0
20	0	0	786	789	765	11	0	0	0	0
21	0	0	784	790	766	13	0	0	0	0
22	0	0	785	791	765	19	0	0	0	0
23	0	0	787	791	765	25	0	0	0	0
24	0	0	787	792	765	27	0	0	0	0
25	0	0	786	792	764	28	0	0	0	0
26	0	0	787	793	764	28	0	0	0	0
27	0	0	787	793	764	28	0	0	0	0
28	0	0	788	794	764	34	0	0	0	0
29	0	0	787	794	764	34	0	0	0	0
30	0	0	788	795	763	26	0	0	0	0
31	0	0	789	795	763	21	0	0	0	0
32	0	0	788	795	762	20	0	0	0	0
33	0	0	790	797	761	18	0	0	0	0
34	0	0	790	797	760	15	0	0	0	0
35	0	0	790	798	760	11	0	0	0	0
36	0	0	791	797	760	11	0	0	0	0
37	0	0	792	798	760	13	0	0	0	0
38	0	0	793	798	759	14	0	0	0	0
39	0	0	793	798	759	10	0	0	0	0
40	0	0	793	799	759	14	0	0	0	0
41	0	0	793	800	759	19	0	0	0	0
42	0	0	794	799	758	20	0	0	0	0
43	0	0	794	800	758	21	0	0	0	0
44	0	0	795	800	757	24	0	0	0	0
45	0	0	796	800	757	27	0	0	0	0
46	0	0	798	801	757	25	0	0	0	0
47	0	0	798	801	756	22	0	0	0	0
48	0	0	800	801	755	27	0	0	0	0
49	0	0	800	801	756	27	0	0	0	0
50	0	0	800	802	755	19	0	0	0	0
51	0	0	802	802	754	15	0	0	0	0
52	0	0	804	803	754	16	0	0	0	0
53	0	0	806	803	753	13	0	0	0	0
54	0	0	807	803	753	11	0	0	0	0
55	0	0	808	805	754	5	0	0	0	0
56	0	0	810	805	754	0	0	0	0	0
57	0	0	810	806	754	0	0	0	0	0
58	0	0	812	805	755	0	0	0	0	0
59	0	0	814	807	756	0	0	0	0	0
60	0	0	813	807	756	0	0	0	0	0
61	0	0	815	808	756	0	0	0	0	0
62	0	0	817	809	757	2	0	0	0	0
63	0	0	819	809	754	5	0	0	0	0
64	0	0	822	810	752	9	0	0	0	0
65	0	0	823	810	751	7	0	0	0	0
66	0	0	819	811	751	7	0	0	0	0
67	0	0	812	811	753	11	0	0	0	0
68	0	0	805	812	759	12	0	0	0	0
69	0	0	799	812	763	12	0	0	0	0
70	0	0	798	812	765	13	0	0	0	0
71	0	0	799	811	767	12	0	0	0	0
72	0	0	800	811	768	8	0	0	0	0
73	0	0	800	809	767	0	0	0	0	0
74	0	0	800	808	767	241	0	0	0	0
75	0	0	802	806	766	167	0	0	0	0
76	0	0	802	805	762	199	0	0	0	0
77	0	0	800	805	762	255	0	0	0	0
78	0	0	801	804	758	305	0	0	0	0
79	0	0	801	803	752	332	0	0	0	0
80	0	0	807	801	746	329	0	0	0	0
81	0	0	810	799	739	344	0	0	0	0
82	0	0	814	797	734	329	0	0	0	0
83	0	0	816	797	724	285	0	0	0	0
84	0	0	825	800	709	235	0	0	0	0
85	0	0	844	812	679	221	0	0	0	0
86	0	0	865	835	630	188	0	0	0	0
87	0	0	897	856	568	152	0	0	0	0
88	0	0	927	869	505	101	0	0	0	0
89	0	0	945	875	446	75	0	0	0	0
90	0	0	991	859	401	70	0	0	0	0
91	0	0	1086	812	382	64	0	0	0	0
92	0	0	1212	750	380	78	0	0	0	0
93	0	0	1313	681	376	77	0	0	0	0
94	0	0	1354	630	374	73	0	0	0	0
95	0	0	1328	587	371	63	0	0	0	0
96	0	0	1209	553	371	49	0	0	0	0
97	0	0	1055	541	356	66	0	0	0	0
98	0	0	947	547	315	63	0	0	0	0
99	0	0	901	575	269	39	0	0	0	0
100	0	0	902	603	229	9	0	0	0	0
101	0	0	928	623	205	10	0	0	0	0
102	0	0	944	643	195	17	0	0	0	0
103	0	0	939	657	179	22	0	0	0	0
104	0	0	941	669	153	52	0	0	0	0
105	0	0	946	680	131	84	0	0	0	0
106	0	0	945	679	127	75	0	0	0	0
107	0	0	956	656	127	77	0	0	0	0
108	0	0	1010	605	121	84	0	0	0	0
109	0	0	1116	554	120	91	0	0	0	0
110	0	0	1206	504	146	82	0	0	0	0
111	0	0	1254	457	224	69	0	0	0	0
112	0	0	1222	417	347	69	0	0	0	0
113	0	0	1111	385	489	75	0	0	0	0
114	0	0	947	373	637	81	0	0	0	0
115	0	0	790	367	773	89	0	0	0	0
116	0	0	666	352	869	129	0	0	0	0
117	0	0	589	317	921	157	0	0	0	0
118	0	0	546	267	949	186	0	0	0	0
119	0	0	525	213	965	207	0	0	0	0
120	0	0	483	167	971	248	0	0	0	0
121	0	0	430	136	979	335	0	0	0	0
122	0	0	406	142	979	422	0	0	0	0
123	0	0	400	153	968	479	0	0	0	0
124	0	0	379	153	935	456	0	0	0	0
125	0	0	375	165	894	486	0	0	0	0
126	0	0	403	187	858	471	0	0	0	0
127	0	0	409	207	823	503	0	0	0	0
0	0	0	398	221	795	635	0	0	0	0
1	0	0	401	307	799	715	0	0	0	0
2	0	0	415	316	765	806	0	0	0	0
3	0	0	426	318	732	1024	0	0	0	0
4	0	0	436	324	711	1061	0	0	0	0
5	0	0	473	331	686	1172	0	0	0	0
6	0	0	504	343	661	1195	0	0	0	0
7	0	0	532	355	641	1177	0	0	0	0
8	0	0	556	363	622	1206	0	0	0	0
9	0	0	581	370	605	1230	0	0	0	0
10	0	0	610	378	584	1259	0	0	0	0
11	0	0	631	382	558	1261	0	0	0	0
12	0	0	662	369	536	1293	0	0	0	0
13	0	0	687	344	507	1313	0	0	0	0
14	0	0	698	337	478	1315	0	0	0	0
15	0	0	708	300	453	1347	0	0	0	0
16	0	0	722	267	433	1390	0	0	0	0
17	0	0	731	239	420	1433	0	0	0	0
18	0	0	744	218	407	1455	0	0	0	0
19	0	0	757	200	389	1472	0	0	0	0
20	0	0	771	185	371	1486	0	0	0	0
21	0	0	788	169	352	1491	0	0	0	0
22	0	0	805	157	332	1486	0	0	0	0
23	0	0	818	144	311	1499	0	0	0	0
24	0	0	822	127	295	1503	0	0	0	0
25	0	0	818	125	284	1497	0	0	0	0
26	0	0	800	126	279	1492	0	0	0	0
27	0	0	774	128	280	1480	0	0	0	0
28	0	0	746	135	290	1472	0	0	0	0
29	0	0	722	149	303	1457	0	0	0	0
30	0	0	701	168	320	1444	0	0	0	0
31	0	0	684	192	338	1429	0	0	0	0
32	0	0	670	221	355	1404	0	0	0	0
33	0	0	655	252	378	1387	0	0	0	0
34	0	0	642	280	402	1370	0	0	0	0
35	0	0	630	312	428	1360	0	0	0	0
36	0	0	621	341	458	1368	0	0	0	0
37	0	0	616	370	489	1357	0	0	0	0
38	0	0	613	396	517	1349	0	0	0	0
39	0	0	611	419	544	1343	0	0	0	0
40	0	0	609	435	570	1343	0	0	0	0
41	0	0	605	448	595	1347	0	0	0	0
42	0	0	605	461	618	1344	0	0	0	0
43	0	0	606	474	640	1341	0	0	0	0
44	0	0	609	486	658	1341	0	0	0	0
45	0	0	610	494	673	1343	0	0	0	0
46	0	0	610	497	686	1343	0	0	0	0
47	0	0	611	504	698	1345	0	0	0	0
48	0	0	614	515	711	1345	0	0	0	0
49	0	0	618	524	722	1351	0	0	0	0
50	0	0	626	531	733	1354	0	0	0	0
51	0	0	635	537	742	1363	0	0	0	0
52	0	0	645	543	750	1367	0	0	0	0
53	0	0	654	545	758	1371	0	0	0	0
54	0	0	662	549	764	1374	0	0	0	0
55	0	0	669	552	767	1377	0	0	0	0
56	0	0	676	556	770	1367	0	0	0	0
57	0	0	684	558	770	1366	0	0	0	0
58	0	0	690	562	768	1369	0	0	0	0
59	0	0	695	565	766	1354	0	0	0	0
60	0	0	699	565	764	1353	0	0	0	0
61	0	0	703	565	761	1350	0	0	0	0
62	0	0	704	567	757	1346	0	0	0	0
63	0	0	706	568	752	1337	0	0	0	0
64	0	0	708	574	745	1331	0	0	0	0
65	0	0	712	579	739	1329	0	0	0	0
66	0	0	718	584	734	1320	0	0	0	0
67	0	0	720	588	729	1320	0	0	0	0
68	0	0	724	591	723	1311	0	0	0	0
69	0	0	729	594	717	1303	0	0	0	0
70	0	0	731	594	712	1294	0	0	0	0
71	0	0	736	598	708	1290	0	0	0	0
72	0	0	742	599	702	1283	0	0	0	0
73	0	0	744	598	699	1273	0	0	0	0
74	0	0	747	595	694	1269	0	0	0	0
75	0	0	756	603	691	1260	0	0	0	0
76	0	0	761	605	689	1256	0	0	0	0
77	0	0	766	606	687	1257	0	0	0	0
78	0	0	771	607	685	1257	0	0	0	0
79	0	0	774	607	685	1253	0	0	0	0
80	0	0	776	608	686	1251	0	0	0	0
81	0	0	776	608	686	1249	0	0	0	0
82	0	0	777	609	687	1241	0	0	0	0
83	0	0	776	610	687	1240	0	0	0	0
84	0	0	778	611	689	1237	0	0	0	0
85	0	0	778	614	688	1232	0	0	0	0
86	0	0	777	618	689	1228	0	0	0	0
87	0	0	779	620	690	1225	0	0	0	0
88	0	0	779	622	689	1223	0	0	0	0
89	0	0	779	626	690	1218	0	0	0	0
90	0	0	776	626	691	1209	0	0	0	0
91	0	0	775	627	691	1204	0	0	0	0
92	0	0	774	629	690	1194	0	0	0	0
93	0	0	769	629	690	1189	0	0	0	0
94	0	0	766	627	689	1186	0	0	0	0
95	0	0	762	627	689	1185	0	0	0	0
96	0	0	758	626	689	1189	0	0	0	0
97	0	0	754	626	689	1190	0	0	0	0
98	0	0	750	626	688	1192	0	0	0	0
99	0	0	747	625	688	1189	0	0	0	0
100	0	0	740	622	688	1191	0	0	0	0
101	0	0	736	621	687	1192	0	0	0	0
102	0	0	732	620	687	1192	0	0	0	0
103	0	0	729	619	685	1190	0	0	0	0
104	0	0	725	618	683	1190	0	0	0	0
105	0	0	723	614	681	1186	0	0	0	0
106	0	0	721	613	679	1184	0	0	0	0
107	0	0	721	611	675	1181	0	0	0	0
108	0	0	720	606	674	1178	0	0	0	0
109	0	0	722	607	673	1181	0	0	0	0
110	0	0	721	606	670	1183	0	0	0	0
111	0	0	724	602	669	1181	0	0	0	0
112	0	0	725	598	665	1178	0	0	0	0
113	0	0	727	599	663	1175	0	0	0	0
114	0	0	728	592	660	1172	0	0	0	0
115	0	0	731	591	658	1172	0	0	0	0
116	0	0	733	589	655	1169	0	0	0	0
117	0	0	739	588	651	1170	0	0	0	0
118	0	0	743	585	647	1171	0	0	0	0
119	0	0	749	584	643	1168	0	0	0	0
120	0	0	752	584	639	1162	0	0	0	0
121	0	0	757	584	634	1154	0	0	0	0
122	0	0	762	584	630	1150	0	0	0	0
123	0	0	767	583	624	1144	0	0	0	0
124	0	0	772	584	619	1136	0	0	0	0
125	0	0	777	583	615	1114	0	0	0	0
126	0	0	781	583	611	1092	0	0	0	0
127	0	0	787	580	608	1109	0	0	0	0
0	0	0	790	578	605	1114	0	0	0	0
1	0	0	794	577	603	1118	0	0	0	0
2	0	0	799	575	602	1115	0	0	0	0
3	0	0	802	573	601	1100	0	0	0	0
4	0	0	806	573	600	1105	0	0	0	0
5	0	0	808	572	600	1112	0	0	0	0
6	0	0	811	570	600	1109	0	0	0	0
7	0	0	812	569	601	1102	0	0	0	0
8	0	0	813	569	601	1085	0	0	0	0
9	0	0	814	569	602	1078	0	0	0	0
10	0	0	814	570	602	1077	0	0	0	0
11	0	0	814	569	602	1075	0	0	0	0
12	0	0	813	569	602	1067	0	0	0	0
13	0	0	811	570	603	1076	0	0	0	0
14	0	0	810	572	604	1067	0	0	0	0
15	0	0	808	573	604	1061	0	0	0	0
16	0	0	806	574	607	1054	0	0	0	0
17	0	0	804	574	606	1044	0	0	0	0
18	0	0	802	576	609	1036	0	0	0	0
19	0	0	801	577	608	1017	0	0	0	0
20	0	0	797	579	610	999	0	0	0	0
21	0	0	794	581	612	990	0	0	0	0
22	0	0	792	584	612	1007	0	0	0	0
23	0	0	790	585	614	1006	0	0	0	0
24	0	0	788	587	614	984	0	0	0	0
25	0	0	785	590	617	960	0	0	0	0
26	0	0	784	592	619	938	0	0	0	0
27	0	0	782	594	619	935	0	0	0	0
28	0	0	780	597	622	929	0	0	0	0
29	0	0	780	599	623	905	0	0	0	0
30	0	0	779	602	624	901	0	0	0	0
31	0	0	777	604	627	878	0	0	0	0
32	0	0	777	606	629	851	0	0	0	0
33	0	0	777	609	630	844	0	0	0	0
34	0	0	775	612	633	843	0	0	0	0
35	0	0	775	615	634	838	0	0	0	0
36	0	0	776	618	637	814	0	0	0	0
37	0	0	775	621	641	786	0	0	0	0
38	0	0	776	625	644	759	0	0	0	0
39	0	0	776	629	646	740	0	0	0	0
40	0	0	777	634	649	733	0	0	0	0
41	0	0	777	637	651	722	0	0	0	0
42	0	0	776	640	655	701	0	0	0	0
43	0	0	776	644	658	685	0	0	0	0
44	0	0	775	647	662	693	0	0	0	0
45	0	0	774	648	662	688	0	0	0	0
46	0	0	775	653	665	698	0	0	0	0
47	0	0	774	655	667	684	0	0	0	0
48	0	0	775	659	668	661	0	0	0	0
49	0	0	774	661	672	643	0	0	0	0
50	0	0	774	663	672	618	0	0	0	0
51	0	0	773	666	674	587	0	0	0	0
52	0	0	774	666	675	597	0	0	0	0
53	0	0	773	668	676	594	0	0	0	0
54	0	0	773	669	677	608	0	0	0	0
55	0	0	773	671	678	613	0	0	0	0
56	0	0	772	671	679	622	0	0	0	0
57	0	0	773	674	680	615	0	0	0	0
58	0	0	772	675	681	611	0	0	0	0
59	0	0	773	675	682	604	0	0	0	0
60	0	0	773	676	683	609	0	0	0	0
61	0	0	771	676	683	592	0	0	0	0
62	0	0	771	676	684	568	0	0	0	0
63	0	0	771	678	685	565	0	0	0	0
64	0	0	771	677	686	550	0	0	0	0
65	0	0	772	678	687	541	0	0	0	0
66	0	0	772	677	687	538	0	0	0	0
67	0	0	772	677	688	526	0	0	0	0
68	0	0	772	677	689	520	0	0	0	0
69	0	0	774	677	690	521	0	0	0	0
70	0	0	775	678	692	502	0	0	0	0
71	0	0	776	679	693	495	0	0	0	0
72	0	0	777	680	693	519	0	0	0	0
73	0	0	775	679	694	512	0	0	0	0
74	0	0	775	681	693	495	0	0	0	0
75	0	0	776	681	694	481	0	0	0	0
76	0	0	776	681	696	448	0	0	0	0
77	0	0	778	681	697	444	0	0	0	0
78	0	0	779	682	698	441	0	0	0	0
79	0	0	780	682	698	433	0	0	0	0
80	0	0	783	683	698	438	0	0	0	0
81	0	0	783	684	699	439	0	0	0	0
82	0	0	783	684	700	453	0	0	0	0
83	0	0	784	685	701	454	0	0	0	0
84	0	0	786	685	701	444	0	0	0	0
85	0	0	788	686	701	429	0	0	0	0
86	0	0	787	687	701	412	0	0	0	0
87	0	0	789	688	702	418	0	0	0	0
88	0	0	790	689	703	421	0	0	0	0
89	0	0	792	689	703	436	0	0	0	0
90	0	0	793	690	704	433	0	0	0	0
91	0	0	792	690	703	426	0	0	0	0
92	0	0	794	691	704	415	0	0	0	0
93	0	0	796	692	705	411	0	0	0	0
94	0	0	797	692	705	417	0	0	0	0
95	0	0	796	693	705	413	0	0	0	0
96	0	0	796	692	706	405	0	0	0	0
97	0	0	797	694	706	397	0	0	0	0
98	0	0	797	694	707	397	0	0	0	0
99	0	0	798	695	708	394	0	0	0	0
100	0	0	799	695	708	395	0	0	0	0
101	0	0	799	696	708	411	0	0	0	0
102	0	0	798	697	708	415	0	0	0	0
103	0	0	798	697	708	402	0	0	0	0
104	0	0	798	698	708	397	0	0	0	0
105	0	0	800	698	708	403	0	0	0	0
106	0	0	800	698	709	410	0	0	0	0
107	0	0	800	698	710	398	0	0	0	0
108	0	0	801	699	709	390	0	0	0	0
109	0	0	801	700	709	386	0	0	0	0
110	0	0	802	701	709	389	0	0	0	0
111	0	0	803	701	709	394	0	0	0	0
112	0	0	804	702	709	395	0	0	0	0
113	0	0	805	702	710	407	0	0	0	0
114	0	0	805	703	710	401	0	0	0	0
115	0	0	805	706	709	397	0	0	0	0
116	0	0	805	706	709	395	0	0	0	0
117	0	0	805	707	709	399	0	0	0	0
118	0	0	806	709	709	404	0	0	0	0
119	0	0	806	709	708	413	0	0	0	0
120	0	0	807	710	711	407	0	0	0	0
121	0	0	808	712	712	400	0	0	0	0
122	0	0	808	712	712	392	0	0	0	0
123	0	0	808	713	713	384	0	0	0	0
124	0	0	807	714	714	381	0	0	0	0
125	0	0	808	715	715	380	0	0	0	0
126	0	0	807	716	715	372	0	0	0	0
127	0	0	805	716	716	378	0	0	0	0
0	0	0	805	717	719	378	0	0	0	0
1	0	0	805	718	718	373	0	0	0	0
2	0	0	805	718	720	373	0	0	0	0
3	0	0	803	718	722	382	0	0	0	0
4	0	0	803	719	722	377	0	0	0	0
5	0	0	803	719	722	369	0	0	0	0
6	0	0	801	721	724	361	0	0	0	0
7	0	0	802	721	725	361	0	0	0	0
8	0	0	801	720	727	361	0	0	0	0
9	0	0	802	721	726	359	0	0	0	0
10	0	0	801	721	728	355	0	0	0	0
11	0	0	799	722	729	353	0	0	0	0
12	0	0	799	720	730	349	0	0	0	0
13	0	0	799	722	730	342	0	0	0	0
14	0	0	798	722	731	341	0	0	0	0
15	0	0	798	723	733	329	0	0	0	0
16	0	0	797	723	732	332	0	0	0	0
17	0	0	799	723	734	329	0	0	0	0
18	0	0	799	723	734	330	0	0	0	0
19	0	0	798	723	734	336	0	0	0	0
20	0	0	796	723	735	335	0	0	0	0
21	0	0	797	723	735	329	0	0	0	0
22	0	0	796	722	736	332	0	0	0	0
23	0	0	795	722	735	331	0	0	0	0
24	0	0	793	721	735	332	0	0	0	0
25	0	0	793	721	734	340	0	0	0	0
26	0	0	794	720	734	333	0	0	0	0
27	0	0	794	724	733	334	0	0	0	0
28	0	0	791	713	733	325	0	0	0	0
29	0	0	792	721	734	318	0	0	0	0
30	0	0	791	722	733	318	0	0	0	0
31	0	0	791	719	732	323	0	0	0	0
32	0	0	789	718	731	317	0	0	0	0
33	0	0	789	719	730	326	0	0	0	0
34	0	0	790	719	730	345	0	0	0	0
35	0	0	787	717	727	350	0	0	0	0
36	0	0	786	715	726	357	0	0	0	0
37	0	0	785	714	726	355	0	0	0	0
38	0	0	784	713	724	352	0	0	0	0
39	0	0	785	714	723	356	0	0	0	0
40	0	0	785	713	722	361	0	0	0	0
41	0	0	785	713	721	367	0	0	0	0
42	0	0	786	713	720	367	0	0	0	0
43	0	0	784	711	718	368	0	0	0	0
44	0	0	785	710	716	358	0	0	0	0
45	0	0	784	709	715	372	0	0	0	0
46	0	0	782	709	714	372	0	0	0	0
47	0	0	783	708	713	382	0	0	0	0
48	0	0	782	708	712	382	0	0	0	0
49	0	0	784	707	710	373	0	0	0	0
50	0	0	785	708	709	375	0	0	0	0
51	0	0	784	705	708	376	0	0	0	0
52	0	0	783	706	706	375	0	0	0	0
53	0	0	784	703	705	385	0	0	0	0
54	0	0	786	702	703	386	0	0	0	0
55	0	0	786	701	702	386	0	0	0	0
56	0	0	786	702	701	384	0	0	0	0
57	0	0	787	699	701	385	0	0	0	0
58	0	0	787	698	700	384	0	0	0	1
59	0	0	786	697	699	389	0	0	0	0
60	0	0	786	696	698	398	0	0	0	0
61	0	0	787	695	696	404	0	0	0	0
62	0	0	788	694	696	410	0	0	0	0
63	0	0	788	694	696	409	0	0	0	0
64	0	0	789	691	695	412	0	0	0	0
65	0	0	789	690	694	411	0	0	0	0
66	0	0	790	689	693	409	0	0	0	0
67	0	0	790	687	693	411	0	0	0	0
68	0	0	792	686	692	414	0	0	0	0
69	0	0	792	685	691	413	0	0	0	0
70	0	0	794	684	690	405	0	0	0	0
71	0	0	794	683	690	401	0	0	0	0
72	0	0	794	678	690	402	0	0	0	0
73	0	0	794	678	689	404	0	0	0	0
74	0	0	794	676	688	413	0	0	0	0
75	0	0	795	674	688	410	0	0	0	0
76	0	0	796	673	687	410	0	0	0	0
77	0	0	797	672	687	414	0	0	0	0
78	0	0	798	669	686	416	0	0	0	0
79	0	0	798	667	686	415	0	0	0	0
80	0	0	798	665	686	415	0	0	0	0
81	0	0	798	665	685	417	0	0	0	0
82	0	0	798	663	685	421	0	0	0	0
83	0	0	799	663	684	420	0	0	0	0
84	0	0	800	660	684	418	0	0	0	0
85	0	0	800	658	682	419	0	0	0	0
86	0	0	801	656	681	420	0	0	0	0
87	0	0	802	655	681	425	0	0	0	0
88	0	0	803	654	681	425	0	0	0	0
89	0	0	804	652	679	421	0	0	0	0
90	0	0	805	650	680	423	0	0	0	0
91	0	0	805	649	678	421	0	0	0	0
92	0	0	804	647	679	423	0	0	0	0
93	0	0	805	645	679	428	0	0	0	0
94	0	0	804	644	678	426	0	0	0	0
95	0	0	804	642	677	432	0	0	0	0
96	0	0	805	642	676	444	0	0	0	0
97	0	0	804	640	677	456	0	0	0	0
98	0	0	805	639	676	455	0	0	0	0
99	0	0	804	637	674	453	0	0	0	0
100	0	0	804	636	674	465	0	0	0	0
101	0	0	805	635	673	466	0	0	0	0
102	0	0	804	634	674	465	0	0	0	0
103	0	0	803	633	673	469	0	0	0	0
104	0	0	803	632	673	477	0	0	0	0
105	0	0	803	631	673	480	0	0	0	0
106	0	0	801	629	673	483	0	0	0	0
107	0	0	802	630	672	493	0	0	0	0
108	0	0	801	629	672	496	0	0	0	0
109	0	0	801	627	671	497	0	0	0	0
110	0	0	800	626	672	498	0	0	0	0
111	0	0	801	628	671	504	0	0	0	0
112	0	0	800	627	670	503	0	0	0	0
113	0	0	799	627	670	512	0	0	0	0
114	0	0	797	625	669	519	0	0	0	0
115	0	0	798	627	670	524	0	0	0	0
116	0	0	798	625	670	524	0	0	0	0
117	0	0	798	625	670	525	0	0	0	0
118	0	0	797	624	670	518	0	0	0	0
119	0	0	796	624	670	518	0	0	0	0
120	0	0	795	625	670	524	0	0	0	0
121	0	0	795	625	671	530	0	0	0	0
122	0	0	794	624	672	527	0	0	0	0
123	0	0	794	624	672	522	0	0	0	0
124	0	0	795	625	672	526	0	0	0	0
125	0	0	794	626	672	528	0	0	0	0
126	0	0	795	628	672	532	0	0	0	0
127	0	0	794	627	672	532	0	0	0	0
0	0	0	795	627	674	531	0	0	0	0
1	0	0	795	627	675	531	0	0	0	0
2	0	0	795	628	674	531	0	0	0	0
3	0	0	795	627	675	529	0	0	0	0
4	0	0	794	629	675	531	0	0	0	0
5	0	0	794	630	676	535	0	0	0	0
6	0	0	795	628	676	534	0	0	0	0
7	0	0	794	630	677	537	0	0	0	0
8	0	0	793	631	677	534	0	0	0	0
9	0	0	794	630	678	539	0	0	0	0
10	0	0	793	633	678	543	0	0	0	0
11	0	0	792	630	677	547	0	0	0	0
12	0	0	792	633	679	544	0	0	0	0
13	0	0	791	634	679	549	0	0	0	0
14	0	0	791	633	679	548	0	0	0	0
15	0	0	793	633	680	559	0	0	0	0
16	0	0	793	633	680	564	0	0	0	0
17	0	0	793	634	680	573	0	0	0	0
18	0	0	794	634	681	569	0	0	0	0
19	0	0	792	635	681	563	0	0	0	0
20	0	0	794	635	681	560	0	0	0	0
21	0	0	793	636	681	561	0	0	0	0
22	0	0	794	635	682	562	0	0	0	0
23	0	0	793	636	683	577	0	0	0	0
24	0	0	793	637	684	582	0	0	0	0
25	0	0	792	637	683	577	0	0	0	0
26	0	0	793	638	684	580	0	0	0	0
27	0	0	793	639	684	590	0	0	0	0
28	0	0	793	639	683	608	0	0	0	0
29	0	0	793	640	684	609	0	0	0	0
30	0	0	792	641	684	601	0	0	0	0
31	0	0	792	641	684	625	0	0	0	0
32	0	0	793	641	684	623	0	0	0	0
33	0	0	792	641	684	627	0	0	0	0
34	0	0	792	642	684	623	0	0	0	0
35	0	0	792	642	685	632	0	0	0	0
36	0	0	791	641	684	641	0	0	0	0
37	0	0	791	642	685	644	0	0	0	0
38	0	0	791	643	685	643	0	0	0	0
39	0	0	790	643	686	629	0	0	0	0
40	0	0	790	642	685	626	0	0	0	0
41	0	0	792	644	686	622	0	0	0	0
42	0	0	790	644	686	621	0	0	0	0
43	0	0	789	645	686	616	0	0	0	0
44	0	0	790	645	686	616	0	0	0	0
45	0	0	789	646	687	614	0	0	0	0
46	0	0	789	645	687	611	0	0	0	0
47	0	0	790	645	688	613	0	0	0	0
48	0	0	788	646	688	619	0	0	0	0
49	0	0	789	646	687	620	0	0	0	0
50	0	0	789	647	689	620	0	0	0	0
51	0	0	788	646	688	619	0	0	0	0
52	0	0	788	646	689	643	0	0	0	0
53	0	0	788	647	688	646	0	0	0	0
54	0	0	786	649	689	637	0	0	0	0
55	0	0	787	648	691	636	0	0	0	0
56	0	0	787	648	690	637	0	0	0	0
57	0	0	788	649	690	639	0	0	0	0
58	0	0	789	649	691	641	0	0	0	0
59	0	0	789	649	691	636	0	0	0	0
60	0	0	788	651	691	633	0	0	0	0
61	0	0	787	650	692	641	0	0	0	0
62	0	0	787	650	693	631	0	0	0	0
63	0	0	786	651	693	639	0	0	0	0
64	0	0	787	651	693	639	0	0	0	0
65	0	0	787	651	694	638	0	0	0	0
66	0	0	786	651	694	639	0	0	0	0
67	0	0	787	651	695	636	0	0	0	0
68	0	0	787	652	696	640	0	0	0	0
69	0	0	787	651	696	637	0	0	0	0
70	0	0	787	653	695	634	0	0	0	0
71	0	0	787	653	695	632	0	0	0	0
72	0	0	788	653	696	642	0	0	0	0
73	0	0	788	653	697	646	0	0	0	0
74	0	0	790	654	698	651	0	0	0	0
75	0	0	789	654	698	647	0	0	0	0
76	0	0	789	654	698	642	0	0	0	0
77	0	0	788	654	698	639	0	0	0	0
78	0	0	789	654	698	633	0	0	0	0
79	0	0	789	656	698	633	0	0	0	0
80	0	0	789	655	697	637	0	0	0	0
81	0	0	789	655	698	643	0	0	0	0
82	0	0	791	655	697	646	0	0	0	0
83	0	0	789	656	697	645	0	0	0	0
84	0	0	788	656	696	642	0	0	0	0
85	0	0	787	656	696	644	0	0	0	0
86	0	0	788	656	697	648	0	0	0	0
87	0	0	789	657	696	647	0	0	0	0
88	0	0	786	657	696	647	0	0	0	0
89	0	0	787	658	696	648	0	0	0	0
90	0	0	786	660	695	650	0	0	0	0
91	0	0	786	658	695	650	0	0	0	0
92	0	0	787	659	694	652	0	0	0	0
93	0	0	788	660	695	651	0	0	0	0
94	0	0	789	660	695	651	0	0	0	0
95	0	0	788	661	695	651	0	0	0	0
96	0	0	789	662	694	645	0	0	0	0
97	0	0	789	660	695	647	0	0	0	0
98	0	0	789	662	694	646	0	0	0	0
99	0	0	788	662	693	647	0	0	0	0
100	0	0	788	662	693	640	0	0	0	0
101	0	0	789	662	693	642	0	0	0	0
102	0	0	788	663	693	640	0	0	0	0
103	0	0	790	661	693	637	0	0	0	0
104	0	0	791	664	694	636	0	0	0	0
105	0	0	790	665	693	635	0	0	0	0
106	0	0	790	664	694	639	0	0	0	0
107	0	0	788	662	693	646	0	0	0	0
108	0	0	789	665	693	645	0	0	0	0
109	0	0	791	665	693	649	0	0	0	0
110	0	0	791	664	693	652	0	0	0	0
111	0	0	791	665	693	651	0	0	0	0
112	0	0	792	665	692	653	0	0	0	0
113	0	0	792	665	692	653	0	0	0	0
114	0	0	793	665	689	650	0	0	0	0
115	0	0	793	665	692	644	0	0	0	0
116	0	0	792	665	691	642	0	0	0	0
117	0	0	793	664	691	644	0	0	0	0
118	0	0	794	665	691	648	0	0	0	0
119	0	0	794	665	692	645	0	0	0	0
120	0	0	792	664	691	637	0	0	0	0
121	0	0	794	664	691	636	0	0	0	0
122	0	0	794	664	691	634	0	0	0	0
123	0	0	795	664	691	635	0	0	0	0
124	0	0	795	664	692	639	0	0	0	0
125	0	0	794	664	691	642	0	0	0	0
126	0	0	794	663	692	648	0	0	0	0
127	0	0	797	663	692	643	0	0	0	0
0	0	0	796	663	692	641	0	0	0	0
1	0	0	797	663	692	623	0	0	0	0
2	0	0	796	663	692	612	0	0	0	0
3	0	0	797	663	692	606	0	0	0	0
4	0	0	798	662	692	612	0	0	0	0
5	0	0	798	662	692	618	0	0	0	0
6	0	0	799	663	692	620	0	0	0	0
7	0	0	798	661	691	620	0	0	0	0
8	0	0	798	661	691	615	0	0	0	0
9	0	0	798	660	692	612	0	0	0	0
10	0	0	798	660	693	614	0	0	0	0
11	0	0	798	659	689	616	0	0	0	0
12	0	0	799	659	691	603	0	0	0	0
13	0	0	799	658	691	601	0	0	0	0
14	0	0	799	658	691	594	0	0	0	0
15	0	0	798	657	691	595	0	0	0	0
16	0	0	799	658	694	587	0	0	0	0
17	0	0	800	657	691	581	0	0	0	0
18	0	0	800	657	691	582	0	0	0	0
19	0	0	800	657	691	585	0	0	0	0
20	0	0	800	657	690	579	0	0	0	0
21	0	0	800	656	690	585	0	0	0	0
22	0	0	800	656	690	586	0	0	0	0
23	0	0	800	655	689	586	0	0	0	0
24	0	0	800	655	689	585	0	0	0	0
25	0	0	800	655	689	586	0	0	0	0
26	0	0	801	655	689	595	0	0	0	0
27	0	0	801	655	689	602	0	0	0	0
28	0	0	801	654	688	591	0	0	0	0
29	0	0	800	655	687	587	0	0	0	0
30	0	0	801	655	687	581	0	0	0	0
31	0	0	801	655	686	577	0	0	0	0
32	0	0	801	655	685	572	0	0	0	0
33	0	0	801	653	685	583	0	0	0	0
34	0	0	802	653	685	578	0	0	0	0
35	0	0	802	653	685	577	0	0	0	0
36	0	0	801	653	683	571	0	0	0	0
37	0	0	801	653	683	549	0	0	0	0
38	0	0	801	653	683	525	0	0	0	0
39	0	0	801	653	682	514	0	0	0	0
40	0	0	801	653	681	531	0	0	0	0
41	0	0	801	653	681	513	0	0	0	0
42	0	0	801	653	681	533	0	0	0	0
43	0	0	801	652	679	527	0	0	0	0
44	0	0	802	652	679	501	0	0	0	0
45	0	0	802	652	679	501	0	0	0	0
46	0	0	802	651	678	484	0	0	0	0
47	0	0	800	650	678	473	0	0	0	0
48	0	0	801	651	678	465	0	0	0	0
49	0	0	800	651	677	466	0	0	0	0
50	0	0	800	651	677	464	0	0	0	0
51	0	0	801	651	676	459	0	0	0	0
52	0	0	800	650	675	460	0	0	0	0
53	0	0	800	651	675	456	0	0	0	0
54	0	0	801	651	674	440	0	0	0	0
55	0	0	800	651	675	450	0	0	0	0
56	0	0	800	650	676	452	0	0	0	0
57	0	0	800	651	674	450	0	0	0	0
58	0	0	800	650	673	450	0	0	0	0
59	0	0	800	650	674	447	0	0	0	0
60	0	0	800	650	673	451	0	0	0	0
61	0	0	799	650	673	454	0	0	0	0
62	0	0	799	649	674	452	0	0	0	0
63	0	0	800	649	674	445	0	0	0	0
64	0	0	799	649	673	434	0	0	0	0
65	0	0	799	649	674	442	0	0	0	0
66	0	0	799	649	673	445	0	0	0	0
67	0	0	799	648	674	443	0	0	0	0
68	0	0	799	649	674	448	0	0	0	0
69	0	0	798	649	674	442	0	0	0	0
70	0	0	799	649	674	443	0	0	0	0
71	0	0	799	649	673	444	0	0	0	0
72	0	0	799	649	674	429	0	0	0	0
73	0	0	800	648	674	429	0	0	0	0
74	0	0	799	649	675	422	0	0	0	0
75	0	0	799	649	675	418	0	0	0	0
76	0	0	798	649	675	413	0	0	0	0
77	0	0	799	647	675	411	0	0	0	0
78	0	0	799	650	675	412	0	0	0	0
79	0	0	799	649	675	416	0	0	0	0
80	0	0	800	649	676	424	0	0	0	0
81	0	0	799	649	675	387	0	0	0	0
82	0	0	798	648	675	392	0	0	0	0
83	0	0	799	649	676	410	0	0	0	0
84	0	0	799	649	676	419	0	0	0	0
85	0	0	798	649	676	424	0	0	0	0
86	0	0	798	649	677	422	0	0	0	0
87	0	0	798	650	677	416	0	0	0	0
88	0	0	798	648	677	414	0	0	0	0
89	0	0	799	648	677	408	0	0	0	0
90	0	0	800	649	677	406	0	0	0	0
91	0	0	801	649	677	403	0	0	0	0
92	0	0	800	649	677	398	0	0	0	0
93	0	0	800	649	678	392	0	0	0	0
94	0	0	801	650	678	375	0	0	0	0
95	0	0	799	650	678	380	0	0	0	0
96	0	0	800	650	679	378	0	0	0	0
97	0	0	800	650	680	379	0	0	0	0
98	0	0	799	650	680	383	0	0	0	0
99	0	0	798	651	680	384	0	0	0	0
100	0	0	799	651	681	383	0	0	0	0
101	0	0	798	650	681	386	0	0	0	0
102	0	0	797	651	681	372	0	0	0	0
103	0	0	797	651	682	379	0	0	0	0
104	0	0	798	651	683	380	0	0	0	0
105	0	0	798	651	683	381	0	0	0	0
106	0	0	798	651	684	382	0	0	0	0
107	0	0	798	651	683	380	0	0	0	0
108	0	0	797	651	684	368	0	0	0	0
109	0	0	798	652	684	370	0	0	0	0
110	0	0	797	651	684	379	0	0	0	0
111	0	0	797	651	683	370	0	0	0	0
112	0	0	795	649	684	370	0	0	0	0
113	0	0	797	651	685	370	0	0	0	0
114	0	0	796	651	685	376	0	0	0	0
115	0	0	795	651	684	378	0	0	0	0
116	0	0	795	651	686	377	0	0	0	0
117	0	0	795	651	686	376	0	0	0	0
118	0	0	796	651	685	380	0	0	0	0
119	0	0	796	652	685	383	0	0	0	0
120	0	0	793	652	687	376	0	0	0	0
121	0	0	795	653	686	376	0	0	0	0
122	0	0	795	652	685	373	0	0	0	0
123	0	0	795	652	686	381	0	0	0	0
124	0	0	794	653	687	388	0	0	0	0
125	0	0	794	653	686	390	0	0	0	0
126	0	0	793	652	687	390	0	0	0	0
127	0	0	795	653	687	384	0	0	0	0
0	0	0	793	653	686	384	0	0	0	0
1	0	0	793	652	687	387	0	0	0	0
2	0	0	793	653	687	387	0	0	0	0
3	0	0	794	653	687	386	0	0	0	0
4	0	0	794	653	687	385	0	0	0	0
5	0	0	794	653	687	382	0	0	0	0
6	0	0	796	653	687	380	0	0	0	0
7	0	0	796	653	687	358	0	0	0	0
8	0	0	796	654	688	356	0	0	0	0
9	0	0	795	653	687	367	0	0	0	0
10	0	0	796	654	688	375	0	0	0	0
11	0	0	796	652	687	384	0	0	0	0
12	0	0	795	653	687	388	0	0	0	0
13	0	0	796	653	687	388	0	0	0	0
14	0	0	796	653	688	382	0	0	0	0
15	0	0	795	653	688	381	0	0	0	0
16	0	0	795	653	687	373	0	0	0	0
17	0	0	796	653	688	376	0	0	0	0
18	0	0	796	654	688	376	0	0	0	0
19	0	0	796	653	688	374	0	0	0	0
20	0	0	796	654	688	375	0	0	0	0
21	0	0	794	653	689	374	0	0	0	0
22	0	0	796	656	689	375	0	0	0	0
23	0	0	796	653	690	374	0	0	0	0
24	0	0	797	654	689	376	0	0	0	0
25	0	0	796	654	689	379	0	0	0	0
26	0	0	795	654	688	377	0	0	0	0
27	0	0	796	655	688	368	0	0	0	0
28	0	0	797	655	688	364	0	0	0	0
29	0	0	797	655	688	356	0	0	0	0
30	0	0	795	654	687	362	0	0	0	0
31	0	0	797	655	689	363	0	0	0	0
32	0	0	797	655	687	364	0	0	0	0
33	0	0	797	654	688	362	0	0	0	0
34	0	0	797	655	688	366	0	0	0	0
35	0	0	795	655	687	364	0	0	0	0
36	0	0	796	655	687	363	0	0	0	0
37	0	0	797	655	688	362	0	0	0	0
38	0	0	798	654	687	365	0	0	0	0
39	0	0	797	654	687	365	0	0	0	0
40	0	0	798	654	686	372	0	0	0	0
41	0	0	798	653	687	369	0	0	0	0
42	0	0	797	653	687	381	0	0	0	0
43	0	0	797	653	687	373	0	0	0	0
44	0	0	796	653	687	370	0	0	0	0
45	0	0	796	653	686	366	0	0	0	0
46	0	0	796	654	686	366	0	0	0	0
47	0	0	796	653	687	379	0	0	0	0
48	0	0	796	653	687	375	0	0	0	0
49	0	0	796	654	686	369	0	0	0	0
50	0	0	794	652	686	367	0	0	0	0
51	0	0	794	653	686	378	0	0	0	0
52	0	0	795	653	686	387	0	0	0	0
53	0	0	795	653	685	373	0	0	0	0
54	0	0	794	652	686	375	0	0	0	0
55	0	0	794	651	685	378	0	0	0	0
56	0	0	796	652	686	377	0	0	0	0
57	0	0	796	653	685	376	0	0	0	0
58	0	0	795	652	685	376	0	0	0	0
59	0	0	795	651	685	374	0	0	0	0
60	0	0	796	651	685	375	0	0	0	0
61	0	0	796	651	685	377	0	0	0	0
62	0	0	796	651	685	357	0	0	0	0
63	0	0	796	649	685	373	0	0	0	0
64	0	0	795	649	685	373	0	0	0	0
65	0	0	795	648	684	375	0	0	0	0
66	0	0	795	647	685	378	0	0	0	0
67	0	0	795	648	684	374	0	0	0	0
68	0	0	796	648	685	371	0	0	0	0
69	0	0	796	647	685	368	0	0	0	0
70	0	0	796	647	685	369	0	0	0	0
71	0	0	796	646	686	366	0	0	0	0
72	0	0	796	645	686	365	0	0	0	0
73	0	0	796	645	686	368	0	0	0	0
74	0	0	795	645	685	368	0	0	0	0
75	0	0	795	645	685	368	0	0	0	0
76	0	0	793	645	685	374	0	0	0	0
77	0	0	793	645	686	378	0	0	0	0
78	0	0	793	645	686	379	0	0	0	0
79	0	0	793	644	686	380	0	0	0	0
80	0	0	794	645	686	380	0	0	0	0
81	0	0	793	644	686	392	0	0	0	0
82	0	0	793	645	686	384	0	0	0	0
83	0	0	793	645	687	382	0	0	0	0
84	0	0	792	644	686	381	0	0	0	0
85	0	0	791	644	687	381	0	0	0	0
86	0	0	792	644	686	367	0	0	0	0
87	0	0	792	643	684	358	0	0	0	0
88	0	0	792	644	686	367	0	0	0	0
89	0	0	791	643	686	365	0	0	0	0
90	0	0	791	644	686	363	0	0	0	0
91	0	0	791	644	686	365	0	0	0	0
92	0	0	791	644	685	368	0	0	0	0
93	0	0	791	643	686	368	0	0	0	0
94	0	0	791	644	685	371	0	0	0	0
95	0	0	792	644	686	371	0	0	0	0
96	0	0	792	644	686	373	0	0	0	0
97	0	0	792	644	686	337	0	0	0	0
98	0	0	793	644	686	343	0	0	0	0
99	0	0	793	644	686	338	0	0	0	0
100	0	0	793	645	686	340	0	0	0	0
101	0	0	794	644	686	351	0	0	0	0
102	0	0	792	645	685	352	0	0	0	0
103	0	0	793	645	685	362	0	0	0	0
104	0	0	793	645	685	362	0	0	0	0
105	0	0	794	645	685	363	0	0	0	0
106	0	0	793	645	684	366	0	0	0	0
107	0	0	793	646	685	365	0	0	0	0
108	0	0	793	646	685	364	0	0	0	0
109	0	0	791	647	685	364	0	0	0	0
110	0	0	792	647	685	361	0	0	0	0
111	0	0	791	646	685	365	0	0	0	0
112	0	0	792	648	685	362	0	0	0	0
113	0	0	793	647	685	363	0	0	0	0
114	0	0	794	647	685	364	0	0	0	0
115	0	0	795	649	685	365	0	0	0	0
116	0	0	795	648	685	364	0	0	0	0
117	0	0	795	648	686	365	0	0	0	0
118	0	0	795	648	685	365	0	0	0	0
119	0	0	795	648	685	364	0	0	0	0
120	0	0	795	648	685	356	0	0	0	0
121	0	0	796	649	684	356	0	0	0	0
122	0	0	795	649	685	361	0	0	0	0
123	0	0	795	649	685	355	0	0	0	0
124	0	0	795	650	685	352	0	0	0	0
125	0	0	795	649	685	345	0	0	0	0
126	0	0	795	650	686	333	0	0	0	0
127	0	0	794	651	685	327	0	0	0	0
0	0	0	794	651	685	324	0	0	0	0
1	0	0	795	651	684	331	0	0	0	0
2	0	0	795	651	684	330	0	0	0	0
3	0	0	795	651	685	327	0	0	0	0
4	0	0	796	651	685	333	0	0	0	0
5	0	0	797	651	685	336	0	0	0	0
6	0	0	796	652	685	338	0	0	0	0
7	0	0	797	653	685	338	0	0	0	0
8	0	0	795	654	684	340	0	0	0	0
9	0	0	796	652	685	349	0	0	0	0
10	0	0	796	651	684	359	0	0	0	0
11	0	0	796	652	684	358	0	0	0	0
12	0	0	795	652	685	360	0	0	0	0
13	0	0	795	652	685	354	0	0	0	0
14	0	0	796	652	685	352	0	0	0	0
15	0	0	798	653	685	358	0	0	0	0
16	0	0	797	653	685	356	0	0	0	0
17	0	0	798	654	686	352	0	0	0	0
18	0	0	799	653	685	353	0	0	0	0
19	0	0	797	654	686	351	0	0	0	0
20	0	0	798	654	686	353	0	0	0	0
21	0	0	797	653	686	353	0	0	0	0
22	0	0	797	654	685	356	0	0	0	0
23	0	0	798	655	685	353	0	0	0	0
24	0	0	798	654	686	356	0	0	0	0
25	0	0	798	654	685	353	0	0	0	0
26	0	0	797	654	686	350	0	0	0	0
27	0	0	797	654	686	351	0	0	0	0
28	0	0	797	654	686	356	0	0	0	0
29	0	0	798	655	687	354	0	0	0	0
30	0	0	798	655	687	354	0	0	0	0
31	0	0	798	654	687	352	0	0	0	0
32	0	0	797	654	687	352	0	0	0	0
33	0	0	799	655	687	352	0	0	0	0
34	0	0	798	653	687	352	0	0	0	0
35	0	0	798	655	687	357	0	0	0	0
36	0	0	798	654	687	367	0	0	0	0
37	0	0	797	654	687	366	0	0	0	0
38	0	0	797	654	687	353	0	0	0	0
39	0	0	796	654	687	350	0	0	0	0
40	0	0	797	655	687	343	0	0	0	0
41	0	0	796	653	686	340	0	0	0	0
42	0	0	797	653	687	343	0	0	0	0
43	0	0	798	655	686	339	0	0	0	0
44	0	0	797	653	686	339	0	0	0	0
45	0	0	798	653	686	344	0	0	0	0
46	0	0	797	654	686	337	0	0	0	0
47	0	0	798	653	686	333	0	0	0	0
48	0	0	797	653	686	337	0	0	0	0
49	0	0	796	653	686	333	0	0	0	0
50	0	0	798	653	686	330	0	0	0	0
51	0	0	797	652	687	333	0	0	0	0
52	0	0	798	653	687	334	0	0	0	0
53	0	0	799	651	686	336	0	0	0	0
54	0	0	799	652	687	337	0	0	0	0
55	0	0	798	652	686	335	0	0	0	0
56	0	0	798	652	686	344	0	0	0	0
57	0	0	799	651	686	344	0	0	0	0
58	0	0	798	652	686	331	0	0	0	0
59	0	0	797	651	687	332	0	0	0	0
60	0	0	798	651	686	328	0	0	0	0
61	0	0	798	651	686	330	0	0	0	0
62	0	0	798	651	686	330	0	0	0	0
63	0	0	797	651	685	327	0	0	0	0
64	0	0	798	651	686	325	0	0	0	0
65	0	0	799	650	685	325	0	0	0	0
66	0	0	796	650	686	329	0	0	0	0
67	0	0	796	650	686	327	0	0	0	0
68	0	0	798	649	686	327	0	0	0	0
69	0	0	796	649	686	329	0	0	0	0
70	0	0	798	649	686	330	0	0	0	0
71	0	0	797	649	686	335	0	0	0	0
72	0	0	796	649	685	334	0	0	0	0
73	0	0	796	649	684	331	0	0	0	0
74	0	0	797	649	684	337	0	0	0	0
75	0	0	796	649	684	334	0	0	0	0
76	0	0	796	649	683	332	0	0	0	0
77	0	0	797	649	683	328	0	0	0	0
78	0	0	797	649	683	325	0	0	0	0
79	0	0	797	649	683	323	0	0	0	0
80	0	0	797	649	683	322	0	0	0	0
81	0	0	797	648	682	324	0	0	0	0
82	0	0	797	647	682	328	0	0	0	0
83	0	0	797	647	682	330	0	0	0	0
84	0	0	797	648	682	327	0	0	0	0
85	0	0	797	647	682	330	0	0	0	0
86	0	0	797	647	681	332	0	0	0	0
87	0	0	798	647	682	337	0	0	0	0
88	0	0	796	647	680	336	0	0	0	0
89	0	0	797	647	681	338	0	0	0	0
90	0	0	797	647	680	336	0	0	0	0
91	0	0	796	647	680	334	0	0	0	0
92	0	0	796	647	680	334	0	0	0	0
93	0	0	795	647	679	340	0	0	0	0
94	0	0	796	647	679	344	0	0	0	0
95	0	0	796	647	680	341	0	0	0	0
96	0	0	796	647	680	335	0	0	0	0
97	0	0	796	648	680	334	0	0	0	0
98	0	0	794	647	680	332	0	0	0	0
