# bioPlux Text File Format
# Version: 1
# StartDateTime: 2012-03-21 16:45:23
# SamplingFrequency: 1000
# SampledChannels: 1 2 3 4 5 6 7 8
# SamplingResolution: 12
# AcquiringDevice: 00:07:80:93:66:BE
# EndOfHeader
0	0	0	843	619	634	1257	0	0	0	0
1	0	0	843	617	632	1271	0	0	0	0
2	0	0	842	613	630	1282	0	0	0	0
3	0	0	842	611	628	1286	0	0	0	0
4	0	0	842	609	627	1301	0	0	0	0
5	0	0	841	606	628	1332	0	0	0	0
6	0	0	840	603	628	1346	0	0	0	0
7	0	0	838	604	626	1351	0	0	0	0
8	0	0	837	601	626	1371	0	0	0	0
9	0	0	837	600	627	1370	0	0	0	0
10	0	0	837	600	629	1373	0	0	0	0
11	0	0	837	598	631	1396	0	0	0	0
12	0	0	836	598	632	1411	0	0	0	0
13	0	0	837	598	633	1418	0	0	0	0
14	0	0	837	596	635	1429	0	0	0	0
15	0	0	838	595	636	1445	0	0	0	0
16	0	0	838	594	638	1458	0	0	0	0
17	0	0	837	592	640	1469	0	0	0	0
18	0	0	838	592	641	1471	0	0	0	0
19	0	0	838	591	643	1476	0	0	0	0
20	0	0	838	591	643	1483	0	0	0	0
21	0	0	836	589	645	1483	0	0	0	0
22	0	0	834	587	645	1481	0	0	0	0
23	0	0	834	588	646	1491	0	0	0	0
24	0	0	833	588	647	1508	0	0	0	0
25	0	0	831	589	648	1523	0	0	0	0
26	0	0	830	588	649	1543	0	0	0	0
27	0	0	829	587	651	1562	0	0	0	0
28	0	0	829	588	653	1582	0	0	0	0
29	0	0	827	587	654	1596	0	0	0	0
30	0	0	826	587	655	1605	0	0	0	0
31	0	0	825	586	655	1607	0	0	0	0
32	0	0	823	584	656	1617	0	0	0	0
33	0	0	825	585	657	1628	0	0	0	0
34	0	0	826	585	658	1634	0	0	0	0
35	0	0	827	584	658	1646	0	0	0	0
36	0	0	826	583	657	1662	0	0	0	0
37	0	0	826	582	657	1673	0	0	0	0
38	0	0	826	579	657	1681	0	0	0	0
39	0	0	824	580	656	1678	0	0	0	0
40	0	0	826	578	656	1684	0	0	0	0
41	0	0	826	577	655	1681	0	0	0	0
42	0	0	828	576	653	1691	0	0	0	0
43	0	0	830	576	651	1702	0	0	0	0
44	0	0	831	574	650	1712	0	0	0	0
45	0	0	832	573	647	1715	0	0	0	0
46	0	0	832	572	646	1720	0	0	0	0
47	0	0	834	570	643	1721	0	0	0	0
48	0	0	835	567	641	1729	0	0	0	0
49	0	0	834	567	637	1731	0	0	0	0
50	0	0	836	566	635	1726	0	0	0	0
51	0	0	837	566	632	1719	0	0	0	0
52	0	0	838	565	631	1723	0	0	0	0
53	0	0	840	565	627	1727	0	0	0	0
54	0	0	840	564	625	1724	0	0	0	0
55	0	0	842	561	622	1729	0	0	0	0
56	0	0	844	559	620	1729	0	0	0	0
57	0	0	847	558	617	1737	0	0	0	0
58	0	0	847	557	614	1740	0	0	0	0
59	0	0	848	557	612	1743	0	0	0	0
60	0	0	851	556	610	1749	0	0	0	0
61	0	0	852	555	608	1753	0	0	0	0
62	0	0	851	555	608	1756	0	0	0	0
63	0	0	851	554	604	1754	0	0	0	1
64	0	0	851	555	602	1745	0	0	0	0
65	0	0	851	554	601	1747	0	0	0	0
66	0	0	851	554	598	1748	0	0	0	0
67	0	0	851	554	598	1759	0	0	0	0
68	0	0	848	554	597	1768	0	0	0	0
69	0	0	848	554	597	1772	0	0	0	0
70	0	0	847	555	596	1779	0	0	0	0
71	0	0	844	556	595	1779	0	0	0	0
72	0	0	843	555	594	1779	0	0	0	0
73	0	0	842	557	594	1786	0	0	0	0
74	0	0	839	559	593	1789	0	0	0	0
75	0	0	838	559	594	1795	0	0	0	0
76	0	0	836	559	595	1803	0	0	0	0
77	0	0	834	560	594	1807	0	0	0	0
78	0	0	832	562	595	1818	0	0	0	0
79	0	0	830	562	595	1818	0	0	0	0
80	0	0	829	563	596	1824	0	0	0	0
81	0	0	829	564	596	1830	0	0	0	0
82	0	0	825	563	597	1830	0	0	0	0
83	0	0	826	564	598	1833	0	0	0	0
84	0	0	825	564	599	1834	0	0	0	0
85	0	0	826	565	599	1840	0	0	0	0
86	0	0	825	564	599	1843	0	0	0	0
87	0	0	825	564	599	1846	0	0	0	0
88	0	0	826	564	601	1848	0	0	0	0
89	0	0	826	564	599	1852	0	0	0	0
90	0	0	827	565	601	1849	0	0	0	0
91	0	0	827	565	602	1851	0	0	0	0
92	0	0	828	564	602	1855	0	0	0	0
93	0	0	829	563	602	1858	0	0	0	0
94	0	0	831	563	603	1858	0	0	0	0
95	0	0	832	563	603	1868	0	0	0	0
96	0	0	834	562	604	1875	0	0	0	0
97	0	0	835	560	603	1877	0	0	0	0
98	0	0	836	560	604	1884	0	0	0	0
99	0	0	837	559	605	1891	0	0	0	0
100	0	0	837	559	604	1890	0	0	0	0
101	0	0	838	558	605	1895	0	0	0	0
102	0	0	836	556	605	1903	0	0	0	0
103	0	0	836	555	606	1906	0	0	0	0
104	0	0	837	553	605	1908	0	0	0	0
105	0	0	838	552	606	1920	0	0	0	0
106	0	0	838	551	605	1937	0	0	0	0
107	0	0	839	550	605	1947	0	0	0	0
108	0	0	839	549	604	1949	0	0	0	0
109	0	0	838	548	604	1961	0	0	0	0
110	0	0	838	547	603	1975	0	0	0	0
111	0	0	838	546	603	1981	0	0	0	0
112	0	0	839	546	602	1991	0	0	0	0
113	0	0	838	543	602	2004	0	0	0	0
114	0	0	836	543	602	2014	0	0	0	0
115	0	0	836	542	602	2019	0	0	0	0
116	0	0	835	541	602	2027	0	0	0	0
117	0	0	836	540	601	2039	0	0	0	0
118	0	0	836	541	601	2040	0	0	0	0
119	0	0	836	539	601	2042	0	0	0	0
120	0	0	836	541	600	2051	0	0	0	0
121	0	0	836	539	602	2059	0	0	0	0
122	0	0	836	538	601	2065	0	0	0	0
123	0	0	837	538	601	2071	0	0	0	0
124	0	0	836	539	600	2073	0	0	0	0
125	0	0	835	538	601	2085	0	0	0	0
126	0	0	836	538	602	2097	0	0	0	0
127	0	0	836	538	601	2105	0	0	0	0
0	0	0	835	538	602	2119	0	0	0	0
1	0	0	835	537	601	2135	0	0	0	0
2	0	0	835	537	603	2149	0	0	0	0
3	0	0	834	537	603	2168	0	0	0	0
4	0	0	834	536	603	2187	0	0	0	0
5	0	0	834	535	604	2195	0	0	0	0
6	0	0	832	535	605	2201	0	0	0	0
7	0	0	832	535	606	2205	0	0	0	0
8	0	0	833	535	606	2211	0	0	0	0
9	0	0	832	534	607	2216	0	0	0	0
10	0	0	832	535	608	2220	0	0	0	0
11	0	0	832	535	609	2227	0	0	0	0
12	0	0	832	535	609	2230	0	0	0	0
13	0	0	831	534	609	2247	0	0	0	0
14	0	0	830	534	609	2258	0	0	0	0
15	0	0	831	536	609	2260	0	0	0	0
16	0	0	830	535	609	2270	0	0	0	0
17	0	0	831	535	608	2278	0	0	0	0
18	0	0	831	535	608	2290	0	0	0	0
19	0	0	831	535	608	2301	0	0	0	0
20	0	0	832	536	608	2307	0	0	0	0
21	0	0	833	535	607	2312	0	0	0	0
22	0	0	832	535	606	2319	0	0	0	0
23	0	0	835	535	607	2327	0	0	0	0
24	0	0	836	536	606	2343	0	0	0	0
25	0	0	836	537	605	2351	0	0	0	0
26	0	0	836	536	605	2358	0	0	0	0
27	0	0	836	538	605	2367	0	0	0	0
28	0	0	837	539	605	2383	0	0	0	0
29	0	0	838	540	605	2391	0	0	0	0
30	0	0	839	542	605	2397	0	0	0	0
31	0	0	841	543	604	2403	0	0	0	0
32	0	0	840	545	603	2404	0	0	0	0
33	0	0	841	546	603	2404	0	0	0	0
34	0	0	843	545	603	2412	0	0	0	0
35	0	0	845	545	602	2415	0	0	0	0
36	0	0	845	545	601	2414	0	0	0	0
37	0	0	847	543	600	2416	0	0	0	0
38	0	0	848	543	601	2418	0	0	0	0
39	0	0	849	543	599	2426	0	0	0	0
40	0	0	849	542	596	2425	0	0	0	0
41	0	0	850	541	596	2430	0	0	0	0
42	0	0	852	539	594	2429	0	0	0	0
43	0	0	853	539	592	2436	0	0	0	0
44	0	0	853	538	591	2430	0	0	0	0
45	0	0	854	538	589	2433	0	0	0	0
46	0	0	855	538	588	2441	0	0	0	0
47	0	0	856	535	586	2448	0	0	0	0
48	0	0	858	535	585	2454	0	0	0	0
49	0	0	859	534	583	2461	0	0	0	0
50	0	0	860	533	582	2471	0	0	0	0
51	0	0	860	532	581	2478	0	0	0	0
52	0	0	858	530	579	2483	0	0	0	0
53	0	0	860	528	577	2485	0	0	0	0
54	0	0	860	527	577	2489	0	0	0	0
55	0	0	859	526	577	2490	0	0	0	0
56	0	0	860	525	575	2492	0	0	0	0
57	0	0	860	524	575	2495	0	0	0	0
58	0	0	859	524	574	2496	0	0	0	0
59	0	0	860	523	573	2496	0	0	0	0
60	0	0	860	521	573	2495	0	0	0	0
61	0	0	859	522	572	2496	0	0	0	0
62	0	0	859	523	572	2493	0	0	0	0
63	0	0	858	521	571	2497	0	0	0	0
64	0	0	857	521	571	2505	0	0	0	0
65	0	0	858	519	570	2505	0	0	0	0
66	0	0	856	520	571	2503	0	0	0	0
67	0	0	853	519	570	2504	0	0	0	0
68	0	0	852	519	571	2505	0	0	0	0
69	0	0	850	519	570	2502	0	0	0	0
70	0	0	848	519	571	2498	0	0	0	0
71	0	0	848	519	570	2496	0	0	0	0
72	0	0	846	519	572	2493	0	0	0	0
73	0	0	847	518	571	2493	0	0	0	0
74	0	0	844	518	570	2496	0	0	0	0
75	0	0	841	519	570	2498	0	0	0	0
76	0	0	841	518	570	2500	0	0	0	0
77	0	0	840	519	570	2503	0	0	0	0
78	0	0	836	518	571	2507	0	0	0	0
79	0	0	833	519	571	2510	0	0	0	0
80	0	0	833	519	571	2511	0	0	0	0
81	0	0	830	520	571	2512	0	0	0	0
82	0	0	828	520	572	2512	0	0	0	0
83	0	0	826	520	573	2512	0	0	0	0
84	0	0	825	520	573	2518	0	0	0	0
85	0	0	823	521	574	2521	0	0	0	0
86	0	0	823	523	575	2526	0	0	0	0
87	0	0	821	524	576	2532	0	0	0	0
88	0	0	818	524	578	2533	0	0	0	0
89	0	0	816	525	579	2531	0	0	0	0
90	0	0	815	525	580	2535	0	0	0	0
91	0	0	813	527	581	2534	0	0	0	0
92	0	0	810	527	582	2536	0	0	0	0
93	0	0	810	529	584	2536	0	0	0	0
94	0	0	809	529	586	2538	0	0	0	0
95	0	0	805	530	586	2538	0	0	0	0
96	0	0	803	531	587	2538	0	0	0	0
97	0	0	802	532	589	2540	0	0	0	0
98	0	0	799	532	590	2541	0	0	0	0
99	0	0	800	532	589	2546	0	0	0	0
100	0	0	800	533	591	2548	0	0	0	0
101	0	0	799	533	592	2549	0	0	0	0
102	0	0	796	532	592	2551	0	0	0	0
103	0	0	796	532	592	2553	0	0	0	0
104	0	0	795	531	593	2560	0	0	0	0
105	0	0	795	532	593	2560	0	0	0	0
106	0	0	793	531	594	2561	0	0	0	0
107	0	0	794	533	594	2562	0	0	0	0
108	0	0	794	532	595	2568	0	0	0	0
109	0	0	794	532	595	2571	0	0	0	0
110	0	0	795	531	594	2579	0	0	0	0
111	0	0	798	530	595	2581	0	0	0	0
112	0	0	795	531	595	2584	0	0	0	0
113	0	0	797	531	596	2587	0	0	0	0
114	0	0	798	531	595	2592	0	0	0	0
115	0	0	800	531	594	2596	0	0	0	0
116	0	0	800	530	594	2603	0	0	0	0
117	0	0	798	529	593	2612	0	0	0	0
118	0	0	802	530	593	2621	0	0	0	0
119	0	0	802	530	593	2623	0	0	0	0
120	0	0	803	531	593	2632	0	0	0	0
121	0	0	803	533	593	2637	0	0	0	0
122	0	0	801	532	594	2648	0	0	0	0
123	0	0	801	533	594	2653	0	0	0	0
124	0	0	801	534	594	2661	0	0	0	0
125	0	0	802	534	596	2669	0	0	0	0
126	0	0	801	534	596	2670	0	0	0	0
127	0	0	800	535	596	2676	0	0	0	0
0	0	0	800	536	599	2682	0	0	0	0
1	0	0	800	537	598	2688	0	0	0	0
2	0	0	800	537	599	2690	0	0	0	0
3	0	0	799	539	599	2697	0	0	0	0
4	0	0	798	540	599	2704	0	0	0	0
5	0	0	798	540	600	2706	0	0	0	0
6	0	0	798	541	600	2712	0	0	0	0
7	0	0	799	541	600	2716	0	0	0	0
8	0	0	798	543	600	2720	0	0	0	0
9	0	0	798	544	600	2729	0	0	0	0
10	0	0	797	545	601	2733	0	0	0	0
11	0	0	797	546	601	2734	0	0	0	0
12	0	0	798	548	601	2739	0	0	0	0
13	0	0	800	550	601	2747	0	0	0	0
14	0	0	800	551	600	2753	0	0	0	0
15	0	0	801	552	601	2755	0	0	0	0
16	0	0	801	554	600	2763	0	0	0	0
17	0	0	802	555	600	2770	0	0	0	0
18	0	0	802	558	599	2774	0	0	0	0
19	0	0	802	559	597	2782	0	0	0	0
20	0	0	802	561	597	2790	0	0	0	0
21	0	0	803	563	597	2796	0	0	0	0
22	0	0	804	564	595	2801	0	0	0	0
23	0	0	805	566	595	2804	0	0	0	0
24	0	0	806	566	594	2811	0	0	0	0
25	0	0	805	568	593	2812	0	0	0	0
26	0	0	805	569	592	2821	0	0	0	0
27	0	0	805	571	591	2830	0	0	0	0
28	0	0	805	574	591	2832	0	0	0	0
29	0	0	805	574	592	2835	0	0	0	0
30	0	0	806	578	591	2841	0	0	0	0
31	0	0	806	578	591	2841	0	0	0	0
32	0	0	807	579	590	2840	0	0	0	0
33	0	0	807	580	589	2841	0	0	0	0
34	0	0	808	581	589	2843	0	0	0	0
35	0	0	808	583	590	2846	0	0	0	0
36	0	0	808	585	591	2849	0	0	0	0
37	0	0	809	587	592	2850	0	0	0	0
38	0	0	810	588	592	2853	0	0	0	0
39	0	0	813	588	593	2855	0	0	0	0
40	0	0	814	590	593	2863	0	0	0	0
41	0	0	815	592	594	2867	0	0	0	0
42	0	0	816	593	594	2870	0	0	0	0
43	0	0	816	594	596	2872	0	0	0	0
44	0	0	817	596	598	2873	0	0	0	0
45	0	0	818	598	599	2872	0	0	0	0
46	0	0	819	600	599	2874	0	0	0	0
47	0	0	818	602	601	2876	0	0	0	0
48	0	0	819	603	603	2881	0	0	0	0
49	0	0	820	605	605	2877	0	0	0	0
50	0	0	824	608	607	2879	0	0	0	0
51	0	0	825	608	609	2880	0	0	0	0
52	0	0	828	610	611	2885	0	0	0	0
53	0	0	829	613	612	2882	0	0	0	0
54	0	0	830	613	613	2877	0	0	0	0
55	0	0	833	616	615	2880	0	0	0	0
56	0	0	834	619	617	2875	0	0	0	0
57	0	0	834	622	619	2873	0	0	0	0
58	0	0	836	624	622	2870	0	0	0	0
59	0	0	837	626	624	2863	0	0	0	0
60	0	0	838	629	626	2857	0	0	0	0
61	0	0	837	630	629	2851	0	0	0	0
62	0	0	837	632	632	2842	0	0	0	0
63	0	0	838	634	634	2831	0	0	0	0
64	0	0	841	637	638	2824	0	0	0	0
65	0	0	844	638	640	2817	0	0	0	0
66	0	0	843	640	642	2812	0	0	0	0
67	0	0	842	643	646	2798	0	0	0	0
68	0	0	843	645	648	2782	0	0	0	0
69	0	0	844	647	652	2769	0	0	0	0
70	0	0	842	650	656	2757	0	0	0	0
71	0	0	841	653	658	2740	0	0	0	0
72	0	0	840	656	664	2727	0	0	0	0
73	0	0	839	660	667	2707	0	0	0	0
74	0	0	839	662	671	2670	0	0	0	0
75	0	0	839	665	675	2654	0	0	0	0
76	0	0	838	668	679	2627	0	0	0	0
77	0	0	837	671	682	2593	0	0	0	0
78	0	0	837	674	686	2563	0	0	0	0
79	0	0	835	676	691	2515	0	0	0	0
80	0	0	832	679	696	2474	0	0	0	0
81	0	0	830	682	701	2430	0	0	0	0
82	0	0	830	686	703	2393	0	0	0	0
83	0	0	831	689	707	2331	0	0	0	0
84	0	0	829	692	711	2279	0	0	0	0
85	0	0	828	695	715	2212	0	0	0	0
86	0	0	828	698	719	2134	0	0	0	0
87	0	0	829	701	722	2079	0	0	0	0
88	0	0	828	704	726	1970	0	0	0	0
89	0	0	827	706	728	1951	0	0	0	0
90	0	0	829	711	733	1858	0	0	0	0
91	0	0	829	713	735	1779	0	0	0	0
92	0	0	828	715	738	1653	0	0	0	0
93	0	0	828	717	740	1520	0	0	0	0
94	0	0	828	719	742	1517	0	0	0	0
95	0	0	829	721	744	1450	0	0	0	0
96	0	0	829	723	747	1334	0	0	0	0
97	0	0	829	725	748	1127	0	0	0	0
98	0	0	829	726	750	1025	0	0	0	0
99	0	0	830	730	750	1001	0	0	0	0
100	0	0	831	731	751	979	0	0	0	0
101	0	0	831	733	751	913	0	0	0	0
102	0	0	832	736	752	764	0	0	0	0
103	0	0	835	738	754	655	0	0	0	0
104	0	0	834	742	754	570	0	0	0	0
105	0	0	835	743	753	567	0	0	0	0
106	0	0	836	745	754	509	0	0	0	0
107	0	0	839	748	751	355	0	0	0	0
108	0	0	840	749	748	349	0	0	0	0
109	0	0	843	750	748	353	0	0	0	0
110	0	0	846	752	746	337	0	0	0	0
111	0	0	848	754	744	308	0	0	0	0
112	0	0	850	756	741	318	0	0	0	0
113	0	0	852	757	739	303	0	0	0	0
114	0	0	857	759	736	290	0	0	0	0
115	0	0	859	761	735	292	0	0	0	0
116	0	0	859	762	733	268	0	0	0	0
117	0	0	858	764	730	279	0	0	0	0
118	0	0	858	765	728	249	0	0	0	0
119	0	0	858	767	725	253	0	0	0	0
120	0	0	858	769	724	247	0	0	0	0
121	0	0	857	772	723	235	0	0	0	0
122	0	0	855	776	721	219	0	0	0	0
123	0	0	853	778	721	222	0	0	0	0
124	0	0	852	780	720	196	0	0	0	0
125	0	0	849	784	720	195	0	0	0	0
126	0	0	847	788	718	194	0	0	0	0
127	0	0	845	791	718	181	0	0	0	0
0	0	0	845	797	718	172	0	0	0	0
1	0	0	845	800	717	170	0	0	0	0
2	0	0	845	804	716	187	0	0	0	0
3	0	0	843	808	715	194	0	0	0	0
4	0	0	843	814	715	197	0	0	0	0
5	0	0	841	818	711	195	0	0	0	0
6	0	0	841	823	711	184	0	0	0	0
7	0	0	843	828	709	191	0	0	0	0
8	0	0	843	832	709	185	0	0	0	0
9	0	0	842	838	709	183	0	0	0	0
10	0	0	840	842	708	189	0	0	0	0
11	0	0	839	847	707	187	0	0	0	0
12	0	0	836	851	709	195	0	0	0	0
13	0	0	836	855	708	187	0	0	0	0
14	0	0	835	858	708	186	0	0	0	0
15	0	0	834	863	708	176	0	0	0	0
16	0	0	834	867	708	174	0	0	0	0
17	0	0	835	871	708	161	0	0	0	0
18	0	0	832	875	707	153	0	0	0	0
19	0	0	833	878	708	142	0	0	0	0
20	0	0	831	882	709	137	0	0	0	0
21	0	0	831	885	710	161	0	0	0	0
22	0	0	832	889	711	167	0	0	0	0
23	0	0	830	891	712	177	0	0	0	0
24	0	0	832	895	715	172	0	0	0	0
25	0	0	830	897	715	170	0	0	0	0
26	0	0	829	900	717	169	0	0	0	0
27	0	0	830	903	718	168	0	0	0	0
28	0	0	829	906	719	187	0	0	0	0
29	0	0	831	907	722	178	0	0	0	0
30	0	0	833	909	722	181	0	0	0	0
31	0	0	835	910	725	183	0	0	0	0
32	0	0	836	912	727	181	0	0	0	0
33	0	0	836	916	728	182	0	0	0	0
34	0	0	837	918	730	180	0	0	0	0
35	0	0	839	920	731	173	0	0	0	0
36	0	0	841	920	731	174	0	0	0	0
37	0	0	842	921	732	167	0	0	0	0
38	0	0	844	922	734	163	0	0	0	0
39	0	0	845	922	735	157	0	0	0	0
40	0	0	847	922	736	149	0	0	0	0
41	0	0	849	920	737	148	0	0	0	0
42	0	0	851	920	740	150	0	0	0	0
43	0	0	853	918	740	152	0	0	0	0
44	0	0	856	916	740	158	0	0	0	0
45	0	0	860	913	740	131	0	0	0	0
46	0	0	863	912	741	124	0	0	0	0
47	0	0	866	910	740	154	0	0	0	0
48	0	0	867	909	741	136	0	0	0	0
49	0	0	866	904	742	137	0	0	0	0
50	0	0	868	904	742	126	0	0	0	0
51	0	0	869	902	743	142	0	0	0	0
52	0	0	869	899	744	145	0	0	0	0
53	0	0	870	897	745	153	0	0	0	0
54	0	0	871	893	746	149	0	0	0	0
55	0	0	871	892	748	141	0	0	0	0
56	0	0	872	890	750	142	0	0	0	0
57	0	0	872	887	750	93	0	0	0	0
58	0	0	872	884	751	76	0	0	0	0
59	0	0	871	881	751	78	0	0	0	0
60	0	0	869	879	753	69	0	0	0	0
61	0	0	868	878	754	78	0	0	0	0
62	0	0	867	876	756	71	0	0	0	0
63	0	0	865	873	756	65	0	0	0	0
64	0	0	861	871	758	60	0	0	0	0
65	0	0	858	869	759	42	0	0	0	0
66	0	0	857	867	760	36	0	0	0	0
67	0	0	851	865	763	36	0	0	0	0
68	0	0	848	862	763	40	0	0	0	0
69	0	0	844	859	764	43	0	0	0	0
70	0	0	844	861	765	43	0	0	0	0
71	0	0	841	858	766	48	0	0	0	0
72	0	0	838	858	767	52	0	0	0	0
73	0	0	835	856	768	59	0	0	0	0
74	0	0	832	855	768	50	0	0	0	0
75	0	0	828	853	769	48	0	0	0	0
76	0	0	826	852	770	48	0	0	0	0
77	0	0	823	851	771	46	0	0	0	0
78	0	0	821	848	771	44	0	0	0	0
79	0	0	820	845	772	36	0	0	0	0
80	0	0	819	845	773	33	0	0	0	0
81	0	0	817	842	775	33	0	0	0	0
82	0	0	815	841	776	30	0	0	0	0
83	0	0	815	837	775	25	0	0	0	0
84	0	0	813	835	777	28	0	0	0	0
85	0	0	811	832	777	32	0	0	0	0
86	0	0	809	828	776	33	0	0	0	0
87	0	0	806	823	777	35	0	0	0	0
88	0	0	802	821	776	35	0	0	0	0
89	0	0	801	816	775	38	0	0	0	0
90	0	0	797	812	775	35	0	0	0	0
91	0	0	795	808	775	36	0	0	0	0
92	0	0	793	808	776	39	0	0	0	0
93	0	0	792	803	774	39	0	0	0	0
94	0	0	790	801	775	34	0	0	0	0
95	0	0	793	796	776	30	0	0	0	0
96	0	0	795	792	775	29	0	0	0	0
97	0	0	792	790	775	27	0	0	0	0
98	0	0	789	787	776	25	0	0	0	0
99	0	0	789	784	776	19	0	0	0	0
100	0	0	787	783	777	21	0	0	0	0
101	0	0	787	780	777	23	0	0	0	0
102	0	0	787	779	778	22	0	0	0	0
103	0	0	787	778	779	23	0	0	0	0
104	0	0	786	776	778	28	0	0	0	0
105	0	0	787	772	777	32	0	0	0	0
106	0	0	789	775	776	34	0	0	0	0
107	0	0	790	770	777	35	0	0	0	0
108	0	0	790	767	777	36	0	0	0	0
109	0	0	789	767	776	39	0	0	0	0
110	0	0	788	764	775	37	0	0	0	0
111	0	0	787	762	774	38	0	0	0	0
112	0	0	788	763	774	40	0	0	0	0
113	0	0	790	760	773	41	0	0	0	0
114	0	0	789	757	772	35	0	0	0	0
115	0	0	787	756	770	29	0	0	0	0
116	0	0	788	755	769	27	0	0	0	0
117	0	0	790	756	769	24	0	0	0	0
118	0	0	791	756	768	22	0	0	0	0
119	0	0	792	754	768	18	0	0	0	0
120	0	0	791	753	766	20	0	0	0	0
121	0	0	792	752	767	21	0	0	0	0
122	0	0	792	751	765	21	0	0	0	0
123	0	0	793	751	765	20	0	0	0	0
124	0	0	793	751	765	22	0	0	0	0
125	0	0	795	751	764	25	0	0	0	0
126	0	0	795	750	764	28	0	0	0	0
127	0	0	797	750	764	28	0	0	0	0
0	0	0	796	750	762	29	0	0	0	0
1	0	0	798	749	762	32	0	0	0	0
2	0	0	799	749	761	35	0	0	0	0
3	0	0	800	748	761	36	0	0	0	0
4	0	0	801	748	760	42	0	0	0	0
5	0	0	802	747	759	41	0	0	0	0
6	0	0	802	746	758	29	0	0	0	0
7	0	0	803	746	758	26	0	0	0	0
8	0	0	802	746	758	23	0	0	0	0
9	0	0	803	747	758	22	0	0	0	0
10	0	0	803	746	758	20	0	0	0	0
11	0	0	804	747	758	17	0	0	0	0
12	0	0	804	747	756	17	0	0	0	0
13	0	0	805	746	757	18	0	0	0	0
14	0	0	805	748	757	18	0	0	0	0
15	0	0	805	748	757	16	0	0	0	0
16	0	0	804	748	757	19	0	0	0	0
17	0	0	805	748	756	24	0	0	0	0
18	0	0	803	747	757	24	0	0	0	0
19	0	0	805	748	757	25	0	0	0	0
20	0	0	804	748	757	26	0	0	0	0
21	0	0	805	749	757	29	0	0	0	0
22	0	0	804	749	759	27	0	0	0	0
23	0	0	803	750	758	27	0	0	0	0
24	0	0	803	750	756	31	0	0	0	0
25	0	0	803	750	757	29	0	0	0	0
26	0	0	803	750	757	26	0	0	0	0
27	0	0	802	750	758	18	0	0	0	0
28	0	0	802	751	758	18	0	0	0	0
29	0	0	800	752	757	17	0	0	0	0
30	0	0	801	751	757	15	0	0	0	0
31	0	0	800	751	758	11	0	0	0	0
32	0	0	801	751	759	16	0	0	0	0
33	0	0	800	751	758	14	0	0	0	0
34	0	0	801	752	759	14	0	0	0	0
35	0	0	802	752	760	17	0	0	0	0
36	0	0	801	752	759	20	0	0	0	0
37	0	0	800	752	759	23	0	0	0	0
38	0	0	801	752	760	27	0	0	0	0
39	0	0	801	753	760	29	0	0	0	0
40	0	0	801	752	759	27	0	0	0	0
41	0	0	802	752	760	31	0	0	0	0
42	0	0	801	753	761	27	0	0	0	0
43	0	0	801	753	762	28	0	0	0	0
44	0	0	801	755	762	32	0	0	0	0
45	0	0	801	755	761	31	0	0	0	0
46	0	0	800	756	763	26	0	0	0	0
47	0	0	799	757	763	19	0	0	0	0
48	0	0	801	758	763	21	0	0	0	0
49	0	0	800	759	764	20	0	0	0	0
50	0	0	799	761	764	16	0	0	0	0
51	0	0	799	762	765	12	0	0	0	0
52	0	0	798	763	767	14	0	0	0	0
53	0	0	799	765	766	18	0	0	0	0
54	0	0	800	766	766	20	0	0	0	0
55	0	0	800	766	767	16	0	0	0	0
56	0	0	797	768	767	17	0	0	0	0
57	0	0	798	769	767	19	0	0	0	0
58	0	0	798	769	768	25	0	0	0	0
59	0	0	796	770	767	28	0	0	0	0
60	0	0	794	770	766	26	0	0	0	0
61	0	0	794	771	766	28	0	0	0	0
62	0	0	793	774	766	28	0	0	0	0
63	0	0	792	773	766	25	0	0	0	0
64	0	0	791	773	766	31	0	0	0	0
65	0	0	790	774	764	29	0	0	0	0
66	0	0	790	775	766	28	0	0	0	0
67	0	0	789	776	766	23	0	0	0	0
68	0	0	788	778	766	24	0	0	0	0
69	0	0	788	777	764	25	0	0	0	0
70	0	0	786	778	765	21	0	0	0	0
71	0	0	786	779	765	15	0	0	0	0
72	0	0	786	779	766	17	0	0	0	0
73	0	0	785	780	764	18	0	0	0	0
74	0	0	785	780	765	18	0	0	0	0
75	0	0	786	780	762	19	0	0	0	0
76	0	0	786	781	765	20	0	0	0	0
77	0	0	783	780	766	23	0	0	0	0
78	0	0	784	781	764	23	0	0	0	0
79	0	0	784	782	764	29	0	0	0	0
80	0	0	783	781	763	32	0	0	0	0
81	0	0	783	781	762	29	0	0	0	0
82	0	0	784	780	763	24	0	0	0	0
83	0	0	786	781	762	25	0	0	0	0
84	0	0	787	780	762	36	0	0	0	0
85	0	0	787	779	762	37	0	0	0	0
86	0	0	788	779	761	32	0	0	0	0
87	0	0	789	780	762	28	0	0	0	0
88	0	0	790	781	763	21	0	0	0	0
89	0	0	789	781	761	20	0	0	0	0
90	0	0	789	781	761	16	0	0	0	0
91	0	0	789	780	762	10	0	0	0	0
92	0	0	790	779	762	12	0	0	0	0
93	0	0	790	778	761	14	0	0	0	0
94	0	0	792	780	761	15	0	0	0	0
95	0	0	792	779	762	15	0	0	0	0
96	0	0	791	780	762	18	0	0	0	0
97	0	0	793	780	761	20	0	0	0	0
98	0	0	793	780	763	24	0	0	0	0
99	0	0	793	780	762	26	0	0	0	0
100	0	0	793	780	762	28	0	0	0	0
101	0	0	794	780	761	29	0	0	0	0
102	0	0	795	780	760	27	0	0	0	0
103	0	0	796	778	761	31	0	0	0	0
104	0	0	796	779	762	36	0	0	0	0
105	0	0	796	777	761	36	0	0	0	0
106	0	0	796	777	761	35	0	0	0	0
107	0	0	799	775	760	25	0	0	0	0
108	0	0	800	775	760	27	0	0	0	0
109	0	0	801	779	760	30	0	0	0	0
110	0	0	800	778	760	27	0	0	0	0
111	0	0	800	776	760	21	0	0	0	0
112	0	0	800	776	760	25	0	0	0	0
113	0	0	802	777	759	26	0	0	0	0
114	0	0	802	777	758	27	0	0	0	0
115	0	0	802	776	760	26	0	0	0	0
116	0	0	803	775	758	23	0	0	0	0
117	0	0	804	775	758	26	0	0	0	0
118	0	0	803	776	759	28	0	0	0	0
119	0	0	803	777	758	29	0	0	0	0
120	0	0	802	776	759	31	0	0	0	0
121	0	0	802	775	758	35	0	0	0	0
122	0	0	803	775	758	33	0	0	0	0
123	0	0	804	775	757	33	0	0	0	0
124	0	0	805	777	756	38	0	0	0	0
125	0	0	806	775	757	35	0	0	0	0
126	0	0	807	776	756	31	0	0	0	0
127	0	0	808	776	756	27	0	0	0	0
0	0	0	809	777	755	24	0	0	0	0
1	0	0	810	778	756	22	0	0	0	0
2	0	0	809	777	755	20	0	0	0	0
3	0	0	810	779	756	15	0	0	0	0
4	0	0	811	779	754	19	0	0	0	0
5	0	0	810	779	755	19	0	0	0	0
6	0	0	811	780	755	19	0	0	0	0
7	0	0	812	780	755	19	0	0	0	0
8	0	0	810	780	755	23	0	0	0	0
9	0	0	809	779	755	26	0	0	0	0
10	0	0	808	780	756	25	0	0	0	0
11	0	0	809	780	755	24	0	0	0	0
12	0	0	810	781	756	25	0	0	0	0
13	0	0	810	782	756	28	0	0	0	0
14	0	0	809	782	756	25	0	0	0	0
15	0	0	810	783	757	21	0	0	0	0
16	0	0	808	782	757	21	0	0	0	0
17	0	0	808	782	758	15	0	0	0	0
18	0	0	806	782	758	5	0	0	0	0
19	0	0	807	783	757	0	0	0	0	0
20	0	0	807	784	758	0	0	0	0	0
21	0	0	805	783	759	0	0	0	0	0
22	0	0	805	784	759	0	0	0	0	0
23	0	0	802	784	760	0	0	0	0	0
24	0	0	803	784	760	0	0	0	0	0
25	0	0	799	784	759	0	0	0	0	0
26	0	0	799	784	759	0	0	0	0	0
27	0	0	799	784	759	0	0	0	0	0
28	0	0	800	786	759	388	0	0	0	0
29	0	0	801	787	757	704	0	0	0	0
30	0	0	801	788	757	882	0	0	0	0
31	0	0	797	790	757	1124	0	0	0	0
32	0	0	792	791	759	1178	0	0	0	0
33	0	0	787	793	761	1208	0	0	0	0
34	0	0	788	794	762	1209	0	0	0	0
35	0	0	791	793	762	1165	0	0	0	0
36	0	0	796	791	761	1113	0	0	0	0
37	0	0	800	789	761	1083	0	0	0	0
38	0	0	805	786	759	1070	0	0	0	0
39	0	0	813	784	758	1030	0	0	0	0
40	0	0	815	781	757	973	0	0	0	0
41	0	0	814	780	756	943	0	0	0	0
42	0	0	810	779	755	929	0	0	0	0
43	0	0	806	781	755	908	0	0	0	0
44	0	0	799	783	757	874	0	0	0	0
45	0	0	792	784	757	863	0	0	0	0
46	0	0	786	787	757	863	0	0	0	0
47	0	0	786	789	754	853	0	0	0	0
48	0	0	788	791	749	847	0	0	0	0
49	0	0	799	791	745	788	0	0	0	0
50	0	0	809	792	735	728	0	0	0	0
51	0	0	824	795	716	771	0	0	0	0
52	0	0	850	806	683	779	0	0	0	0
53	0	0	910	814	641	772	0	0	0	0
54	0	0	994	818	585	748	0	0	0	0
55	0	0	1123	817	513	750	0	0	0	0
56	0	0	1270	815	439	750	0	0	0	0
57	0	0	1365	812	383	702	0	0	0	0
58	0	0	1421	791	343	628	0	0	0	0
59	0	0	1454	737	332	591	0	0	0	0
60	0	0	1441	668	346	560	0	0	0	0
61	0	0	1344	600	355	555	0	0	0	0
62	0	0	1187	558	358	468	0	0	0	0
63	0	0	1009	555	345	379	0	0	0	0
64	0	0	850	575	313	155	0	0	0	0
65	0	0	744	601	272	83	0	0	0	0
66	0	0	718	632	229	103	0	0	0	0
67	0	0	750	665	196	99	0	0	0	0
68	0	0	781	694	164	78	0	0	0	0
69	0	0	808	716	136	130	0	0	0	0
70	0	0	835	727	109	142	0	0	0	0
71	0	0	871	711	100	141	0	0	0	0
72	0	0	918	667	98	136	0	0	0	0
73	0	0	991	611	89	145	0	0	0	0
74	0	0	1062	550	94	203	0	0	0	0
75	0	0	1115	498	131	234	0	0	0	0
76	0	0	1101	474	211	242	0	0	0	0
77	0	0	1028	453	327	374	0	0	0	0
78	0	0	921	421	441	523	0	0	0	0
79	0	0	816	387	538	754	0	0	0	0
80	0	0	776	339	609	761	0	0	0	0
81	0	0	777	274	662	830	0	0	0	0
82	0	0	745	195	708	910	0	0	0	0
83	0	0	665	128	737	1019	0	0	0	0
84	0	0	561	87	761	1077	0	0	0	0
85	0	0	478	63	776	1170	0	0	0	0
86	0	0	459	47	782	1250	0	0	0	0
87	0	0	422	39	774	1310	0	0	0	0
88	0	0	373	39	767	1369	0	0	0	0
89	0	0	349	55	768	1439	0	0	0	0
90	0	0	348	127	783	1486	0	0	0	0
91	0	0	362	187	769	1558	0	0	0	0
92	0	0	374	200	762	1639	0	0	0	0
93	0	0	392	217	753	1667	0	0	0	0
94	0	0	424	245	746	1639	0	0	0	0
95	0	0	457	273	742	1663	0	0	0	0
96	0	0	492	290	746	1729	0	0	0	0
97	0	0	530	313	750	1803	0	0	0	0
98	0	0	565	341	754	1806	0	0	0	0
99	0	0	599	370	761	1817	0	0	0	0
100	0	0	632	395	759	1856	0	0	0	0
101	0	0	662	416	756	1918	0	0	0	0
102	0	0	692	430	741	1951	0	0	0	0
103	0	0	717	435	723	1971	0	0	0	0
104	0	0	733	436	696	1988	0	0	0	0
105	0	0	751	430	666	1982	0	0	0	0
106	0	0	765	400	642	1995	0	0	0	0
107	0	0	777	393	611	1998	0	0	0	0
108	0	0	777	351	579	2026	0	0	0	0
109	0	0	786	309	547	2039	0	0	0	0
110	0	0	796	272	518	2052	0	0	0	0
111	0	0	801	234	487	2048	0	0	0	0
112	0	0	803	201	458	2047	0	0	0	0
113	0	0	801	169	430	2037	0	0	0	0
114	0	0	796	147	407	2022	0	0	0	0
115	0	0	792	137	387	2013	0	0	0	0
116	0	0	787	132	374	2012	0	0	0	0
117	0	0	783	138	369	2008	0	0	0	0
118	0	0	773	146	365	2001	0	0	0	0
119	0	0	759	159	362	1992	0	0	0	0
120	0	0	738	177	362	1975	0	0	0	0
121	0	0	715	195	364	1965	0	0	0	0
122	0	0	691	220	368	1951	0	0	0	0
123	0	0	667	245	375	1942	0	0	0	0
124	0	0	643	269	386	1934	0	0	0	0
125	0	0	621	299	396	1926	0	0	0	0
126	0	0	601	322	409	1916	0	0	0	0
127	0	0	578	340	421	1912	0	0	0	0
0	0	0	563	358	434	1909	0	0	0	0
1	0	0	550	375	447	1910	0	0	0	0
2	0	0	545	393	458	1908	0	0	0	0
3	0	0	539	408	470	1910	0	0	0	0
4	0	0	542	424	482	1910	0	0	0	0
5	0	0	550	435	494	1909	0	0	0	0
6	0	0	563	445	507	1910	0	0	0	0
7	0	0	580	453	524	1912	0	0	0	0
8	0	0	600	463	538	1914	0	0	0	0
9	0	0	621	471	553	1915	0	0	0	0
10	0	0	644	481	568	1907	0	0	0	0
11	0	0	668	491	583	1905	0	0	0	0
12	0	0	691	500	597	1902	0	0	0	0
13	0	0	711	506	612	1895	0	0	0	0
14	0	0	728	513	626	1891	0	0	0	0
15	0	0	740	516	640	1890	0	0	0	0
16	0	0	749	523	654	1886	0	0	0	0
17	0	0	753	532	670	1886	0	0	0	0
18	0	0	755	540	684	1885	0	0	0	0
19	0	0	757	547	696	1883	0	0	0	0
20	0	0	757	556	707	1880	0	0	0	0
21	0	0	758	565	716	1877	0	0	0	0
22	0	0	759	574	725	1874	0	0	0	0
23	0	0	756	583	730	1878	0	0	0	0
24	0	0	752	578	738	1875	0	0	0	0
25	0	0	749	582	740	1877	0	0	0	0
26	0	0	747	581	745	1872	0	0	0	0
27	0	0	742	585	744	1857	0	0	0	0
28	0	0	738	589	747	1860	0	0	0	0
29	0	0	737	592	748	1855	0	0	0	0
30	0	0	736	592	750	1847	0	0	0	0
31	0	0	734	594	752	1840	0	0	0	0
32	0	0	732	596	754	1834	0	0	0	0
33	0	0	733	599	755	1818	0	0	0	0
34	0	0	733	604	756	1807	0	0	0	0
35	0	0	736	607	759	1796	0	0	0	0
36	0	0	740	609	763	1790	0	0	0	0
37	0	0	741	611	764	1789	0	0	0	0
38	0	0	743	615	767	1777	0	0	0	0
39	0	0	745	617	769	1786	0	0	0	0
40	0	0	746	618	769	1783	0	0	0	0
41	0	0	746	621	770	1777	0	0	0	0
42	0	0	747	622	770	1778	0	0	0	0
43	0	0	748	622	771	1772	0	0	0	0
44	0	0	749	622	769	1753	0	0	0	0
45	0	0	750	622	766	1748	0	0	0	0
46	0	0	750	621	765	1738	0	0	0	0
47	0	0	751	621	762	1721	0	0	0	0
48	0	0	752	621	761	1713	0	0	0	0
49	0	0	753	620	757	1711	0	0	0	0
50	0	0	753	619	753	1708	0	0	0	0
51	0	0	753	617	750	1703	0	0	0	0
52	0	0	755	615	746	1696	0	0	0	0
53	0	0	755	613	745	1686	0	0	0	0
54	0	0	757	611	741	1680	0	0	0	0
55	0	0	757	610	739	1676	0	0	0	0
56	0	0	759	608	738	1672	0	0	0	0
57	0	0	758	607	737	1674	0	0	0	0
58	0	0	757	607	736	1671	0	0	0	0
59	0	0	757	607	734	1672	0	0	0	0
60	0	0	755	607	734	1666	0	0	0	0
61	0	0	754	608	733	1666	0	0	0	0
62	0	0	753	608	733	1664	0	0	0	0
63	0	0	749	607	731	1663	0	0	0	0
64	0	0	749	607	730	1665	0	0	0	0
65	0	0	748	607	727	1661	0	0	0	0
66	0	0	747	608	725	1652	0	0	0	0
67	0	0	746	608	722	1646	0	0	0	0
68	0	0	743	609	719	1640	0	0	0	0
69	0	0	744	610	716	1627	0	0	0	0
70	0	0	745	611	713	1624	0	0	0	0
71	0	0	745	609	707	1620	0	0	0	0
72	0	0	744	606	704	1615	0	0	0	0
73	0	0	746	606	698	1605	0	0	0	0
74	0	0	746	604	694	1540	0	0	0	0
75	0	0	748	601	690	1582	0	0	0	0
76	0	0	750	599	683	1591	0	0	0	0
77	0	0	752	597	679	1591	0	0	0	0
78	0	0	753	596	677	1598	0	0	0	0
79	0	0	759	597	673	1589	0	0	0	0
80	0	0	764	596	669	1589	0	0	0	0
81	0	0	768	597	664	1597	0	0	0	0
82	0	0	774	599	661	1600	0	0	0	0
83	0	0	777	599	657	1606	0	0	0	0
84	0	0	782	598	653	1600	0	0	0	0
85	0	0	786	597	650	1599	0	0	0	0
86	0	0	790	597	645	1578	0	0	0	0
87	0	0	795	595	640	1583	0	0	0	0
88	0	0	798	594	634	1603	0	0	0	0
89	0	0	801	592	629	1612	0	0	0	0
90	0	0	803	592	625	1609	0	0	0	0
91	0	0	805	589	619	1607	0	0	0	0
92	0	0	807	587	616	1606	0	0	0	0
93	0	0	808	585	613	1601	0	0	0	0
94	0	0	812	584	610	1592	0	0	0	0
95	0	0	811	582	607	1580	0	0	0	0
96	0	0	813	581	605	1580	0	0	0	0
97	0	0	813	580	604	1579	0	0	0	0
98	0	0	812	579	602	1565	0	0	0	0
99	0	0	814	579	601	1568	0	0	0	0
100	0	0	815	578	600	1568	0	0	0	0
101	0	0	814	580	600	1563	0	0	0	0
102	0	0	814	579	600	1561	0	0	0	0
103	0	0	814	580	600	1561	0	0	0	0
104	0	0	812	579	600	1558	0	0	0	0
105	0	0	811	581	600	1556	0	0	0	0
106	0	0	810	581	601	1554	0	0	0	0
107	0	0	810	582	602	1549	0	0	0	0
108	0	0	808	583	602	1549	0	0	0	0
109	0	0	808	586	603	1547	0	0	0	0
110	0	0	807	589	605	1543	0	0	0	0
111	0	0	807	590	607	1541	0	0	0	0
112	0	0	806	592	609	1542	0	0	0	0
113	0	0	806	596	611	1529	0	0	0	0
114	0	0	805	599	612	1526	0	0	0	0
115	0	0	804	601	614	1522	0	0	0	0
116	0	0	803	604	615	1518	0	0	0	0
117	0	0	804	606	617	1520	0	0	0	0
118	0	0	804	607	619	1519	0	0	0	0
119	0	0	802	609	620	1516	0	0	0	0
120	0	0	801	611	623	1514	0	0	0	0
121	0	0	800	615	623	1512	0	0	0	0
122	0	0	799	618	624	1509	0	0	0	0
123	0	0	798	620	627	1501	0	0	0	0
124	0	0	798	623	628	1496	0	0	0	0
125	0	0	797	627	629	1488	0	0	0	0
126	0	0	796	630	629	1477	0	0	0	0
127	0	0	794	632	633	1460	0	0	0	0
0	0	0	794	636	634	1444	0	0	0	0
1	0	0	794	639	636	1433	0	0	0	0
2	0	0	793	643	638	1430	0	0	0	0
3	0	0	793	647	639	1425	0	0	0	0
4	0	0	792	651	642	1414	0	0	0	0
5	0	0	792	654	645	1407	0	0	0	0
6	0	0	791	658	648	1392	0	0	0	0
7	0	0	790	662	649	1359	0	0	0	0
8	0	0	789	665	651	1334	0	0	0	0
9	0	0	789	671	652	1315	0	0	0	0
10	0	0	789	674	655	1312	0	0	0	0
11	0	0	787	676	657	1307	0	0	0	0
12	0	0	787	679	661	1307	0	0	0	0
13	0	0	787	682	661	1304	0	0	0	0
14	0	0	788	693	664	1302	0	0	0	0
15	0	0	784	686	665	1297	0	0	0	0
16	0	0	786	691	667	1297	0	0	0	0
17	0	0	787	693	668	1294	0	0	0	0
18	0	0	788	696	670	1286	0	0	0	0
19	0	0	789	701	673	1284	0	0	0	0
20	0	0	788	701	673	1284	0	0	0	0
21	0	0	787	703	676	1283	0	0	0	0
22	0	0	785	705	678	1281	0	0	0	0
23	0	0	785	707	679	1279	0	0	0	0
24	0	0	784	709	682	1275	0	0	0	0
25	0	0	783	710	683	1253	0	0	0	0
26	0	0	784	711	685	1243	0	0	0	0
27	0	0	784	712	687	1243	0	0	0	0
28	0	0	785	711	688	1242	0	0	0	0
29	0	0	784	712	691	1241	0	0	0	0
30	0	0	783	712	693	1240	0	0	0	0
31	0	0	783	711	695	1242	0	0	0	0
32	0	0	783	711	697	1240	0	0	0	0
33	0	0	783	711	699	1241	0	0	0	0
34	0	0	784	709	701	1240	0	0	0	0
35	0	0	785	708	702	1241	0	0	0	0
36	0	0	786	708	704	1245	0	0	0	0
37	0	0	785	705	706	1246	0	0	0	0
38	0	0	785	703	708	1247	0	0	0	0
39	0	0	786	703	710	1248	0	0	0	0
40	0	0	786	703	711	1250	0	0	0	0
41	0	0	787	702	714	1249	0	0	0	0
42	0	0	786	700	714	1253	0	0	0	0
43	0	0	788	699	716	1251	0	0	0	0
44	0	0	787	698	716	1250	0	0	0	0
45	0	0	787	696	717	1250	0	0	0	0
46	0	0	788	695	719	1248	0	0	0	0
47	0	0	789	695	719	1244	0	0	0	0
48	0	0	789	694	720	1248	0	0	0	0
49	0	0	790	694	720	1251	0	0	0	0
50	0	0	792	693	720	1253	0	0	0	0
51	0	0	792	694	720	1256	0	0	0	0
52	0	0	794	694	720	1258	0	0	0	0
53	0	0	795	693	721	1261	0	0	0	0
54	0	0	796	693	721	1268	0	0	0	0
55	0	0	797	693	720	1262	0	0	0	0
56	0	0	799	693	721	1264	0	0	0	0
57	0	0	800	692	720	1270	0	0	0	0
58	0	0	800	693	720	1282	0	0	0	0
59	0	0	801	693	720	1286	0	0	0	0
60	0	0	802	693	719	1291	0	0	0	0
61	0	0	804	694	718	1294	0	0	0	0
62	0	0	805	694	718	1302	0	0	0	0
63	0	0	805	695	718	1304	0	0	0	0
64	0	0	806	696	716	1306	0	0	0	0
65	0	0	807	695	716	1311	0	0	0	0
66	0	0	806	694	715	1310	0	0	0	0
67	0	0	805	695	714	1311	0	0	0	0
68	0	0	806	696	713	1314	0	0	0	0
69	0	0	806	696	713	1316	0	0	0	0
70	0	0	805	697	713	1317	0	0	0	0
71	0	0	804	697	712	1323	0	0	0	0
72	0	0	805	697	712	1347	0	0	0	0
73	0	0	804	697	712	1357	0	0	0	0
74	0	0	805	698	710	1373	0	0	0	0
75	0	0	805	698	710	1391	0	0	0	0
76	0	0	804	699	709	1400	0	0	0	0
77	0	0	804	700	708	1416	0	0	0	0
78	0	0	803	700	707	1426	0	0	0	0
79	0	0	804	701	707	1434	0	0	0	0
80	0	0	804	701	707	1445	0	0	0	0
81	0	0	804	701	706	1447	0	0	0	0
82	0	0	804	701	706	1447	0	0	0	0
83	0	0	803	701	704	1448	0	0	0	0
84	0	0	801	701	705	1452	0	0	0	0
85	0	0	802	699	704	1453	0	0	0	0
86	0	0	801	700	705	1454	0	0	0	0
87	0	0	802	701	705	1455	0	0	0	0
88	0	0	802	701	705	1458	0	0	0	0
89	0	0	801	701	705	1461	0	0	0	0
90	0	0	800	701	706	1464	0	0	0	0
91	0	0	800	701	705	1465	0	0	0	0
92	0	0	800	701	707	1468	0	0	0	0
93	0	0	799	702	706	1478	0	0	0	0
94	0	0	797	701	705	1477	0	0	0	0
95	0	0	797	700	706	1484	0	0	0	0
96	0	0	795	700	706	1491	0	0	0	0
97	0	0	794	699	707	1498	0	0	0	0
98	0	0	795	701	709	1511	0	0	0	0
99	0	0	794	700	707	1517	0	0	0	0
100	0	0	794	700	708	1518	0	0	0	0
101	0	0	793	699	708	1508	0	0	0	0
102	0	0	792	700	709	1518	0	0	0	0
103	0	0	791	698	708	1521	0	0	0	0
104	0	0	790	699	710	1513	0	0	0	0
105	0	0	789	697	711	1510	0	0	0	0
106	0	0	788	695	711	1506	0	0	0	0
107	0	0	787	695	711	1510	0	0	0	0
108	0	0	786	696	711	1510	0	0	0	0
109	0	0	785	695	712	1511	0	0	0	0
110	0	0	784	694	712	1512	0	0	0	0
111	0	0	785	691	713	1512	0	0	0	0
112	0	0	783	693	712	1515	0	0	0	0
113	0	0	783	690	714	1519	0	0	0	0
114	0	0	783	693	714	1526	0	0	0	0
115	0	0	782	691	715	1526	0	0	0	0
116	0	0	782	687	716	1526	0	0	0	0
117	0	0	782	689	716	1528	0	0	0	0
118	0	0	781	690	716	1529	0	0	0	0
119	0	0	782	688	717	1532	0	0	0	0
120	0	0	781	686	718	1537	0	0	0	0
121	0	0	781	688	716	1537	0	0	0	0
122	0	0	781	689	719	1539	0	0	0	0
123	0	0	782	690	718	1539	0	0	0	0
124	0	0	783	687	718	1544	0	0	0	0
125	0	0	783	691	719	1548	0	0	0	0
126	0	0	783	691	719	1547	0	0	0	0
127	0	0	783	682	720	1545	0	0	0	0
0	0	0	784	686	719	1545	0	0	0	0
1	0	0	784	692	718	1551	0	0	0	0
2	0	0	785	686	720	1553	0	0	0	0
3	0	0	786	688	719	1567	0	0	0	0
4	0	0	787	689	719	1578	0	0	0	0
5	0	0	789	693	719	1588	0	0	0	0
6	0	0	790	689	718	1597	0	0	0	0
7	0	0	790	688	719	1600	0	0	0	0
8	0	0	792	686	718	1604	0	0	0	0
9	0	0	792	687	717	1609	0	0	0	0
10	0	0	792	688	716	1609	0	0	0	0
11	0	0	793	687	717	1608	0	0	0	0
12	0	0	794	684	715	1608	0	0	0	0
13	0	0	794	685	715	1609	0	0	0	0
14	0	0	795	683	713	1613	0	0	0	0
15	0	0	797	682	712	1615	0	0	0	0
16	0	0	797	681	712	1616	0	0	0	0
17	0	0	798	681	711	1616	0	0	0	0
18	0	0	798	680	710	1616	0	0	0	0
19	0	0	798	680	710	1616	0	0	0	0
20	0	0	799	679	709	1615	0	0	0	0
21	0	0	798	679	708	1618	0	0	0	0
22	0	0	798	678	707	1621	0	0	0	0
23	0	0	799	676	706	1620	0	0	0	0
24	0	0	798	676	707	1621	0	0	0	0
25	0	0	799	675	706	1622	0	0	0	0
26	0	0	800	674	706	1626	0	0	0	0
27	0	0	802	675	705	1625	0	0	0	0
28	0	0	801	673	705	1628	0	0	0	0
29	0	0	802	672	705	1630	0	0	0	0
30	0	0	802	672	705	1631	0	0	0	0
31	0	0	803	671	701	1633	0	0	0	0
32	0	0	803	670	703	1635	0	0	0	0
33	0	0	802	670	701	1642	0	0	0	0
34	0	0	804	668	701	1642	0	0	0	0
35	0	0	806	668	701	1647	0	0	0	0
36	0	0	807	668	700	1650	0	0	0	0
37	0	0	806	665	699	1662	0	0	0	0
38	0	0	808	664	698	1664	0	0	0	0
39	0	0	807	664	698	1664	0	0	0	0
40	0	0	807	663	697	1654	0	0	0	0
41	0	0	809	663	696	1656	0	0	0	0
42	0	0	808	661	696	1659	0	0	0	0
43	0	0	808	660	695	1660	0	0	0	0
44	0	0	810	658	695	1663	0	0	0	0
45	0	0	810	655	693	1664	0	0	0	0
46	0	0	811	654	691	1667	0	0	0	0
47	0	0	811	652	693	1666	0	0	0	0
48	0	0	811	651	691	1667	0	0	0	0
49	0	0	811	649	690	1669	0	0	0	0
50	0	0	812	647	690	1670	0	0	0	0
51	0	0	812	644	688	1670	0	0	0	0
52	0	0	812	644	688	1668	0	0	0	0
53	0	0	812	643	687	1668	0	0	0	0
54	0	0	812	641	685	1667	0	0	0	0
55	0	0	812	638	685	1667	0	0	0	0
56	0	0	813	638	684	1666	0	0	0	0
57	0	0	813	637	683	1667	0	0	0	0
58	0	0	813	635	682	1669	0	0	0	0
59	0	0	812	633	680	1673	0	0	0	0
60	0	0	810	633	681	1676	0	0	0	0
61	0	0	810	632	680	1681	0	0	0	0
62	0	0	808	631	680	1687	0	0	0	0
63	0	0	807	630	679	1691	0	0	0	0
64	0	0	807	629	679	1699	0	0	0	0
65	0	0	806	630	678	1699	0	0	0	0
66	0	0	805	628	678	1701	0	0	0	0
67	0	0	805	628	678	1703	0	0	0	0
68	0	0	806	628	679	1711	0	0	0	0
69	0	0	803	628	677	1715	0	0	0	0
70	0	0	803	626	679	1717	0	0	0	0
71	0	0	802	627	679	1719	0	0	0	0
72	0	0	801	627	678	1718	0	0	0	0
73	0	0	801	625	677	1718	0	0	0	0
74	0	0	800	624	677	1719	0	0	0	0
75	0	0	800	627	678	1719	0	0	0	0
76	0	0	799	626	681	1720	0	0	0	0
77	0	0	799	626	679	1721	0	0	0	0
78	0	0	799	626	678	1722	0	0	0	0
79	0	0	800	626	678	1727	0	0	0	0
80	0	0	799	625	679	1726	0	0	0	0
81	0	0	800	628	678	1730	0	0	0	0
82	0	0	798	627	677	1730	0	0	0	0
83	0	0	798	628	677	1733	0	0	0	0
84	0	0	798	629	679	1735	0	0	0	0
85	0	0	798	628	677	1739	0	0	0	0
86	0	0	797	630	677	1743	0	0	0	0
87	0	0	797	628	677	1747	0	0	0	0
88	0	0	798	632	676	1747	0	0	0	0
89	0	0	796	635	676	1748	0	0	0	0
90	0	0	795	634	677	1749	0	0	0	0
91	0	0	795	635	677	1753	0	0	0	0
92	0	0	793	636	677	1758	0	0	0	0
93	0	0	793	628	678	1760	0	0	0	0
94	0	0	793	638	675	1761	0	0	0	0
95	0	0	792	638	676	1762	0	0	0	0
96	0	0	790	637	677	1763	0	0	0	0
97	0	0	791	637	676	1766	0	0	0	0
98	0	0	790	638	675	1765	0	0	0	0
99	0	0	790	639	677	1768	0	0	0	0
100	0	0	791	639	676	1767	0	0	0	0
101	0	0	791	639	675	1776	0	0	0	0
102	0	0	790	640	676	1778	0	0	0	0
103	0	0	790	641	675	1780	0	0	0	0
104	0	0	789	640	675	1782	0	0	0	0
105	0	0	790	640	676	1784	0	0	0	0
106	0	0	790	641	676	1788	0	0	0	0
107	0	0	789	641	675	1790	0	0	0	0
108	0	0	788	641	675	1788	0	0	0	0
109	0	0	788	642	675	1787	0	0	0	0
110	0	0	788	641	674	1792	0	0	0	0
111	0	0	788	643	674	1793	0	0	0	0
112	0	0	788	642	674	1798	0	0	0	0
113	0	0	789	642	675	1798	0	0	0	0
114	0	0	788	641	675	1796	0	0	0	0
115	0	0	788	642	676	1794	0	0	0	0
116	0	0	789	643	677	1794	0	0	0	0
117	0	0	789	642	677	1795	0	0	0	0
118	0	0	789	644	677	1796	0	0	0	0
119	0	0	789	645	677	1795	0	0	0	0
120	0	0	789	644	676	1795	0	0	0	0
121	0	0	789	644	677	1795	0	0	0	0
122	0	0	789	645	678	1797	0	0	0	0
123	0	0	789	644	678	1797	0	0	0	0
124	0	0	790	645	679	1798	0	0	0	0
125	0	0	791	645	679	1798	0	0	0	0
126	0	0	789	646	679	1799	0	0	0	0
127	0	0	790	645	679	1803	0	0	0	0
0	0	0	790	646	680	1804	0	0	0	0
1	0	0	791	647	681	1807	0	0	0	0
2	0	0	791	647	681	1808	0	0	0	0
3	0	0	790	648	681	1808	0	0	0	0
4	0	0	791	647	681	1810	0	0	0	0
5	0	0	792	647	682	1811	0	0	0	0
6	0	0	791	648	683	1812	0	0	0	0
7	0	0	791	649	683	1813	0	0	0	0
8	0	0	792	649	683	1814	0	0	0	0
9	0	0	792	649	684	1819	0	0	0	0
10	0	0	792	651	684	1819	0	0	0	0
11	0	0	793	651	684	1819	0	0	0	0
12	0	0	793	650	685	1819	0	0	0	0
13	0	0	794	651	686	1823	0	0	0	0
14	0	0	794	652	685	1829	0	0	0	0
15	0	0	795	651	686	1834	0	0	0	0
16	0	0	795	652	686	1837	0	0	0	0
17	0	0	796	652	686	1837	0	0	0	0
18	0	0	796	652	687	1842	0	0	0	0
19	0	0	795	653	687	1842	0	0	0	0
20	0	0	795	653	687	1844	0	0	0	0
21	0	0	796	653	688	1845	0	0	0	0
22	0	0	797	655	688	1844	0	0	0	0
23	0	0	796	654	688	1846	0	0	0	0
24	0	0	795	654	690	1852	0	0	0	0
25	0	0	795	655	689	1852	0	0	0	0
26	0	0	794	655	690	1857	0	0	0	0
27	0	0	795	656	690	1856	0	0	0	0
28	0	0	796	656	690	1857	0	0	0	0
29	0	0	795	657	690	1858	0	0	0	0
30	0	0	794	656	691	1859	0	0	0	0
31	0	0	795	657	691	1861	0	0	0	0
32	0	0	794	657	692	1863	0	0	0	0
33	0	0	795	657	693	1867	0	0	0	0
34	0	0	794	657	693	1866	0	0	0	0
35	0	0	795	658	693	1867	0	0	0	0
36	0	0	795	658	692	1869	0	0	0	0
37	0	0	794	658	693	1871	0	0	0	0
38	0	0	793	658	694	1873	0	0	0	0
39	0	0	794	659	693	1875	0	0	0	0
40	0	0	794	660	693	1876	0	0	0	0
41	0	0	794	659	693	1876	0	0	0	0
42	0	0	794	660	694	1878	0	0	0	0
43	0	0	795	660	696	1878	0	0	0	0
44	0	0	794	661	695	1879	0	0	0	0
45	0	0	795	661	694	1880	0	0	0	0
46	0	0	795	661	695	1883	0	0	0	0
47	0	0	795	662	695	1881	0	0	0	0
48	0	0	796	662	695	1878	0	0	0	0
49	0	0	797	662	695	1880	0	0	0	0
50	0	0	795	663	695	1882	0	0	0	0
51	0	0	796	666	696	1880	0	0	0	0
52	0	0	796	663	697	1881	0	0	0	0
53	0	0	798	665	696	1885	0	0	0	0
54	0	0	797	664	696	1886	0	0	0	0
55	0	0	798	665	696	1888	0	0	0	0
56	0	0	797	665	696	1892	0	0	0	0
57	0	0	797	664	696	1896	0	0	0	0
58	0	0	797	667	697	1896	0	0	0	0
59	0	0	797	666	697	1894	0	0	0	0
60	0	0	795	666	696	1892	0	0	0	0
61	0	0	796	665	697	1892	0	0	0	0
62	0	0	795	666	697	1889	0	0	0	0
63	0	0	796	667	698	1889	0	0	0	0
64	0	0	795	667	697	1889	0	0	0	0
65	0	0	794	667	697	1885	0	0	0	0
66	0	0	795	667	698	1882	0	0	0	0
67	0	0	796	667	698	1883	0	0	0	0
68	0	0	795	666	698	1880	0	0	0	0
69	0	0	795	665	698	1884	0	0	0	0
70	0	0	796	667	698	1882	0	0	0	0
71	0	0	795	666	697	1881	0	0	0	0
72	0	0	794	666	698	1880	0	0	0	0
73	0	0	795	666	698	1880	0	0	0	0
74	0	0	795	666	697	1880	0	0	0	0
75	0	0	796	666	698	1880	0	0	0	0
76	0	0	792	665	697	1880	0	0	0	0
77	0	0	795	665	696	1883	0	0	0	0
78	0	0	796	666	696	1881	0	0	0	0
79	0	0	796	665	695	1880	0	0	0	0
80	0	0	796	666	695	1880	0	0	0	0
81	0	0	795	665	696	1880	0	0	0	0
82	0	0	794	664	695	1882	0	0	0	0
83	0	0	796	664	693	1881	0	0	0	0
84	0	0	795	662	695	1882	0	0	0	0
85	0	0	795	664	695	1882	0	0	0	0
86	0	0	795	663	693	1882	0	0	0	0
87	0	0	795	663	693	1880	0	0	0	0
88	0	0	796	662	694	1880	0	0	0	0
89	0	0	797	662	693	1880	0	0	0	0
90	0	0	796	661	693	1879	0	0	0	0
91	0	0	795	660	693	1877	0	0	0	0
92	0	0	796	660	692	1877	0	0	0	0
93	0	0	796	660	690	1878	0	0	0	0
94	0	0	796	658	692	1879	0	0	0	0
95	0	0	797	658	691	1878	0	0	0	0
96	0	0	796	657	691	1877	0	0	0	0
97	0	0	796	656	691	1876	0	0	0	0
98	0	0	796	656	690	1878	0	0	0	0
99	0	0	797	656	690	1879	0	0	0	0
100	0	0	797	656	690	1881	0	0	0	0
101	0	0	796	655	689	1879	0	0	0	0
102	0	0	797	655	690	1878	0	0	0	0
103	0	0	797	654	689	1878	0	0	0	0
104	0	0	797	653	688	1878	0	0	0	0
105	0	0	795	653	688	1878	0	0	0	0
106	0	0	796	652	688	1877	0	0	0	0
107	0	0	796	653	688	1875	0	0	0	0
108	0	0	797	653	687	1874	0	0	0	0
109	0	0	796	652	687	1872	0	0	0	0
110	0	0	798	652	686	1869	0	0	0	0
111	0	0	796	652	686	1867	0	0	0	0
112	0	0	797	652	685	1862	0	0	0	0
113	0	0	798	652	685	1863	0	0	0	0
114	0	0	797	652	684	1864	0	0	0	0
115	0	0	798	652	684	1860	0	0	0	0
116	0	0	798	651	684	1860	0	0	0	0
117	0	0	800	651	684	1859	0	0	0	0
118	0	0	798	651	684	1852	0	0	0	0
119	0	0	798	650	684	1847	0	0	0	0
120	0	0	798	651	684	1843	0	0	0	0
121	0	0	798	652	683	1841	0	0	0	0
122	0	0	799	651	683	1840	0	0	0	0
123	0	0	799	651	683	1837	0	0	0	0
124	0	0	800	651	683	1838	0	0	0	0
125	0	0	799	651	682	1837	0	0	0	0
126	0	0	799	650	682	1834	0	0	0	0
127	0	0	798	651	681	1830	0	0	0	0
0	0	0	799	650	681	1830	0	0	0	0
1	0	0	798	650	680	1829	0	0	0	0
2	0	0	799	650	681	1827	0	0	0	0
3	0	0	798	650	680	1824	0	0	0	0
4	0	0	798	650	680	1824	0	0	0	0
5	0	0	799	649	681	1824	0	0	0	0
6	0	0	798	649	679	1822	0	0	0	0
7	0	0	798	650	680	1821	0	0	0	0
8	0	0	797	650	680	1816	0	0	0	0
9	0	0	797	650	679	1812	0	0	0	0
10	0	0	798	651	680	1806	0	0	0	0
11	0	0	797	650	679	1802	0	0	0	0
12	0	0	797	650	679	1800	0	0	0	0
13	0	0	797	650	679	1800	0	0	0	0
14	0	0	798	650	678	1800	0	0	0	0
15	0	0	799	649	678	1799	0	0	0	0
16	0	0	799	650	679	1801	0	0	0	0
17	0	0	797	650	678	1798	0	0	0	0
18	0	0	798	649	678	1793	0	0	0	0
19	0	0	798	649	676	1790	0	0	0	0
20	0	0	798	649	678	1787	0	0	0	0
21	0	0	797	650	678	1787	0	0	0	0
22	0	0	798	650	677	1785	0	0	0	0
23	0	0	797	650	678	1783	0	0	0	0
24	0	0	796	650	678	1779	0	0	0	0
25	0	0	797	650	678	1776	0	0	0	0
26	0	0	795	650	678	1775	0	0	0	0
27	0	0	795	650	679	1773	0	0	0	0
28	0	0	796	650	678	1769	0	0	0	0
29	0	0	795	650	678	1768	0	0	0	0
30	0	0	795	650	678	1769	0	0	0	0
31	0	0	795	650	678	1767	0	0	0	0
32	0	0	795	650	678	1765	0	0	0	0
33	0	0	794	650	679	1765	0	0	0	0
34	0	0	793	650	680	1765	0	0	0	0
35	0	0	794	650	677	1763	0	0	0	0
36	0	0	794	650	677	1763	0	0	0	0
37	0	0	793	649	678	1764	0	0	0	0
38	0	0	793	649	679	1755	0	0	0	0
39	0	0	792	649	678	1748	0	0	0	0
40	0	0	792	649	679	1744	0	0	0	0
41	0	0	793	649	678	1743	0	0	0	0
42	0	0	793	648	678	1741	0	0	0	0
43	0	0	792	648	679	1741	0	0	0	0
44	0	0	791	649	678	1741	0	0	0	0
45	0	0	792	648	678	1741	0	0	0	0
46	0	0	792	649	678	1742	0	0	0	0
47	0	0	792	649	679	1742	0	0	0	0
48	0	0	791	648	679	1742	0	0	0	0
49	0	0	791	649	679	1743	0	0	0	0
50	0	0	791	649	680	1741	0	0	0	0
51	0	0	791	649	680	1739	0	0	0	0
52	0	0	792	650	681	1740	0	0	0	0
53	0	0	789	649	680	1738	0	0	0	0
54	0	0	791	649	679	1735	0	0	0	0
55	0	0	791	649	682	1730	0	0	0	0
56	0	0	791	650	681	1729	0	0	0	0
57	0	0	792	650	681	1730	0	0	0	0
58	0	0	790	651	681	1730	0	0	0	0
59	0	0	791	651	682	1727	0	0	0	0
60	0	0	791	651	682	1727	0	0	0	0
61	0	0	791	650	682	1724	0	0	0	0
62	0	0	793	651	683	1723	0	0	0	0
63	0	0	793	649	683	1722	0	0	0	0
64	0	0	792	652	683	1721	0	0	0	0
65	0	0	793	652	684	1722	0	0	0	0
66	0	0	793	652	685	1720	0	0	0	0
67	0	0	793	653	685	1721	0	0	0	0
68	0	0	795	654	684	1715	0	0	0	0
69	0	0	794	653	684	1715	0	0	0	0
70	0	0	796	654	684	1714	0	0	0	0
71	0	0	795	654	684	1713	0	0	0	0
72	0	0	795	654	685	1713	0	0	0	0
73	0	0	795	655	685	1718	0	0	0	0
74	0	0	795	655	684	1718	0	0	0	0
75	0	0	796	655	685	1718	0	0	0	0
76	0	0	796	655	685	1719	0	0	0	0
77	0	0	796	654	685	1717	0	0	0	0
78	0	0	797	655	685	1717	0	0	0	0
79	0	0	795	661	684	1714	0	0	0	0
80	0	0	797	654	685	1712	0	0	0	0
81	0	0	797	656	685	1711	0	0	0	0
82	0	0	797	657	685	1709	0	0	0	0
83	0	0	798	657	685	1707	0	0	0	0
84	0	0	797	657	686	1706	0	0	0	0
85	0	0	798	657	685	1703	0	0	0	0
86	0	0	797	658	687	1701	0	0	0	0
87	0	0	797	658	686	1697	0	0	0	0
88	0	0	796	658	686	1690	0	0	0	0
89	0	0	796	659	686	1684	0	0	0	0
90	0	0	797	660	686	1680	0	0	0	0
91	0	0	797	659	687	1675	0	0	0	0
92	0	0	798	660	687	1673	0	0	0	0
93	0	0	798	660	686	1680	0	0	0	0
94	0	0	796	662	685	1685	0	0	0	0
95	0	0	798	662	686	1679	0	0	0	0
96	0	0	797	661	686	1673	0	0	0	0
97	0	0	798	662	686	1669	0	0	0	0
98	0	0	798	664	685	1665	0	0	0	0
99	0	0	799	663	686	1665	0	0	0	0
100	0	0	800	663	686	1663	0	0	0	0
101	0	0	800	663	685	1661	0	0	0	0
102	0	0	799	663	685	1659	0	0	0	0
103	0	0	798	665	685	1649	0	0	0	0
104	0	0	798	664	685	1640	0	0	0	0
105	0	0	797	664	685	1637	0	0	0	0
106	0	0	797	663	685	1636	0	0	0	0
107	0	0	796	664	683	1636	0	0	0	0
108	0	0	796	664	683	1636	0	0	0	0
109	0	0	798	664	683	1637	0	0	0	0
110	0	0	798	663	684	1636	0	0	0	0
111	0	0	798	664	683	1630	0	0	0	0
112	0	0	797	664	684	1629	0	0	0	0
113	0	0	797	664	683	1628	0	0	0	0
114	0	0	797	664	683	1630	0	0	0	0
115	0	0	797	665	682	1627	0	0	0	0
116	0	0	797	664	683	1626	0	0	0	0
117	0	0	798	665	682	1625	0	0	0	0
118	0	0	798	664	682	1623	0	0	0	0
119	0	0	798	665	682	1618	0	0	0	0
120	0	0	798	664	682	1610	0	0	0	0
121	0	0	796	664	681	1589	0	0	0	0
122	0	0	798	663	682	1578	0	0	0	0
123	0	0	798	663	681	1574	0	0	0	0
124	0	0	798	663	681	1573	0	0	0	0
125	0	0	798	662	682	1573	0	0	0	0
126	0	0	798	662	682	1574	0	0	0	0
127	0	0	798	662	681	1570	0	0	0	0
0	0	0	798	661	680	1569	0	0	0	0
1	0	0	798	661	681	1569	0	0	0	0
2	0	0	798	661	681	1565	0	0	0	0
3	0	0	798	661	681	1556	0	0	0	0
4	0	0	798	661	680	1552	0	0	0	0
5	0	0	798	660	680	1548	0	0	0	0
6	0	0	798	660	680	1547	0	0	0	0
7	0	0	797	660	680	1547	0	0	0	0
8	0	0	798	659	681	1545	0	0	0	0
9	0	0	799	659	681	1546	0	0	0	0
10	0	0	800	659	681	1555	0	0	0	0
11	0	0	799	658	681	1551	0	0	0	0
12	0	0	799	657	680	1547	0	0	0	0
13	0	0	798	657	681	1543	0	0	0	0
14	0	0	799	656	679	1538	0	0	0	0
15	0	0	798	656	679	1529	0	0	0	0
16	0	0	799	656	679	1516	0	0	0	0
17	0	0	800	656	679	1509	0	0	0	0
18	0	0	798	655	680	1500	0	0	0	0
19	0	0	798	655	679	1498	0	0	0	0
20	0	0	799	655	679	1509	0	0	0	0
21	0	0	801	655	679	1500	0	0	0	0
22	0	0	800	654	679	1501	0	0	0	0
23	0	0	800	654	679	1484	0	0	0	0
24	0	0	801	655	679	1468	0	0	0	0
25	0	0	802	654	678	1462	0	0	0	0
26	0	0	800	654	677	1462	0	0	0	0
27	0	0	800	653	678	1459	0	0	0	0
28	0	0	800	654	678	1454	0	0	0	0
29	0	0	799	653	678	1452	0	0	0	0
30	0	0	799	653	678	1449	0	0	0	0
31	0	0	800	653	678	1456	0	0	0	0
32	0	0	800	653	678	1454	0	0	0	0
33	0	0	800	652	677	1450	0	0	0	0
34	0	0	800	652	677	1448	0	0	0	0
35	0	0	799	652	677	1445	0	0	0	0
36	0	0	800	651	677	1441	0	0	0	0
37	0	0	800	652	677	1442	0	0	0	0
38	0	0	801	652	677	1435	0	0	0	0
39	0	0	800	652	676	1424	0	0	0	0
40	0	0	800	651	677	1403	0	0	0	0
41	0	0	800	652	678	1405	0	0	0	0
42	0	0	800	651	677	1386	0	0	0	0
43	0	0	800	651	676	1375	0	0	0	0
44	0	0	800	654	676	1369	0	0	0	0
45	0	0	800	651	675	1370	0	0	0	0
46	0	0	800	651	675	1368	0	0	0	0
47	0	0	800	650	675	1368	0	0	0	0
48	0	0	800	651	676	1368	0	0	0	0
49	0	0	801	651	676	1367	0	0	0	0
50	0	0	799	651	675	1363	0	0	0	0
51	0	0	799	651	676	1362	0	0	0	0
52	0	0	800	650	676	1358	0	0	0	0
53	0	0	800	650	675	1355	0	0	0	0
54	0	0	800	650	674	1354	0	0	0	0
55	0	0	800	649	674	1352	0	0	0	0
56	0	0	800	649	674	1353	0	0	0	0
57	0	0	799	649	674	1354	0	0	0	0
58	0	0	799	649	673	1354	0	0	0	0
59	0	0	799	648	672	1351	0	0	0	0
60	0	0	799	648	672	1352	0	0	0	0
61	0	0	798	649	672	1355	0	0	0	0
62	0	0	798	648	673	1354	0	0	0	0
63	0	0	798	648	674	1353	0	0	0	0
64	0	0	798	648	673	1352	0	0	0	0
65	0	0	797	647	673	1352	0	0	0	0
66	0	0	797	647	673	1351	0	0	0	0
67	0	0	797	647	673	1351	0	0	0	0
68	0	0	797	646	673	1353	0	0	0	0
69	0	0	797	647	674	1356	0	0	0	0
70	0	0	797	647	675	1353	0	0	0	0
71	0	0	797	647	675	1353	0	0	0	0
72	0	0	797	646	675	1348	0	0	0	0
73	0	0	796	647	675	1346	0	0	0	0
74	0	0	794	647	675	1342	0	0	0	0
75	0	0	796	645	675	1343	0	0	0	0
76	0	0	795	646	676	1343	0	0	0	0
77	0	0	797	647	676	1345	0	0	0	0
78	0	0	797	646	677	1347	0	0	0	0
79	0	0	797	646	677	1349	0	0	0	0
80	0	0	796	646	677	1347	0	0	0	0
81	0	0	797	646	678	1350	0	0	0	0
82	0	0	797	646	679	1349	0	0	0	0
83	0	0	797	645	678	1346	0	0	0	0
84	0	0	797	646	679	1346	0	0	0	0
85	0	0	797	646	679	1343	0	0	0	0
86	0	0	797	646	679	1343	0	0	0	0
87	0	0	797	646	679	1344	0	0	0	0
88	0	0	798	646	680	1344	0	0	0	0
89	0	0	797	645	679	1341	0	0	0	0
90	0	0	798	644	680	1342	0	0	0	0
91	0	0	798	645	682	1341	0	0	0	0
92	0	0	797	646	681	1339	0	0	0	0
93	0	0	797	645	680	1340	0	0	0	0
94	0	0	797	645	681	1337	0	0	0	0
95	0	0	797	646	681	1334	0	0	0	0
96	0	0	797	646	683	1330	0	0	0	0
97	0	0	797	646	682	1325	0	0	0	0
98	0	0	796	646	683	1321	0	0	0	0
99	0	0	797	646	683	1320	0	0	0	0
100	0	0	797	646	683	1320	0	0	0	0
101	0	0	797	647	683	1323	0	0	0	0
102	0	0	796	647	683	1321	0	0	0	0
103	0	0	796	647	684	1321	0	0	0	0
104	0	0	797	647	684	1319	0	0	0	0
105	0	0	799	647	683	1318	0	0	0	0
106	0	0	798	647	683	1325	0	0	0	0
107	0	0	798	648	683	1325	0	0	0	0
108	0	0	797	648	682	1327	0	0	0	0
109	0	0	797	647	684	1320	0	0	0	0
110	0	0	797	647	683	1316	0	0	0	0
111	0	0	796	648	684	1308	0	0	0	0
112	0	0	796	648	684	1303	0	0	0	0
113	0	0	796	649	684	1298	0	0	0	0
114	0	0	797	648	686	1295	0	0	0	0
115	0	0	795	649	685	1295	0	0	0	0
116	0	0	798	648	685	1290	0	0	0	0
