# bioPlux Text File Format
# Version: 1
# StartDateTime: 2012-03-20 13:12:19
# SamplingFrequency: 1000
# SampledChannels: 1 2 3 4 5 6 7 8
# SamplingResolution: 12
# AcquiringDevice: 00:07:80:93:66:BE
# EndOfHeader
0	0	0	869	975	740	83	0	0	0	0
1	0	0	871	976	740	86	0	0	0	0
2	0	0	871	975	743	89	0	0	0	0
3	0	0	874	974	743	91	0	0	0	0
4	0	0	875	975	744	92	0	0	0	0
5	0	0	876	975	746	93	0	0	0	0
6	0	0	877	975	747	94	0	0	0	0
7	0	0	879	974	749	91	0	0	0	0
8	0	0	880	973	749	92	0	0	0	0
9	0	0	881	971	750	91	0	0	0	0
10	0	0	880	969	751	86	0	0	0	0
11	0	0	883	965	752	79	0	0	0	0
12	0	0	883	962	753	80	0	0	0	0
13	0	0	883	958	754	86	0	0	0	0
14	0	0	883	954	754	83	0	0	0	0
15	0	0	883	950	754	82	0	0	0	0
16	0	0	884	947	754	87	0	0	0	0
17	0	0	883	941	754	91	0	0	0	0
18	0	0	882	938	754	89	0	0	0	0
19	0	0	880	934	755	86	0	0	0	0
20	0	0	878	930	753	85	0	0	0	0
21	0	0	876	925	753	87	0	0	0	0
22	0	0	875	920	753	84	0	0	0	0
23	0	0	873	915	753	75	0	0	0	0
24	0	0	869	911	752	89	0	0	0	0
25	0	0	869	907	752	93	0	0	0	0
26	0	0	865	903	752	87	0	0	0	0
27	0	0	862	899	751	83	0	0	0	0
28	0	0	860	894	751	82	0	0	0	0
29	0	0	856	890	751	79	0	0	0	0
30	0	0	852	884	751	78	0	0	0	0
31	0	0	849	881	751	73	0	0	0	0
32	0	0	846	874	751	76	0	0	0	0
33	0	0	844	872	751	83	0	0	0	0
34	0	0	840	868	750	87	0	0	0	0
35	0	0	838	864	751	84	0	0	0	0
36	0	0	837	861	752	86	0	0	0	0
37	0	0	834	857	752	90	0	0	0	0
38	0	0	832	852	752	89	0	0	0	0
39	0	0	830	847	752	91	0	0	0	0
40	0	0	828	843	753	90	0	0	0	0
41	0	0	826	839	753	92	0	0	0	0
42	0	0	824	836	754	90	0	0	0	0
43	0	0	822	832	756	85	0	0	0	0
44	0	0	821	827	757	89	0	0	0	0
45	0	0	819	824	759	94	0	0	0	0
46	0	0	819	821	759	91	0	0	0	0
47	0	0	819	816	760	85	0	0	0	0
48	0	0	819	813	762	84	0	0	0	0
49	0	0	819	810	763	84	0	0	0	0
50	0	0	818	806	764	76	0	0	0	0
51	0	0	818	802	765	71	0	0	0	0
52	0	0	818	799	766	67	0	0	0	0
53	0	0	818	796	767	70	0	0	0	0
54	0	0	816	792	767	70	0	0	0	0
55	0	0	814	789	768	71	0	0	0	0
56	0	0	814	785	768	74	0	0	0	0
57	0	0	813	781	768	83	0	0	0	0
58	0	0	811	777	768	83	0	0	0	0
59	0	0	809	773	769	87	0	0	0	0
60	0	0	808	770	769	86	0	0	0	0
61	0	0	806	767	770	91	0	0	0	0
62	0	0	806	763	771	90	0	0	0	0
63	0	0	805	762	771	86	0	0	0	0
64	0	0	804	760	771	92	0	0	0	0
65	0	0	802	758	771	90	0	0	0	0
66	0	0	802	757	773	89	0	0	0	0
67	0	0	800	753	773	83	0	0	0	0
68	0	0	800	753	772	79	0	0	0	0
69	0	0	796	751	772	77	0	0	0	0
70	0	0	795	746	771	74	0	0	0	0
71	0	0	792	744	771	72	0	0	0	0
72	0	0	790	740	771	70	0	0	0	0
73	0	0	789	737	771	75	0	0	0	0
74	0	0	787	735	771	82	0	0	0	0
75	0	0	786	733	771	85	0	0	0	0
76	0	0	784	730	771	85	0	0	0	0
77	0	0	784	727	770	87	0	0	0	0
78	0	0	783	725	771	85	0	0	0	0
79	0	0	782	723	771	87	0	0	0	0
80	0	0	782	721	770	89	0	0	0	0
81	0	0	782	719	769	96	0	0	0	0
82	0	0	782	717	769	97	0	0	0	0
83	0	0	782	716	769	95	0	0	0	0
84	0	0	783	714	769	93	0	0	0	0
85	0	0	783	714	768	98	0	0	0	0
86	0	0	784	713	767	90	0	0	0	0
87	0	0	786	711	767	84	0	0	0	0
88	0	0	787	711	767	82	0	0	0	0
89	0	0	789	708	766	81	0	0	0	0
90	0	0	791	708	765	76	0	0	0	0
91	0	0	792	707	765	71	0	0	0	0
92	0	0	794	706	764	71	0	0	0	0
93	0	0	794	706	765	74	0	0	0	0
94	0	0	795	706	764	73	0	0	0	0
95	0	0	795	707	764	76	0	0	0	0
96	0	0	797	707	764	80	0	0	0	0
97	0	0	798	709	762	82	0	0	0	0
98	0	0	798	708	761	83	0	0	0	0
99	0	0	799	709	761	84	0	0	0	0
100	0	0	800	709	761	86	0	0	0	0
101	0	0	800	710	761	87	0	0	0	0
102	0	0	798	711	760	86	0	0	0	0
103	0	0	799	711	759	84	0	0	0	0
104	0	0	800	711	758	87	0	0	0	0
105	0	0	800	712	756	93	0	0	0	0
106	0	0	800	713	756	89	0	0	0	0
107	0	0	801	713	756	84	0	0	0	0
108	0	0	802	715	756	83	0	0	0	0
109	0	0	802	717	755	79	0	0	0	0
110	0	0	801	717	755	80	0	0	0	0
111	0	0	802	719	755	81	0	0	0	0
112	0	0	803	720	755	80	0	0	0	0
113	0	0	803	722	755	82	0	0	0	0
114	0	0	803	725	754	81	0	0	0	0
115	0	0	803	726	754	77	0	0	0	0
116	0	0	802	728	756	76	0	0	0	0
117	0	0	801	730	756	80	0	0	0	0
118	0	0	801	731	756	82	0	0	0	0
119	0	0	800	735	756	84	0	0	0	0
120	0	0	801	736	757	86	0	0	0	0
121	0	0	801	739	757	88	0	0	0	0
122	0	0	801	740	759	87	0	0	0	0
123	0	0	800	742	759	85	0	0	0	0
124	0	0	801	744	760	90	0	0	0	0
125	0	0	800	747	761	96	0	0	0	0
126	0	0	799	749	761	89	0	0	0	0
127	0	0	799	752	762	83	0	0	0	0
0	0	0	799	753	763	80	0	0	0	0
1	0	0	799	755	765	81	0	0	0	0
2	0	0	799	756	765	77	0	0	0	0
3	0	0	799	757	766	73	0	0	0	0
4	0	0	797	759	767	78	0	0	0	0
5	0	0	796	761	767	79	0	0	0	0
6	0	0	795	762	769	82	0	0	0	0
7	0	0	793	765	770	82	0	0	0	0
8	0	0	793	766	771	85	0	0	0	0
9	0	0	790	766	771	86	0	0	0	0
10	0	0	789	770	773	87	0	0	0	0
11	0	0	789	771	774	88	0	0	0	0
12	0	0	788	773	775	88	0	0	0	0
13	0	0	786	773	777	91	0	0	0	0
14	0	0	785	775	777	92	0	0	0	0
15	0	0	784	776	778	89	0	0	0	0
16	0	0	783	777	780	92	0	0	0	0
17	0	0	782	779	781	95	0	0	0	0
18	0	0	783	779	782	89	0	0	0	0
19	0	0	783	780	783	84	0	0	0	0
20	0	0	783	781	784	84	0	0	0	0
21	0	0	782	782	785	82	0	0	0	0
22	0	0	781	781	787	85	0	0	0	0
23	0	0	782	782	788	83	0	0	0	0
24	0	0	781	783	788	83	0	0	0	0
25	0	0	780	784	790	84	0	0	0	0
26	0	0	778	783	790	84	0	0	0	0
27	0	0	778	784	791	79	0	0	0	0
28	0	0	778	784	793	82	0	0	0	0
29	0	0	776	784	792	86	0	0	0	0
30	0	0	775	784	794	85	0	0	0	0
31	0	0	774	784	795	86	0	0	0	0
32	0	0	776	784	794	94	0	0	0	0
33	0	0	776	785	795	97	0	0	0	0
34	0	0	776	785	795	96	0	0	0	0
35	0	0	776	785	795	98	0	0	0	0
36	0	0	776	785	796	101	0	0	0	0
37	0	0	775	785	795	100	0	0	0	0
38	0	0	773	785	796	94	0	0	0	0
39	0	0	774	785	794	88	0	0	0	0
40	0	0	773	786	794	86	0	0	0	0
41	0	0	775	786	793	84	0	0	0	0
42	0	0	773	787	793	80	0	0	0	0
43	0	0	774	788	793	80	0	0	0	0
44	0	0	773	788	792	83	0	0	0	0
45	0	0	774	788	792	88	0	0	0	0
46	0	0	774	788	792	86	0	0	0	0
47	0	0	774	788	792	88	0	0	0	0
48	0	0	773	788	791	88	0	0	0	0
49	0	0	774	786	790	85	0	0	0	0
50	0	0	773	787	790	85	0	0	0	0
51	0	0	772	788	789	87	0	0	0	0
52	0	0	771	787	788	89	0	0	0	0
53	0	0	772	787	787	90	0	0	0	0
54	0	0	772	787	786	90	0	0	0	0
55	0	0	772	787	786	85	0	0	0	0
56	0	0	773	787	785	87	0	0	0	0
57	0	0	772	786	785	85	0	0	0	0
58	0	0	772	785	784	80	0	0	0	0
59	0	0	773	785	784	74	0	0	0	0
60	0	0	773	786	784	78	0	0	0	0
61	0	0	772	785	782	76	0	0	0	0
62	0	0	771	785	782	73	0	0	0	0
63	0	0	772	784	783	71	0	0	0	0
64	0	0	773	785	781	69	0	0	0	0
65	0	0	773	784	781	71	0	0	0	0
66	0	0	774	783	780	69	0	0	0	0
67	0	0	775	783	779	71	0	0	0	0
68	0	0	776	784	779	71	0	0	0	0
69	0	0	777	783	777	80	0	0	0	0
70	0	0	778	783	777	82	0	0	0	0
71	0	0	778	783	776	81	0	0	0	0
72	0	0	778	783	775	83	0	0	0	0
73	0	0	781	782	775	84	0	0	0	0
74	0	0	781	782	774	79	0	0	0	0
75	0	0	783	783	773	78	0	0	0	0
76	0	0	783	782	772	84	0	0	0	0
77	0	0	781	782	771	84	0	0	0	0
78	0	0	783	782	771	73	0	0	0	0
79	0	0	783	782	769	65	0	0	0	0
80	0	0	785	782	768	66	0	0	0	0
81	0	0	786	782	769	63	0	0	0	0
82	0	0	786	782	767	67	0	0	0	0
83	0	0	787	783	766	64	0	0	0	0
84	0	0	788	781	765	63	0	0	0	0
85	0	0	789	781	764	65	0	0	0	0
86	0	0	789	782	763	66	0	0	0	0
87	0	0	789	781	763	64	0	0	0	0
88	0	0	791	781	763	70	0	0	0	0
89	0	0	793	782	762	72	0	0	0	0
90	0	0	794	781	761	74	0	0	0	0
91	0	0	795	781	760	74	0	0	0	0
92	0	0	796	781	759	75	0	0	0	0
93	0	0	796	781	758	77	0	0	0	0
94	0	0	797	782	758	76	0	0	0	0
95	0	0	797	781	757	74	0	0	0	0
96	0	0	798	781	757	76	0	0	0	0
97	0	0	799	782	756	77	0	0	0	0
98	0	0	800	782	756	71	0	0	0	0
99	0	0	800	783	756	66	0	0	0	0
100	0	0	798	783	755	64	0	0	0	0
101	0	0	799	782	754	62	0	0	0	0
102	0	0	800	783	754	59	0	0	0	0
103	0	0	802	784	754	56	0	0	0	0
104	0	0	802	783	753	54	0	0	0	0
105	0	0	802	783	753	50	0	0	0	0
106	0	0	802	783	752	56	0	0	0	0
107	0	0	803	784	752	53	0	0	0	0
108	0	0	804	784	751	53	0	0	0	0
109	0	0	804	783	751	53	0	0	0	0
110	0	0	804	784	751	56	0	0	0	0
111	0	0	804	783	749	57	0	0	0	0
112	0	0	805	785	749	65	0	0	0	0
113	0	0	804	783	748	57	0	0	0	0
114	0	0	804	784	748	49	0	0	0	0
115	0	0	803	782	747	50	0	0	0	0
116	0	0	803	783	747	50	0	0	0	0
117	0	0	803	782	747	51	0	0	0	0
118	0	0	802	783	746	55	0	0	0	0
119	0	0	802	782	745	44	0	0	0	0
120	0	0	803	783	745	45	0	0	0	0
121	0	0	802	781	744	46	0	0	0	0
122	0	0	801	781	744	47	0	0	0	0
123	0	0	802	783	743	57	0	0	0	0
124	0	0	802	781	744	61	0	0	0	0
125	0	0	801	778	744	61	0	0	0	0
126	0	0	801	780	743	62	0	0	0	0
127	0	0	800	778	744	63	0	0	0	0
0	0	0	799	778	745	64	0	0	0	0
1	0	0	799	778	745	69	0	0	0	0
2	0	0	798	777	745	68	0	0	0	0
3	0	0	797	776	746	69	0	0	0	0
4	0	0	796	776	746	64	0	0	0	0
5	0	0	796	777	746	64	0	0	0	0
6	0	0	796	776	746	65	0	0	0	0
7	0	0	794	776	747	52	0	0	0	0
8	0	0	794	775	748	57	0	0	0	0
9	0	0	794	776	749	45	0	0	0	0
10	0	0	793	776	749	43	0	0	0	0
11	0	0	792	776	750	37	0	0	0	0
12	0	0	791	775	750	43	0	0	0	0
13	0	0	792	776	750	41	0	0	0	0
14	0	0	792	775	751	31	0	0	0	0
15	0	0	792	774	749	28	0	0	0	0
16	0	0	793	774	750	39	0	0	0	0
17	0	0	792	773	750	43	0	0	0	0
18	0	0	793	773	750	39	0	0	0	0
19	0	0	793	774	750	36	0	0	0	0
20	0	0	793	773	750	41	0	0	0	0
21	0	0	794	773	749	40	0	0	0	0
22	0	0	795	774	749	42	0	0	0	0
23	0	0	795	774	749	40	0	0	0	0
24	0	0	795	773	748	43	0	0	0	0
25	0	0	796	774	748	38	0	0	0	0
26	0	0	797	775	747	30	0	0	0	0
27	0	0	797	775	747	44	0	0	0	0
28	0	0	798	775	747	42	0	0	0	0
29	0	0	799	775	746	33	0	0	0	0
30	0	0	800	777	747	16	0	0	0	0
31	0	0	802	778	746	0	0	0	0	0
32	0	0	801	778	745	0	0	0	0	0
33	0	0	802	778	744	747	0	0	0	0
34	0	0	803	779	743	1016	0	0	0	0
35	0	0	804	779	743	1246	0	0	0	0
36	0	0	802	779	741	1115	0	0	0	0
37	0	0	804	780	740	1139	0	0	0	0
38	0	0	807	782	737	1270	0	0	0	0
39	0	0	807	785	733	1308	0	0	0	0
40	0	0	814	786	729	1306	0	0	0	0
41	0	0	818	788	726	1237	0	0	0	0
42	0	0	824	789	724	1173	0	0	0	0
43	0	0	828	791	722	1038	0	0	0	0
44	0	0	832	790	722	909	0	0	0	0
45	0	0	833	788	723	807	0	0	0	0
46	0	0	830	785	724	775	0	0	0	0
47	0	0	831	783	724	757	0	0	0	0
48	0	0	835	781	725	681	0	0	0	0
49	0	0	838	781	725	647	0	0	0	0
50	0	0	840	779	722	624	0	0	0	0
51	0	0	838	780	719	578	0	0	0	0
52	0	0	839	780	715	524	0	0	0	0
53	0	0	836	783	713	506	0	0	0	0
54	0	0	833	785	714	491	0	0	0	0
55	0	0	830	787	715	483	0	0	0	0
56	0	0	828	792	711	438	0	0	0	0
57	0	0	829	795	709	407	0	0	0	0
58	0	0	829	802	706	432	0	0	0	0
59	0	0	836	811	688	448	0	0	0	0
60	0	0	846	824	662	433	0	0	0	0
61	0	0	866	844	632	399	0	0	0	0
62	0	0	903	869	598	391	0	0	0	0
63	0	0	986	890	568	366	0	0	0	0
64	0	0	1089	906	559	351	0	0	0	0
65	0	0	1220	907	557	362	0	0	0	0
66	0	0	1335	896	555	372	0	0	0	0
67	0	0	1403	867	548	394	0	0	0	0
68	0	0	1442	822	528	448	0	0	0	0
69	0	0	1465	772	488	416	0	0	0	0
70	0	0	1479	726	437	302	0	0	0	0
71	0	0	1470	701	378	311	0	0	0	0
72	0	0	1369	691	325	305	0	0	0	0
73	0	0	1284	691	285	307	0	0	0	0
74	0	0	1200	700	260	243	0	0	0	0
75	0	0	1150	724	243	199	0	0	0	0
76	0	0	1135	759	243	122	0	0	0	0
77	0	0	1143	787	246	132	0	0	0	0
78	0	0	1166	798	252	130	0	0	0	0
79	0	0	1189	786	256	76	0	0	0	0
80	0	0	1183	757	259	90	0	0	0	0
81	0	0	1117	732	254	117	0	0	0	0
82	0	0	1032	725	248	163	0	0	0	0
83	0	0	942	731	238	213	0	0	0	0
84	0	0	869	736	227	310	0	0	0	0
85	0	0	813	735	208	356	0	0	0	0
86	0	0	779	725	192	477	0	0	0	0
87	0	0	758	694	203	509	0	0	0	0
88	0	0	733	641	231	491	0	0	0	0
89	0	0	699	575	271	653	0	0	0	0
90	0	0	651	512	326	603	0	0	0	0
91	0	0	596	458	395	697	0	0	0	0
92	0	0	539	408	469	790	0	0	0	0
93	0	0	492	359	547	904	0	0	0	0
94	0	0	455	308	618	1043	0	0	0	0
95	0	0	427	253	686	1105	0	0	0	0
96	0	0	395	196	741	1194	0	0	0	0
97	0	0	362	152	783	1289	0	0	0	0
98	0	0	329	101	816	1337	0	0	0	0
99	0	0	295	94	841	1344	0	0	0	0
100	0	0	252	66	863	1378	0	0	0	0
101	0	0	209	49	864	1439	0	0	0	0
102	0	0	152	38	848	1481	0	0	0	0
103	0	0	162	32	868	1504	0	0	0	0
104	0	0	194	28	867	1553	0	0	0	0
105	0	0	237	27	860	1547	0	0	0	0
106	0	0	309	26	856	1555	0	0	0	0
107	0	0	384	25	852	1575	0	0	0	0
108	0	0	458	25	845	1604	0	0	0	0
109	0	0	543	27	830	1620	0	0	0	0
110	0	0	626	31	810	1619	0	0	0	0
111	0	0	699	28	788	1635	0	0	0	0
112	0	0	765	28	761	1653	0	0	0	0
113	0	0	832	26	736	1680	0	0	0	0
114	0	0	893	25	716	1698	0	0	0	0
115	0	0	943	25	699	1726	0	0	0	0
116	0	0	977	25	686	1750	0	0	0	0
117	0	0	993	24	666	1758	0	0	0	0
118	0	0	989	24	640	1767	0	0	0	0
119	0	0	966	24	610	1796	0	0	0	0
120	0	0	928	24	582	1799	0	0	0	0
121	0	0	887	23	558	1823	0	0	0	0
122	0	0	844	23	538	1848	0	0	0	0
123	0	0	802	23	524	1860	0	0	0	0
124	0	0	771	23	516	1887	0	0	0	0
125	0	0	741	24	512	1901	0	0	0	0
126	0	0	718	25	503	1914	0	0	0	0
127	0	0	700	26	497	1924	0	0	0	0
0	0	0	686	33	487	1926	0	0	0	0
1	0	0	675	48	479	1927	0	0	0	0
2	0	0	664	70	473	1922	0	0	0	0
3	0	0	654	94	471	1920	0	0	0	0
4	0	0	643	119	469	1910	0	0	0	0
5	0	0	639	147	469	1898	0	0	0	0
6	0	0	640	172	473	1903	0	0	0	0
7	0	0	649	192	478	1889	0	0	0	0
8	0	0	665	213	485	1881	0	0	0	0
9	0	0	683	233	490	1874	0	0	0	0
10	0	0	702	255	496	1868	0	0	0	0
11	0	0	721	276	506	1863	0	0	0	0
12	0	0	742	297	517	1848	0	0	0	0
13	0	0	763	317	529	1847	0	0	0	0
14	0	0	779	338	541	1839	0	0	0	0
15	0	0	794	356	553	1834	0	0	0	0
16	0	0	805	375	567	1826	0	0	0	0
17	0	0	811	394	579	1825	0	0	0	0
18	0	0	814	414	592	1817	0	0	0	0
19	0	0	816	432	604	1814	0	0	0	0
20	0	0	816	452	614	1808	0	0	0	0
21	0	0	815	468	626	1803	0	0	0	0
22	0	0	814	486	635	1799	0	0	0	0
23	0	0	812	504	644	1791	0	0	0	0
24	0	0	809	521	652	1777	0	0	0	0
25	0	0	805	537	660	1760	0	0	0	0
26	0	0	799	551	668	1758	0	0	0	0
27	0	0	792	563	675	1751	0	0	0	0
28	0	0	788	574	681	1741	0	0	0	0
29	0	0	785	584	690	1720	0	0	0	0
30	0	0	782	593	698	1695	0	0	0	0
31	0	0	778	603	709	1665	0	0	0	0
32	0	0	776	611	715	1631	0	0	0	0
33	0	0	774	619	723	1614	0	0	0	0
34	0	0	770	626	729	1612	0	0	0	0
35	0	0	769	632	735	1606	0	0	0	0
36	0	0	768	639	739	1602	0	0	0	0
37	0	0	767	643	743	1601	0	0	0	0
38	0	0	766	646	745	1594	0	0	0	0
39	0	0	765	647	746	1584	0	0	0	0
40	0	0	765	650	745	1583	0	0	0	0
41	0	0	767	653	746	1563	0	0	0	0
42	0	0	767	656	745	1556	0	0	0	0
43	0	0	768	656	744	1541	0	0	0	0
44	0	0	769	657	742	1525	0	0	0	0
45	0	0	770	660	741	1509	0	0	0	0
46	0	0	772	662	739	1487	0	0	0	0
47	0	0	775	664	736	1477	0	0	0	0
48	0	0	777	666	735	1479	0	0	0	0
49	0	0	778	666	730	1494	0	0	0	0
50	0	0	779	666	727	1487	0	0	0	0
51	0	0	782	668	726	1460	0	0	0	0
52	0	0	782	668	723	1450	0	0	0	0
53	0	0	782	668	720	1429	0	0	0	0
54	0	0	781	666	718	1404	0	0	0	0
55	0	0	782	664	716	1378	0	0	0	0
56	0	0	783	662	715	1370	0	0	0	0
57	0	0	783	660	715	1360	0	0	0	0
58	0	0	782	659	714	1325	0	0	0	0
59	0	0	783	656	714	1309	0	0	0	0
60	0	0	782	653	714	1298	0	0	0	0
61	0	0	783	650	714	1302	0	0	0	0
62	0	0	782	645	714	1303	0	0	0	0
63	0	0	780	640	714	1292	0	0	0	0
64	0	0	781	637	714	1262	0	0	0	0
65	0	0	780	632	714	1242	0	0	0	0
66	0	0	779	627	715	1210	0	0	0	0
67	0	0	779	623	713	1181	0	0	0	0
68	0	0	778	617	712	1165	0	0	0	0
69	0	0	778	614	712	1152	0	0	0	0
70	0	0	778	609	711	1132	0	0	0	0
71	0	0	779	605	711	1120	0	0	0	0
72	0	0	779	599	709	1114	0	0	0	0
73	0	0	781	596	706	1109	0	0	0	0
74	0	0	783	592	704	1096	0	0	0	0
75	0	0	785	589	702	1082	0	0	0	0
76	0	0	786	586	700	1074	0	0	0	0
77	0	0	790	581	697	1041	0	0	0	0
78	0	0	791	577	695	1021	0	0	0	0
79	0	0	792	572	693	1010	0	0	0	0
80	0	0	793	567	690	1000	0	0	0	0
81	0	0	795	563	687	995	0	0	0	0
82	0	0	795	559	685	993	0	0	0	0
83	0	0	796	556	682	982	0	0	0	0
84	0	0	797	553	679	968	0	0	0	0
85	0	0	798	551	678	971	0	0	0	0
86	0	0	799	547	675	978	0	0	0	0
87	0	0	799	544	673	960	0	0	0	0
88	0	0	799	541	671	971	0	0	0	0
89	0	0	798	538	668	971	0	0	0	0
90	0	0	798	536	666	969	0	0	0	0
91	0	0	797	534	664	960	0	0	0	0
92	0	0	794	533	662	962	0	0	0	0
93	0	0	793	533	660	957	0	0	0	0
94	0	0	793	531	658	952	0	0	0	0
95	0	0	791	530	656	950	0	0	0	0
96	0	0	790	528	654	918	0	0	0	0
97	0	0	790	528	652	890	0	0	0	0
98	0	0	788	527	650	899	0	0	0	0
99	0	0	788	527	649	876	0	0	0	0
100	0	0	787	524	647	858	0	0	0	0
101	0	0	787	523	646	841	0	0	0	0
102	0	0	787	521	644	855	0	0	0	0
103	0	0	786	520	643	842	0	0	0	0
104	0	0	787	517	642	843	0	0	0	0
105	0	0	787	514	640	842	0	0	0	0
106	0	0	787	512	639	847	0	0	0	0
107	0	0	788	509	638	842	0	0	0	0
108	0	0	788	506	636	839	0	0	0	0
109	0	0	789	505	636	823	0	0	0	0
110	0	0	790	504	636	823	0	0	0	0
111	0	0	793	502	635	827	0	0	0	0
112	0	0	793	502	635	829	0	0	0	0
113	0	0	795	501	633	830	0	0	0	0
114	0	0	797	501	632	836	0	0	0	0
115	0	0	798	500	632	839	0	0	0	0
116	0	0	799	500	632	832	0	0	0	0
117	0	0	802	500	633	833	0	0	0	0
118	0	0	804	501	632	837	0	0	0	0
119	0	0	806	502	633	832	0	0	0	0
120	0	0	807	504	635	826	0	0	0	0
121	0	0	811	505	635	823	0	0	0	0
122	0	0	812	505	637	818	0	0	0	0
123	0	0	813	507	637	808	0	0	0	0
124	0	0	814	509	639	802	0	0	0	0
125	0	0	815	512	641	794	0	0	0	0
126	0	0	816	513	643	788	0	0	0	0
127	0	0	818	515	646	776	0	0	0	0
0	0	0	818	519	648	764	0	0	0	0
1	0	0	821	522	650	763	0	0	0	0
2	0	0	822	525	653	784	0	0	0	0
3	0	0	822	527	654	793	0	0	0	0
4	0	0	822	531	657	777	0	0	0	0
5	0	0	822	533	658	754	0	0	0	0
6	0	0	821	535	662	762	0	0	0	0
7	0	0	822	539	664	773	0	0	0	0
8	0	0	821	542	666	759	0	0	0	0
9	0	0	819	545	667	752	0	0	0	0
10	0	0	817	547	668	748	0	0	0	0
11	0	0	817	551	670	754	0	0	0	0
12	0	0	815	554	672	749	0	0	0	0
13	0	0	814	557	674	712	0	0	0	0
14	0	0	812	560	676	700	0	0	0	0
15	0	0	812	564	678	723	0	0	0	0
16	0	0	810	567	679	727	0	0	0	0
17	0	0	807	571	680	712	0	0	0	0
18	0	0	806	574	681	712	0	0	0	0
19	0	0	806	580	683	714	0	0	0	0
20	0	0	805	583	684	710	0	0	0	0
21	0	0	806	588	686	700	0	0	0	0
22	0	0	806	590	688	697	0	0	0	0
23	0	0	805	594	688	693	0	0	0	0
24	0	0	806	599	690	695	0	0	0	0
25	0	0	805	602	691	696	0	0	0	0
26	0	0	804	607	693	693	0	0	0	0
27	0	0	805	610	696	684	0	0	0	0
28	0	0	805	615	697	685	0	0	0	0
29	0	0	805	620	698	687	0	0	0	0
30	0	0	803	625	698	689	0	0	0	0
31	0	0	803	627	701	692	0	0	0	0
32	0	0	802	632	702	683	0	0	0	0
33	0	0	804	636	703	671	0	0	0	0
34	0	0	802	641	703	659	0	0	0	0
35	0	0	800	645	705	637	0	0	0	0
36	0	0	802	649	707	628	0	0	0	0
37	0	0	803	653	709	644	0	0	0	0
38	0	0	803	657	711	662	0	0	0	0
39	0	0	803	660	712	665	0	0	0	0
40	0	0	802	665	712	672	0	0	0	0
41	0	0	803	668	714	680	0	0	0	0
42	0	0	803	672	715	677	0	0	0	0
43	0	0	803	674	716	686	0	0	0	0
44	0	0	804	678	718	683	0	0	0	0
45	0	0	804	682	718	681	0	0	0	0
46	0	0	805	684	717	685	0	0	0	0
47	0	0	806	688	718	688	0	0	0	0
48	0	0	807	691	719	696	0	0	0	0
49	0	0	806	694	720	698	0	0	0	0
50	0	0	806	696	720	703	0	0	0	0
51	0	0	807	697	720	704	0	0	0	0
52	0	0	807	701	720	711	0	0	0	0
53	0	0	806	704	720	710	0	0	0	0
54	0	0	808	707	720	711	0	0	0	0
55	0	0	809	711	720	711	0	0	0	0
56	0	0	811	713	721	715	0	0	0	0
57	0	0	809	715	721	720	0	0	0	0
58	0	0	809	716	721	721	0	0	0	0
59	0	0	811	718	722	726	0	0	0	0
60	0	0	813	722	723	731	0	0	0	0
61	0	0	813	726	724	733	0	0	0	0
62	0	0	814	730	726	733	0	0	0	0
63	0	0	814	731	727	733	0	0	0	0
64	0	0	815	735	729	727	0	0	0	0
65	0	0	814	737	729	723	0	0	0	0
66	0	0	814	741	730	721	0	0	0	0
67	0	0	814	743	731	722	0	0	0	0
68	0	0	815	745	731	723	0	0	0	0
69	0	0	814	746	731	727	0	0	0	0
70	0	0	815	747	732	726	0	0	0	0
71	0	0	816	748	732	728	0	0	0	0
72	0	0	817	751	733	732	0	0	0	0
73	0	0	817	753	734	739	0	0	0	0
74	0	0	817	755	733	738	0	0	0	0
75	0	0	817	755	733	736	0	0	0	0
76	0	0	817	757	734	742	0	0	0	0
77	0	0	818	758	734	741	0	0	0	0
78	0	0	816	757	734	738	0	0	0	0
79	0	0	817	759	735	737	0	0	0	0
80	0	0	817	760	734	733	0	0	0	0
81	0	0	816	761	735	733	0	0	0	0
82	0	0	815	761	734	731	0	0	0	0
83	0	0	814	761	735	734	0	0	0	0
84	0	0	813	762	735	734	0	0	0	0
85	0	0	814	763	734	731	0	0	0	0
86	0	0	814	763	735	730	0	0	0	0
87	0	0	813	763	735	733	0	0	0	0
88	0	0	813	764	736	737	0	0	0	0
89	0	0	812	763	736	737	0	0	0	0
90	0	0	812	762	735	741	0	0	0	0
91	0	0	811	762	735	752	0	0	0	0
92	0	0	811	761	735	763	0	0	0	0
93	0	0	810	761	734	766	0	0	0	0
94	0	0	810	761	734	764	0	0	0	0
95	0	0	810	762	734	779	0	0	0	0
96	0	0	809	762	733	780	0	0	0	0
97	0	0	810	761	733	786	0	0	0	0
98	0	0	808	762	733	795	0	0	0	0
99	0	0	808	762	733	797	0	0	0	0
100	0	0	808	763	733	801	0	0	0	0
101	0	0	807	761	733	803	0	0	0	0
102	0	0	806	762	733	804	0	0	0	0
103	0	0	805	762	735	802	0	0	0	0
104	0	0	805	761	734	803	0	0	0	0
105	0	0	805	761	735	805	0	0	0	0
106	0	0	804	760	735	804	0	0	0	0
107	0	0	804	759	735	804	0	0	0	0
108	0	0	803	758	735	806	0	0	0	0
109	0	0	802	758	737	810	0	0	0	0
110	0	0	802	757	736	813	0	0	0	0
111	0	0	801	756	737	815	0	0	0	0
112	0	0	802	753	736	815	0	0	0	0
113	0	0	802	752	737	815	0	0	0	0
114	0	0	801	752	737	816	0	0	0	0
115	0	0	802	750	737	813	0	0	0	0
116	0	0	802	749	736	814	0	0	0	0
117	0	0	803	748	736	814	0	0	0	0
118	0	0	803	746	736	813	0	0	0	0
119	0	0	804	745	735	814	0	0	0	0
120	0	0	803	743	734	813	0	0	0	0
121	0	0	804	741	734	818	0	0	0	0
122	0	0	805	738	734	822	0	0	0	0
123	0	0	805	736	733	825	0	0	0	0
124	0	0	804	735	733	829	0	0	0	0
125	0	0	805	733	732	836	0	0	0	0
126	0	0	805	731	732	841	0	0	0	0
127	0	0	805	730	730	844	0	0	0	0
0	0	0	805	728	730	846	0	0	0	0
1	0	0	805	726	729	847	0	0	0	0
2	0	0	805	724	729	850	0	0	0	0
3	0	0	805	723	729	856	0	0	0	0
4	0	0	805	721	727	857	0	0	0	0
5	0	0	805	717	727	855	0	0	0	0
6	0	0	807	717	726	860	0	0	0	0
7	0	0	806	715	724	854	0	0	0	0
8	0	0	806	714	723	859	0	0	0	0
9	0	0	807	712	723	858	0	0	0	0
10	0	0	810	709	722	860	0	0	0	0
11	0	0	808	708	722	858	0	0	0	0
12	0	0	808	705	720	859	0	0	0	0
13	0	0	809	704	719	858	0	0	0	0
14	0	0	810	702	719	859	0	0	0	0
15	0	0	811	700	718	867	0	0	0	0
16	0	0	812	698	716	870	0	0	0	0
17	0	0	812	697	715	873	0	0	0	0
18	0	0	812	694	715	875	0	0	0	0
19	0	0	813	692	714	876	0	0	0	0
20	0	0	815	689	713	878	0	0	0	0
21	0	0	815	689	711	880	0	0	0	0
22	0	0	816	686	710	884	0	0	0	0
23	0	0	816	684	709	898	0	0	0	0
24	0	0	815	681	708	916	0	0	0	0
25	0	0	815	679	708	923	0	0	0	0
26	0	0	815	678	707	919	0	0	0	0
27	0	0	815	677	707	915	0	0	0	0
28	0	0	815	674	705	916	0	0	0	0
29	0	0	815	672	705	919	0	0	0	0
30	0	0	815	671	703	921	0	0	0	0
31	0	0	816	669	703	925	0	0	0	0
32	0	0	815	666	702	929	0	0	0	0
33	0	0	815	665	700	940	0	0	0	0
34	0	0	816	662	700	944	0	0	0	0
35	0	0	818	661	698	947	0	0	0	0
36	0	0	816	660	698	949	0	0	0	0
37	0	0	818	657	697	955	0	0	0	0
38	0	0	819	656	696	957	0	0	0	0
39	0	0	818	654	695	959	0	0	0	0
40	0	0	820	654	695	960	0	0	0	0
41	0	0	820	652	693	964	0	0	0	0
42	0	0	819	651	693	967	0	0	0	0
43	0	0	819	649	692	966	0	0	0	0
44	0	0	820	647	691	966	0	0	0	0
45	0	0	820	646	690	967	0	0	0	0
46	0	0	821	643	688	971	0	0	0	0
47	0	0	820	641	689	972	0	0	0	0
48	0	0	820	640	688	969	0	0	0	0
49	0	0	820	638	688	966	0	0	0	0
50	0	0	820	637	686	966	0	0	0	0
51	0	0	819	637	686	967	0	0	0	0
52	0	0	819	635	686	967	0	0	0	0
53	0	0	819	634	685	956	0	0	0	0
54	0	0	818	631	685	945	0	0	0	0
55	0	0	818	629	684	946	0	0	0	0
56	0	0	818	627	684	947	0	0	0	0
57	0	0	817	626	683	948	0	0	0	0
58	0	0	817	624	683	954	0	0	0	0
59	0	0	818	623	683	955	0	0	0	0
60	0	0	816	621	684	956	1	0	0	0
61	0	0	817	620	683	966	0	0	0	0
62	0	0	815	618	683	973	0	0	0	0
63	0	0	815	617	683	972	0	0	0	0
64	0	0	816	616	683	970	0	0	0	0
65	0	0	816	615	683	968	0	0	0	0
66	0	0	815	613	683	974	0	0	0	0
67	0	0	815	612	684	970	0	0	0	0
68	0	0	814	611	684	967	0	0	0	0
69	0	0	815	610	685	965	0	0	0	0
70	0	0	814	609	685	962	0	0	0	0
71	0	0	814	608	685	962	0	0	0	0
72	0	0	813	608	685	967	0	0	0	0
73	0	0	815	607	687	973	0	0	0	0
74	0	0	814	605	687	974	0	0	0	0
75	0	0	815	604	688	969	1	0	0	0
76	0	0	814	604	689	968	0	0	0	0
77	0	0	814	605	688	969	0	0	0	0
78	0	0	813	604	690	973	0	0	0	0
79	0	0	814	603	692	977	0	0	0	0
80	0	0	815	603	691	973	0	0	0	0
81	0	0	814	602	692	975	0	0	0	0
82	0	0	814	603	693	980	0	0	0	0
83	0	0	814	603	694	984	0	0	0	0
84	0	0	816	603	695	995	0	0	0	0
85	0	0	815	604	695	994	0	0	0	0
86	0	0	816	604	696	992	0	0	0	0
87	0	0	815	604	697	988	0	0	0	0
88	0	0	815	605	698	987	0	0	0	0
89	0	0	814	605	699	984	0	0	0	0
90	0	0	814	606	701	982	0	0	0	0
91	0	0	813	607	702	986	0	0	0	0
92	0	0	812	608	703	986	0	0	0	0
93	0	0	810	609	704	988	0	0	0	0
94	0	0	810	609	706	996	0	0	0	0
95	0	0	809	610	707	996	0	0	0	0
96	0	0	808	611	708	999	0	0	0	0
97	0	0	807	613	708	1001	0	0	0	0
98	0	0	808	614	709	999	0	0	0	0
99	0	0	807	616	710	998	0	0	0	0
100	0	0	807	617	710	1000	0	0	0	0
101	0	0	806	617	712	1005	0	0	0	0
102	0	0	805	618	712	1005	0	0	0	0
103	0	0	805	620	714	1006	0	0	0	0
104	0	0	804	622	713	1007	0	0	0	0
105	0	0	804	622	713	1010	0	0	0	0
106	0	0	803	623	714	1012	0	0	0	0
107	0	0	802	625	714	1013	0	0	0	0
108	0	0	803	626	716	1012	0	0	0	0
109	0	0	802	628	714	1016	0	0	0	0
110	0	0	803	629	715	1017	0	0	0	0
111	0	0	801	629	716	1019	0	0	0	0
112	0	0	801	631	716	1019	0	0	0	0
113	0	0	801	632	717	1019	0	0	0	0
114	0	0	801	633	717	1023	0	0	0	0
115	0	0	800	635	716	1025	0	0	0	0
116	0	0	799	636	716	1033	0	0	0	0
117	0	0	799	636	716	1032	0	0	0	0
118	0	0	801	637	717	1036	0	0	0	0
119	0	0	800	637	716	1037	0	0	0	0
120	0	0	800	638	717	1035	0	0	0	0
121	0	0	799	638	717	1038	0	0	0	0
122	0	0	800	639	716	1034	0	0	0	0
123	0	0	801	640	716	1038	0	0	0	0
124	0	0	800	641	716	1041	0	0	0	0
125	0	0	801	641	716	1044	0	0	0	0
126	0	0	800	641	716	1045	0	0	0	0
127	0	0	799	642	716	1047	0	0	0	0
0	0	0	799	642	716	1047	0	0	0	0
1	0	0	799	644	715	1046	0	0	0	0
2	0	0	800	643	716	1043	0	0	0	0
3	0	0	799	644	716	1043	0	0	0	0
4	0	0	798	645	716	1044	0	0	0	0
5	0	0	797	645	715	1045	0	0	0	0
6	0	0	797	646	715	1051	0	0	0	0
7	0	0	797	646	716	1056	0	0	0	0
8	0	0	796	647	716	1050	0	0	0	0
9	0	0	796	648	716	1049	0	0	0	0
10	0	0	796	649	716	1050	0	0	0	0
11	0	0	797	649	716	1049	0	0	0	0
12	0	0	797	650	715	1046	0	0	0	0
13	0	0	796	650	716	1052	0	0	0	0
14	0	0	797	651	716	1050	0	0	0	0
15	0	0	797	651	715	1057	0	0	0	0
16	0	0	797	651	715	1054	0	0	0	0
17	0	0	798	651	716	1060	0	0	0	0
18	0	0	797	652	716	1060	0	0	0	0
19	0	0	799	652	717	1064	0	0	0	0
20	0	0	799	652	716	1065	0	0	0	0
21	0	0	798	653	715	1070	0	0	0	0
22	0	0	799	653	716	1071	0	0	0	0
23	0	0	798	652	716	1072	0	0	0	1
24	0	0	800	653	715	1084	0	0	0	0
25	0	0	801	653	716	1085	0	0	0	0
26	0	0	801	653	716	1083	0	0	0	0
27	0	0	802	654	715	1083	0	0	0	0
28	0	0	802	654	715	1093	0	0	0	0
29	0	0	803	653	715	1091	0	0	0	0
30	0	0	802	654	715	1107	0	0	0	0
31	0	0	801	654	715	1089	0	0	0	0
32	0	0	802	654	714	1090	0	0	0	0
33	0	0	802	654	716	1097	0	0	0	0
34	0	0	802	653	716	1100	0	0	0	0
35	0	0	802	654	716	1106	0	0	0	0
36	0	0	803	653	715	1109	0	0	0	0
37	0	0	803	654	716	1112	0	0	0	0
38	0	0	803	654	716	1109	0	0	0	0
39	0	0	804	654	715	1109	0	0	0	0
40	0	0	804	655	715	1109	0	0	0	0
41	0	0	805	655	715	1109	0	0	0	0
42	0	0	805	654	716	1113	0	0	0	0
43	0	0	805	655	715	1117	0	0	0	0
44	0	0	805	654	715	1116	0	0	0	0
45	0	0	805	654	715	1119	0	0	0	0
46	0	0	805	655	715	1125	0	0	0	0
47	0	0	807	653	715	1126	0	0	0	0
48	0	0	806	655	716	1126	0	0	0	0
49	0	0	806	655	715	1128	0	0	0	0
50	0	0	806	654	715	1129	0	0	0	0
51	0	0	807	655	716	1131	0	0	0	0
52	0	0	808	654	716	1135	0	0	0	0
53	0	0	807	654	716	1137	0	0	0	0
54	0	0	807	655	716	1138	0	0	0	0
55	0	0	807	655	716	1139	0	0	0	0
56	0	0	807	655	716	1140	0	0	0	0
57	0	0	807	655	716	1141	0	0	0	0
58	0	0	808	655	716	1139	0	0	0	0
59	0	0	808	653	715	1141	0	0	0	0
60	0	0	808	654	716	1139	0	0	0	0
61	0	0	809	654	716	1137	0	0	0	0
62	0	0	808	655	715	1134	0	0	0	0
63	0	0	808	653	714	1133	0	0	0	0
64	0	0	807	653	715	1136	0	0	0	0
65	0	0	809	653	714	1134	0	0	0	0
66	0	0	809	653	714	1134	0	0	0	0
67	0	0	810	653	715	1131	0	0	0	0
68	0	0	810	653	713	1134	0	0	0	0
69	0	0	809	652	713	1134	0	0	0	0
70	0	0	809	653	712	1132	0	0	0	0
71	0	0	808	652	711	1130	0	0	0	0
72	0	0	809	651	711	1130	0	0	0	0
73	0	0	808	652	710	1130	0	0	0	0
74	0	0	808	651	711	1128	0	0	0	0
75	0	0	808	652	710	1127	0	0	0	0
76	0	0	809	651	710	1128	0	0	0	0
77	0	0	810	651	709	1133	0	0	0	0
78	0	0	808	650	709	1139	0	0	0	0
79	0	0	809	649	707	1139	0	0	0	0
80	0	0	810	649	707	1147	0	0	0	0
81	0	0	809	649	707	1147	0	0	0	0
82	0	0	810	649	706	1147	0	0	0	0
83	0	0	810	648	706	1140	0	0	0	0
84	0	0	810	646	705	1138	0	0	0	0
85	0	0	809	647	705	1141	0	0	0	0
86	0	0	809	644	704	1139	0	0	0	0
87	0	0	809	646	703	1139	0	0	0	0
88	0	0	809	647	703	1139	0	0	0	0
89	0	0	810	647	702	1141	0	0	0	0
90	0	0	810	646	701	1142	0	0	0	0
91	0	0	811	646	700	1143	0	0	0	0
92	0	0	810	647	699	1142	0	0	0	0
93	0	0	810	646	699	1145	0	0	0	0
94	0	0	810	645	697	1147	0	0	0	0
95	0	0	810	646	697	1144	0	0	0	0
96	0	0	811	645	697	1146	0	0	0	0
97	0	0	812	644	697	1147	0	0	0	0
98	0	0	812	644	696	1146	0	0	0	0
99	0	0	812	644	695	1145	0	0	0	0
100	0	0	812	643	695	1148	0	0	0	0
101	0	0	813	643	693	1150	0	0	0	0
102	0	0	812	642	694	1148	0	0	0	0
103	0	0	812	643	693	1147	0	0	0	0
104	0	0	811	642	694	1148	0	0	0	0
105	0	0	812	643	693	1149	0	0	0	0
106	0	0	813	642	693	1145	0	0	0	0
107	0	0	813	643	693	1144	0	0	0	0
108	0	0	812	641	692	1146	0	0	0	0
109	0	0	811	643	691	1153	0	0	0	0
110	0	0	811	641	691	1152	0	0	0	0
111	0	0	812	643	690	1155	0	0	0	0
112	0	0	813	642	689	1159	0	0	0	0
113	0	0	813	642	689	1165	0	0	0	0
114	0	0	813	641	689	1165	0	0	0	0
115	0	0	813	642	689	1164	0	0	0	0
116	0	0	814	642	688	1166	0	0	0	0
117	0	0	814	642	689	1163	0	0	0	0
118	0	0	812	642	689	1163	0	0	0	0
119	0	0	814	641	688	1161	0	0	0	0
120	0	0	813	642	688	1159	0	0	0	0
121	0	0	813	642	687	1165	0	0	0	0
122	0	0	814	642	689	1164	0	0	0	0
123	0	0	813	642	687	1163	0	0	0	0
124	0	0	815	642	687	1162	0	0	0	0
125	0	0	815	642	687	1161	0	0	0	0
126	0	0	814	641	687	1161	0	0	0	0
127	0	0	814	643	686	1161	0	0	0	0
0	0	0	813	643	686	1163	0	0	0	0
1	0	0	813	643	686	1167	0	0	0	0
2	0	0	812	643	686	1167	0	0	0	0
3	0	0	812	642	686	1170	0	0	0	0
4	0	0	812	643	686	1172	0	0	0	0
5	0	0	812	643	687	1174	0	0	0	0
6	0	0	813	643	686	1174	0	0	0	0
7	0	0	813	643	685	1173	0	0	0	0
8	0	0	814	644	686	1175	0	0	0	0
9	0	0	813	644	687	1176	0	0	0	0
10	0	0	813	644	687	1175	0	0	0	0
11	0	0	812	643	686	1175	0	0	0	0
12	0	0	813	644	687	1176	0	0	0	0
13	0	0	812	644	687	1180	0	0	0	0
14	0	0	811	644	687	1177	0	0	0	0
15	0	0	810	644	687	1174	0	0	0	0
16	0	0	811	644	687	1177	0	0	0	0
17	0	0	811	644	688	1181	0	0	0	0
18	0	0	810	645	687	1182	0	0	0	0
19	0	0	810	645	687	1183	0	0	0	0
20	0	0	808	644	688	1184	0	0	0	0
21	0	0	809	645	688	1188	0	0	0	0
22	0	0	810	645	688	1192	0	0	0	0
23	0	0	810	646	688	1196	0	0	0	0
24	0	0	809	646	688	1199	0	0	0	0
25	0	0	809	645	688	1200	0	0	0	0
26	0	0	809	646	689	1198	0	0	0	0
27	0	0	808	647	689	1195	0	0	0	0
28	0	0	808	646	688	1202	0	0	0	0
29	0	0	808	647	689	1202	0	0	0	0
30	0	0	806	646	689	1202	0	0	0	0
31	0	0	807	646	689	1202	0	0	0	0
32	0	0	807	646	690	1203	0	0	0	0
33	0	0	807	646	691	1205	0	0	0	0
34	0	0	808	647	691	1210	0	0	0	0
35	0	0	806	648	691	1210	0	0	0	0
36	0	0	806	647	691	1215	0	0	0	0
37	0	0	805	647	692	1217	0	0	0	0
38	0	0	805	647	692	1223	0	0	0	0
39	0	0	805	647	692	1227	0	0	0	0
40	0	0	806	647	693	1233	0	0	0	0
41	0	0	804	647	693	1236	0	0	0	0
42	0	0	804	647	694	1239	0	0	0	0
43	0	0	805	647	694	1237	0	0	0	0
44	0	0	804	647	694	1241	0	0	0	0
45	0	0	804	647	695	1243	0	0	0	0
46	0	0	803	646	694	1243	0	0	0	0
47	0	0	803	646	695	1245	0	0	0	0
48	0	0	802	647	695	1249	0	0	0	0
49	0	0	802	646	697	1251	0	0	0	0
50	0	0	803	646	697	1255	0	0	0	0
51	0	0	804	647	697	1255	0	0	0	0
52	0	0	803	646	697	1261	0	0	0	0
53	0	0	804	647	697	1268	0	0	0	0
54	0	0	803	646	697	1259	0	0	0	0
55	0	0	804	647	697	1259	0	0	0	0
56	0	0	805	646	697	1253	0	0	0	0
57	0	0	804	646	698	1259	0	0	0	0
58	0	0	803	647	699	1260	0	0	0	0
59	0	0	802	647	698	1261	0	0	0	0
60	0	0	803	647	699	1272	0	0	0	0
61	0	0	803	647	699	1275	0	0	0	0
62	0	0	803	647	699	1274	0	0	0	0
63	0	0	802	647	699	1277	0	0	0	0
64	0	0	803	648	699	1287	0	0	0	0
65	0	0	803	647	700	1286	0	0	0	0
66	0	0	804	647	700	1281	0	0	0	0
67	0	0	802	647	700	1283	0	0	0	0
68	0	0	802	648	700	1288	0	0	0	0
69	0	0	802	647	700	1290	0	0	0	0
70	0	0	802	647	700	1287	0	0	0	0
71	0	0	803	647	701	1288	0	0	0	0
72	0	0	803	648	701	1293	0	0	0	0
73	0	0	804	647	700	1291	0	0	0	0
74	0	0	804	648	701	1290	0	0	0	0
75	0	0	804	648	701	1293	0	0	0	0
76	0	0	803	646	701	1292	0	0	0	0
77	0	0	804	646	701	1288	0	0	0	0
78	0	0	804	646	701	1293	0	0	0	0
79	0	0	805	645	701	1292	0	0	0	0
80	0	0	805	645	701	1300	0	0	0	0
81	0	0	806	644	701	1302	0	0	0	0
82	0	0	805	644	702	1300	0	0	0	0
83	0	0	805	644	702	1309	0	0	0	0
84	0	0	804	645	702	1320	0	0	0	0
85	0	0	804	645	703	1327	0	0	0	0
86	0	0	805	645	702	1326	0	0	0	0
87	0	0	805	643	703	1327	0	0	0	0
88	0	0	805	644	704	1331	0	0	0	0
89	0	0	805	644	703	1331	0	0	0	0
90	0	0	805	645	704	1331	0	0	0	0
91	0	0	806	644	704	1331	0	0	0	0
92	0	0	806	643	704	1335	0	0	0	0
93	0	0	806	643	704	1336	0	0	0	0
94	0	0	807	644	705	1341	0	0	0	0
95	0	0	806	642	705	1344	0	0	0	0
96	0	0	806	643	705	1342	0	0	0	0
97	0	0	805	642	706	1339	0	0	0	0
98	0	0	806	642	707	1341	0	0	0	0
99	0	0	807	642	707	1343	0	0	0	0
100	0	0	806	642	707	1343	0	0	0	0
101	0	0	807	642	708	1344	0	0	0	0
102	0	0	807	640	708	1361	0	0	0	0
103	0	0	806	640	708	1357	0	0	0	0
104	0	0	807	640	708	1363	0	0	0	0
105	0	0	807	639	709	1358	0	0	0	0
106	0	0	808	640	709	1353	0	0	0	0
107	0	0	806	640	708	1357	0	0	0	0
108	0	0	807	638	709	1367	0	0	0	0
109	0	0	807	639	709	1368	0	0	0	0
110	0	0	808	640	709	1367	0	0	0	0
111	0	0	809	640	709	1367	0	0	0	0
112	0	0	809	638	710	1360	0	0	0	0
113	0	0	808	638	709	1363	0	0	0	0
114	0	0	808	638	710	1365	0	0	0	0
115	0	0	808	639	709	1362	0	0	0	0
116	0	0	808	637	710	1365	0	0	0	0
117	0	0	807	638	710	1367	0	0	0	0
118	0	0	807	637	710	1369	0	0	0	0
119	0	0	808	637	710	1373	0	0	0	0
120	0	0	808	638	711	1373	0	0	0	0
121	0	0	807	637	709	1375	0	0	0	0
122	0	0	808	637	710	1377	0	0	0	0
123	0	0	809	637	710	1375	0	0	0	0
124	0	0	809	637	709	1375	0	0	0	0
125	0	0	808	638	709	1382	0	0	0	0
126	0	0	808	638	709	1390	0	0	0	0
127	0	0	809	637	709	1397	0	0	0	0
0	0	0	809	638	709	1401	0	0	0	0
1	0	0	809	637	709	1401	0	0	0	0
2	0	0	809	638	709	1399	0	0	0	0
3	0	0	809	638	708	1400	0	0	0	0
4	0	0	810	637	707	1402	0	0	0	0
5	0	0	810	636	707	1398	0	0	0	0
6	0	0	810	637	707	1399	0	0	0	0
7	0	0	809	637	706	1400	0	0	0	0
8	0	0	809	636	706	1398	0	0	0	0
9	0	0	809	636	707	1400	0	0	0	0
10	0	0	809	637	707	1400	0	0	0	0
11	0	0	809	637	705	1401	0	0	0	0
12	0	0	807	637	705	1403	0	0	0	0
13	0	0	807	637	704	1407	0	0	0	0
14	0	0	808	637	705	1407	0	0	0	0
15	0	0	808	638	704	1407	0	0	0	0
16	0	0	808	637	704	1409	0	0	0	0
17	0	0	808	639	704	1410	0	0	0	0
18	0	0	808	638	703	1410	0	0	0	0
19	0	0	808	639	702	1407	0	0	0	0
20	0	0	809	638	702	1408	0	0	0	0
21	0	0	808	639	701	1408	0	0	0	0
22	0	0	808	639	702	1408	0	0	0	0
23	0	0	809	639	701	1409	0	0	0	0
24	0	0	808	639	701	1405	0	0	0	0
25	0	0	808	640	699	1405	0	0	0	0
26	0	0	809	641	699	1404	0	0	0	0
27	0	0	809	641	699	1403	0	0	0	0
28	0	0	809	641	699	1406	0	0	0	0
29	0	0	808	641	699	1407	0	0	0	0
30	0	0	808	642	699	1408	0	0	0	0
31	0	0	808	642	698	1407	0	0	0	0
32	0	0	809	642	698	1406	0	0	0	0
33	0	0	808	642	697	1408	0	0	0	0
34	0	0	808	643	697	1406	0	0	0	0
35	0	0	809	644	697	1410	0	0	0	0
36	0	0	809	643	697	1411	0	0	0	0
37	0	0	808	644	697	1410	0	0	0	0
38	0	0	809	645	696	1410	0	0	0	0
39	0	0	809	644	694	1408	0	0	0	0
40	0	0	808	645	694	1406	0	0	0	0
41	0	0	809	645	694	1409	0	0	0	0
42	0	0	810	645	695	1405	0	0	0	0
43	0	0	810	646	694	1401	0	0	0	0
44	0	0	811	646	694	1402	0	0	0	0
45	0	0	810	647	694	1402	0	0	0	0
46	0	0	809	647	694	1402	0	0	0	0
47	0	0	809	647	694	1402	0	0	0	0
48	0	0	809	647	694	1401	0	0	0	0
49	0	0	810	648	693	1399	0	0	0	0
50	0	0	809	647	694	1402	0	0	0	0
51	0	0	809	648	693	1399	0	0	0	0
52	0	0	810	647	693	1402	0	0	0	0
53	0	0	810	649	693	1404	0	0	0	0
54	0	0	809	648	694	1405	0	0	0	0
55	0	0	810	649	694	1406	0	0	0	0
56	0	0	809	650	694	1403	0	0	0	0
57	0	0	810	651	693	1405	0	0	0	0
58	0	0	810	649	692	1403	0	0	0	0
59	0	0	810	650	692	1401	0	0	0	0
60	0	0	809	650	693	1405	0	0	0	0
61	0	0	811	651	693	1403	0	0	0	0
62	0	0	809	650	693	1402	0	0	0	0
63	0	0	809	651	693	1402	0	0	0	0
64	0	0	808	650	692	1402	0	0	0	0
65	0	0	810	650	692	1401	0	0	0	0
66	0	0	810	651	692	1402	0	0	0	0
67	0	0	809	650	692	1402	0	0	0	0
68	0	0	810	651	692	1399	0	0	0	0
69	0	0	811	651	692	1399	0	0	0	0
70	0	0	809	652	692	1397	0	0	0	0
71	0	0	809	652	692	1395	0	0	0	0
72	0	0	809	652	692	1410	0	0	0	0
73	0	0	809	652	691	1417	0	0	0	0
74	0	0	809	653	691	1417	0	0	0	0
75	0	0	810	653	691	1417	0	0	0	0
76	0	0	810	652	691	1416	0	0	0	0
77	0	0	809	651	691	1417	0	0	0	0
78	0	0	810	652	691	1415	0	0	0	0
79	0	0	808	652	691	1418	0	0	0	0
80	0	0	808	653	690	1417	0	0	0	0
81	0	0	808	652	691	1418	0	0	0	0
82	0	0	808	652	690	1417	0	0	0	0
83	0	0	808	652	690	1416	0	0	0	0
84	0	0	807	652	691	1411	0	0	0	0
85	0	0	808	652	691	1412	0	0	0	0
86	0	0	808	651	691	1414	0	0	0	0
87	0	0	810	651	691	1412	0	0	0	0
88	0	0	808	651	690	1409	0	0	0	0
89	0	0	808	651	691	1405	0	0	0	0
90	0	0	809	652	691	1408	0	0	0	0
91	0	0	809	651	689	1405	0	0	0	0
92	0	0	809	651	691	1403	0	0	0	0
93	0	0	809	651	690	1404	0	0	0	0
94	0	0	808	650	692	1400	0	0	0	0
95	0	0	808	651	692	1399	0	0	0	0
96	0	0	808	650	690	1401	0	0	0	0
97	0	0	807	650	692	1401	0	0	0	0
98	0	0	806	651	692	1398	0	0	0	0
99	0	0	807	650	692	1401	0	0	0	0
100	0	0	808	650	692	1404	0	0	0	0
101	0	0	807	650	693	1406	0	0	0	0
102	0	0	807	650	692	1401	0	0	0	0
103	0	0	807	650	692	1390	0	0	0	0
104	0	0	807	650	693	1388	0	0	0	0
105	0	0	807	650	693	1391	0	0	0	0
106	0	0	808	649	693	1382	0	0	0	0
107	0	0	807	649	692	1381	0	0	0	0
108	0	0	808	649	693	1388	0	0	0	0
109	0	0	808	649	693	1396	0	0	0	0
110	0	0	808	649	693	1389	0	0	0	0
111	0	0	808	649	693	1382	0	0	0	0
112	0	0	808	648	693	1393	0	0	0	0
113	0	0	808	648	694	1399	0	0	0	0
114	0	0	808	647	694	1392	0	0	0	0
115	0	0	808	648	694	1388	0	0	0	0
116	0	0	807	648	694	1387	0	0	0	0
117	0	0	808	647	694	1392	0	0	0	0
118	0	0	808	647	693	1392	0	0	0	0
119	0	0	807	647	693	1387	0	0	0	0
120	0	0	807	647	694	1391	0	0	0	0
121	0	0	808	647	693	1392	0	0	0	0
122	0	0	809	647	693	1391	0	0	0	0
123	0	0	808	645	693	1388	0	0	0	0
124	0	0	808	645	693	1387	0	0	0	0
125	0	0	809	645	693	1388	0	0	0	0
126	0	0	809	646	692	1387	0	0	0	0
127	0	0	808	645	693	1384	0	0	0	0
0	0	0	809	645	693	1387	0	0	0	0
1	0	0	809	646	693	1385	0	0	0	0
2	0	0	809	645	692	1383	0	0	0	0
3	0	0	810	645	693	1380	0	0	0	0
4	0	0	810	645	692	1380	0	0	0	0
5	0	0	810	646	692	1382	0	0	0	0
6	0	0	809	645	692	1384	0	0	0	0
7	0	0	809	645	692	1386	0	0	0	0
8	0	0	809	645	692	1389	0	0	0	0
9	0	0	809	644	692	1387	0	0	0	0
10	0	0	809	645	693	1385	0	0	0	0
11	0	0	809	645	692	1385	0	0	0	0
12	0	0	808	645	692	1383	0	0	0	0
13	0	0	810	646	693	1386	0	0	0	0
14	0	0	809	645	692	1387	0	0	0	0
15	0	0	809	645	692	1381	0	0	0	0
16	0	0	811	646	692	1378	0	0	0	0
17	0	0	810	646	691	1374	0	0	0	0
18	0	0	809	646	692	1370	0	0	0	0
19	0	0	808	646	691	1370	0	0	0	0
20	0	0	808	646	692	1364	0	0	0	0
21	0	0	808	646	692	1362	0	0	0	0
22	0	0	809	645	692	1360	0	0	0	0
23	0	0	807	647	691	1359	0	0	0	0
24	0	0	808	647	692	1361	0	0	0	0
25	0	0	809	648	692	1358	0	0	0	0
26	0	0	809	647	692	1355	0	0	0	0
27	0	0	808	648	692	1352	0	0	0	0
28	0	0	809	647	692	1351	0	0	0	0
29	0	0	808	647	692	1350	0	0	0	0
30	0	0	809	647	693	1346	0	0	0	0
31	0	0	808	648	693	1344	0	0	0	0
32	0	0	809	647	693	1349	0	0	0	0
33	0	0	809	648	694	1348	0	0	0	0
34	0	0	809	648	693	1346	0	0	0	0
35	0	0	808	647	693	1345	0	0	0	0
36	0	0	808	647	694	1343	0	0	0	0
37	0	0	810	646	695	1342	0	0	0	0
38	0	0	810	647	694	1342	0	0	0	0
39	0	0	810	646	694	1340	0	0	0	0
40	0	0	808	647	695	1339	0	0	0	0
41	0	0	808	646	694	1340	0	0	0	0
42	0	0	808	646	695	1339	0	0	0	0
43	0	0	808	646	695	1341	0	0	0	0
44	0	0	809	646	696	1340	0	0	0	0
45	0	0	809	646	697	1344	0	0	0	0
46	0	0	809	645	697	1340	0	0	0	0
47	0	0	808	646	697	1342	0	0	0	0
48	0	0	808	645	696	1338	0	0	0	0
49	0	0	808	645	697	1338	0	0	0	0
50	0	0	808	646	697	1337	0	0	0	0
51	0	0	809	646	698	1335	0	0	0	0
52	0	0	810	645	698	1336	0	0	0	0
53	0	0	809	646	698	1335	0	0	0	0
54	0	0	810	645	699	1327	0	0	0	0
55	0	0	810	644	698	1323	0	0	0	0
56	0	0	810	644	698	1322	0	0	0	0
57	0	0	810	644	699	1325	0	0	0	0
58	0	0	811	645	698	1322	0	0	0	0
59	0	0	810	643	698	1320	0	0	0	0
60	0	0	810	644	699	1317	0	0	0	0
61	0	0	810	643	699	1315	0	0	0	0
62	0	0	810	643	699	1313	0	0	0	0
63	0	0	810	644	698	1311	0	0	0	0
64	0	0	811	643	698	1312	0	0	0	0
65	0	0	810	644	698	1309	0	0	0	0
66	0	0	809	644	699	1311	0	0	0	0
67	0	0	810	643	699	1309	0	0	0	0
68	0	0	809	643	699	1307	0	0	0	0
69	0	0	809	642	698	1308	0	0	0	0
70	0	0	810	645	698	1310	0	0	0	0
71	0	0	811	645	699	1307	0	0	0	0
72	0	0	810	645	698	1310	0	0	0	0
73	0	0	810	644	698	1309	0	0	0	0
74	0	0	809	644	697	1307	0	0	0	0
75	0	0	809	644	697	1301	0	0	0	0
76	0	0	808	645	697	1300	0	0	0	0
77	0	0	808	646	698	1299	0	0	0	0
78	0	0	809	645	698	1297	0	0	0	0
79	0	0	809	644	697	1300	0	0	0	0
80	0	0	808	644	697	1304	0	0	0	0
81	0	0	809	644	695	1308	0	0	0	0
82	0	0	810	645	696	1308	0	0	0	0
83	0	0	811	644	696	1308	0	0	0	0
84	0	0	810	644	696	1309	0	0	0	0
85	0	0	810	645	697	1308	0	0	0	0
86	0	0	811	643	696	1306	0	0	0	0
87	0	0	811	644	696	1304	0	0	0	0
88	0	0	810	645	697	1298	0	0	0	0
89	0	0	811	643	697	1292	0	0	0	0
90	0	0	812	644	697	1291	0	0	0	0
91	0	0	812	644	696	1287	0	0	0	0
92	0	0	811	645	696	1285	0	0	0	0
93	0	0	811	645	697	1282	0	0	0	0
94	0	0	811	645	697	1282	0	0	0	0
95	0	0	811	645	696	1273	0	0	0	0
96	0	0	810	645	695	1257	0	0	0	0
97	0	0	811	645	695	1248	0	0	0	0
98	0	0	811	645	696	1243	0	0	0	0
99	0	0	810	644	695	1239	0	0	0	0
100	0	0	811	645	696	1240	0	0	0	0
101	0	0	811	645	696	1239	0	0	0	0
102	0	0	811	645	696	1239	0	0	0	0
103	0	0	811	645	695	1238	0	0	0	0
104	0	0	811	646	696	1237	0	0	0	0
105	0	0	811	645	696	1234	0	0	0	0
106	0	0	811	645	695	1240	0	0	0	0
107	0	0	812	646	695	1230	0	0	0	0
108	0	0	812	646	695	1215	0	0	0	0
109	0	0	813	646	694	1213	0	0	0	0
110	0	0	812	644	694	1213	0	0	0	0
111	0	0	811	644	695	1212	0	0	0	0
112	0	0	811	645	694	1206	0	0	0	0
113	0	0	811	645	693	1206	0	0	0	0
114	0	0	811	644	694	1203	0	0	0	0
115	0	0	811	645	693	1196	0	0	0	0
116	0	0	811	645	694	1195	0	0	0	0
117	0	0	812	644	693	1192	0	0	0	0
118	0	0	812	644	694	1184	0	0	0	0
119	0	0	811	644	693	1180	0	0	0	0
120	0	0	812	644	693	1181	0	0	0	0
121	0	0	812	644	693	1179	0	0	0	0
122	0	0	812	644	693	1181	0	0	0	0
123	0	0	811	644	693	1177	0	0	0	0
124	0	0	811	644	692	1176	0	0	0	0
125	0	0	811	643	693	1175	0	0	0	0
126	0	0	812	643	693	1177	0	0	0	0
127	0	0	810	643	693	1179	0	0	0	0
0	0	0	810	643	693	1182	0	0	0	0
1	0	0	809	644	693	1181	0	0	0	0
2	0	0	809	642	692	1179	0	0	0	0
3	0	0	809	642	693	1175	0	0	0	0
4	0	0	808	642	693	1176	0	0	0	0
5	0	0	809	642	692	1169	0	0	0	0
6	0	0	808	641	692	1162	0	0	0	0
7	0	0	808	642	692	1169	0	0	0	0
8	0	0	808	642	692	1156	0	0	0	0
9	0	0	808	642	692	1151	0	0	0	0
10	0	0	807	641	692	1147	0	0	0	0
11	0	0	808	642	693	1147	0	0	0	0
12	0	0	807	641	692	1150	0	0	0	0
13	0	0	807	641	693	1147	0	0	0	0
14	0	0	808	641	692	1146	0	0	0	0
15	0	0	809	641	689	1145	0	0	0	0
16	0	0	808	642	692	1151	0	0	0	0
17	0	0	808	641	692	1147	0	0	0	0
18	0	0	810	641	692	1143	0	0	0	0
19	0	0	807	641	692	1142	0	0	0	0
