# bioPlux Text File Format
# Version: 1
# StartDateTime: 2012-03-20 15:15:38
# SamplingFrequency: 1000
# SampledChannels: 1 2 3 4 5 6 7 8
# SamplingResolution: 12
# AcquiringDevice: 00:07:80:93:66:BE
# EndOfHeader
0	0	0	729	919	764	129	0	0	0	0
1	0	0	728	918	764	129	0	0	0	0
2	0	0	727	919	764	128	0	0	0	0
3	0	0	727	919	764	128	0	0	0	0
4	0	0	727	919	764	127	0	0	0	0
5	0	0	729	919	764	127	0	0	0	0
6	0	0	729	919	764	130	0	0	0	0
7	0	0	729	919	765	129	0	0	0	0
8	0	0	728	919	764	126	0	0	0	0
9	0	0	728	919	764	124	0	0	0	0
10	0	0	729	918	764	123	0	0	0	0
11	0	0	728	919	765	122	0	0	0	0
12	0	0	729	919	765	121	0	0	0	0
13	0	0	728	919	765	118	0	0	0	0
14	0	0	727	919	765	118	0	0	0	0
15	0	0	728	918	764	119	0	0	0	0
16	0	0	728	920	764	120	0	0	0	0
17	0	0	729	920	763	120	0	0	0	0
18	0	0	729	920	764	121	0	0	0	0
19	0	0	730	918	765	125	0	0	0	0
20	0	0	729	918	765	126	0	0	0	0
21	0	0	729	919	765	122	0	0	0	0
22	0	0	729	919	765	122	0	0	0	0
23	0	0	729	919	764	122	0	0	0	0
24	0	0	730	919	765	123	0	0	0	0
25	0	0	730	919	764	123	0	0	0	0
26	0	0	729	918	764	126	0	0	0	0
27	0	0	729	919	765	127	0	0	0	0
28	0	0	729	919	766	121	0	0	0	0
29	0	0	730	919	764	119	0	0	0	0
30	0	0	730	919	764	119	0	0	0	0
31	0	0	730	919	764	117	0	0	0	0
32	0	0	728	919	764	115	0	0	0	0
33	0	0	729	919	765	113	0	0	0	0
34	0	0	728	918	764	115	0	0	0	0
35	0	0	729	920	764	115	0	0	0	0
36	0	0	729	919	764	115	0	0	0	0
37	0	0	729	920	764	115	0	0	0	0
38	0	0	730	920	765	118	0	0	0	0
39	0	0	729	919	765	122	0	0	0	0
40	0	0	730	919	764	123	0	0	0	0
41	0	0	729	919	764	122	0	0	0	0
42	0	0	729	920	765	123	0	0	0	0
43	0	0	729	919	764	123	0	0	0	0
44	0	0	729	918	765	123	0	0	0	0
45	0	0	729	919	765	122	0	0	0	0
46	0	0	728	919	765	126	0	0	0	0
47	0	0	727	918	765	127	0	0	0	0
48	0	0	728	919	765	124	0	0	0	0
49	0	0	728	919	766	119	0	0	0	0
50	0	0	728	919	766	118	0	0	0	0
51	0	0	728	918	765	117	0	0	0	0
52	0	0	728	919	766	116	0	0	0	0
53	0	0	728	918	765	115	0	0	0	0
54	0	0	727	920	765	114	0	0	0	0
55	0	0	728	919	764	115	0	0	0	0
56	0	0	727	919	765	114	0	0	0	0
57	0	0	727	919	765	114	0	0	0	0
58	0	0	728	919	765	117	0	0	0	0
59	0	0	728	919	765	120	0	0	0	0
60	0	0	728	919	765	120	0	0	0	0
61	0	0	727	919	765	120	0	0	0	0
62	0	0	727	919	765	120	0	0	0	0
63	0	0	728	919	766	121	0	0	0	0
64	0	0	727	919	765	122	0	0	0	0
65	0	0	728	919	764	119	0	0	0	0
66	0	0	728	919	765	121	0	0	0	0
67	0	0	727	919	765	122	0	0	0	0
68	0	0	727	919	765	122	0	0	0	0
69	0	0	726	919	765	118	0	0	0	0
70	0	0	728	919	765	116	0	0	0	0
71	0	0	728	920	765	115	0	0	0	0
72	0	0	728	919	765	114	0	0	0	0
73	0	0	728	919	764	112	0	0	0	0
74	0	0	729	919	764	112	0	0	0	0
75	0	0	729	919	765	114	0	0	0	0
76	0	0	728	921	764	115	0	0	0	0
77	0	0	727	920	765	115	0	0	0	0
78	0	0	728	919	765	117	0	0	0	0
79	0	0	727	919	765	119	0	0	0	0
80	0	0	728	919	764	118	0	0	0	0
81	0	0	728	919	765	119	0	0	0	0
82	0	0	729	918	764	120	0	0	0	0
83	0	0	728	919	764	123	0	0	0	0
84	0	0	730	920	765	121	0	0	0	0
85	0	0	727	919	765	120	0	0	0	0
86	0	0	727	920	765	121	0	0	0	0
87	0	0	726	919	765	121	0	0	0	0
88	0	0	728	919	764	119	0	0	0	0
89	0	0	726	919	765	117	0	0	0	0
90	0	0	727	920	765	118	0	0	0	0
91	0	0	727	919	765	117	0	0	0	0
92	0	0	728	918	765	116	0	0	0	0
93	0	0	728	918	765	111	0	0	0	0
94	0	0	729	918	765	111	0	0	0	0
95	0	0	727	919	765	114	0	0	0	0
96	0	0	727	919	764	114	0	0	0	0
97	0	0	728	919	765	114	0	0	0	0
98	0	0	729	919	765	119	0	0	0	0
99	0	0	728	918	765	118	0	0	0	0
100	0	0	729	919	764	118	0	0	0	0
101	0	0	728	919	765	119	0	0	0	0
102	0	0	728	919	765	121	0	0	0	0
103	0	0	727	919	764	122	0	0	0	0
104	0	0	728	918	766	121	0	0	0	0
105	0	0	727	918	765	121	0	0	0	0
106	0	0	727	918	764	126	0	0	0	0
107	0	0	728	918	765	126	0	0	0	0
108	0	0	728	917	765	124	0	0	0	0
109	0	0	728	917	765	120	0	0	0	0
110	0	0	728	918	765	118	0	0	0	0
111	0	0	728	917	765	116	0	0	0	0
112	0	0	727	919	765	113	0	0	0	0
113	0	0	727	918	764	113	0	0	0	0
114	0	0	727	918	764	112	0	0	0	0
115	0	0	727	918	764	113	0	0	0	0
116	0	0	727	917	763	113	0	0	0	0
117	0	0	728	917	765	112	0	0	0	0
118	0	0	728	917	763	114	0	0	0	0
119	0	0	730	917	765	117	0	0	0	0
120	0	0	727	918	764	119	0	0	0	0
121	0	0	727	918	764	120	0	0	0	0
122	0	0	727	919	765	122	0	0	0	0
123	0	0	728	917	764	123	0	0	0	0
124	0	0	727	917	764	122	0	0	0	0
125	0	0	727	917	764	121	0	0	0	0
126	0	0	727	917	764	127	0	0	0	0
127	0	0	727	917	764	127	0	0	0	0
0	0	0	728	918	764	123	0	0	0	0
1	0	0	727	918	766	119	0	0	0	0
2	0	0	727	918	764	122	0	0	0	0
3	0	0	728	919	765	120	0	0	0	0
4	0	0	728	919	764	118	0	0	0	0
5	0	0	727	918	764	117	0	0	0	0
6	0	0	727	919	764	120	0	0	0	0
7	0	0	727	919	764	116	0	0	0	0
8	0	0	727	918	764	116	0	0	0	0
9	0	0	728	919	765	114	0	0	0	0
10	0	0	727	919	764	117	0	0	0	0
11	0	0	728	919	764	120	0	0	0	0
12	0	0	727	919	764	120	0	0	0	0
13	0	0	727	920	765	121	0	1	0	0
14	0	0	727	919	764	121	0	0	0	0
15	0	0	727	919	764	123	0	0	0	0
16	0	0	723	920	765	124	0	0	0	0
17	0	0	727	919	764	125	0	0	0	0
18	0	0	728	920	763	124	0	0	0	0
19	0	0	728	919	764	124	0	0	0	0
20	0	0	727	920	765	122	0	0	0	0
21	0	0	727	920	764	120	0	0	0	0
22	0	0	727	920	764	120	0	0	0	0
23	0	0	727	919	765	118	0	0	0	0
24	0	0	727	919	765	117	0	0	0	0
25	0	0	727	919	765	113	0	0	0	0
26	0	0	726	920	766	113	0	0	0	0
27	0	0	728	920	765	120	0	0	0	0
28	0	0	727	920	764	123	0	0	0	0
29	0	0	728	920	764	121	0	0	0	0
30	0	0	728	919	765	124	0	0	0	0
31	0	0	725	920	766	126	0	0	0	0
32	0	0	728	919	765	126	0	0	0	0
33	0	0	728	920	765	128	0	0	0	0
34	0	0	728	919	765	128	0	0	0	0
35	0	0	728	919	765	129	0	0	0	0
36	0	0	728	920	765	128	0	0	0	0
37	0	0	729	919	766	129	0	0	0	0
38	0	0	728	919	765	131	0	0	0	0
39	0	0	728	919	765	131	0	0	0	0
40	0	0	727	920	765	127	0	0	0	0
41	0	0	728	919	766	124	0	0	0	0
42	0	0	729	919	765	124	0	0	0	0
43	0	0	730	919	763	118	0	0	0	0
44	0	0	729	919	766	116	0	0	0	0
45	0	0	728	919	766	115	0	0	0	0
46	0	0	729	918	766	116	0	0	0	0
47	0	0	729	918	766	117	0	0	0	0
48	0	0	729	918	766	117	0	0	0	0
49	0	0	728	918	766	118	0	0	0	0
50	0	0	728	919	766	120	0	0	0	0
51	0	0	728	919	766	123	0	0	0	0
52	0	0	727	919	765	123	0	0	0	0
53	0	0	728	919	764	123	0	0	0	0
54	0	0	727	918	765	123	0	0	0	0
55	0	0	726	919	765	123	0	0	0	0
56	0	0	727	918	765	124	0	0	0	0
57	0	0	727	919	764	123	0	0	0	0
58	0	0	728	919	765	125	0	0	0	0
59	0	0	728	918	765	125	0	0	0	0
60	0	0	728	919	765	122	0	0	0	0
61	0	0	728	920	765	120	0	0	0	0
62	0	0	728	919	765	124	0	0	0	0
63	0	0	728	919	764	119	0	0	0	0
64	0	0	728	919	766	117	0	0	0	0
65	0	0	727	919	765	116	0	0	0	0
66	0	0	727	918	765	116	0	0	0	0
67	0	0	727	917	765	118	0	0	0	0
68	0	0	728	919	765	117	0	0	0	0
69	0	0	728	918	766	119	0	0	0	0
70	0	0	727	918	765	119	0	0	0	0
71	0	0	724	918	766	122	0	0	0	0
72	0	0	727	918	765	121	0	0	0	0
73	0	0	728	919	768	122	0	0	0	0
74	0	0	728	918	767	123	0	0	0	0
75	0	0	729	919	766	124	0	0	0	0
76	0	0	728	919	766	124	0	0	0	0
77	0	0	728	919	765	123	0	0	0	0
78	0	0	729	918	765	127	0	0	0	0
79	0	0	728	918	766	126	0	0	0	0
80	0	0	728	918	765	124	0	0	0	0
81	0	0	728	919	765	123	0	0	0	0
82	0	0	728	919	765	123	0	0	0	0
83	0	0	729	919	766	122	0	0	0	0
84	0	0	728	918	765	120	0	0	0	0
85	0	0	729	919	764	118	0	0	0	0
86	0	0	727	918	765	121	0	0	0	0
87	0	0	728	918	764	123	0	0	0	0
88	0	0	728	918	765	123	0	0	0	0
89	0	0	728	918	765	123	0	0	0	0
90	0	0	727	918	765	125	0	0	0	0
91	0	0	728	919	766	127	0	0	0	0
92	0	0	727	919	764	127	0	0	0	0
93	0	0	727	918	765	128	0	0	0	0
94	0	0	726	917	765	130	0	0	0	0
95	0	0	727	917	764	132	0	0	0	0
96	0	0	727	918	766	133	0	0	0	0
97	0	0	727	917	766	133	0	0	0	0
98	0	0	727	918	765	136	0	0	0	0
99	0	0	727	918	765	136	0	0	0	0
100	0	0	728	917	764	132	0	0	0	0
101	0	0	727	918	764	127	0	0	0	0
102	0	0	727	917	764	125	0	0	0	0
103	0	0	728	917	764	126	0	0	0	0
104	0	0	726	918	765	124	0	0	0	0
105	0	0	728	918	765	124	0	0	0	0
106	0	0	728	917	765	123	0	0	0	0
107	0	0	727	918	765	124	0	0	0	0
108	0	0	728	918	765	123	0	0	0	0
109	0	0	726	917	765	124	0	0	0	0
110	0	0	727	918	765	126	0	0	0	0
111	0	0	726	918	765	129	0	0	0	0
112	0	0	727	919	766	127	0	0	0	0
113	0	0	727	919	764	124	0	0	0	0
114	0	0	727	918	765	126	0	0	0	0
115	0	0	727	918	765	128	0	0	0	0
116	0	0	727	919	766	126	0	0	0	0
117	0	0	728	919	765	128	0	0	0	0
118	0	0	727	919	765	129	0	0	0	0
119	0	0	727	918	765	128	0	0	0	0
120	0	0	727	919	765	126	0	0	0	0
121	0	0	725	919	764	125	0	0	0	0
122	0	0	728	919	764	123	0	0	0	0
123	0	0	727	920	763	122	0	0	0	0
124	0	0	727	917	765	119	0	0	0	0
125	0	0	726	918	765	119	0	0	0	0
126	0	0	725	919	765	121	0	0	0	0
127	0	0	727	919	765	123	0	0	0	0
0	0	0	727	919	765	121	0	0	0	0
1	0	0	727	919	763	120	0	0	0	0
2	0	0	727	918	765	123	0	0	0	0
3	0	0	727	918	765	129	0	0	0	0
4	0	0	727	918	765	127	0	0	0	0
5	0	0	727	920	765	130	0	0	0	0
6	0	0	727	919	765	130	0	0	0	0
7	0	0	728	920	765	130	0	0	0	0
8	0	0	728	918	765	132	0	0	0	0
9	0	0	728	919	765	131	0	0	0	0
10	0	0	727	920	764	130	0	0	0	0
11	0	0	728	918	765	135	0	0	0	0
12	0	0	728	918	765	135	0	0	0	0
13	0	0	727	919	765	131	0	0	0	0
14	0	0	728	918	765	130	0	0	0	0
15	0	0	728	919	765	124	0	0	0	0
16	0	0	728	918	765	124	0	0	0	0
17	0	0	727	919	765	123	0	0	0	0
18	0	0	728	919	765	123	0	0	0	0
19	0	0	729	919	765	124	0	0	0	0
20	0	0	729	919	764	124	0	0	0	0
21	0	0	728	918	764	124	0	0	0	0
22	0	0	729	919	765	127	0	0	0	0
23	0	0	729	919	765	133	0	0	0	0
24	0	0	728	919	765	132	0	0	0	0
25	0	0	728	919	765	132	0	0	0	0
26	0	0	727	919	764	131	0	0	0	0
27	0	0	728	920	765	131	0	0	0	0
28	0	0	728	920	764	130	0	0	0	0
29	0	0	727	919	764	129	0	0	0	0
30	0	0	728	919	765	131	0	0	0	0
31	0	0	728	918	764	132	0	0	0	0
32	0	0	728	919	764	129	0	0	0	0
33	0	0	728	919	765	126	0	0	0	0
34	0	0	727	919	765	127	0	0	0	0
35	0	0	728	919	765	124	0	0	0	0
36	0	0	728	919	764	123	0	0	0	0
37	0	0	728	919	764	123	0	0	0	0
38	0	0	728	919	765	119	0	0	0	0
39	0	0	727	918	765	126	0	0	0	0
40	0	0	726	919	765	127	0	0	0	0
41	0	0	726	917	764	126	0	0	0	0
42	0	0	726	919	764	128	0	0	0	0
43	0	0	728	919	765	130	0	0	0	0
44	0	0	728	919	765	132	0	0	0	0
45	0	0	728	918	765	127	0	0	0	0
46	0	0	728	919	765	129	0	0	0	0
47	0	0	728	919	764	129	0	0	0	0
48	0	0	728	919	765	130	0	0	0	0
49	0	0	728	919	765	131	0	0	0	0
50	0	0	728	919	765	132	0	0	0	0
51	0	0	726	920	765	133	0	0	0	0
52	0	0	726	918	765	130	0	0	0	0
53	0	0	727	918	766	127	0	0	0	0
54	0	0	728	919	765	126	0	0	0	0
55	0	0	728	918	765	127	0	0	0	0
56	0	0	728	918	764	126	0	0	0	0
57	0	0	728	919	765	123	0	0	0	0
58	0	0	727	919	765	121	0	0	0	0
59	0	0	728	919	765	124	0	0	0	0
60	0	0	727	919	766	124	0	0	0	0
61	0	0	728	919	766	124	0	0	0	0
62	0	0	728	918	765	126	0	0	0	0
63	0	0	727	918	765	129	0	0	0	0
64	0	0	727	918	765	129	0	0	0	0
65	0	0	727	919	765	131	0	0	0	0
66	0	0	726	918	766	131	0	0	0	0
67	0	0	727	919	766	133	0	0	0	0
68	0	0	727	917	766	132	0	0	0	0
69	0	0	727	918	766	130	0	0	0	0
70	0	0	727	918	766	132	0	0	0	0
71	0	0	728	919	766	133	0	0	0	0
72	0	0	728	918	765	131	0	0	0	0
73	0	0	727	919	766	129	0	0	0	0
74	0	0	727	919	765	129	0	0	0	0
75	0	0	727	920	765	125	0	0	0	0
76	0	0	728	919	766	124	0	0	0	0
77	0	0	728	920	766	121	0	0	0	0
78	0	0	729	920	766	122	0	0	0	0
79	0	0	728	919	766	122	0	0	0	0
80	0	0	727	920	765	123	0	0	0	0
81	0	0	727	918	765	124	0	0	0	0
82	0	0	728	919	766	123	0	0	0	0
83	0	0	728	919	765	124	0	0	0	0
84	0	0	728	919	765	125	0	0	0	0
85	0	0	728	919	766	124	0	0	0	0
86	0	0	728	918	765	128	0	0	0	0
87	0	0	728	918	765	128	0	0	0	0
88	0	0	728	918	765	129	0	0	0	0
89	0	0	727	918	765	127	0	0	0	0
90	0	0	728	920	766	128	0	0	0	0
91	0	0	728	919	766	130	0	0	0	0
92	0	0	728	919	765	126	0	0	0	0
93	0	0	728	919	765	123	0	0	0	0
94	0	0	728	919	765	122	0	0	0	0
95	0	0	728	918	766	127	0	0	0	0
96	0	0	728	918	766	126	0	0	0	0
97	0	0	727	917	765	127	0	0	0	0
98	0	0	728	918	766	124	0	0	0	0
99	0	0	728	918	766	130	0	0	0	0
100	0	0	728	918	766	129	0	0	0	0
101	0	0	729	918	764	129	0	0	0	0
102	0	0	728	918	764	133	0	0	0	0
103	0	0	728	918	765	135	0	0	0	0
104	0	0	727	919	764	131	0	0	0	0
105	0	0	727	918	763	133	0	0	0	0
106	0	0	726	919	765	135	0	0	0	0
107	0	0	727	919	764	132	0	0	0	0
108	0	0	727	918	765	130	0	0	0	0
109	0	0	727	918	764	130	0	0	0	0
110	0	0	727	919	764	132	0	0	0	0
111	0	0	726	919	764	133	0	0	0	0
112	0	0	728	919	763	129	0	0	0	0
113	0	0	727	919	765	125	0	0	0	0
114	0	0	727	919	765	125	0	0	0	0
115	0	0	726	918	766	125	0	0	0	0
116	0	0	728	918	765	122	0	0	0	0
117	0	0	727	919	765	122	0	0	0	0
118	0	0	727	919	764	123	0	0	0	0
119	0	0	728	919	764	124	0	0	0	0
120	0	0	728	919	765	124	0	0	0	0
121	0	0	727	919	765	122	0	0	0	0
122	0	0	727	918	765	125	0	0	0	0
123	0	0	728	919	764	128	0	0	0	0
124	0	0	728	918	764	126	0	0	0	0
125	0	0	728	918	765	126	0	0	0	0
126	0	0	728	919	765	128	0	0	0	0
127	0	0	726	918	764	130	0	0	0	0
0	0	0	726	919	766	129	0	0	0	0
1	0	0	727	919	765	128	0	0	0	0
2	0	0	727	919	765	130	0	0	0	0
3	0	0	727	919	765	131	0	0	0	0
4	0	0	727	918	764	129	0	0	0	0
5	0	0	727	919	765	125	0	0	0	0
6	0	0	727	918	766	127	0	0	0	0
7	0	0	727	918	766	125	0	0	0	0
8	0	0	728	918	765	122	0	0	0	0
9	0	0	728	918	765	121	0	0	0	0
10	0	0	728	919	765	119	0	0	0	0
11	0	0	727	918	766	120	0	0	0	0
12	0	0	728	918	766	120	0	0	0	0
13	0	0	728	918	765	120	0	0	0	0
14	0	0	728	918	765	121	0	0	0	0
15	0	0	729	918	765	124	0	0	0	0
16	0	0	728	918	763	126	0	0	0	0
17	0	0	728	917	765	129	0	0	0	0
18	0	0	728	919	765	130	0	0	0	0
19	0	0	728	918	765	130	0	0	0	0
20	0	0	728	919	765	125	0	0	0	0
21	0	0	728	918	767	125	0	0	0	0
22	0	0	728	918	764	126	0	0	0	0
23	0	0	729	919	765	128	0	0	0	0
24	0	0	729	918	765	125	0	0	0	0
25	0	0	728	919	765	123	0	0	0	0
26	0	0	729	919	765	122	0	0	0	0
27	0	0	728	920	766	126	0	0	0	0
28	0	0	729	918	766	121	0	0	0	0
29	0	0	729	918	766	119	0	0	0	0
30	0	0	728	918	766	119	0	0	0	0
31	0	0	728	918	765	120	0	0	0	0
32	0	0	729	918	766	121	0	0	0	0
33	0	0	728	919	765	120	0	0	0	0
34	0	0	728	918	765	120	0	0	0	0
35	0	0	729	919	765	123	0	0	0	0
36	0	0	729	919	766	125	0	0	0	0
37	0	0	727	918	766	127	0	0	0	0
38	0	0	728	918	765	130	0	0	0	0
39	0	0	728	919	765	131	0	0	0	0
40	0	0	728	918	766	131	0	0	0	0
41	0	0	728	919	766	128	0	0	0	0
42	0	0	728	918	766	128	0	0	0	0
43	0	0	728	919	765	133	0	0	0	0
44	0	0	727	919	766	132	0	0	0	0
45	0	0	728	920	765	129	0	0	0	0
46	0	0	728	919	765	128	0	0	0	0
47	0	0	728	920	766	127	0	0	0	0
48	0	0	727	919	765	120	0	0	0	0
49	0	0	728	919	765	124	0	0	0	0
50	0	0	728	919	765	119	0	0	0	0
51	0	0	728	920	765	121	0	0	0	0
52	0	0	728	919	766	122	0	0	0	0
53	0	0	728	919	765	123	0	0	0	0
54	0	0	727	918	766	125	0	0	0	0
55	0	0	727	918	765	124	0	0	0	0
56	0	0	727	919	765	127	0	0	0	0
57	0	0	728	920	766	127	0	0	0	0
58	0	0	728	918	765	133	0	0	0	0
59	0	0	728	920	765	134	0	0	0	0
60	0	0	729	918	765	128	0	0	0	0
61	0	0	728	919	765	126	0	0	0	0
62	0	0	730	919	765	128	0	0	0	0
63	0	0	728	919	765	130	0	0	0	0
64	0	0	729	920	765	128	0	0	0	0
65	0	0	728	919	766	125	0	0	0	0
66	0	0	729	919	766	123	0	0	0	0
67	0	0	728	920	766	123	0	0	0	0
68	0	0	728	919	766	123	0	0	0	0
69	0	0	728	919	765	123	0	0	0	0
70	0	0	728	918	765	123	0	0	0	0
71	0	0	727	919	765	123	0	0	0	0
72	0	0	729	919	767	123	0	0	0	0
73	0	0	728	919	766	122	0	0	0	0
74	0	0	728	918	766	124	0	0	0	0
75	0	0	728	918	766	128	0	0	0	0
76	0	0	728	918	766	125	0	0	0	0
77	0	0	728	919	765	124	0	0	0	0
78	0	0	729	918	765	128	0	0	0	0
79	0	0	729	919	764	130	0	0	0	0
80	0	0	729	919	765	129	0	0	0	0
81	0	0	728	918	766	127	0	0	0	0
82	0	0	727	919	765	128	0	0	0	0
83	0	0	727	918	766	129	0	0	0	0
84	0	0	728	918	766	127	0	0	0	0
85	0	0	727	919	766	125	0	0	0	0
86	0	0	727	919	766	125	0	0	0	0
87	0	0	728	918	766	125	0	0	0	0
88	0	0	728	918	766	123	0	0	0	0
89	0	0	728	918	766	123	0	0	0	0
90	0	0	728	919	765	121	0	0	0	0
91	0	0	728	918	766	122	0	0	0	0
92	0	0	728	918	766	125	0	0	0	0
93	0	0	728	919	766	123	0	0	0	0
94	0	0	728	918	765	126	0	0	0	0
95	0	0	728	921	764	127	0	0	0	0
96	0	0	728	919	765	127	0	0	0	0
97	0	0	728	919	765	130	0	0	0	0
98	0	0	727	918	765	132	0	0	0	0
99	0	0	729	919	765	131	0	0	0	0
100	0	0	729	917	765	135	0	0	0	0
101	0	0	727	920	764	134	0	0	0	0
102	0	0	727	919	765	134	0	0	0	0
103	0	0	728	919	766	137	0	0	0	0
104	0	0	727	919	765	131	0	0	0	0
105	0	0	729	918	765	127	0	0	0	0
106	0	0	729	918	765	130	0	0	0	0
107	0	0	729	919	765	132	0	0	0	0
108	0	0	729	919	765	129	0	0	0	0
109	0	0	729	919	765	127	0	0	0	0
110	0	0	728	920	765	128	0	0	0	0
111	0	0	728	921	765	127	0	0	0	0
112	0	0	728	919	766	127	0	0	0	0
113	0	0	728	919	765	125	0	0	0	0
114	0	0	728	919	765	128	0	0	0	0
115	0	0	727	919	765	132	0	0	0	0
116	0	0	726	919	765	133	0	0	0	0
117	0	0	727	919	765	135	0	0	0	0
118	0	0	727	919	765	136	0	0	0	0
119	0	0	727	920	765	136	0	0	0	0
120	0	0	727	918	765	136	0	0	0	0
121	0	0	727	919	765	134	0	0	0	0
122	0	0	726	919	765	133	0	0	0	0
123	0	0	727	920	765	136	0	0	0	0
124	0	0	727	919	765	132	0	0	0	0
125	0	0	726	918	764	129	0	0	0	0
126	0	0	726	919	765	127	0	0	0	0
127	0	0	727	918	766	127	0	0	0	0
0	0	0	727	919	766	125	0	0	0	0
1	0	0	727	918	765	126	0	0	0	0
2	0	0	727	918	765	125	0	0	0	0
3	0	0	728	919	765	126	0	0	0	0
4	0	0	728	918	766	126	0	0	0	0
5	0	0	728	918	766	126	0	0	0	0
6	0	0	728	918	765	128	0	0	0	0
7	0	0	728	919	765	130	0	0	0	0
8	0	0	728	918	766	129	0	0	0	0
9	0	0	729	918	766	128	0	0	0	0
10	0	0	727	918	764	132	0	0	0	0
11	0	0	728	918	765	132	0	0	0	0
12	0	0	727	919	764	134	0	0	0	0
13	0	0	728	918	764	131	0	0	0	0
14	0	0	728	918	765	132	0	0	0	0
15	0	0	729	918	765	134	0	0	0	0
16	0	0	728	918	765	131	0	0	0	0
17	0	0	728	918	765	128	0	0	0	0
18	0	0	728	918	765	126	0	0	0	0
19	0	0	729	918	766	127	0	0	0	0
20	0	0	728	918	766	127	0	0	0	0
21	0	0	727	918	765	127	0	0	0	0
22	0	0	728	918	765	127	0	0	0	0
23	0	0	728	918	766	128	0	0	0	0
24	0	0	728	918	766	128	0	0	0	0
25	0	0	728	918	764	127	0	0	0	0
26	0	0	728	917	765	128	0	0	0	0
27	0	0	729	917	766	131	0	0	0	0
28	0	0	728	918	765	130	0	0	0	0
29	0	0	727	918	766	132	0	0	0	0
30	0	0	729	918	765	134	0	0	0	0
31	0	0	729	918	765	135	0	0	0	0
32	0	0	729	918	765	137	0	0	0	0
33	0	0	728	919	765	136	0	0	0	0
34	0	0	727	919	765	139	0	0	0	0
35	0	0	728	919	766	139	0	0	0	0
36	0	0	727	918	765	136	0	0	0	0
37	0	0	728	918	765	132	0	0	0	0
38	0	0	728	919	766	132	0	0	0	0
39	0	0	728	918	765	131	0	0	0	0
40	0	0	729	918	765	129	0	0	0	0
41	0	0	729	918	765	129	0	0	0	0
42	0	0	728	919	765	127	0	0	0	0
43	0	0	728	919	765	128	0	0	0	0
44	0	0	727	919	765	128	0	0	0	0
45	0	0	726	918	765	127	0	0	0	0
46	0	0	727	919	765	128	0	0	0	0
47	0	0	728	918	765	130	0	0	0	0
48	0	0	726	919	765	129	0	0	0	0
49	0	0	727	919	766	130	0	0	0	0
50	0	0	726	919	766	132	0	0	0	0
51	0	0	728	919	766	131	0	0	0	0
52	0	0	726	919	766	133	0	0	0	0
53	0	0	727	919	765	132	0	0	0	0
54	0	0	726	919	766	136	0	0	0	0
55	0	0	727	919	765	137	0	0	0	0
56	0	0	727	919	765	132	0	0	0	0
57	0	0	728	919	765	129	0	0	0	0
58	0	0	727	920	766	131	0	0	0	0
59	0	0	728	919	765	130	0	0	0	0
60	0	0	727	919	766	127	0	0	0	0
61	0	0	727	919	766	127	0	0	0	0
62	0	0	727	919	765	129	0	0	0	0
63	0	0	727	919	764	129	0	0	0	0
64	0	0	728	919	765	130	0	0	0	0
65	0	0	728	919	767	129	0	0	0	0
66	0	0	727	919	766	132	0	0	0	0
67	0	0	727	919	765	134	0	0	0	0
68	0	0	727	919	766	135	0	0	0	0
69	0	0	727	919	766	134	0	0	0	0
70	0	0	727	920	765	136	0	0	0	0
71	0	0	727	919	765	137	0	0	0	0
72	0	0	728	920	764	135	0	0	0	0
73	0	0	728	919	765	133	0	0	0	0
74	0	0	728	918	766	136	0	0	0	0
75	0	0	728	918	766	134	0	0	0	0
76	0	0	728	918	765	132	0	0	0	0
77	0	0	728	918	765	129	0	0	0	0
78	0	0	728	919	765	128	0	0	0	0
79	0	0	728	919	766	128	0	0	0	0
80	0	0	728	919	765	125	0	0	0	0
81	0	0	728	920	765	124	0	0	0	0
82	0	0	727	920	764	123	0	0	0	0
83	0	0	728	919	765	125	0	0	0	0
84	0	0	727	919	766	131	0	0	0	0
85	0	0	728	919	766	131	0	0	0	0
86	0	0	727	918	766	133	0	0	0	0
87	0	0	727	917	765	135	0	0	0	0
88	0	0	727	918	765	138	0	0	0	0
89	0	0	728	918	765	133	0	0	0	0
90	0	0	728	918	765	135	0	0	0	0
91	0	0	728	918	765	136	0	0	0	0
92	0	0	728	918	765	136	0	0	0	0
93	0	0	729	918	764	135	0	0	0	0
94	0	0	727	919	765	137	0	0	0	0
95	0	0	727	918	765	136	0	0	0	0
96	0	0	726	918	764	135	0	0	0	0
97	0	0	728	918	764	132	0	0	0	0
98	0	0	729	918	765	135	0	0	0	0
99	0	0	729	918	765	131	0	0	0	0
100	0	0	727	919	765	128	0	0	0	0
101	0	0	726	919	765	127	0	0	0	0
102	0	0	726	919	765	125	0	0	0	0
103	0	0	727	919	764	128	0	0	0	0
104	0	0	728	918	765	126	0	0	0	0
105	0	0	728	917	765	126	0	0	0	0
106	0	0	729	918	766	129	0	0	0	0
107	0	0	728	918	766	132	0	0	0	0
108	0	0	728	918	765	130	0	0	0	0
109	0	0	728	918	765	129	0	0	0	0
110	0	0	728	918	766	135	0	0	0	0
111	0	0	728	918	765	137	0	0	0	0
112	0	0	726	918	765	132	0	0	0	0
113	0	0	727	919	764	129	0	0	0	0
114	0	0	727	918	764	129	0	0	0	0
115	0	0	728	919	764	124	0	0	0	0
116	0	0	728	919	765	121	0	0	0	0
117	0	0	728	918	764	121	0	0	0	0
118	0	0	728	919	765	119	0	0	0	0
119	0	0	728	919	765	118	0	0	0	0
120	0	0	727	918	766	115	0	0	0	0
121	0	0	727	918	765	115	0	0	0	0
122	0	0	727	917	764	114	0	0	0	0
123	0	0	728	918	765	115	0	0	0	0
124	0	0	728	918	766	118	0	0	0	0
125	0	0	727	918	764	119	0	0	0	0
126	0	0	728	917	765	121	0	0	0	0
127	0	0	726	918	765	123	0	0	0	0
0	0	0	727	918	765	123	0	0	0	0
1	0	0	727	919	765	125	0	0	0	0
2	0	0	728	918	765	125	0	0	0	0
3	0	0	726	918	766	129	0	0	0	0
4	0	0	726	918	765	129	0	0	0	0
5	0	0	727	918	766	130	0	0	0	0
6	0	0	726	918	765	129	0	0	0	0
7	0	0	725	918	764	130	0	0	0	0
8	0	0	726	918	765	123	0	0	0	0
9	0	0	726	918	766	123	0	0	0	0
10	0	0	728	919	765	119	0	0	0	0
11	0	0	726	919	765	118	0	0	0	0
12	0	0	726	919	765	115	0	0	0	0
13	0	0	728	919	766	115	0	0	0	0
14	0	0	727	919	765	115	0	0	0	0
15	0	0	727	918	765	116	0	0	0	0
16	0	0	727	919	765	116	0	0	0	0
17	0	0	727	919	765	119	0	0	0	0
18	0	0	727	918	765	117	0	0	0	0
19	0	0	728	918	765	119	0	0	0	0
20	0	0	727	918	766	120	0	0	0	0
21	0	0	727	918	765	121	0	0	0	0
22	0	0	726	918	765	120	0	0	0	0
23	0	0	727	918	765	121	0	0	0	0
24	0	0	726	918	766	123	0	0	0	0
25	0	0	728	918	766	127	0	0	0	0
26	0	0	728	918	766	127	0	0	0	0
27	0	0	728	919	764	128	0	0	0	0
28	0	0	726	918	765	127	0	0	0	0
29	0	0	727	918	765	123	0	0	0	0
30	0	0	728	918	765	118	0	0	0	0
31	0	0	728	918	766	118	0	0	0	0
32	0	0	727	918	765	115	0	0	0	0
33	0	0	728	919	765	113	0	0	0	0
34	0	0	727	919	766	116	0	0	0	0
35	0	0	724	918	765	119	0	0	0	0
36	0	0	726	918	766	118	0	0	0	0
37	0	0	727	919	766	117	0	0	0	0
38	0	0	727	917	765	121	0	0	0	0
39	0	0	727	918	765	121	0	0	0	0
40	0	0	728	918	765	124	0	0	0	0
41	0	0	727	918	765	121	0	0	0	0
42	0	0	727	918	765	126	0	0	0	0
43	0	0	727	919	765	126	0	0	0	0
44	0	0	727	919	765	122	0	0	0	0
45	0	0	728	918	765	124	0	0	0	0
46	0	0	727	920	765	129	0	0	0	0
47	0	0	728	919	765	130	0	0	0	0
48	0	0	728	919	765	127	0	0	0	0
49	0	0	727	919	765	124	0	0	0	0
50	0	0	727	919	765	122	0	0	0	0
51	0	0	726	919	765	120	0	0	0	0
52	0	0	728	918	765	116	0	0	0	0
53	0	0	728	918	765	117	0	0	0	0
54	0	0	727	919	765	118	0	0	0	0
55	0	0	728	919	765	120	0	0	0	0
56	0	0	728	919	765	116	0	0	0	0
57	0	0	727	919	765	119	0	0	0	0
58	0	0	727	919	765	120	0	0	0	0
59	0	0	727	920	765	122	0	0	0	0
60	0	0	728	920	766	124	0	0	0	0
61	0	0	727	919	765	126	0	0	0	0
62	0	0	727	920	764	123	0	0	0	0
63	0	0	727	919	764	122	0	0	0	0
64	0	0	727	919	765	121	0	0	0	0
65	0	0	727	919	765	123	0	0	0	0
66	0	0	729	918	765	125	0	0	0	0
67	0	0	729	920	765	124	0	0	0	0
68	0	0	728	919	765	123	0	0	0	0
69	0	0	728	919	766	119	0	0	0	0
70	0	0	728	919	765	117	0	0	0	0
71	0	0	727	919	764	118	0	0	0	0
72	0	0	727	919	764	113	0	0	0	0
73	0	0	729	919	765	113	0	0	0	0
74	0	0	728	919	765	113	0	0	0	0
75	0	0	726	919	765	113	0	0	0	0
76	0	0	726	919	764	113	0	0	0	0
77	0	0	726	919	765	112	0	0	0	0
78	0	0	727	918	765	116	0	0	0	0
79	0	0	728	918	765	119	0	0	0	0
80	0	0	728	918	765	119	0	0	0	0
81	0	0	727	918	764	121	0	0	0	0
82	0	0	727	919	765	119	0	0	0	0
83	0	0	728	918	764	120	0	0	0	0
84	0	0	728	918	764	121	0	0	0	0
85	0	0	728	918	765	122	0	0	0	0
86	0	0	728	917	765	126	0	0	0	0
87	0	0	728	918	765	126	0	0	0	0
88	0	0	728	918	765	123	0	0	0	0
89	0	0	727	917	764	121	0	0	0	0
90	0	0	727	917	765	120	0	0	0	0
91	0	0	728	917	765	119	0	0	0	0
92	0	0	728	917	765	117	0	0	0	0
93	0	0	728	917	764	116	0	0	0	0
94	0	0	728	916	765	115	0	0	0	0
95	0	0	728	917	765	117	0	0	0	0
96	0	0	728	917	764	118	0	0	0	0
97	0	0	728	917	764	117	0	0	0	0
98	0	0	728	918	765	119	0	0	0	0
99	0	0	726	918	765	122	0	0	0	0
100	0	0	728	918	764	122	0	0	0	0
101	0	0	728	917	765	122	0	0	0	0
102	0	0	727	917	765	123	0	0	0	0
103	0	0	727	918	765	123	0	0	0	0
104	0	0	728	918	764	124	0	0	0	0
105	0	0	728	917	765	123	0	0	0	0
106	0	0	727	917	765	125	0	0	0	0
107	0	0	727	918	765	125	0	0	0	0
108	0	0	727	919	765	122	0	0	0	0
109	0	0	727	918	765	119	0	0	0	0
110	0	0	729	918	765	120	0	0	0	0
111	0	0	728	919	766	118	0	0	0	0
112	0	0	728	919	765	115	0	0	0	0
113	0	0	728	918	764	117	0	0	0	0
114	0	0	727	919	765	115	0	0	0	0
115	0	0	727	918	765	117	0	0	0	0
116	0	0	728	919	766	117	0	0	0	0
117	0	0	727	919	765	114	0	0	0	0
118	0	0	727	919	763	119	0	0	0	0
119	0	0	727	920	764	120	0	0	0	0
120	0	0	727	920	765	121	0	0	0	0
121	0	0	727	920	765	121	0	0	0	0
122	0	0	727	920	764	121	0	0	0	0
123	0	0	728	920	764	123	0	0	0	0
124	0	0	727	920	766	123	0	0	0	0
125	0	0	727	919	764	122	0	0	0	0
126	0	0	727	920	765	125	0	0	0	0
127	0	0	727	919	764	124	0	0	0	0
0	0	0	726	919	765	123	0	0	0	0
1	0	0	727	919	764	119	0	0	0	0
2	0	0	727	920	765	118	0	0	0	0
3	0	0	726	920	765	118	0	0	0	0
4	0	0	727	919	764	115	0	0	0	0
5	0	0	727	920	765	115	0	0	0	0
6	0	0	726	920	765	115	0	0	0	0
7	0	0	726	919	764	115	0	0	0	0
8	0	0	727	919	764	115	0	0	0	0
9	0	0	728	918	765	116	0	0	0	0
10	0	0	728	919	764	118	0	0	0	0
11	0	0	727	918	764	120	0	0	0	0
12	0	0	727	918	765	116	0	0	0	0
13	0	0	727	919	765	119	0	0	0	0
14	0	0	727	918	763	120	0	0	0	0
15	0	0	726	919	765	121	0	0	0	0
16	0	0	727	918	766	121	0	0	0	0
17	0	0	727	917	765	121	0	0	0	0
18	0	0	727	919	764	122	0	0	0	0
19	0	0	726	918	764	123	0	0	0	0
20	0	0	726	917	764	121	0	0	0	0
21	0	0	726	918	764	117	0	0	0	0
22	0	0	728	918	764	118	0	0	0	0
23	0	0	727	918	764	117	0	0	0	0
24	0	0	727	918	765	115	0	0	0	0
25	0	0	726	917	765	111	0	0	0	0
26	0	0	726	918	765	110	0	0	0	0
27	0	0	726	916	764	113	0	0	0	0
28	0	0	728	918	765	114	0	0	0	0
29	0	0	727	917	764	113	0	0	0	0
30	0	0	726	918	764	113	0	0	0	0
31	0	0	727	918	766	114	0	0	0	0
32	0	0	727	917	765	114	0	0	0	0
33	0	0	728	918	765	114	0	0	0	0
34	0	0	727	917	764	116	0	0	0	0
35	0	0	726	917	765	116	0	0	0	0
36	0	0	727	918	765	117	0	0	0	0
37	0	0	727	917	765	117	0	0	0	0
38	0	0	727	918	765	120	0	0	0	0
39	0	0	726	918	765	121	0	0	0	0
40	0	0	727	917	765	118	0	0	0	0
41	0	0	728	917	765	115	0	0	0	0
42	0	0	728	918	765	116	0	0	0	0
43	0	0	728	918	764	115	0	0	0	0
44	0	0	728	918	765	112	0	0	0	0
45	0	0	727	918	764	110	0	0	0	0
46	0	0	728	918	765	109	0	0	0	0
47	0	0	729	918	765	113	0	0	0	0
48	0	0	728	917	765	113	0	0	0	0
49	0	0	727	918	765	114	0	0	0	0
50	0	0	727	918	765	115	0	0	0	0
51	0	0	728	918	765	115	0	0	0	0
52	0	0	727	918	766	116	0	0	0	0
53	0	0	727	918	766	116	0	0	0	0
54	0	0	727	918	765	118	0	0	0	0
55	0	0	727	919	766	119	0	0	0	0
56	0	0	729	918	765	120	0	0	0	0
57	0	0	728	919	765	118	0	0	0	0
58	0	0	726	919	765	121	0	0	0	0
59	0	0	728	918	765	121	0	0	0	0
60	0	0	728	918	765	119	0	0	0	0
61	0	0	726	918	766	117	0	0	0	0
62	0	0	729	919	765	115	0	0	0	0
63	0	0	728	918	766	116	0	0	0	0
64	0	0	727	919	766	111	0	0	0	0
65	0	0	726	918	765	111	0	0	0	0
66	0	0	727	917	766	110	0	0	0	0
67	0	0	727	914	766	111	0	0	0	0
68	0	0	728	918	766	113	0	0	0	0
69	0	0	727	918	765	112	0	0	0	0
70	0	0	726	919	766	113	0	0	0	0
71	0	0	727	919	765	119	0	0	0	0
72	0	0	727	918	765	119	0	0	0	0
73	0	0	727	919	766	119	0	0	0	0
74	0	0	727	918	765	119	0	0	0	0
75	0	0	727	919	764	119	0	0	0	0
76	0	0	728	919	765	120	0	0	0	0
77	0	0	727	918	764	118	0	0	0	0
78	0	0	726	918	765	121	0	0	0	0
79	0	0	726	918	764	121	0	0	0	0
80	0	0	726	917	765	119	0	0	0	0
81	0	0	726	917	764	115	0	0	0	0
82	0	0	726	917	764	115	0	0	0	0
83	0	0	726	918	765	114	0	0	0	0
84	0	0	727	917	765	112	0	0	0	0
85	0	0	726	918	765	111	0	0	0	0
86	0	0	726	918	765	110	0	0	0	0
87	0	0	726	918	764	111	0	0	0	0
88	0	0	726	919	764	113	0	0	0	0
89	0	0	726	918	764	111	0	0	0	0
90	0	0	727	919	764	113	0	0	0	0
91	0	0	726	918	764	117	0	0	0	0
92	0	0	727	918	764	118	0	0	0	0
93	0	0	727	918	764	115	0	0	0	0
94	0	0	725	918	763	118	0	0	0	0
95	0	0	726	919	763	119	0	0	0	0
96	0	0	728	919	764	117	0	0	0	0
97	0	0	728	918	764	116	0	0	0	0
98	0	0	725	918	764	120	0	0	0	0
99	0	0	726	917	764	120	0	0	0	0
100	0	0	726	918	763	118	0	0	0	0
101	0	0	727	919	763	115	0	0	0	0
102	0	0	726	919	764	114	0	0	0	0
103	0	0	727	919	763	113	0	0	0	0
104	0	0	727	919	763	111	0	0	0	0
105	0	0	726	919	763	110	0	0	0	0
106	0	0	726	918	763	109	0	0	0	0
107	0	0	726	918	764	110	2	0	0	0
108	0	0	726	919	764	111	0	0	0	0
109	0	0	726	919	764	110	0	0	0	0
110	0	0	726	918	763	112	0	0	0	0
111	0	0	726	918	764	115	0	0	0	0
112	0	0	727	919	764	116	0	0	0	0
113	0	0	727	919	764	116	0	0	0	0
114	0	0	727	918	763	118	0	0	0	0
115	0	0	727	917	763	117	0	0	0	0
116	0	0	726	918	763	116	0	0	0	0
117	0	0	727	917	764	115	0	0	0	0
118	0	0	727	918	762	119	0	0	0	0
119	0	0	727	918	763	119	0	0	0	0
120	0	0	726	918	763	116	0	0	0	0
121	0	0	726	917	763	113	0	0	0	0
122	0	0	726	918	764	112	1	0	0	0
123	0	0	727	919	763	113	0	0	0	0
124	0	0	726	919	762	113	0	0	0	0
125	0	0	724	919	763	113	0	0	0	0
126	0	0	726	919	763	111	0	0	0	0
127	0	0	726	918	763	112	1	0	0	0
0	0	0	727	919	764	114	0	0	0	0
1	0	0	727	918	764	113	0	0	0	0
2	0	0	726	920	764	113	0	0	0	0
3	0	0	726	919	764	116	0	0	0	0
4	0	0	727	918	763	117	0	0	0	0
5	0	0	727	918	763	118	0	0	0	0
6	0	0	727	918	763	119	0	0	0	0
7	0	0	727	919	763	118	0	0	0	0
8	0	0	726	918	763	117	0	0	0	0
9	0	0	726	919	763	118	0	0	0	0
10	0	0	726	919	763	121	0	0	0	0
11	0	0	726	918	763	122	0	0	0	0
12	0	0	725	919	763	119	0	0	0	0
13	0	0	727	918	763	116	0	0	0	0
14	0	0	726	918	763	116	0	0	0	0
15	0	0	727	917	763	113	0	0	0	0
16	0	0	726	919	763	111	0	0	0	0
17	0	0	726	918	764	111	0	0	0	0
18	0	0	726	918	764	111	0	0	0	0
19	0	0	728	918	764	112	0	0	0	0
20	0	0	727	918	764	115	0	0	0	0
21	0	0	727	918	764	113	0	0	0	0
22	0	0	726	918	764	115	0	0	0	0
23	0	0	727	918	764	117	0	0	0	0
24	0	0	726	919	764	119	0	0	0	0
25	0	0	726	918	764	119	0	0	0	0
26	0	0	726	919	765	120	0	0	0	0
27	0	0	724	918	764	119	0	0	0	0
28	0	0	727	918	765	119	0	0	0	0
29	0	0	728	919	763	119	0	0	0	0
30	0	0	728	919	764	120	0	0	0	0
31	0	0	729	919	764	119	0	0	0	0
32	0	0	728	918	763	118	0	0	0	0
33	0	0	728	919	764	114	0	0	0	0
34	0	0	727	919	764	114	0	0	0	0
35	0	0	726	919	763	114	0	0	0	0
36	0	0	727	919	764	113	0	0	0	0
37	0	0	725	919	764	113	0	0	0	0
38	0	0	726	919	764	109	0	0	0	0
39	0	0	727	919	764	111	0	0	0	0
40	0	0	727	919	764	112	0	0	0	0
41	0	0	727	918	765	110	0	0	0	0
42	0	0	725	918	765	112	0	0	0	0
43	0	0	726	917	766	115	0	0	0	0
44	0	0	727	917	765	116	0	0	0	0
45	0	0	726	918	765	116	0	0	0	0
46	0	0	727	918	765	117	0	0	0	0
47	0	0	726	918	764	117	0	0	0	0
48	0	0	725	918	764	118	0	0	0	0
49	0	0	726	918	764	118	0	0	0	0
50	0	0	728	918	764	118	0	0	0	0
51	0	0	727	917	764	117	0	0	0	0
52	0	0	728	918	763	116	0	0	0	0
53	0	0	727	919	763	116	0	0	0	0
54	0	0	727	918	763	114	0	0	0	0
55	0	0	727	918	763	116	0	0	0	1
56	0	0	727	918	764	114	0	0	0	0
57	0	0	728	918	764	112	0	0	0	0
58	0	0	727	918	764	111	0	0	0	0
59	0	0	728	918	764	112	0	0	0	0
60	0	0	727	917	764	113	0	0	0	0
61	0	0	727	918	764	112	0	0	0	0
62	0	0	728	918	764	113	0	0	0	0
63	0	0	727	916	764	114	0	0	0	0
64	0	0	729	917	763	114	0	0	0	0
65	0	0	727	917	764	114	0	0	0	0
66	0	0	727	917	764	119	0	0	0	0
67	0	0	727	918	764	119	0	0	0	0
68	0	0	728	917	764	120	0	0	0	0
69	0	0	729	916	763	119	0	0	0	0
70	0	0	727	917	763	119	0	0	0	0
71	0	0	728	917	763	118	0	0	0	0
72	0	0	728	917	763	117	0	0	0	0
73	0	0	728	918	763	114	0	0	0	0
74	0	0	728	918	763	114	0	0	0	0
75	0	0	729	917	764	115	0	0	0	0
76	0	0	728	917	764	111	0	0	0	0
77	0	0	728	917	764	111	0	0	0	0
78	0	0	728	917	764	110	0	0	0	0
79	0	0	728	920	763	113	0	0	0	0
80	0	0	728	919	763	114	0	0	0	0
81	0	0	727	918	764	114	0	0	0	0
82	0	0	728	918	764	115	0	0	0	0
83	0	0	728	918	763	117	0	0	0	0
84	0	0	729	917	763	120	0	0	0	0
85	0	0	728	918	763	119	0	0	0	0
86	0	0	728	918	763	113	0	0	0	0
87	0	0	727	918	763	116	0	0	0	0
88	0	0	728	918	763	116	0	0	0	0
89	0	0	728	919	763	121	0	0	0	0
90	0	0	727	919	763	123	0	0	0	0
91	0	0	727	918	762	124	0	0	0	0
92	0	0	727	918	763	121	0	0	0	0
93	0	0	727	919	763	119	0	0	0	0
94	0	0	727	918	764	122	0	0	0	0
95	0	0	728	919	763	117	0	0	0	0
96	0	0	726	919	763	115	0	0	0	0
97	0	0	728	919	763	115	0	0	0	0
98	0	0	727	919	763	113	0	0	0	0
99	0	0	728	919	763	113	0	0	0	0
100	0	0	728	919	764	112	0	0	0	0
101	0	0	727	919	764	111	0	0	0	0
102	0	0	727	919	764	112	0	0	0	0
103	0	0	726	919	763	117	0	0	0	0
104	0	0	726	919	764	115	0	0	0	0
105	0	0	727	919	764	116	0	0	0	0
106	0	0	728	920	764	116	0	0	0	0
107	0	0	728	919	763	118	0	0	0	0
108	0	0	728	919	763	118	0	0	0	0
109	0	0	727	919	763	116	0	0	0	0
110	0	0	727	919	763	119	0	0	0	0
111	0	0	727	919	763	119	0	0	0	0
112	0	0	726	919	763	118	0	0	0	0
113	0	0	727	919	763	116	0	0	0	0
114	0	0	727	919	764	116	0	0	0	0
115	0	0	728	919	764	118	0	0	0	0
116	0	0	728	919	764	115	0	0	0	0
117	0	0	728	919	764	115	0	0	0	0
118	0	0	727	919	764	115	0	0	0	0
119	0	0	727	919	764	113	0	0	0	0
120	0	0	728	920	764	112	0	0	0	0
121	0	0	727	919	764	111	0	0	0	0
122	0	0	727	919	765	114	0	0	0	0
123	0	0	727	919	763	117	0	0	0	0
124	0	0	727	919	764	118	0	0	0	0
125	0	0	727	919	764	118	0	0	0	0
126	0	0	727	918	764	119	0	0	0	0
127	0	0	728	918	764	120	0	0	0	0
0	0	0	728	918	764	119	0	0	0	0
1	0	0	729	918	764	121	0	0	0	0
2	0	0	728	919	764	123	0	0	0	0
3	0	0	727	919	765	122	0	0	0	0
4	0	0	727	919	764	122	0	0	0	0
5	0	0	727	919	764	119	0	0	0	0
6	0	0	729	919	764	118	0	0	0	0
7	0	0	728	919	764	116	0	0	0	0
8	0	0	728	920	764	114	0	0	0	0
9	0	0	729	918	765	113	0	0	0	0
10	0	0	729	919	765	112	0	0	0	0
11	0	0	727	919	764	115	0	0	0	0
12	0	0	728	918	764	115	0	0	0	0
13	0	0	728	919	764	115	0	0	0	0
14	0	0	727	919	764	117	0	0	0	0
15	0	0	729	919	764	119	0	0	0	0
16	0	0	729	919	764	118	0	0	0	0
17	0	0	727	919	765	119	0	0	0	0
18	0	0	728	918	764	120	0	0	0	0
19	0	0	729	918	764	120	0	0	0	0
20	0	0	728	917	765	122	0	0	0	0
21	0	0	728	918	765	121	0	0	0	0
22	0	0	729	918	764	122	0	0	0	0
23	0	0	729	918	764	123	0	0	0	0
24	0	0	728	918	764	121	0	0	0	0
25	0	0	728	918	764	118	0	0	0	0
26	0	0	728	919	765	115	0	0	0	0
27	0	0	728	919	763	113	0	0	0	0
28	0	0	729	918	763	111	0	0	0	0
29	0	0	728	920	764	111	0	0	0	0
30	0	0	728	919	762	111	0	0	0	0
31	0	0	729	918	763	111	0	0	0	0
32	0	0	726	918	764	110	0	0	0	0
33	0	0	728	919	764	111	0	0	0	0
34	0	0	728	918	763	112	0	0	0	0
35	0	0	728	918	763	114	0	0	0	0
36	0	0	727	919	763	116	0	0	0	0
37	0	0	728	918	763	115	0	0	0	0
38	0	0	727	919	763	117	0	0	0	0
39	0	0	728	918	763	118	0	0	0	0
40	0	0	728	917	763	117	0	0	0	0
41	0	0	728	920	763	119	0	0	0	0
42	0	0	728	919	763	121	0	0	0	0
43	0	0	728	918	763	121	0	0	0	0
44	0	0	728	918	763	120	0	0	0	0
45	0	0	729	918	763	117	0	0	0	0
46	0	0	729	918	764	115	0	0	0	0
47	0	0	729	919	764	115	0	0	0	0
48	0	0	728	919	763	111	0	0	0	0
49	0	0	727	919	763	111	0	0	0	0
50	0	0	728	919	762	111	0	0	0	0
51	0	0	728	918	764	114	0	0	0	0
52	0	0	727	919	764	113	0	0	0	0
53	0	0	727	919	764	111	0	0	0	0
54	0	0	728	918	763	111	0	0	0	0
55	0	0	728	919	763	114	0	0	0	0
56	0	0	728	919	764	115	0	0	0	0
57	0	0	727	919	763	116	0	0	0	0
58	0	0	728	918	763	114	0	0	0	0
59	0	0	729	918	763	115	0	0	0	0
60	0	0	729	918	763	118	0	0	0	0
61	0	0	728	918	764	117	0	0	0	0
62	0	0	729	918	764	118	0	0	0	0
63	0	0	729	918	763	119	0	0	0	0
64	0	0	727	918	763	118	0	0	0	0
65	0	0	728	918	763	115	0	0	0	0
66	0	0	729	918	763	113	0	0	0	0
67	0	0	727	919	763	113	0	0	0	0
68	0	0	727	918	763	111	0	0	0	0
69	0	0	727	918	763	112	0	0	0	0
70	0	0	728	919	764	109	0	0	0	0
71	0	0	727	919	764	111	0	0	0	0
72	0	0	728	918	764	112	0	0	0	0
73	0	0	727	919	764	111	0	0	0	0
74	0	0	728	918	763	114	0	0	0	0
75	0	0	728	917	764	115	0	0	0	0
76	0	0	728	918	764	116	0	0	0	0
77	0	0	727	918	764	117	0	0	0	0
78	0	0	728	919	765	119	0	0	0	0
79	0	0	728	919	763	121	0	0	0	0
80	0	0	729	918	762	120	0	0	0	0
81	0	0	729	919	764	119	0	0	0	0
82	0	0	728	919	763	120	0	0	0	0
83	0	0	728	920	763	120	0	0	0	0
84	0	0	728	919	763	119	0	0	0	0
85	0	0	729	918	763	113	0	0	0	0
86	0	0	729	918	764	114	0	0	0	0
87	0	0	728	918	764	114	0	0	0	0
88	0	0	728	919	764	119	0	0	0	0
89	0	0	730	919	764	117	0	0	0	0
90	0	0	729	919	765	113	0	0	0	0
91	0	0	729	919	764	116	0	0	0	0
92	0	0	728	919	764	116	0	0	0	0
93	0	0	728	919	764	115	0	0	0	0
94	0	0	728	919	764	117	0	0	0	0
95	0	0	729	919	764	119	0	0	0	0
96	0	0	728	919	765	119	0	0	0	0
97	0	0	729	919	764	119	0	0	0	0
98	0	0	729	919	765	121	0	0	0	0
99	0	0	726	919	764	122	0	0	0	0
100	0	0	728	919	764	123	0	0	0	0
101	0	0	728	920	764	122	0	0	0	0
102	0	0	729	919	763	123	0	0	0	0
103	0	0	727	919	763	123	0	0	0	0
104	0	0	728	918	764	120	0	0	0	0
105	0	0	729	920	764	119	0	0	0	0
106	0	0	728	919	763	117	0	0	0	0
107	0	0	729	919	765	112	0	0	0	0
108	0	0	728	919	764	113	0	0	0	0
109	0	0	727	919	764	114	0	0	0	0
110	0	0	729	918	764	114	0	0	0	0
111	0	0	728	919	764	115	0	0	0	0
112	0	0	728	918	764	113	0	0	0	0
113	0	0	729	919	764	111	0	0	0	0
114	0	0	729	918	762	116	0	0	0	0
115	0	0	729	918	764	117	0	0	0	0
116	0	0	729	918	764	119	0	0	0	0
117	0	0	728	919	764	119	0	0	0	0
118	0	0	729	918	764	121	0	0	0	0
119	0	0	728	918	764	121	0	0	0	0
120	0	0	730	918	763	122	0	0	0	0
121	0	0	729	919	763	122	0	0	0	0
122	0	0	728	918	764	122	0	0	0	0
123	0	0	729	918	764	123	0	0	0	0
124	0	0	729	918	764	119	0	0	0	0
125	0	0	728	917	763	117	0	0	0	0
126	0	0	728	918	764	116	0	0	0	0
127	0	0	728	917	763	117	0	0	0	0
0	0	0	729	918	764	114	0	0	0	0
1	0	0	728	919	763	114	0	0	0	0
2	0	0	730	918	763	112	0	0	0	0
3	0	0	729	918	764	113	0	0	0	0
4	0	0	728	918	764	113	0	0	0	0
5	0	0	729	917	764	113	0	0	0	0
6	0	0	729	918	764	112	0	0	0	0
7	0	0	729	918	763	116	0	0	0	0
8	0	0	728	919	763	116	0	0	0	0
9	0	0	729	918	763	116	0	0	0	0
10	0	0	728	919	762	117	0	0	0	0
11	0	0	728	917	763	118	0	0	0	0
12	0	0	728	919	762	120	0	0	0	0
13	0	0	729	918	762	117	0	0	0	0
14	0	0	729	918	762	117	0	0	0	0
15	0	0	729	919	762	116	0	0	0	0
16	0	0	729	919	762	112	0	0	0	0
17	0	0	730	919	762	107	0	0	0	0
18	0	0	729	920	763	110	0	0	0	0
19	0	0	728	920	763	110	0	0	0	0
20	0	0	728	920	762	96	0	0	0	0
21	0	0	729	920	762	102	0	0	0	0
22	0	0	728	920	762	101	0	0	0	0
23	0	0	729	920	761	79	0	0	0	0
24	0	0	730	921	762	80	0	0	0	0
25	0	0	729	920	762	72	0	0	0	0
26	0	0	728	920	763	73	0	0	0	0
27	0	0	729	921	763	58	0	0	0	0
28	0	0	728	920	762	47	0	0	0	0
29	0	0	729	921	762	39	0	0	0	0
30	0	0	728	920	763	40	0	0	0	0
31	0	0	728	920	762	40	0	0	0	0
32	0	0	728	920	761	41	0	0	0	0
33	0	0	728	921	762	39	0	0	0	0
34	0	0	728	920	762	40	0	0	0	0
35	0	0	728	920	763	41	0	0	0	0
36	0	0	729	919	763	39	0	0	0	0
37	0	0	729	920	762	34	0	0	0	0
38	0	0	728	920	762	32	0	0	0	0
39	0	0	728	920	762	32	0	0	0	0
40	0	0	728	919	762	30	0	0	0	0
41	0	0	730	919	762	31	0	0	0	0
42	0	0	729	920	762	29	0	0	0	0
43	0	0	728	917	763	31	0	0	0	0
44	0	0	729	920	763	32	0	0	0	0
45	0	0	728	919	763	33	0	0	0	0
46	0	0	728	919	763	33	0	0	0	0
47	0	0	728	919	763	37	0	0	0	0
48	0	0	729	920	763	39	0	0	0	0
49	0	0	729	918	763	40	0	0	0	0
50	0	0	729	919	763	41	0	0	0	0
51	0	0	730	920	763	42	0	0	0	0
52	0	0	729	920	764	42	0	0	0	0
53	0	0	730	920	763	40	0	0	0	0
54	0	0	729	921	763	40	0	0	0	0
55	0	0	729	920	763	41	0	0	0	0
56	0	0	731	919	764	38	0	0	0	0
57	0	0	731	919	764	34	0	0	0	0
58	0	0	731	920	763	33	0	0	0	0
59	0	0	730	921	764	31	0	0	0	0
60	0	0	730	918	764	29	0	0	0	0
61	0	0	730	918	764	29	0	0	0	0
62	0	0	730	919	764	29	0	0	0	0
63	0	0	730	919	764	31	0	0	0	0
64	0	0	729	919	765	32	0	0	0	0
65	0	0	730	919	764	31	0	0	0	0
66	0	0	731	918	764	32	0	0	0	0
67	0	0	730	919	764	37	0	0	0	0
68	0	0	730	919	763	36	0	0	0	0
69	0	0	730	920	764	36	0	0	0	0
70	0	0	729	918	763	38	0	0	0	0
71	0	0	730	918	764	39	0	0	0	0
72	0	0	730	918	764	38	0	0	0	0
73	0	0	730	919	764	38	0	0	0	0
74	0	0	730	919	763	38	0	0	0	0
75	0	0	730	918	764	41	0	0	0	0
76	0	0	730	919	764	39	0	0	0	0
77	0	0	730	919	764	37	0	0	0	0
78	0	0	730	919	764	36	0	0	0	0
79	0	0	730	919	764	35	0	0	0	0
80	0	0	730	919	763	29	0	0	0	0
81	0	0	731	918	764	27	0	0	0	0
82	0	0	731	919	764	28	0	0	0	0
83	0	0	731	919	763	30	0	0	0	0
84	0	0	731	919	763	29	0	0	0	0
85	0	0	730	919	764	31	0	0	0	0
86	0	0	729	918	765	33	0	0	0	0
87	0	0	730	918	764	35	0	0	0	0
88	0	0	730	919	764	35	0	0	0	0
89	0	0	730	918	764	37	0	0	0	0
90	0	0	730	918	764	39	0	0	0	0
91	0	0	729	918	764	41	0	0	0	0
92	0	0	731	919	764	41	0	0	0	0
93	0	0	733	918	764	39	0	0	0	0
94	0	0	732	918	764	41	0	0	0	0
95	0	0	732	918	765	42	0	0	0	0
96	0	0	733	918	765	41	0	0	0	0
97	0	0	731	915	765	37	0	0	0	0
98	0	0	731	918	764	36	0	0	0	0
99	0	0	730	918	764	36	0	0	0	0
100	0	0	731	917	764	34	0	0	0	0
101	0	0	732	915	764	34	0	0	0	0
102	0	0	732	916	764	34	0	0	0	0
103	0	0	733	917	763	35	0	0	0	0
104	0	0	733	916	764	37	0	0	0	0
105	0	0	733	917	764	37	0	0	0	0
106	0	0	733	916	765	38	0	0	0	0
107	0	0	732	917	765	41	0	0	0	0
108	0	0	732	916	762	42	0	0	0	0
109	0	0	733	917	764	43	0	0	0	0
110	0	0	734	915	764	45	0	0	0	0
111	0	0	734	915	765	45	0	0	0	0
112	0	0	734	916	765	44	0	0	0	0
113	0	0	735	915	765	38	0	1	0	0
114	0	0	734	915	765	39	0	0	0	0
115	0	0	735	915	765	39	0	0	0	0
116	0	0	734	914	765	39	0	0	0	0
117	0	0	734	913	764	35	0	0	0	0
118	0	0	736	914	764	34	0	0	0	0
119	0	0	735	914	765	33	0	0	0	0
120	0	0	736	915	764	28	0	0	0	0
121	0	0	736	914	764	26	0	0	0	0
122	0	0	736	914	765	27	0	0	0	0
123	0	0	736	915	765	27	0	0	0	0
124	0	0	736	915	766	27	0	0	0	0
125	0	0	734	913	765	30	0	0	0	0
126	0	0	735	913	765	32	0	0	0	0
127	0	0	736	913	766	37	0	0	0	0
0	0	0	737	913	765	38	0	0	0	0
1	0	0	736	913	765	37	0	0	0	0
2	0	0	738	913	765	39	0	0	0	0
3	0	0	736	912	765	41	0	0	0	0
4	0	0	737	912	764	38	0	0	0	0
5	0	0	736	912	764	48	0	0	0	0
6	0	0	737	911	764	49	0	0	0	0
7	0	0	738	911	764	47	0	0	0	0
8	0	0	739	912	764	44	0	0	0	0
9	0	0	739	911	764	40	0	0	0	0
10	0	0	739	911	767	34	0	0	0	0
11	0	0	740	911	765	28	0	0	0	0
12	0	0	740	911	764	26	0	0	0	0
13	0	0	741	911	764	22	0	0	0	0
14	0	0	740	911	765	18	0	0	0	0
15	0	0	740	911	763	17	0	0	0	0
16	0	0	740	911	764	17	0	0	0	0
17	0	0	740	910	763	16	0	0	0	0
18	0	0	738	910	764	17	0	0	0	0
19	0	0	741	910	763	22	0	0	0	0
20	0	0	742	909	762	17	0	0	0	0
21	0	0	743	910	762	16	0	0	0	0
22	0	0	743	910	762	19	0	0	0	0
23	0	0	744	910	762	17	0	0	0	0
24	0	0	744	910	761	17	0	0	0	0
25	0	0	744	909	762	16	0	0	0	0
26	0	0	744	909	761	18	0	0	0	0
27	0	0	742	909	760	20	0	0	0	0
28	0	0	744	909	761	18	0	0	0	0
29	0	0	744	909	760	14	0	0	0	0
30	0	0	745	909	759	13	0	0	0	0
31	0	0	745	909	759	13	0	0	0	0
32	0	0	747	909	759	12	0	0	0	0
33	0	0	749	908	758	11	0	0	0	0
34	0	0	748	909	758	9	0	0	0	0
35	0	0	748	908	759	10	0	0	0	0
36	0	0	748	907	758	12	0	0	0	0
37	0	0	750	908	758	12	0	0	0	0
38	0	0	749	908	757	12	0	0	0	0
39	0	0	750	908	759	14	0	0	0	0
40	0	0	750	908	758	15	0	0	0	0
41	0	0	750	907	757	16	0	0	0	0
42	0	0	750	907	757	18	0	0	0	0
43	0	0	751	907	759	19	0	0	0	0
44	0	0	753	907	758	18	0	0	0	0
45	0	0	752	907	756	18	0	0	0	0
46	0	0	752	906	757	19	0	0	0	0
47	0	0	753	907	757	20	0	0	0	0
48	0	0	754	906	757	19	0	0	0	0
49	0	0	755	905	758	15	0	0	0	0
50	0	0	755	906	758	12	0	0	0	0
51	0	0	755	905	759	12	0	0	0	0
52	0	0	756	905	758	9	0	0	0	0
53	0	0	755	905	759	8	0	0	0	0
54	0	0	754	904	758	8	0	0	0	0
55	0	0	756	904	760	7	0	0	0	0
56	0	0	757	904	759	8	0	0	0	0
57	0	0	757	904	760	8	0	0	0	0
58	0	0	757	903	760	14	0	0	0	0
59	0	0	759	902	760	15	0	0	0	0
60	0	0	758	903	761	19	0	0	0	0
61	0	0	759	902	762	12	0	0	0	0
62	0	0	759	901	761	15	0	0	0	0
63	0	0	760	901	762	15	0	0	0	0
64	0	0	760	901	762	17	0	0	0	0
65	0	0	761	899	763	13	0	0	0	0
66	0	0	762	899	763	15	0	0	0	0
67	0	0	761	898	763	14	0	0	0	0
68	0	0	761	897	763	11	0	0	0	0
69	0	0	763	897	763	5	0	0	0	0
70	0	0	764	896	763	5	0	0	0	0
71	0	0	764	895	764	3	0	0	0	0
72	0	0	765	895	765	2	0	0	0	0
73	0	0	766	893	763	1	0	0	0	0
74	0	0	766	891	765	0	0	0	0	0
75	0	0	765	891	766	0	0	0	0	0
76	0	0	764	890	765	0	0	0	0	0
77	0	0	766	891	765	0	0	0	0	0
78	0	0	767	889	765	1	0	0	0	0
79	0	0	767	887	765	3	0	0	0	0
80	0	0	767	887	765	5	0	0	0	0
81	0	0	767	887	766	6	0	0	0	0
82	0	0	768	885	766	8	0	0	0	0
83	0	0	768	885	766	8	0	0	0	0
84	0	0	770	885	766	12	0	0	0	0
85	0	0	770	883	766	9	0	0	0	0
86	0	0	771	882	765	9	0	0	0	0
87	0	0	772	882	766	12	0	0	0	0
88	0	0	773	881	765	10	0	0	0	0
89	0	0	774	879	766	7	0	0	0	0
90	0	0	774	879	767	5	0	0	0	0
91	0	0	775	879	765	4	0	0	0	0
92	0	0	776	877	766	2	0	0	0	0
93	0	0	777	876	766	2	0	0	0	0
94	0	0	777	874	767	0	0	0	0	0
95	0	0	777	873	766	1	0	0	0	0
96	0	0	778	873	766	3	0	0	0	0
97	0	0	779	872	767	2	0	0	0	0
98	0	0	780	871	767	3	0	0	0	0
99	0	0	781	870	767	6	0	0	0	0
100	0	0	781	869	768	6	0	0	0	0
101	0	0	782	867	767	5	0	0	0	0
102	0	0	783	865	768	8	0	0	0	0
103	0	0	785	864	768	7	0	0	0	0
104	0	0	785	864	768	9	0	0	0	0
105	0	0	786	863	767	9	0	0	0	0
106	0	0	787	863	768	11	0	0	0	0
107	0	0	788	862	768	13	0	0	0	0
108	0	0	789	860	769	14	0	0	0	0
109	0	0	790	860	769	8	0	0	0	0
110	0	0	791	859	769	6	0	0	0	0
111	0	0	791	857	770	7	0	0	0	0
112	0	0	791	856	771	6	0	0	0	0
113	0	0	794	855	771	6	0	0	0	0
114	0	0	794	855	772	4	0	0	0	0
115	0	0	794	854	771	2	0	0	0	0
116	0	0	794	852	772	5	0	0	0	0
117	0	0	796	852	773	7	0	0	0	0
118	0	0	795	851	774	3	0	0	0	0
119	0	0	795	850	774	6	0	0	0	0
120	0	0	796	849	774	6	0	0	0	0
121	0	0	795	849	775	4	0	0	0	0
122	0	0	796	847	777	4	0	0	0	0
123	0	0	796	847	777	4	0	0	0	0
124	0	0	797	847	779	8	0	0	0	0
125	0	0	796	847	780	7	0	0	0	0
126	0	0	796	845	779	8	0	0	0	0
127	0	0	797	846	781	10	0	0	0	0
0	0	0	796	846	781	8	0	0	0	0
1	0	0	796	846	782	6	0	0	0	0
2	0	0	797	845	783	5	0	0	0	0
3	0	0	796	842	784	3	0	0	0	0
4	0	0	797	843	785	1	0	0	0	0
5	0	0	796	843	786	1	0	0	0	0
6	0	0	795	842	787	0	0	0	0	0
7	0	0	795	841	788	0	0	0	0	0
8	0	0	794	839	788	2	0	0	0	0
9	0	0	794	839	788	2	0	0	0	0
10	0	0	794	838	788	2	0	0	0	0
11	0	0	792	838	789	5	0	0	0	0
12	0	0	792	838	790	6	0	0	0	0
13	0	0	790	837	789	5	0	0	0	0
14	0	0	788	837	789	7	0	0	0	0
15	0	0	788	837	790	9	0	0	0	0
16	0	0	788	836	790	7	0	0	0	0
17	0	0	786	836	790	8	0	0	0	0
18	0	0	786	836	790	8	0	0	0	0
19	0	0	787	837	790	9	0	0	0	0
20	0	0	784	837	790	9	0	0	0	0
21	0	0	784	836	790	3	0	0	0	0
22	0	0	783	837	790	4	0	0	0	0
23	0	0	782	837	789	3	0	0	0	0
24	0	0	783	834	789	1	0	0	0	0
25	0	0	781	837	789	2	0	0	0	0
26	0	0	781	836	788	0	0	0	0	0
27	0	0	780	837	788	1	0	0	0	0
28	0	0	778	836	787	2	0	0	0	0
29	0	0	778	836	787	2	0	0	0	0
30	0	0	777	837	788	3	0	0	0	0
31	0	0	777	838	786	7	0	0	0	0
32	0	0	775	838	786	6	0	0	0	0
33	0	0	775	839	785	7	0	0	0	0
34	0	0	774	839	784	8	0	0	0	0
35	0	0	774	838	784	8	0	0	0	0
36	0	0	773	839	783	9	0	0	0	0
37	0	0	772	841	782	8	0	0	0	0
38	0	0	771	841	782	9	0	0	0	0
39	0	0	770	841	781	10	0	0	0	0
40	0	0	770	842	780	8	0	0	0	0
41	0	0	768	843	779	4	0	0	0	0
42	0	0	768	843	778	4	0	0	0	0
43	0	0	767	843	777	4	0	0	0	0
44	0	0	766	843	776	1	0	0	0	0
45	0	0	763	843	775	1	0	0	0	0
46	0	0	763	844	772	1	0	0	0	0
47	0	0	763	844	772	0	0	0	0	0
48	0	0	763	844	770	2	0	0	0	0
49	0	0	761	845	768	3	0	0	0	0
50	0	0	760	844	768	5	0	0	0	0
51	0	0	759	845	767	7	0	0	0	0
52	0	0	760	845	765	9	0	0	0	0
53	0	0	758	845	763	8	0	0	0	0
54	0	0	759	845	761	11	0	0	0	0
55	0	0	757	845	759	11	0	0	0	0
56	0	0	758	845	758	11	0	0	0	0
57	0	0	758	846	758	10	0	0	0	0
58	0	0	757	846	756	13	0	0	0	0
59	0	0	758	845	754	14	0	0	0	0
60	0	0	756	845	753	13	0	0	0	0
61	0	0	757	845	752	10	0	0	0	0
62	0	0	756	846	750	8	0	0	0	0
63	0	0	756	846	749	8	0	0	0	0
64	0	0	757	846	748	5	0	0	0	0
65	0	0	758	846	748	1	0	0	0	0
66	0	0	757	846	747	0	0	0	0	0
67	0	0	756	846	746	0	0	0	0	0
68	0	0	756	846	746	1	0	0	0	0
69	0	0	755	846	745	0	0	0	0	0
70	0	0	755	847	746	0	0	0	0	0
71	0	0	754	847	745	3	0	0	0	0
72	0	0	754	848	745	5	0	0	0	0
73	0	0	755	848	745	7	0	0	0	0
74	0	0	754	848	744	8	0	0	0	0
75	0	0	754	849	744	8	0	0	0	0
76	0	0	754	850	744	10	0	0	0	0
77	0	0	755	851	744	9	0	0	0	0
78	0	0	756	851	745	11	0	0	0	0
79	0	0	754	852	745	10	0	0	0	0
80	0	0	754	853	746	7	0	0	0	0
81	0	0	753	853	745	5	0	0	0	0
82	0	0	752	855	747	6	0	0	0	0
83	0	0	751	856	747	5	0	0	0	0
84	0	0	752	857	747	5	0	0	0	1
85	0	0	752	857	749	6	0	0	0	0
86	0	0	751	858	749	7	0	0	0	0
87	0	0	751	859	747	5	0	0	0	0
88	0	0	750	859	749	6	0	0	0	0
89	0	0	749	860	751	7	0	0	0	0
90	0	0	751	861	751	8	0	0	0	0
91	0	0	750	864	754	12	0	0	0	0
92	0	0	749	868	756	14	0	0	0	0
93	0	0	748	870	757	19	0	0	0	0
94	0	0	747	871	755	20	0	0	0	0
95	0	0	746	871	756	20	0	0	0	0
96	0	0	747	873	757	21	0	0	0	0
97	0	0	748	874	757	21	0	0	0	0
98	0	0	748	875	757	24	0	0	0	0
99	0	0	748	877	759	24	0	0	0	0
100	0	0	748	878	758	25	0	0	0	0
101	0	0	747	880	759	22	0	0	0	0
102	0	0	748	882	760	21	0	0	0	0
103	0	0	747	883	760	21	0	0	0	0
104	0	0	748	886	761	19	0	0	0	0
105	0	0	748	887	761	25	0	0	0	0
106	0	0	747	890	761	27	0	0	0	0
107	0	0	749	892	761	30	0	0	0	0
108	0	0	748	894	762	33	0	0	0	0
109	0	0	748	897	762	40	0	0	0	0
110	0	0	747	899	762	42	0	0	0	0
111	0	0	748	901	763	45	0	0	0	0
112	0	0	749	905	763	40	0	0	0	0
113	0	0	749	908	763	42	0	0	0	0
114	0	0	748	911	763	46	0	0	0	0
115	0	0	749	912	763	45	0	0	0	0
116	0	0	749	915	763	47	0	0	0	0
117	0	0	750	918	764	44	0	0	0	0
118	0	0	749	921	764	46	0	0	0	0
119	0	0	749	924	763	54	0	0	0	0
120	0	0	748	927	764	63	0	0	0	0
121	0	0	749	931	764	64	0	0	0	0
122	0	0	750	934	765	101	0	0	0	0
123	0	0	749	936	765	158	0	0	0	0
124	0	0	750	939	766	163	0	0	0	0
125	0	0	750	941	764	163	0	0	0	0
126	0	0	750	944	764	159	0	0	0	0
127	0	0	749	948	765	161	0	0	0	0
0	0	0	749	950	764	165	0	0	0	0
1	0	0	749	953	763	166	0	0	0	0
2	0	0	749	956	763	168	0	0	0	0
3	0	0	749	959	763	172	0	0	0	0
4	0	0	751	962	762	171	0	0	0	0
5	0	0	751	966	763	190	0	0	0	0
6	0	0	751	969	762	210	0	0	0	0
7	0	0	751	972	763	227	0	0	0	0
8	0	0	753	975	763	235	0	0	0	0
9	0	0	752	977	762	239	0	0	0	0
10	0	0	754	979	763	243	0	0	0	0
11	0	0	755	983	762	239	0	0	0	0
12	0	0	753	983	763	239	0	0	0	0
13	0	0	755	987	763	248	0	0	0	0
14	0	0	756	990	764	253	0	0	0	0
15	0	0	756	992	763	250	0	0	0	0
16	0	0	756	994	764	250	0	0	0	0
17	0	0	757	997	764	238	0	0	0	0
18	0	0	759	998	765	241	0	0	0	0
19	0	0	761	1001	766	238	0	0	0	0
20	0	0	762	1002	767	226	0	0	0	0
21	0	0	763	1004	767	233	0	0	0	0
22	0	0	763	1005	770	226	0	0	0	0
23	0	0	764	1005	770	229	0	0	0	0
24	0	0	768	1006	772	241	0	0	0	0
25	0	0	767	1006	771	239	0	0	0	0
26	0	0	769	1006	772	257	0	0	0	0
27	0	0	769	1007	774	261	0	0	0	0
28	0	0	771	1007	776	241	0	0	0	0
29	0	0	771	1007	778	251	0	0	0	0
30	0	0	772	1007	778	268	0	0	0	0
31	0	0	772	1007	781	271	0	0	0	0
32	0	0	772	1005	782	274	0	0	0	0
33	0	0	771	1004	783	310	0	0	0	0
34	0	0	772	1004	786	314	0	0	0	0
35	0	0	772	1005	786	319	0	0	0	0
36	0	0	772	1003	788	311	0	0	0	0
37	0	0	774	1003	790	319	0	0	0	0
38	0	0	774	1004	791	348	0	0	0	0
39	0	0	774	1005	793	436	0	0	0	0
40	0	0	774	1004	795	516	0	0	0	0
41	0	0	774	1005	796	388	0	0	0	0
42	0	0	774	1006	799	382	0	0	0	0
43	0	0	773	1006	800	404	0	0	0	0
44	0	0	774	1007	802	406	0	0	0	0
45	0	0	771	1007	803	430	0	0	0	0
46	0	0	770	1008	805	449	0	0	0	0
47	0	0	769	1008	806	485	0	0	0	0
48	0	0	765	1009	808	502	0	0	0	0
49	0	0	764	1010	811	547	0	0	0	0
50	0	0	761	1011	812	591	0	0	0	0
51	0	0	760	1014	813	591	0	0	0	0
52	0	0	756	1014	815	672	0	0	0	0
53	0	0	752	1015	817	673	0	0	0	0
54	0	0	748	1017	819	757	0	0	0	0
55	0	0	743	1018	819	748	0	0	0	0
56	0	0	742	1019	821	787	0	0	0	0
57	0	0	737	1021	823	792	0	0	0	0
58	0	0	734	1023	825	829	0	0	0	0
59	0	0	730	1025	826	919	0	0	0	0
60	0	0	728	1027	829	874	0	0	0	0
61	0	0	725	1030	830	829	0	0	0	0
62	0	0	721	1034	831	835	0	0	0	0
63	0	0	715	1036	833	846	0	0	0	0
64	0	0	714	1041	834	850	0	0	0	0
65	0	0	711	1042	835	853	0	0	0	0
66	0	0	708	1048	839	823	0	0	0	0
67	0	0	706	1053	838	814	0	0	0	0
68	0	0	704	1056	839	843	0	0	0	0
69	0	0	702	1060	840	902	0	0	0	0
70	0	0	699	1064	840	906	0	0	0	0
71	0	0	697	1069	841	901	0	0	0	0
72	0	0	694	1074	842	952	0	0	0	0
73	0	0	694	1078	841	897	0	0	0	0
74	0	0	692	1084	842	874	0	0	0	0
75	0	0	691	1089	842	852	0	0	0	0
76	0	0	688	1093	842	857	0	0	0	0
77	0	0	685	1098	841	910	0	0	0	0
78	0	0	682	1102	839	949	0	0	0	0
79	0	0	681	1107	839	984	0	0	0	0
80	0	0	680	1112	837	1011	0	0	0	0
81	0	0	679	1118	837	1006	0	0	0	0
82	0	0	679	1122	836	1002	0	0	0	0
83	0	0	677	1127	834	1024	0	0	0	0
84	0	0	677	1131	834	1045	0	0	0	0
85	0	0	675	1135	832	1051	0	0	0	0
86	0	0	675	1140	832	1023	0	0	0	0
87	0	0	676	1142	829	995	0	0	0	0
88	0	0	675	1147	828	995	0	0	0	0
89	0	0	674	1150	826	1001	0	0	0	0
90	0	0	676	1154	824	1017	0	0	0	0
91	0	0	676	1159	823	1037	0	0	0	0
92	0	0	678	1162	822	1050	0	0	0	0
93	0	0	680	1167	819	1059	0	0	0	0
94	0	0	681	1170	818	1148	0	0	0	0
95	0	0	682	1173	814	1200	0	0	0	0
96	0	0	683	1177	811	1225	0	0	0	0
97	0	0	685	1180	810	1235	0	0	0	0
98	0	0	686	1182	809	1238	0	0	0	0
99	0	0	687	1184	806	1240	0	0	0	0
100	0	0	688	1188	804	1245	0	0	0	0
101	0	0	690	1189	800	1242	0	0	0	0
102	0	0	691	1191	798	1298	0	0	0	0
103	0	0	692	1192	795	1311	0	0	0	0
104	0	0	692	1195	794	1333	0	0	0	0
105	0	0	695	1199	791	1337	0	0	0	0
106	0	0	696	1200	786	1366	0	0	0	0
107	0	0	696	1199	784	1380	0	0	0	0
108	0	0	698	1200	782	1402	0	0	0	0
109	0	0	699	1202	781	1411	0	0	0	0
110	0	0	701	1204	777	1427	0	0	0	0
111	0	0	702	1203	775	1394	0	0	0	0
112	0	0	703	1203	775	1437	0	0	0	0
113	0	0	704	1204	775	1474	0	0	0	0
114	0	0	704	1203	772	1505	0	0	0	0
115	0	0	705	1205	771	1552	0	0	0	0
116	0	0	706	1205	770	1526	0	0	0	0
117	0	0	706	1205	770	1539	0	0	0	0
118	0	0	708	1205	771	1556	0	0	0	0
119	0	0	709	1207	772	1605	0	0	0	0
120	0	0	709	1206	772	1604	0	0	0	0
121	0	0	713	1207	774	1634	0	0	0	0
122	0	0	712	1208	776	1659	0	0	0	0
123	0	0	711	1209	778	1683	0	0	0	0
124	0	0	713	1211	781	1691	0	0	0	0
125	0	0	713	1212	783	1699	0	0	0	0
126	0	0	712	1212	787	1698	0	0	0	0
127	0	0	711	1212	787	1706	0	0	0	0
0	0	0	707	1212	789	1725	0	0	0	0
1	0	0	700	1212	790	1779	0	0	0	0
2	0	0	697	1210	790	1811	0	0	0	0
3	0	0	690	1209	791	1822	0	0	0	0
4	0	0	683	1209	794	1803	0	0	0	0
5	0	0	677	1210	794	1820	0	0	0	0
6	0	0	670	1211	796	1831	0	0	0	0
7	0	0	664	1211	797	1838	0	0	0	0
8	0	0	658	1213	799	1886	0	0	0	0
9	0	0	655	1216	800	1928	0	0	0	0
10	0	0	651	1217	802	1935	0	0	0	0
11	0	0	649	1219	804	1940	0	0	0	0
12	0	0	645	1221	806	1934	0	0	0	0
13	0	0	643	1223	805	1958	0	0	0	0
14	0	0	640	1226	806	1976	0	0	0	0
15	0	0	635	1228	806	1990	0	0	0	0
16	0	0	632	1229	807	2027	0	0	0	0
17	0	0	625	1229	804	2036	0	0	0	0
18	0	0	619	1231	805	2063	0	0	0	0
19	0	0	613	1231	804	2069	0	0	0	0
20	0	0	606	1232	801	2055	0	0	0	0
21	0	0	604	1234	800	2049	0	0	0	0
22	0	0	603	1238	800	2065	0	0	0	0
23	0	0	601	1237	798	2069	0	0	0	0
24	0	0	600	1238	796	2072	0	0	0	0
25	0	0	599	1238	796	2076	0	0	0	0
26	0	0	599	1237	795	2081	0	0	0	0
27	0	0	600	1235	792	2092	0	0	0	0
28	0	0	603	1235	789	2105	0	0	0	0
29	0	0	605	1237	787	2138	0	0	0	0
30	0	0	610	1237	786	2155	0	0	0	0
31	0	0	615	1237	782	2167	0	0	0	0
32	0	0	618	1240	780	2163	0	0	0	0
33	0	0	623	1240	780	2167	0	0	0	0
34	0	0	628	1238	777	2181	0	0	0	0
35	0	0	636	1238	776	2220	0	0	0	0
36	0	0	642	1237	777	2232	0	0	0	0
37	0	0	648	1237	773	2247	0	0	0	0
38	0	0	651	1240	769	2248	0	0	0	0
39	0	0	653	1238	766	2243	0	0	0	0
40	0	0	656	1235	767	2249	0	0	0	0
41	0	0	660	1233	764	2257	0	0	0	0
42	0	0	662	1234	763	2264	0	0	0	0
43	0	0	663	1233	761	2302	0	0	0	0
44	0	0	665	1234	756	2335	0	0	0	0
45	0	0	666	1231	753	2335	0	0	0	0
46	0	0	668	1230	748	2366	0	0	0	0
47	0	0	669	1228	745	2371	0	0	0	0
48	0	0	671	1226	743	2385	0	0	0	0
49	0	0	674	1222	738	2389	0	0	0	0
50	0	0	676	1220	737	2404	0	0	0	0
51	0	0	675	1219	729	2437	0	0	0	0
52	0	0	672	1217	724	2444	0	0	0	0
53	0	0	670	1213	723	2454	0	0	0	0
54	0	0	667	1204	722	2454	0	0	0	0
55	0	0	664	1198	716	2470	0	0	0	0
56	0	0	661	1192	715	2489	0	0	0	0
57	0	0	655	1188	712	2501	0	0	0	0
58	0	0	652	1181	710	2512	0	0	0	0
59	0	0	652	1175	712	2507	0	0	0	0
60	0	0	658	1171	709	2518	0	0	0	0
61	0	0	663	1167	706	2507	0	0	0	0
62	0	0	664	1162	706	2533	0	0	0	0
63	0	0	664	1153	706	2548	0	0	0	0
64	0	0	663	1145	705	2557	0	0	0	0
65	0	0	663	1137	705	2565	0	0	0	0
66	0	0	665	1128	705	2575	0	0	0	0
67	0	0	666	1118	706	2573	0	0	0	0
68	0	0	667	1113	706	2599	0	0	0	0
69	0	0	670	1106	705	2603	0	0	0	0
70	0	0	671	1102	705	2601	0	0	0	0
71	0	0	674	1099	706	2597	0	0	0	0
72	0	0	682	1098	707	2598	0	0	0	0
73	0	0	687	1095	707	2601	0	0	0	0
74	0	0	692	1093	709	2600	0	0	0	0
75	0	0	696	1090	711	2603	0	0	0	0
76	0	0	698	1089	712	2606	0	0	0	0
77	0	0	701	1085	713	2621	0	0	0	0
78	0	0	704	1082	716	2623	0	0	0	0
79	0	0	711	1078	718	2626	0	0	0	0
80	0	0	716	1076	720	2631	0	0	0	0
81	0	0	720	1074	722	2625	0	0	0	0
82	0	0	723	1071	721	2624	0	0	0	0
83	0	0	726	1069	724	2629	0	0	0	0
84	0	0	730	1066	728	2635	0	0	0	0
85	0	0	735	1064	729	2641	0	0	0	0
86	0	0	739	1062	732	2640	0	0	0	0
87	0	0	745	1061	735	2649	0	0	0	0
88	0	0	751	1062	739	2663	0	0	0	0
89	0	0	758	1062	741	2662	0	0	0	0
90	0	0	761	1060	744	2668	0	0	0	0
91	0	0	767	1060	748	2672	0	0	0	0
92	0	0	771	1057	753	2680	0	0	0	0
93	0	0	774	1054	758	2679	0	0	0	0
94	0	0	778	1052	761	2666	0	0	0	0
95	0	0	780	1049	766	2652	0	0	0	0
96	0	0	783	1045	769	2660	0	0	0	0
97	0	0	786	1041	773	2659	0	0	0	0
98	0	0	788	1037	778	2655	0	0	0	0
99	0	0	790	1035	780	2649	0	0	0	0
100	0	0	794	1030	785	2639	0	0	0	0
101	0	0	800	1026	789	2628	0	0	0	0
102	0	0	802	1023	795	2611	0	0	0	0
103	0	0	807	1020	800	2611	0	0	0	0
104	0	0	813	1013	802	2611	0	0	0	0
105	0	0	820	1009	805	2591	0	0	0	0
106	0	0	824	1005	812	2586	0	0	0	0
107	0	0	832	1000	813	2580	0	0	0	0
108	0	0	842	999	817	2579	0	0	0	0
109	0	0	852	995	821	2553	0	0	0	0
110	0	0	863	991	823	2530	0	0	0	0
111	0	0	872	987	828	2514	0	0	0	0
112	0	0	882	984	831	2505	0	0	0	0
113	0	0	892	982	833	2479	0	0	0	0
114	0	0	902	979	835	2445	0	0	0	0
115	0	0	913	977	836	2433	0	0	0	0
116	0	0	924	977	835	2407	0	0	0	0
117	0	0	935	974	835	2381	0	0	0	0
118	0	0	946	972	835	2403	0	0	0	0
119	0	0	955	969	834	2375	0	0	0	0
120	0	0	963	968	832	2325	0	0	0	0
121	0	0	968	965	830	2293	0	0	0	0
122	0	0	975	964	827	2280	0	0	0	0
123	0	0	978	961	825	2247	0	0	0	0
124	0	0	978	959	822	2229	0	0	0	0
125	0	0	977	956	820	2195	0	0	0	0
126	0	0	975	954	817	2167	0	0	0	0
127	0	0	970	951	812	2118	0	0	0	0
0	0	0	968	946	808	2076	0	0	0	0
1	0	0	964	943	806	2073	0	0	0	0
2	0	0	961	939	802	2005	0	0	0	0
3	0	0	956	934	798	1973	0	0	0	0
4	0	0	956	931	794	1871	0	0	0	0
5	0	0	954	926	792	1800	0	0	0	0
6	0	0	954	922	788	1771	0	0	0	0
7	0	0	952	916	785	1743	0	0	0	0
8	0	0	948	911	783	1683	0	0	0	0
9	0	0	946	904	782	1625	0	0	0	0
10	0	0	941	897	780	1561	0	0	0	0
11	0	0	938	891	778	1527	0	0	0	0
12	0	0	932	884	778	1427	0	0	0	0
13	0	0	928	877	777	1389	0	0	0	0
14	0	0	925	869	774	1287	0	0	0	0
15	0	0	923	862	774	1207	0	0	0	0
16	0	0	921	852	775	1118	0	0	0	0
17	0	0	920	844	775	1001	0	0	0	0
18	0	0	918	836	774	908	0	0	0	0
19	0	0	914	828	774	816	0	0	0	0
20	0	0	911	819	773	594	0	0	0	0
21	0	0	912	810	774	504	0	0	0	0
22	0	0	911	800	773	460	0	0	0	0
23	0	0	911	793	775	321	0	0	0	0
24	0	0	909	784	774	220	0	0	0	0
25	0	0	910	775	774	231	0	0	0	0
26	0	0	911	766	774	256	0	0	0	0
27	0	0	912	755	774	240	0	0	0	0
28	0	0	911	746	775	186	0	0	0	0
29	0	0	913	735	775	199	0	0	0	0
30	0	0	913	727	778	181	0	0	0	0
31	0	0	911	717	779	214	0	0	0	0
32	0	0	910	707	779	190	0	0	0	0
33	0	0	910	698	779	185	0	0	0	0
34	0	0	910	686	779	168	0	0	0	0
35	0	0	911	678	783	189	0	0	0	0
36	0	0	909	670	784	168	0	0	0	0
37	0	0	909	661	782	149	0	0	0	0
38	0	0	911	651	783	133	0	0	0	0
39	0	0	913	644	784	128	0	0	0	0
40	0	0	911	636	785	127	0	0	0	0
41	0	0	911	630	786	100	0	0	0	0
42	0	0	912	623	785	75	0	0	0	0
43	0	0	910	616	785	77	0	0	0	0
44	0	0	907	611	787	78	0	0	0	0
45	0	0	904	607	790	68	0	0	0	0
46	0	0	902	601	791	58	0	0	0	0
47	0	0	900	596	792	45	0	0	0	0
48	0	0	897	591	793	55	0	0	0	0
49	0	0	893	594	799	32	0	0	0	0
50	0	0	888	595	803	52	0	0	0	0
51	0	0	881	595	804	51	0	0	0	0
52	0	0	874	593	807	56	0	0	0	0
53	0	0	864	597	808	52	0	0	0	0
54	0	0	858	603	807	54	0	0	0	0
55	0	0	856	604	803	57	0	0	0	0
56	0	0	851	609	806	51	0	0	0	0
57	0	0	846	618	808	41	0	0	0	0
58	0	0	838	622	806	33	0	0	0	0
59	0	0	834	624	802	24	0	0	0	0
60	0	0	829	632	803	28	0	0	0	0
61	0	0	826	643	806	42	0	0	0	0
62	0	0	823	653	807	47	0	0	0	0
63	0	0	819	663	806	43	0	0	0	0
64	0	0	817	673	803	42	0	0	0	0
65	0	0	813	680	802	40	0	0	0	0
66	0	0	810	690	805	36	0	0	0	0
67	0	0	805	698	806	48	0	0	0	0
68	0	0	804	703	804	43	0	0	0	0
69	0	0	802	710	802	37	0	0	0	0
70	0	0	803	715	802	44	0	0	0	0
71	0	0	807	720	801	42	0	0	0	0
72	0	0	810	722	799	35	0	0	0	0
73	0	0	813	724	798	31	0	0	0	0
74	0	0	817	726	799	37	0	0	0	0
75	0	0	818	730	802	35	0	0	0	0
76	0	0	820	735	805	30	0	0	0	0
77	0	0	822	740	807	30	0	0	0	0
78	0	0	823	746	807	29	0	0	0	0
79	0	0	824	753	808	35	0	0	0	0
80	0	0	829	759	810	25	0	0	0	0
81	0	0	832	766	812	6	0	0	0	0
82	0	0	833	770	813	0	0	0	0	0
83	0	0	837	776	812	0	0	0	0	0
84	0	0	843	781	812	15	0	0	0	0
85	0	0	846	786	814	17	0	0	0	0
86	0	0	850	790	814	19	0	0	0	0
87	0	0	853	793	815	5	0	0	0	0
88	0	0	854	798	817	6	0	0	0	0
89	0	0	851	802	817	9	0	0	0	0
90	0	0	853	804	817	19	0	0	0	0
91	0	0	852	805	818	17	0	0	0	0
92	0	0	857	806	816	20	0	0	0	0
93	0	0	860	807	816	30	0	0	0	0
94	0	0	862	809	816	33	0	0	0	0
95	0	0	861	811	817	39	0	0	0	0
96	0	0	855	812	816	43	0	0	0	0
97	0	0	855	813	813	28	0	0	0	0
98	0	0	858	812	813	15	0	0	0	0
99	0	0	860	813	810	8	0	0	0	0
100	0	0	859	815	812	8	0	0	0	0
101	0	0	856	817	812	15	0	0	0	0
102	0	0	856	816	810	17	0	0	0	0
103	0	0	856	817	806	19	0	0	0	0
104	0	0	857	816	804	20	0	0	0	0
105	0	0	854	816	805	17	0	0	0	0
106	0	0	852	814	803	5	0	0	0	0
107	0	0	849	812	801	25	0	0	0	0
108	0	0	845	812	799	22	0	0	0	0
109	0	0	838	811	797	12	0	0	0	0
110	0	0	831	811	797	24	0	0	0	0
111	0	0	826	810	793	13	0	0	0	0
112	0	0	820	809	791	20	0	0	0	0
113	0	0	817	809	787	25	0	0	0	0
114	0	0	812	810	785	27	0	0	0	0
115	0	0	805	810	783	20	0	0	0	0
116	0	0	801	809	779	0	0	0	0	0
117	0	0	797	807	777	0	0	0	0	0
118	0	0	791	809	775	0	0	0	0	0
119	0	0	788	809	772	0	0	0	0	0
120	0	0	784	808	770	0	0	0	0	0
121	0	0	780	808	769	0	0	0	0	0
122	0	0	778	807	767	1	0	0	0	0
123	0	0	774	807	765	12	0	0	0	0
124	0	0	771	807	763	14	0	0	0	0
125	0	0	767	806	761	24	0	0	0	0
126	0	0	765	806	760	27	0	0	0	0
127	0	0	762	804	758	41	0	0	0	0
0	0	0	762	807	757	47	0	0	0	0
1	0	0	760	806	755	49	0	0	0	0
2	0	0	758	807	755	47	0	0	0	0
3	0	0	756	807	754	45	0	0	0	0
4	0	0	756	805	754	40	0	0	0	0
5	0	0	754	805	754	42	0	0	0	0
6	0	0	752	803	754	41	0	0	0	0
7	0	0	752	803	753	44	0	0	0	0
8	0	0	752	801	752	28	0	0	0	0
9	0	0	751	797	753	22	0	0	0	0
10	0	0	751	798	753	18	0	0	0	0
11	0	0	749	796	754	18	0	0	0	0
12	0	0	749	795	753	14	0	0	0	0
13	0	0	749	793	752	16	0	0	0	0
14	0	0	750	792	752	11	0	0	0	0
15	0	0	749	789	753	14	0	0	0	0
16	0	0	749	787	753	14	0	0	0	0
17	0	0	749	785	752	14	0	0	0	0
18	0	0	750	784	752	13	0	0	0	0
19	0	0	751	782	752	18	0	0	0	0
20	0	0	751	779	751	23	0	0	0	0
21	0	0	751	775	752	24	0	0	0	0
22	0	0	751	773	752	26	0	0	0	0
23	0	0	750	770	752	24	0	0	0	0
24	0	0	751	768	752	25	0	0	0	0
25	0	0	750	766	752	25	0	0	0	0
26	0	0	749	763	754	25	0	0	0	0
27	0	0	750	761	753	30	0	0	0	0
28	0	0	750	758	753	27	0	0	0	0
29	0	0	750	757	752	25	0	0	0	0
30	0	0	751	756	753	23	0	0	0	0
31	0	0	751	753	753	23	0	0	0	0
32	0	0	753	751	754	18	0	0	0	0
33	0	0	755	750	754	13	0	0	0	0
34	0	0	755	749	754	11	0	0	0	0
35	0	0	756	747	754	15	0	0	0	0
36	0	0	756	745	754	17	0	0	0	0
37	0	0	758	743	753	15	0	0	0	0
38	0	0	758	743	752	13	0	0	0	0
39	0	0	759	740	754	12	0	0	0	0
40	0	0	760	740	753	18	0	0	0	0
41	0	0	761	739	752	13	0	0	0	0
42	0	0	761	739	753	19	0	0	0	0
43	0	0	761	739	753	21	0	0	0	0
44	0	0	763	739	754	24	0	0	0	0
45	0	0	763	740	754	11	0	0	0	0
46	0	0	765	740	755	11	0	0	0	0
47	0	0	768	741	756	14	0	0	0	0
48	0	0	768	741	756	18	0	0	0	0
49	0	0	771	743	755	12	0	0	0	0
50	0	0	771	744	756	6	0	0	0	0
51	0	0	772	746	757	5	0	0	0	0
52	0	0	773	748	757	0	0	0	0	0
53	0	0	775	750	757	0	0	0	0	0
54	0	0	777	752	759	0	0	0	0	0
55	0	0	778	754	760	1	0	0	0	0
56	0	0	780	756	761	1	0	0	0	0
57	0	0	781	759	761	0	0	0	0	0
58	0	0	782	761	763	1	0	0	0	0
59	0	0	784	763	764	5	0	0	0	0
60	0	0	785	765	763	6	0	0	0	0
61	0	0	787	769	765	7	0	0	0	0
62	0	0	789	771	765	8	0	0	0	0
63	0	0	790	774	767	7	0	0	0	0
64	0	0	792	776	767	9	0	0	0	0
65	0	0	795	779	767	9	0	0	0	0
66	0	0	796	782	766	8	0	0	0	0
67	0	0	796	784	766	11	0	0	0	0
68	0	0	798	788	768	9	0	0	0	0
69	0	0	798	789	770	6	0	0	0	0
70	0	0	801	794	770	4	0	0	0	0
71	0	0	802	795	769	3	0	0	0	0
72	0	0	802	797	770	0	0	0	0	0
73	0	0	803	798	771	2	0	0	0	0
74	0	0	802	802	771	0	0	0	0	0
75	0	0	803	804	771	1	0	0	0	0
76	0	0	805	806	772	2	0	0	0	0
77	0	0	805	808	770	0	0	0	0	0
78	0	0	805	809	768	1	0	0	0	0
79	0	0	805	809	769	4	0	0	0	0
80	0	0	802	808	770	7	0	0	0	0
81	0	0	800	806	772	7	0	0	0	0
82	0	0	798	807	774	9	0	0	0	0
83	0	0	798	809	775	10	0	0	0	0
84	0	0	798	808	777	13	0	0	0	0
85	0	0	798	807	775	11	0	0	0	0
86	0	0	798	806	773	11	0	0	0	0
87	0	0	797	804	772	14	0	0	0	0
88	0	0	794	803	770	12	0	0	0	0
89	0	0	792	802	770	8	0	0	0	0
90	0	0	790	801	769	4	0	0	0	0
91	0	0	789	799	771	4	0	0	0	0
92	0	0	787	798	770	1	0	0	0	0
93	0	0	788	797	770	2	0	0	0	0
94	0	0	787	796	769	0	0	0	0	0
95	0	0	786	795	770	0	0	0	0	0
96	0	0	785	796	770	2	0	0	0	0
97	0	0	784	796	771	2	0	0	0	0
98	0	0	785	795	773	2	0	0	0	0
99	0	0	785	794	775	5	0	0	0	0
100	0	0	786	795	774	9	0	0	0	0
101	0	0	787	796	774	8	0	0	0	0
102	0	0	786	794	774	11	0	0	0	0
103	0	0	785	793	774	10	0	0	0	0
104	0	0	786	793	774	13	0	0	0	0
105	0	0	787	791	773	11	0	0	0	0
106	0	0	787	790	772	11	0	0	0	0
107	0	0	786	789	772	13	0	0	0	0
108	0	0	786	788	774	12	0	0	0	0
109	0	0	787	787	775	11	0	0	0	0
110	0	0	786	784	776	8	0	0	0	0
111	0	0	790	785	778	9	0	0	0	0
112	0	0	790	784	778	7	0	0	0	0
113	0	0	791	784	777	8	0	0	0	0
114	0	0	792	783	777	6	0	0	0	0
115	0	0	791	784	775	15	0	0	0	0
116	0	0	791	785	775	11	0	0	0	0
117	0	0	791	784	774	3	0	0	0	0
118	0	0	790	782	775	6	0	0	0	0
119	0	0	790	780	774	7	0	0	0	0
120	0	0	790	778	775	11	0	0	0	0
121	0	0	788	777	775	8	0	0	0	0
122	0	0	790	776	777	9	0	0	0	0
123	0	0	790	775	778	8	0	0	0	0
124	0	0	791	776	779	10	0	0	0	0
125	0	0	790	774	779	9	0	0	0	0
126	0	0	791	773	780	7	0	0	0	0
127	0	0	790	773	780	8	0	0	0	0
0	0	0	791	772	783	7	0	0	0	0
1	0	0	792	772	783	5	0	0	0	0
2	0	0	790	771	783	2	0	0	0	0
3	0	0	789	770	784	1	0	0	0	0
4	0	0	790	768	785	0	0	0	0	0
5	0	0	790	767	786	0	0	0	0	0
6	0	0	790	766	787	0	0	0	0	0
7	0	0	790	766	787	0	0	0	0	0
8	0	0	792	766	788	2	0	0	0	0
9	0	0	792	766	790	0	0	0	0	0
10	0	0	794	765	788	2	0	0	0	0
11	0	0	796	765	790	6	0	0	0	0
12	0	0	797	763	790	5	0	0	0	0
13	0	0	797	763	790	4	0	0	0	0
14	0	0	797	762	790	6	0	0	0	0
15	0	0	800	762	790	3	0	0	0	0
16	0	0	802	763	790	4	0	0	0	0
17	0	0	802	763	789	0	0	0	0	0
18	0	0	803	762	789	0	0	0	0	0
19	0	0	805	761	789	1	0	0	0	0
20	0	0	807	761	790	3	0	0	0	0
21	0	0	810	761	789	0	0	0	0	0
22	0	0	810	760	789	0	0	0	0	1
23	0	0	813	760	788	0	0	0	0	0
24	0	0	814	761	787	0	0	0	0	0
25	0	0	815	761	783	0	0	0	0	0
26	0	0	817	761	786	0	0	0	0	0
27	0	0	816	762	785	0	0	0	0	0
28	0	0	816	764	784	0	0	0	0	0
29	0	0	817	766	783	0	0	0	0	0
30	0	0	817	768	783	0	0	0	0	0
31	0	0	818	768	781	1	0	0	0	0
32	0	0	820	771	782	2	0	0	0	0
33	0	0	821	773	781	0	0	0	0	0
34	0	0	822	775	780	2	0	0	0	0
35	0	0	822	776	780	2	0	0	0	0
36	0	0	823	779	779	5	0	0	0	0
37	0	0	823	781	777	3	0	0	0	0
38	0	0	822	782	775	0	0	0	0	0
39	0	0	822	786	776	2	0	0	0	0
40	0	0	822	788	775	3	0	0	0	0
41	0	0	821	789	776	0	0	0	0	0
42	0	0	820	790	776	0	0	0	0	0
43	0	0	820	792	775	0	0	0	0	0
44	0	0	820	795	774	0	0	0	0	0
45	0	0	820	797	774	0	0	0	0	0
46	0	0	822	798	774	0	0	0	0	0
47	0	0	821	803	773	0	0	0	0	1
48	0	0	820	805	772	0	0	0	0	0
49	0	0	820	808	772	0	0	0	0	0
50	0	0	819	811	769	0	0	0	0	0
51	0	0	818	811	771	0	0	0	0	0
52	0	0	818	813	772	0	0	0	0	0
53	0	0	817	814	771	0	0	0	0	0
54	0	0	816	816	771	0	0	0	0	0
55	0	0	815	817	771	0	0	0	0	0
56	0	0	815	818	771	2	0	0	0	0
57	0	0	814	820	770	1	0	0	0	0
58	0	0	813	821	769	0	0	0	0	0
59	0	0	812	823	768	0	0	0	0	0
60	0	0	809	823	768	0	0	0	0	0
61	0	0	810	824	768	0	0	0	0	0
62	0	0	808	824	767	0	0	0	0	0
63	0	0	807	824	767	0	0	0	0	0
64	0	0	806	825	766	0	0	0	0	0
65	0	0	805	824	765	0	0	0	0	0
66	0	0	803	824	765	0	0	0	0	0
67	0	0	801	823	763	0	0	0	0	0
68	0	0	798	822	765	0	0	0	0	0
69	0	0	796	821	764	0	0	0	0	0
70	0	0	792	824	765	0	0	0	0	0
71	0	0	790	819	763	0	0	0	0	0
72	0	0	786	820	763	0	0	0	0	0
73	0	0	787	820	768	0	0	0	0	0
74	0	0	784	821	767	0	0	0	0	0
75	0	0	784	816	763	0	0	0	0	0
76	0	0	787	818	764	0	0	0	0	0
77	0	0	789	820	767	0	0	0	0	0
78	0	0	789	821	766	0	0	0	0	0
79	0	0	789	821	768	0	0	0	0	0
80	0	0	790	821	767	0	0	0	0	0
81	0	0	787	822	767	0	0	0	0	0
82	0	0	787	822	768	0	0	0	0	0
83	0	0	788	821	767	0	0	0	0	0
84	0	0	788	821	767	0	0	0	0	0
85	0	0	789	822	766	0	0	0	0	0
86	0	0	790	818	765	0	0	0	0	0
87	0	0	790	820	764	0	0	0	0	0
88	0	0	793	821	764	0	0	0	0	0
89	0	0	792	821	762	0	0	0	0	0
90	0	0	792	819	761	0	0	0	0	0
91	0	0	793	817	760	0	0	0	0	0
92	0	0	791	815	757	0	0	0	0	0
93	0	0	792	814	757	0	0	0	0	0
94	0	0	793	814	756	0	0	0	0	0
95	0	0	795	813	753	0	0	0	0	0
96	0	0	792	812	752	0	0	0	0	0
97	0	0	792	812	751	0	0	0	0	0
98	0	0	792	812	746	0	0	0	0	0
99	0	0	788	812	744	0	0	0	0	0
100	0	0	785	810	743	0	0	0	0	0
101	0	0	782	811	741	0	0	0	0	0
102	0	0	778	810	738	0	0	0	0	0
103	0	0	777	809	734	0	0	0	0	0
104	0	0	773	808	733	0	0	0	0	0
105	0	0	770	808	730	0	0	0	0	0
106	0	0	764	807	729	0	0	0	0	0
107	0	0	760	808	729	0	0	0	0	0
108	0	0	755	809	725	0	0	0	0	0
109	0	0	751	808	724	0	0	0	0	0
110	0	0	748	806	721	0	0	0	0	0
111	0	0	746	806	719	0	0	0	0	0
112	0	0	742	806	717	186	0	0	0	0
113	0	0	738	801	714	1255	0	0	0	0
114	0	0	734	798	712	1431	0	0	0	0
115	0	0	729	795	709	1483	0	0	0	0
116	0	0	725	791	707	1603	0	0	0	0
117	0	0	721	788	707	1785	0	0	0	0
118	0	0	722	785	704	1886	0	0	0	0
119	0	0	724	784	699	1937	0	0	0	0
120	0	0	727	782	694	1911	0	0	0	0
121	0	0	720	775	692	1914	0	0	0	0
122	0	0	711	769	688	1953	0	0	0	0
123	0	0	704	767	684	2052	0	0	0	0
124	0	0	708	766	681	2096	0	0	0	0
125	0	0	711	764	675	2144	0	0	0	0
126	0	0	713	760	671	2163	0	0	0	0
127	0	0	718	759	668	2185	0	0	0	0
0	0	0	724	760	668	2162	0	0	0	0
1	0	0	738	763	668	2183	0	0	0	0
2	0	0	770	771	673	2160	0	0	0	0
3	0	0	816	783	668	2077	0	0	0	0
4	0	0	858	790	661	1918	0	0	0	0
5	0	0	877	787	659	1707	0	0	0	0
6	0	0	864	777	659	1426	0	0	0	0
7	0	0	837	760	662	1201	0	0	0	0
8	0	0	820	749	664	1165	0	0	0	0
9	0	0	842	756	663	1250	0	0	0	0
10	0	0	917	787	656	1311	0	0	0	0
11	0	0	1036	835	649	1493	0	0	0	0
12	0	0	1169	896	653	1618	0	0	0	0
13	0	0	1292	964	680	1721	0	0	0	0
14	0	0	1371	1021	713	1761	0	0	0	0
15	0	0	1368	1061	749	1716	0	0	0	0
16	0	0	1275	1075	793	1707	0	0	0	0
17	0	0	1121	1062	845	1675	0	0	0	0
18	0	0	957	1030	884	1729	0	0	0	0
19	0	0	805	994	902	1764	0	0	0	0
20	0	0	680	973	899	1763	0	0	0	0
21	0	0	598	975	884	1799	0	0	0	0
22	0	0	558	993	864	1848	0	0	0	0
23	0	0	570	1030	844	1863	0	0	0	0
24	0	0	624	1070	828	1901	0	0	0	0
25	0	0	700	1108	821	1935	0	0	0	0
26	0	0	783	1147	821	1972	0	0	0	0
27	0	0	851	1181	823	1990	0	0	0	0
28	0	0	887	1210	827	2008	0	0	0	0
29	0	0	894	1233	834	2002	0	0	0	0
30	0	0	877	1256	850	1999	0	0	0	0
31	0	0	849	1279	869	2009	0	0	0	0
32	0	0	829	1308	881	2050	0	0	0	0
33	0	0	836	1345	887	2062	0	0	0	0
34	0	0	876	1390	887	2077	0	0	0	0
35	0	0	946	1437	881	2097	0	0	0	0
36	0	0	1005	1465	883	2146	0	0	0	0
37	0	0	1006	1479	892	2148	0	0	0	0
38	0	0	936	1489	904	2162	0	0	0	0
39	0	0	806	1493	927	2170	0	0	0	0
40	0	0	669	1496	942	2162	0	0	0	0
41	0	0	574	1498	942	2150	0	0	0	0
42	0	0	503	1497	953	2141	0	0	0	0
43	0	0	441	1499	959	2145	0	0	0	0
44	0	0	391	1499	953	2154	0	0	0	0
45	0	0	356	1499	956	2159	0	0	0	0
46	0	0	348	1499	954	2149	0	0	0	0
47	0	0	381	1499	935	2152	0	0	0	0
48	0	0	438	1499	932	2154	0	0	0	0
49	0	0	499	1500	937	2155	0	0	0	0
50	0	0	536	1499	951	2148	0	0	0	0
51	1	0	526	1499	956	2153	0	0	0	0
52	1	0	484	1500	944	2151	0	0	0	0
53	1	0	438	1499	919	2150	0	0	0	0
54	1	0	401	1499	893	2143	0	0	0	0
55	1	0	383	1499	850	2137	0	0	0	0
56	1	0	385	1499	824	2136	0	0	0	0
57	1	0	394	1499	793	2137	0	0	0	0
58	1	0	417	1498	777	2128	0	0	0	0
59	1	0	442	1500	772	2131	0	0	0	0
60	1	0	471	1499	766	2132	0	0	0	0
61	1	0	497	1500	761	2134	0	0	0	0
62	1	0	510	1499	764	2138	0	0	0	0
63	1	0	546	1501	767	2142	0	0	0	0
64	1	0	572	1499	769	2143	0	0	0	0
65	1	0	589	1497	776	2148	0	0	0	0
66	1	0	600	1470	777	2153	0	0	0	0
67	1	0	618	1445	769	2151	0	0	0	0
68	1	0	635	1431	760	2152	0	0	0	0
69	1	0	649	1416	752	2158	0	0	0	0
70	1	0	665	1404	740	2162	0	0	0	0
71	1	0	684	1391	730	2173	0	0	0	0
72	1	0	704	1371	727	2182	0	0	0	0
73	1	0	728	1350	730	2180	0	0	0	0
74	1	0	749	1328	737	2184	0	0	0	0
75	1	0	763	1308	744	2188	0	0	0	0
76	1	0	770	1286	747	2187	0	0	0	0
77	1	0	772	1264	750	2187	0	0	0	0
78	1	0	770	1236	754	2188	0	0	0	0
79	1	0	762	1205	765	2191	0	0	0	0
80	1	0	753	1181	774	2196	0	0	0	0
81	1	0	740	1163	778	2194	0	0	0	0
82	1	0	734	1145	780	2196	0	0	0	0
83	1	0	728	1130	779	2203	0	0	0	0
84	1	0	722	1115	780	2203	0	0	0	0
85	1	0	713	1095	779	2204	0	0	0	0
86	1	0	703	1078	778	2205	0	0	0	0
87	1	0	694	1062	775	2208	0	0	0	0
88	1	0	686	1044	773	2208	0	0	0	0
89	1	0	679	1028	774	2207	0	0	0	0
90	1	0	676	1013	773	2208	0	0	0	0
91	1	0	676	1001	775	2207	0	0	0	0
92	1	0	678	990	776	2211	0	0	0	0
93	1	0	680	982	778	2208	0	0	0	0
94	1	0	684	969	782	2210	0	0	0	0
95	1	0	685	957	781	2211	0	0	0	0
96	1	0	687	944	783	2208	0	0	0	0
97	1	0	689	934	783	2212	0	0	0	0
98	1	0	689	927	783	2212	0	0	0	0
99	1	0	687	922	782	2213	0	0	0	0
100	1	0	688	913	782	2213	0	0	0	0
101	1	0	683	903	783	2213	0	0	0	0
102	1	0	677	895	784	2210	0	0	0	0
103	1	0	671	884	785	2210	0	0	0	0
104	1	0	662	876	786	2212	0	0	0	0
105	1	0	652	873	787	2213	0	0	0	0
106	1	0	645	869	787	2216	0	0	0	0
107	1	0	641	868	788	2219	0	0	0	0
108	1	0	636	868	789	2215	0	0	0	0
109	1	0	631	872	783	2215	0	0	0	0
110	1	0	628	878	778	2214	0	0	0	0
111	1	0	630	884	775	2213	0	0	0	0
112	1	0	634	889	774	2211	0	0	0	0
113	1	0	640	896	775	2211	0	0	0	0
114	1	0	647	901	775	2207	0	0	0	0
115	1	0	653	905	775	2205	0	0	0	0
116	1	0	658	909	777	2194	0	0	0	0
117	1	0	664	915	779	2188	0	0	0	0
118	1	0	671	921	780	2178	0	0	0	0
119	1	0	678	928	781	2171	0	0	0	0
120	1	0	686	937	783	2168	0	0	0	0
121	1	0	693	947	784	2164	0	0	0	0
122	1	0	702	958	784	2155	0	0	0	0
123	1	0	710	967	783	2153	0	0	0	0
124	1	0	718	975	785	2145	0	0	0	0
125	1	0	727	986	791	2139	0	0	0	0
126	1	0	736	996	795	2134	0	0	0	0
127	1	0	744	1006	796	2129	0	0	0	0
0	1	0	749	1013	795	2129	0	0	0	0
1	1	0	755	1023	797	2124	0	0	0	0
2	1	0	761	1034	799	2119	0	0	0	0
3	1	0	764	1045	798	2112	0	0	0	0
4	1	0	769	1054	799	2107	0	0	0	0
5	1	0	772	1062	801	2099	0	0	0	0
6	1	0	775	1072	802	2085	0	0	0	0
7	1	0	777	1083	801	2065	0	0	0	0
8	1	0	781	1093	802	2040	0	0	0	0
9	1	0	784	1104	803	2033	0	0	0	0
10	1	0	785	1113	804	2027	0	0	0	0
11	1	0	786	1123	803	2000	0	0	0	0
12	1	0	788	1132	801	1986	0	0	0	0
13	1	0	788	1138	798	1975	0	0	0	0
14	1	0	789	1143	797	1950	0	0	0	0
15	1	0	787	1150	796	1942	0	0	0	0
16	1	0	785	1155	794	1936	0	0	0	0
17	1	0	783	1159	793	1939	0	0	0	0
18	1	0	779	1162	791	1942	0	0	0	0
19	1	0	778	1163	789	1932	0	0	0	0
20	1	0	775	1163	790	1904	0	0	0	0
21	1	0	772	1164	788	1898	0	0	0	0
22	1	0	768	1163	788	1898	0	0	0	0
23	1	0	764	1160	787	1883	0	0	0	0
24	1	0	760	1158	789	1861	0	0	0	0
25	1	0	758	1155	788	1852	0	0	0	0
26	1	0	756	1151	786	1849	0	0	0	0
27	1	0	755	1146	786	1848	0	0	0	0
28	1	0	752	1140	786	1853	0	0	0	0
29	1	0	753	1135	784	1842	0	0	0	0
30	1	0	754	1132	783	1837	0	0	0	0
31	1	0	752	1128	781	1834	0	0	0	0
32	1	0	750	1120	780	1827	0	0	0	0
33	1	0	748	1111	778	1825	0	0	0	0
34	1	0	746	1106	778	1827	0	0	0	0
35	1	0	745	1099	778	1831	0	0	0	0
36	1	0	743	1095	778	1833	0	0	0	0
37	1	0	741	1085	775	1821	0	0	0	0
38	1	0	738	1072	776	1815	0	0	0	0
39	1	0	740	1065	774	1812	0	0	0	0
40	1	0	742	1061	772	1811	0	0	0	0
41	1	0	743	1054	769	1806	0	0	0	0
42	1	0	742	1047	769	1806	0	0	0	0
43	1	0	742	1038	767	1802	0	0	0	0
44	1	0	742	1031	766	1799	0	0	0	0
45	1	0	746	1026	766	1796	0	0	0	0
46	1	0	750	1023	766	1796	0	0	0	0
47	1	0	754	1019	766	1792	0	0	0	0
48	1	0	757	1014	766	1784	0	0	0	0
49	1	0	760	1010	766	1781	0	0	0	0
50	1	0	763	1005	764	1779	0	0	0	0
51	1	0	765	999	764	1779	0	0	0	0
52	1	0	767	993	764	1776	0	0	0	0
53	1	0	770	988	763	1773	0	0	0	0
54	1	0	773	984	762	1769	0	0	0	0
55	1	0	774	979	762	1765	0	0	0	0
56	1	0	776	975	761	1768	0	0	0	0
57	1	0	778	970	758	1766	0	0	0	0
58	1	0	780	962	757	1765	0	0	0	0
59	1	0	782	954	757	1763	0	0	0	0
60	1	0	783	947	759	1761	0	0	0	0
61	1	0	783	942	758	1758	0	0	0	0
62	1	0	784	935	755	1756	0	0	0	0
63	1	0	783	929	754	1755	0	0	0	0
64	1	0	783	922	754	1751	0	0	0	0
65	1	0	783	915	753	1746	0	0	0	0
66	1	0	783	909	754	1749	0	0	0	0
67	1	0	783	902	752	1753	0	0	0	0
68	1	0	783	896	752	1755	0	0	0	0
69	1	0	784	892	752	1753	0	0	0	0
70	1	0	783	885	752	1753	0	0	0	0
71	1	0	781	879	752	1751	0	0	0	0
72	1	0	780	874	751	1750	0	0	0	0
73	1	0	779	870	749	1750	0	0	0	0
74	1	0	780	864	750	1752	0	0	0	0
75	1	0	782	860	750	1755	0	0	0	0
76	1	0	780	854	752	1755	0	0	0	0
77	1	0	778	850	752	1756	0	0	0	0
78	1	0	776	846	751	1755	0	0	0	0
79	1	0	778	842	751	1757	0	0	0	0
80	1	0	778	840	752	1758	0	0	0	0
81	1	0	778	837	752	1756	0	0	0	0
82	1	0	777	834	753	1756	0	0	0	0
83	1	0	777	830	753	1760	0	0	0	0
84	1	0	777	828	753	1768	0	0	0	0
85	1	0	777	825	752	1773	0	0	0	0
86	1	0	776	823	754	1782	0	0	0	0
87	1	0	778	822	754	1787	0	0	0	0
88	1	0	780	820	755	1788	0	0	0	0
89	1	0	780	819	756	1788	0	0	0	0
90	1	0	780	817	757	1787	0	0	0	0
91	1	0	781	814	758	1786	0	0	0	0
92	1	0	782	814	759	1788	0	0	0	0
93	1	0	782	813	760	1789	0	0	0	0
94	1	0	783	812	759	1789	0	0	0	0
95	1	0	783	810	760	1790	0	0	0	0
96	1	0	783	808	761	1793	0	0	0	0
97	1	0	783	807	761	1798	0	0	0	0
98	1	0	782	805	760	1796	0	0	0	0
99	1	0	779	805	761	1793	0	0	0	0
100	1	0	779	808	763	1791	0	0	0	0
101	1	0	780	808	762	1790	0	0	0	0
102	1	0	781	810	763	1790	0	0	0	0
103	1	0	780	811	762	1793	0	0	0	0
104	1	0	783	813	762	1791	0	0	0	0
105	1	0	785	813	762	1792	0	0	0	0
106	1	0	787	814	763	1793	0	0	0	0
107	1	0	787	813	763	1789	0	0	0	0
108	1	0	787	814	762	1788	0	0	0	0
109	1	0	788	813	763	1787	0	0	0	0
110	1	0	788	814	764	1786	0	0	0	0
111	1	0	787	815	764	1788	0	0	0	0
112	1	0	788	817	762	1786	0	0	0	0
113	1	0	787	819	764	1782	0	0	0	0
114	1	0	788	821	764	1781	0	0	0	0
115	1	0	787	822	762	1782	0	0	0	0
116	1	0	787	824	766	1779	0	0	0	0
117	1	0	787	826	766	1779	0	0	0	0
118	1	0	786	829	767	1781	0	0	0	0
119	1	0	785	830	768	1779	0	0	0	0
120	1	0	785	834	768	1782	0	0	0	0
121	1	0	785	837	769	1780	0	0	0	0
122	1	0	783	839	769	1777	0	0	0	0
123	1	0	782	843	770	1779	0	0	0	0
124	1	0	782	845	771	1776	0	0	0	0
125	1	0	780	848	770	1777	0	0	0	0
126	1	0	781	851	770	1777	0	0	0	0
127	1	0	781	849	768	1779	0	0	0	0
0	1	0	781	853	773	1776	0	0	0	0
1	1	0	779	859	775	1775	0	0	0	0
2	1	0	780	863	776	1775	0	0	0	0
3	1	0	779	867	776	1773	0	0	0	0
4	1	0	780	869	776	1773	0	0	0	0
5	1	0	781	871	777	1773	0	0	0	0
6	1	0	782	874	776	1773	0	0	0	0
7	1	0	782	877	776	1771	0	0	0	0
8	1	0	782	878	778	1769	0	0	0	0
9	1	0	783	879	778	1770	0	0	0	0
10	1	0	783	881	779	1766	0	0	0	0
11	1	0	784	884	779	1764	0	0	0	0
12	1	0	785	885	779	1766	0	0	0	0
13	1	0	784	887	780	1767	0	0	0	0
14	1	0	784	888	779	1762	0	0	0	0
15	1	0	783	889	780	1762	0	0	0	0
16	1	0	784	891	780	1765	0	0	0	0
17	1	0	785	890	779	1761	0	0	0	0
18	1	0	786	890	779	1761	0	0	0	0
19	1	0	787	892	779	1757	0	0	0	0
20	1	0	787	895	781	1745	0	0	0	0
21	1	0	788	896	779	1747	0	0	0	0
22	1	0	788	896	780	1748	0	0	0	0
23	1	0	789	896	781	1748	0	0	0	0
24	1	0	789	894	780	1748	0	0	0	0
25	1	0	790	893	780	1749	0	0	0	0
26	1	0	792	893	781	1747	0	0	0	0
27	1	0	791	893	779	1749	0	0	0	0
28	1	0	791	891	779	1753	0	0	0	0
29	1	0	791	889	778	1749	0	0	0	0
30	1	0	792	888	778	1752	0	0	0	0
31	1	0	792	887	777	1754	0	0	0	0
32	1	0	792	886	776	1757	0	0	0	0
33	1	0	792	886	776	1776	0	0	0	0
34	1	0	792	883	776	1784	0	0	0	0
35	1	0	793	882	776	1787	0	0	0	0
36	1	0	795	881	775	1791	0	0	0	0
37	1	0	794	880	775	1792	0	0	0	0
38	1	0	795	878	774	1795	0	0	0	0
39	1	0	797	877	774	1796	0	0	0	0
40	1	0	797	876	774	1798	0	0	0	0
41	1	0	799	875	773	1798	0	0	0	0
42	1	0	799	874	773	1804	0	0	0	0
43	1	0	799	873	773	1821	0	0	0	0
44	1	0	800	871	773	1839	0	0	0	0
45	1	0	802	871	772	1842	0	0	0	0
46	1	0	803	870	773	1842	0	0	0	0
47	1	0	803	869	772	1845	0	0	0	0
48	1	0	803	867	772	1849	0	0	0	0
49	1	0	804	868	771	1852	0	0	0	0
50	1	0	807	867	772	1855	0	0	0	0
51	1	0	807	866	771	1874	0	0	0	0
52	1	0	809	864	772	1881	0	0	0	0
53	1	0	808	864	771	1887	0	0	0	0
54	1	0	809	863	771	1889	0	0	0	0
55	1	0	809	863	771	1892	0	0	0	0
56	1	0	811	861	770	1896	0	0	0	0
57	1	0	811	859	768	1895	0	0	0	0
58	1	0	811	859	770	1897	0	0	0	0
59	1	0	811	863	769	1900	0	0	0	0
60	1	0	811	863	769	1902	0	0	0	0
61	1	0	811	864	768	1905	0	0	0	0
62	1	0	811	864	768	1907	0	0	0	0
63	1	0	812	863	769	1905	0	0	0	0
64	1	0	812	864	769	1909	0	0	0	0
65	1	0	812	864	770	1910	0	0	0	0
66	1	0	812	863	769	1916	0	0	0	0
67	1	0	812	864	770	1915	0	0	0	0
68	1	0	811	865	770	1919	0	0	0	0
69	1	0	810	865	770	1920	0	0	0	0
70	1	0	810	865	770	1920	0	0	0	0
71	1	0	810	866	769	1922	0	0	0	0
72	1	0	808	866	769	1924	0	0	0	0
73	1	0	808	867	769	1923	0	0	0	0
74	1	0	807	868	769	1922	0	0	0	0
75	1	0	806	870	767	1924	0	0	0	0
76	1	0	806	872	767	1924	0	0	0	0
77	1	0	805	873	767	1926	0	0	0	0
78	1	0	804	873	767	1925	0	0	0	0
79	1	0	801	876	766	1924	0	0	0	0
80	1	0	801	878	766	1926	0	0	0	0
81	1	0	801	879	766	1926	0	0	0	0
82	1	0	800	881	765	1927	0	0	0	0
83	1	0	799	883	764	1926	0	0	0	0
84	1	0	798	884	764	1927	0	0	0	0
85	1	0	797	887	764	1927	0	0	0	0
86	1	0	797	887	764	1930	0	0	0	0
87	1	0	797	890	763	1931	0	0	0	0
88	1	0	795	890	763	1932	0	0	0	0
89	1	0	794	891	761	1931	0	0	0	0
90	1	0	795	892	759	1933	0	0	0	0
91	1	0	792	892	758	1932	0	0	0	0
92	1	0	792	893	759	1934	0	0	0	0
93	1	0	790	897	762	1935	0	0	0	0
94	1	0	787	902	760	1933	0	0	0	0
95	1	0	787	904	760	1933	0	0	0	0
96	1	0	787	907	759	1933	0	0	0	0
97	1	0	788	909	757	1932	0	0	0	0
98	1	0	788	910	758	1932	0	0	0	0
99	1	0	786	910	759	1930	0	0	0	0
100	1	0	785	911	758	1932	0	0	0	0
101	1	0	786	912	757	1929	0	0	0	0
102	1	0	784	913	757	1928	0	0	0	0
103	1	0	783	916	758	1929	0	0	0	0
104	1	0	782	918	756	1929	0	0	0	0
105	1	0	780	920	756	1928	0	0	0	0
106	1	0	781	922	756	1927	0	0	0	0
107	1	0	781	923	755	1927	0	0	0	0
108	1	0	781	922	756	1928	0	0	0	0
109	1	0	779	925	756	1925	0	0	0	0
110	1	0	778	927	756	1920	0	0	0	0
111	1	0	776	928	756	1920	0	0	0	0
112	1	0	776	930	756	1920	0	0	0	0
113	1	0	775	931	756	1905	0	0	0	0
114	1	0	775	932	756	1902	0	0	0	0
115	1	0	774	933	756	1886	0	0	0	0
116	1	0	774	934	756	1878	0	0	0	0
117	1	0	772	935	757	1873	0	0	0	0
118	1	0	771	934	757	1869	0	0	0	0
119	1	0	771	936	758	1859	0	0	0	0
120	1	0	771	936	758	1853	0	0	0	0
121	1	0	771	937	759	1852	0	0	0	0
122	1	0	769	937	760	1844	0	0	0	0
123	1	0	768	938	761	1841	0	0	0	0
124	1	0	767	938	760	1831	0	0	0	0
125	1	0	767	938	762	1826	0	0	0	0
126	1	0	768	939	761	1824	0	0	0	0
127	1	0	766	939	762	1823	0	0	0	0
0	1	0	766	939	762	1814	0	0	0	0
1	1	0	764	938	763	1810	0	0	0	0
2	1	0	764	938	764	1800	0	0	0	0
3	1	0	764	938	764	1800	0	0	0	0
4	1	0	764	939	765	1796	0	0	0	0
5	1	0	763	938	766	1789	0	0	0	0
6	1	0	763	939	765	1783	0	0	0	0
7	1	0	763	939	767	1781	0	0	0	0
8	1	0	763	939	767	1778	0	0	0	0
9	1	0	762	938	768	1774	0	0	0	0
10	1	0	762	938	769	1772	0	0	0	0
11	1	0	762	938	769	1768	0	0	0	0
12	1	0	761	938	769	1764	0	0	0	0
13	1	0	760	937	770	1761	0	0	0	0
14	1	0	761	938	772	1749	0	0	0	0
15	1	0	761	938	773	1749	0	0	0	0
16	1	0	761	937	773	1755	0	0	0	0
17	1	0	761	937	773	1751	0	0	0	0
18	1	0	761	937	773	1747	0	0	0	0
19	1	0	762	937	773	1743	0	0	0	0
20	1	0	761	936	773	1738	0	0	0	0
21	1	0	761	936	774	1723	0	0	0	0
22	1	0	760	934	774	1718	0	0	0	0
23	1	0	761	933	774	1715	0	0	0	0
24	1	0	761	935	775	1712	0	0	0	0
25	1	0	761	935	776	1710	0	0	0	0
26	1	0	761	936	775	1705	0	0	0	0
27	1	0	760	937	775	1692	0	0	0	0
28	1	0	761	937	776	1679	0	0	0	0
29	1	0	762	938	775	1674	0	0	0	0
30	1	0	762	938	775	1670	0	0	0	0
31	1	0	763	938	776	1666	0	0	0	0
32	1	0	763	937	777	1651	0	0	0	0
33	1	0	764	937	777	1642	0	0	0	0
34	1	0	765	937	777	1638	0	0	0	0
35	1	0	766	937	776	1633	0	0	0	0
36	1	0	767	937	775	1630	0	0	0	0
37	1	0	767	938	775	1629	0	0	0	0
38	1	0	766	938	775	1628	0	0	0	0
39	1	0	767	938	774	1625	0	0	0	0
40	1	0	767	939	774	1617	0	0	0	0
41	1	0	767	939	773	1610	0	0	0	0
42	1	0	767	940	772	1607	0	0	0	0
43	1	0	766	941	772	1606	0	0	0	0
44	1	0	767	940	770	1604	0	0	0	0
45	1	0	768	940	772	1597	0	0	0	0
46	1	0	768	940	771	1592	0	0	0	0
47	1	0	768	940	771	1593	0	0	0	0
48	1	0	770	941	770	1589	0	0	0	0
49	1	0	770	941	770	1580	0	0	0	0
50	1	0	771	941	769	1582	0	0	0	0
51	1	0	771	940	769	1568	0	0	0	0
52	1	0	771	941	769	1564	0	0	0	0
53	1	0	771	941	768	1556	0	0	0	0
54	1	0	770	941	767	1550	0	0	0	0
55	1	0	770	940	768	1549	0	0	0	0
56	1	0	770	942	767	1547	0	0	0	0
57	1	0	771	940	764	1544	0	0	0	0
58	1	0	770	940	766	1539	0	0	0	0
59	1	0	771	940	765	1534	0	0	0	0
60	1	0	771	939	765	1537	0	0	0	0
61	1	0	771	939	764	1546	0	0	0	0
62	1	0	771	939	764	1547	0	0	0	0
63	1	0	771	939	764	1545	0	0	0	0
64	1	0	771	939	764	1546	0	0	0	0
65	1	0	772	939	765	1545	0	0	0	0
66	1	0	772	939	764	1546	0	0	0	0
67	1	0	771	938	765	1554	0	0	0	0
68	1	0	771	938	765	1561	0	0	0	0
69	1	0	772	938	766	1558	0	0	0	0
70	1	0	773	939	766	1561	0	0	0	0
71	1	0	773	939	766	1558	0	0	0	0
72	1	0	772	939	767	1555	0	0	0	0
73	1	0	771	939	766	1557	0	0	0	0
74	1	0	769	939	767	1556	0	0	0	0
75	1	0	768	939	766	1561	0	0	0	0
76	1	0	768	941	767	1562	0	0	0	0
77	1	0	769	939	768	1558	0	0	0	0
78	1	0	768	938	767	1556	0	0	0	0
79	1	0	768	939	768	1560	0	0	0	0
80	1	0	768	938	769	1563	0	0	0	0
81	1	0	767	938	769	1564	0	0	0	0
82	1	0	767	937	771	1564	0	0	0	0
83	1	0	767	939	769	1564	0	0	0	0
84	1	0	767	938	770	1566	0	0	0	0
85	1	0	766	938	772	1570	0	0	0	0
86	1	0	764	937	771	1570	0	0	0	0
87	1	0	765	938	771	1573	0	0	0	0
88	1	0	765	939	771	1573	0	0	0	0
89	1	0	763	937	773	1570	0	0	0	0
90	1	0	763	937	773	1570	0	0	0	0
91	1	0	762	936	774	1567	0	0	0	0
92	1	0	762	937	773	1566	0	0	0	0
93	1	0	760	938	774	1564	0	0	0	0
94	1	0	760	937	776	1563	0	0	0	0
95	1	0	760	937	776	1559	0	0	0	0
96	1	0	760	937	776	1559	0	0	0	0
97	1	0	761	938	777	1560	0	0	0	0
98	1	0	760	938	778	1553	0	0	0	0
99	1	0	760	938	778	1553	0	0	0	0
100	1	0	758	937	778	1551	0	0	0	0
101	1	0	758	935	779	1549	0	0	0	0
102	1	0	758	935	780	1551	0	0	0	0
103	1	0	757	936	779	1547	0	0	0	0
104	1	0	757	936	780	1543	0	0	0	0
105	1	0	755	936	782	1541	0	0	0	0
106	1	0	756	938	783	1538	0	0	0	0
107	1	0	758	939	783	1536	0	0	0	0
108	1	0	758	938	783	1533	0	0	0	0
109	1	0	757	937	785	1530	0	0	0	0
110	1	0	757	937	786	1529	0	0	0	0
111	1	0	757	935	785	1525	0	0	0	0
112	1	0	756	935	785	1515	0	0	0	0
113	1	0	755	934	786	1510	0	0	0	0
114	1	0	755	933	787	1505	0	0	0	0
115	1	0	755	932	787	1503	0	0	0	0
116	1	0	756	932	787	1497	0	0	0	0
117	1	0	755	931	787	1492	0	0	0	0
118	1	0	753	931	788	1488	0	0	0	0
119	1	0	755	930	788	1487	0	0	0	0
120	1	0	754	929	790	1490	0	0	0	0
121	1	0	756	930	788	1492	0	0	0	0
122	1	0	756	930	788	1492	0	0	0	0
123	1	0	756	930	787	1495	0	0	0	0
124	1	0	756	929	788	1491	0	0	0	0
125	1	0	755	929	787	1491	0	0	0	0
126	1	0	755	929	787	1487	0	0	0	0
127	1	0	754	927	788	1484	0	0	0	0
0	1	0	754	926	788	1478	0	0	0	0
1	1	0	753	925	787	1470	0	0	0	0
2	1	0	754	925	788	1455	0	0	0	0
3	1	0	755	924	788	1445	0	0	0	0
4	1	0	755	923	787	1426	0	0	0	0
5	1	0	755	920	788	1419	0	0	0	0
6	1	0	755	920	788	1409	0	0	0	0
7	1	0	756	919	787	1406	0	0	0	0
8	1	0	756	919	785	1405	0	0	0	0
9	1	0	757	918	785	1404	0	0	0	0
10	1	0	758	918	785	1396	0	0	0	0
11	1	0	758	918	785	1385	0	0	0	0
12	1	0	758	917	784	1385	0	0	0	0
13	1	0	758	917	785	1381	0	0	0	0
14	1	0	759	917	784	1376	0	0	0	0
15	1	0	759	916	784	1370	0	0	0	0
16	1	0	759	916	784	1364	0	0	0	0
17	1	0	760	916	783	1364	0	0	0	0
18	1	0	761	916	783	1353	0	0	0	0
19	1	0	760	916	783	1369	0	0	0	0
20	1	0	758	916	782	1355	0	0	0	0
21	1	0	762	917	782	1348	0	0	0	0
22	1	0	761	916	781	1347	0	0	0	0
23	1	0	763	916	780	1355	0	0	0	0
24	1	0	764	918	779	1364	0	0	0	0
25	1	0	764	917	780	1369	0	0	0	0
26	1	0	764	916	778	1381	0	0	0	0
27	1	0	765	917	778	1378	0	0	0	0
28	1	0	764	917	777	1383	0	0	0	0
29	1	0	765	918	776	1375	0	0	0	0
30	1	0	765	918	776	1362	0	0	0	0
31	1	0	763	918	776	1360	0	0	0	0
32	1	0	763	918	776	1371	0	0	0	0
33	1	0	764	918	774	1369	0	0	0	0
34	1	0	764	918	774	1361	0	0	0	0
35	1	0	764	919	773	1360	0	0	0	0
36	1	0	765	919	772	1345	0	0	0	0
37	1	0	764	920	772	1344	0	0	0	0
38	1	0	766	921	772	1340	0	0	0	0
39	1	0	766	921	770	1337	0	0	0	0
40	1	0	765	921	769	1335	0	0	0	0
41	1	0	765	922	770	1322	0	0	0	0
42	1	0	763	922	769	1309	0	0	0	0
43	1	0	763	923	767	1300	0	0	0	0
44	1	0	763	923	767	1296	0	0	0	0
45	1	0	763	924	767	1291	0	0	0	0
46	1	0	762	923	766	1288	0	0	0	0
47	1	0	763	924	765	1290	0	0	0	0
48	1	0	762	925	765	1301	0	0	0	0
49	1	0	762	926	764	1293	0	0	0	0
50	1	0	762	926	763	1295	0	0	0	0
51	1	0	761	927	764	1294	0	0	0	0
52	1	0	762	928	764	1295	0	0	0	0
53	1	0	761	928	763	1287	0	0	0	0
54	1	0	760	929	762	1289	0	0	0	0
55	1	0	761	930	761	1294	0	0	0	0
56	1	0	760	930	761	1294	0	0	0	0
57	1	0	761	930	761	1283	0	0	0	0
58	1	0	761	931	760	1276	0	0	0	0
59	1	0	761	930	760	1270	0	0	0	0
60	1	0	758	931	760	1267	0	0	0	0
61	1	0	760	932	759	1267	0	0	0	0
62	1	0	759	932	759	1264	0	0	0	0
63	1	0	759	933	759	1260	0	0	0	0
64	1	0	759	933	760	1258	0	0	0	0
65	1	0	759	934	759	1254	0	0	0	0
66	1	0	758	935	759	1254	0	0	0	0
67	1	0	758	934	759	1250	0	0	0	0
68	1	0	758	934	758	1252	0	0	0	0
69	1	0	758	934	758	1247	0	0	0	0
70	1	0	757	934	758	1244	0	0	0	0
71	1	0	756	934	758	1249	0	0	0	0
72	1	0	756	934	759	1252	0	0	0	0
73	1	0	757	934	759	1254	0	0	0	0
74	1	0	757	934	759	1250	0	0	0	0
75	1	0	758	935	759	1252	0	0	0	0
76	1	0	756	935	759	1260	0	0	0	0
77	1	0	755	935	758	1260	0	0	0	0
78	1	0	756	935	759	1256	0	0	0	0
79	1	0	754	935	760	1250	0	0	0	0
80	1	0	755	934	760	1246	0	0	0	0
81	1	0	754	935	761	1240	0	0	0	0
82	1	0	756	934	761	1230	0	0	0	0
83	1	0	756	935	761	1235	0	0	0	0
84	1	0	755	935	761	1235	0	0	0	0
85	1	0	755	935	761	1239	0	0	0	0
86	1	0	755	934	762	1225	0	0	0	0
87	1	0	754	934	762	1223	0	0	0	0
88	1	0	754	933	763	1230	0	0	0	0
89	1	0	753	933	763	1221	0	0	0	0
90	1	0	754	933	766	1219	0	0	0	0
91	1	0	754	933	764	1214	0	0	0	0
92	1	0	755	932	764	1212	0	0	0	0
93	1	0	755	933	765	1205	0	0	0	0
94	1	0	755	932	766	1203	0	0	0	0
95	1	0	752	932	766	1216	0	0	0	0
96	1	0	755	931	767	1214	0	0	0	0
97	1	0	755	930	768	1209	0	0	0	0
98	1	0	755	929	767	1200	0	0	0	0
99	1	0	755	929	767	1179	0	0	0	0
100	1	0	755	930	768	1169	0	0	0	0
101	1	0	754	929	768	1169	0	0	0	0
102	1	0	755	929	769	1167	0	0	0	0
103	1	0	755	928	769	1169	0	0	0	0
104	1	0	755	928	770	1167	0	0	0	0
105	1	0	757	928	770	1183	0	0	0	0
106	1	0	756	929	771	1197	0	0	0	0
107	1	0	756	927	772	1199	0	0	0	0
108	1	0	756	926	773	1194	0	0	0	0
109	1	0	757	926	772	1203	0	0	0	0
110	1	0	756	926	771	1198	0	0	0	0
111	1	0	757	926	773	1187	0	0	0	0
112	1	0	757	925	775	1184	0	0	0	0
113	1	0	758	925	774	1176	0	0	0	0
114	1	0	758	924	774	1172	0	0	0	0
115	1	0	758	924	774	1175	0	0	0	0
116	1	0	758	923	776	1182	0	0	0	0
117	1	0	758	924	775	1173	0	0	0	0
118	1	0	758	923	775	1165	0	0	0	0
119	1	0	758	922	775	1160	0	0	0	0
120	1	0	760	922	776	1144	0	0	0	0
121	1	0	759	922	777	1125	0	0	0	0
122	1	0	759	922	777	1120	0	0	0	0
123	1	0	759	921	777	1114	0	0	0	0
124	1	0	759	922	778	1106	0	0	0	0
125	1	0	760	922	778	1098	0	0	0	0
126	1	0	760	922	778	1081	0	0	0	0
127	1	0	760	922	778	1072	0	0	0	0
0	1	0	759	920	778	1069	0	0	0	0
1	1	0	761	919	778	1070	0	0	0	0
2	1	0	761	921	778	1076	0	0	0	0
3	1	0	760	921	778	1078	0	0	0	0
4	1	0	760	921	779	1084	0	0	0	0
5	1	0	760	920	780	1083	0	0	0	0
6	1	0	760	920	777	1085	0	0	0	0
7	1	0	761	920	779	1080	0	0	0	0
8	1	0	761	921	780	1066	0	0	0	0
9	1	0	760	920	778	1058	0	0	0	0
10	1	0	759	920	779	1053	0	0	0	0
11	1	0	759	920	780	1060	0	0	0	0
12	1	0	760	921	779	1071	0	0	0	0
13	1	0	759	921	780	1061	0	0	0	0
14	1	0	760	921	779	1070	0	0	0	0
15	1	0	760	921	779	1078	0	0	0	0
16	1	0	760	921	779	1071	0	0	0	0
17	1	0	761	921	779	1064	0	0	0	0
18	1	0	760	922	780	1063	0	0	0	0
19	1	0	760	922	780	1055	0	0	0	0
20	1	0	759	922	780	1057	0	0	0	0
21	1	0	758	923	778	1051	0	0	0	0
22	1	0	759	924	779	1051	0	0	0	0
23	1	0	759	924	779	1047	0	0	0	0
24	1	0	760	925	780	1059	0	0	0	0
25	1	0	759	925	779	1061	0	0	0	0
26	1	0	758	923	778	1063	0	0	0	0
27	1	0	758	926	779	1068	0	0	0	0
28	1	0	758	925	779	1069	0	0	0	0
29	1	0	758	926	779	1059	0	0	0	0
30	1	0	758	926	780	1058	0	0	0	0
31	1	0	758	926	779	1068	0	0	0	0
32	1	0	758	926	779	1067	0	0	0	0
33	1	0	758	927	779	1068	0	0	0	0
34	1	0	757	927	779	1068	0	0	0	0
35	1	0	757	927	779	1071	0	0	0	0
36	1	0	756	927	779	1068	0	0	0	0
37	1	0	756	929	779	1069	0	0	0	0
38	1	0	756	928	779	1071	0	0	0	0
39	1	0	756	928	779	1071	0	0	0	0
40	1	0	756	929	778	1064	0	0	0	0
41	1	0	756	928	779	1065	0	0	0	0
42	1	0	755	928	779	1066	0	0	0	0
43	1	0	755	929	779	1073	0	0	0	0
44	1	0	754	929	778	1081	0	0	0	0
45	1	0	755	929	778	1081	0	0	0	0
46	1	0	753	928	778	1085	0	0	0	0
47	1	0	753	930	779	1089	0	0	0	0
48	1	0	752	930	777	1109	0	0	0	0
49	1	0	752	930	777	1109	0	0	0	0
50	1	0	753	930	777	1101	0	0	0	0
51	1	0	751	930	776	1096	0	0	0	0
52	1	0	751	931	778	1096	0	0	0	0
53	1	0	751	931	777	1108	0	0	0	0
54	1	0	752	931	776	1108	0	0	0	0
55	1	0	751	931	777	1102	0	0	0	0
56	1	0	752	930	776	1098	0	0	0	0
57	1	0	751	931	776	1090	0	0	0	0
58	1	0	752	931	778	1080	0	0	0	0
59	1	0	751	931	775	1076	0	0	0	0
60	1	0	751	932	776	1071	0	0	0	0
61	1	0	749	931	775	1073	0	0	0	0
62	1	0	751	931	775	1073	0	0	0	0
63	1	0	752	931	775	1073	0	0	0	0
64	1	0	752	931	775	1071	0	0	0	0
65	1	0	751	931	774	1073	0	0	0	0
66	1	0	751	931	774	1067	0	0	0	0
67	1	0	750	932	774	1068	0	0	0	0
68	1	0	750	931	775	1074	0	0	0	0
69	1	0	750	932	773	1073	0	0	0	0
70	1	0	751	932	774	1072	0	0	0	0
71	1	0	751	931	774	1081	0	0	0	0
72	1	0	748	931	775	1081	0	0	0	0
73	1	0	750	930	775	1074	0	0	0	0
74	1	0	751	931	774	1070	0	0	0	0
75	1	0	750	931	774	1072	0	0	0	0
76	1	0	751	930	774	1072	0	0	0	0
77	1	0	750	931	774	1077	0	0	0	0
78	1	0	751	931	774	1075	0	0	0	0
79	1	0	751	930	774	1082	0	0	0	0
80	1	0	751	930	774	1097	0	0	0	0
81	1	0	752	930	774	1089	0	0	0	0
82	1	0	752	930	774	1088	0	0	0	0
83	1	0	751	930	774	1100	0	0	0	0
84	1	0	751	930	774	1095	0	0	0	0
85	1	0	751	930	774	1096	0	0	0	0
86	1	0	752	929	774	1097	0	0	0	0
87	1	0	753	929	774	1096	0	0	0	0
88	1	0	753	930	774	1097	0	0	0	0
89	1	0	753	930	774	1099	0	0	0	0
90	1	0	752	928	774	1102	0	0	0	0
91	1	0	752	928	774	1101	0	0	0	0
92	1	0	752	929	774	1098	0	0	0	0
93	1	0	752	929	773	1100	0	0	0	0
94	1	0	753	928	775	1102	0	0	0	0
95	1	0	754	927	774	1105	0	0	0	0
96	1	0	753	927	775	1096	0	0	0	0
97	1	0	753	928	774	1090	0	0	0	0
98	1	0	754	927	775	1088	0	0	0	0
99	1	0	754	926	775	1089	0	0	0	0
100	1	0	754	926	775	1089	0	0	0	0
101	1	0	754	927	775	1074	0	0	0	0
102	1	0	755	927	775	1073	0	0	0	0
103	1	0	755	925	775	1076	0	0	0	0
104	1	0	754	923	777	1077	0	0	0	0
105	1	0	753	924	779	1077	0	0	0	0
106	1	0	754	928	776	1079	0	0	0	0
107	1	0	755	924	773	1079	0	0	0	0
108	1	0	753	923	779	1077	0	0	0	0
109	1	0	753	927	776	1075	0	0	0	0
110	1	0	756	925	775	1078	0	0	0	0
111	1	0	754	924	778	1077	0	0	0	0
112	1	0	754	926	776	1094	0	0	0	0
113	1	0	753	925	773	1094	0	0	0	0
114	1	0	754	923	776	1086	0	0	0	0
115	1	0	755	924	776	1088	0	0	0	0
116	1	0	754	923	776	1087	0	0	0	0
117	1	0	756	924	776	1090	0	0	0	0
118	1	0	756	924	778	1086	0	0	0	0
119	1	0	757	924	776	1084	0	0	0	0
120	1	0	757	923	776	1084	0	0	0	0
121	1	0	754	924	775	1083	0	0	0	0
122	1	0	753	923	774	1085	0	0	0	0
123	1	0	753	923	774	1088	0	0	0	0
124	1	0	753	923	773	1089	0	0	0	0
125	1	0	751	924	775	1095	0	0	0	0
126	1	0	752	924	774	1099	0	0	0	0
127	1	0	752	924	774	1105	0	0	0	0
0	1	0	751	924	774	1104	0	0	0	0
1	1	0	753	925	774	1102	0	0	0	0
2	1	0	753	925	773	1101	0	0	0	0
3	1	0	751	925	773	1106	0	0	0	0
4	1	0	753	925	771	1105	0	0	0	0
5	1	0	751	927	773	1104	0	0	0	0
6	1	0	751	925	772	1116	0	0	0	0
7	1	0	751	926	771	1107	0	0	0	0
8	1	0	752	927	771	1122	0	0	0	0
9	1	0	753	926	772	1123	0	0	0	0
10	1	0	753	927	772	1127	0	0	0	0
11	1	0	752	926	771	1125	0	0	0	0
12	1	0	753	926	770	1124	0	0	0	0
13	1	0	753	927	770	1128	0	0	0	0
14	1	0	752	927	770	1122	0	0	0	0
15	1	0	752	928	770	1133	0	0	0	0
16	1	0	753	927	769	1126	0	0	0	0
17	1	0	753	928	769	1124	0	0	0	0
18	1	0	753	928	770	1121	0	0	0	0
19	1	0	751	929	769	1118	0	0	0	0
20	1	0	752	928	768	1117	0	0	0	0
21	1	0	751	928	768	1125	0	0	0	0
22	1	0	751	929	769	1136	0	0	0	0
23	1	0	752	929	769	1127	0	0	0	0
24	1	0	751	928	767	1136	0	0	0	0
25	1	0	751	928	769	1126	0	0	0	0
26	1	0	751	928	769	1114	0	0	0	0
27	1	0	751	928	768	1113	0	0	0	0
28	1	0	751	928	768	1113	0	0	0	0
29	1	0	750	928	769	1111	0	0	0	0
30	1	0	752	928	768	1113	0	0	0	0
31	1	0	751	929	768	1114	0	0	0	0
32	1	0	751	928	767	1121	0	0	0	0
33	1	0	750	929	767	1127	0	0	0	0
34	1	0	751	928	767	1125	0	0	0	0
35	1	0	751	929	767	1125	0	0	0	0
36	1	0	750	929	767	1132	0	0	0	0
37	1	0	749	929	767	1133	0	0	0	0
38	1	0	749	929	767	1130	0	0	0	0
39	1	0	750	928	767	1133	0	0	0	0
40	1	0	750	928	767	1141	0	0	0	0
41	1	0	750	928	766	1141	0	0	0	0
42	1	0	749	928	766	1139	0	0	0	0
43	1	0	749	929	767	1142	0	0	0	0
44	1	0	750	928	767	1147	0	0	0	0
45	1	0	750	927	767	1144	0	0	0	0
46	1	0	749	928	767	1142	0	0	0	0
47	1	0	749	928	767	1153	0	0	0	0
48	1	0	749	928	767	1151	0	0	0	0
49	1	0	749	927	767	1153	0	0	0	0
50	1	0	749	928	767	1146	0	0	0	0
51	1	0	748	927	766	1141	0	0	0	0
52	1	0	749	928	767	1143	0	0	0	0
53	1	0	749	928	768	1143	0	0	0	0
54	1	0	747	928	769	1144	0	0	0	0
55	1	0	748	928	768	1147	0	0	0	0
