# bioPlux Text File Format
# Version: 1
# StartDateTime: 2012-03-21 15:16:13
# SamplingFrequency: 1000
# SampledChannels: 1 2 3 4 5 6 7 8
# SamplingResolution: 12
# AcquiringDevice: 00:07:80:93:66:BE
# EndOfHeader
0	0	0	772	689	878	1372	0	0	0	0
1	0	0	770	689	878	1365	0	0	0	0
2	0	0	771	689	878	1365	0	0	0	0
3	0	0	771	689	877	1362	0	0	0	0
4	0	0	770	690	877	1362	0	0	0	0
5	0	0	771	689	878	1361	0	0	0	0
6	0	0	771	689	877	1361	0	0	0	0
7	0	0	772	690	878	1361	0	0	0	0
8	0	0	770	690	878	1360	0	0	0	0
9	0	0	770	690	878	1360	0	0	0	0
10	0	0	770	690	878	1359	0	0	0	0
11	0	0	770	690	878	1359	0	0	0	0
12	0	0	769	690	878	1358	0	0	0	0
13	0	0	770	691	877	1359	0	0	0	0
14	0	0	769	690	878	1359	0	0	0	0
15	0	0	769	690	879	1361	0	0	0	0
16	0	0	769	690	879	1357	0	0	0	0
17	0	0	769	690	879	1359	0	0	0	0
18	0	0	769	691	879	1357	0	0	0	0
19	0	0	768	690	879	1355	0	0	0	0
20	0	0	769	691	880	1351	0	0	0	0
21	0	0	768	692	879	1349	0	0	0	0
22	0	0	768	691	880	1347	0	0	0	0
23	0	0	768	691	880	1336	0	0	0	0
24	0	0	768	691	880	1331	0	0	0	0
25	0	0	768	691	881	1327	0	0	0	0
26	0	0	770	691	880	1326	0	0	0	0
27	0	0	768	692	881	1326	0	0	0	0
28	0	0	768	692	881	1325	0	0	0	0
29	0	0	768	692	881	1324	0	0	0	0
30	0	0	768	692	881	1320	0	0	0	0
31	0	0	769	693	881	1323	0	0	0	0
32	0	0	770	692	881	1321	0	0	0	0
33	0	0	768	692	881	1320	0	0	0	0
34	0	0	768	692	881	1320	0	0	0	0
35	0	0	767	692	883	1319	0	0	0	0
36	0	0	767	693	882	1316	0	0	0	0
37	0	0	767	692	881	1317	0	0	0	0
38	0	0	767	693	882	1316	0	0	0	0
39	0	0	769	693	882	1313	0	0	0	0
40	0	0	767	693	884	1311	0	0	0	0
41	0	0	767	693	883	1310	0	0	0	0
42	0	0	767	694	882	1308	0	0	0	0
43	0	0	768	694	883	1305	0	0	0	0
44	0	0	768	694	883	1301	0	0	0	0
45	0	0	768	694	882	1297	0	0	0	0
46	0	0	768	694	884	1295	0	0	0	0
47	0	0	770	695	883	1292	0	0	0	0
48	0	0	769	695	883	1290	0	0	0	0
49	0	0	768	695	884	1287	0	0	0	0
50	0	0	770	695	884	1286	0	0	0	0
51	0	0	769	695	884	1284	0	0	0	0
52	0	0	768	695	884	1281	0	0	0	0
53	0	0	768	695	884	1281	0	0	0	0
54	0	0	769	695	884	1278	0	0	0	0
55	0	0	769	696	884	1279	0	0	0	0
56	0	0	768	696	885	1277	0	0	0	0
57	0	0	768	695	885	1278	0	0	0	0
58	0	0	769	696	885	1278	0	0	0	0
59	0	0	767	696	885	1278	0	0	0	0
60	0	0	768	697	886	1277	0	0	0	0
61	0	0	769	695	886	1274	0	0	0	0
62	0	0	767	697	886	1277	0	0	0	0
63	0	0	767	697	886	1274	0	0	0	0
64	0	0	766	697	886	1271	0	0	0	0
65	0	0	768	698	887	1270	0	0	0	0
66	0	0	768	698	886	1271	0	0	0	0
67	0	0	767	698	887	1271	0	0	0	0
68	0	0	767	699	886	1271	0	0	0	0
69	0	0	767	698	888	1269	0	0	0	0
70	0	0	766	698	888	1268	0	0	0	0
71	0	0	767	697	888	1268	0	0	0	0
72	0	0	765	698	887	1267	0	0	0	0
73	0	0	766	698	887	1267	0	0	0	0
74	0	0	766	698	888	1268	0	0	0	0
75	0	0	766	698	888	1268	0	0	0	0
76	0	0	767	698	888	1265	0	0	0	0
77	0	0	766	698	888	1266	0	0	0	0
78	0	0	765	699	888	1267	0	0	0	0
79	0	0	766	699	888	1264	0	0	0	0
80	0	0	766	699	888	1261	0	0	0	0
81	0	0	766	699	887	1261	0	0	0	0
82	0	0	765	699	888	1259	0	0	0	0
83	0	0	765	699	888	1256	0	0	0	0
84	0	0	765	700	889	1255	0	0	0	0
85	0	0	765	700	889	1253	0	0	0	0
86	0	0	764	701	888	1254	0	0	0	0
87	0	0	766	701	888	1253	0	0	0	0
88	0	0	765	701	888	1253	0	0	0	0
89	0	0	764	701	888	1254	0	0	0	0
90	0	0	766	702	889	1255	0	0	0	0
91	0	0	766	701	887	1254	0	0	0	0
92	0	0	766	702	888	1253	0	0	0	0
93	0	0	765	701	888	1252	0	0	0	0
94	0	0	766	702	889	1251	0	0	0	0
95	0	0	764	702	887	1252	0	0	0	0
96	0	0	765	701	888	1250	0	0	0	0
97	0	0	765	701	888	1248	0	0	0	0
98	0	0	764	701	888	1246	0	0	0	0
99	0	0	764	702	888	1241	0	0	0	0
100	0	0	764	702	889	1240	0	0	0	0
101	0	0	763	703	887	1238	0	0	0	0
102	0	0	763	702	887	1236	0	0	0	0
103	0	0	764	703	887	1217	0	0	0	0
104	0	0	764	703	888	1213	0	0	0	0
105	0	0	765	703	886	1212	0	0	0	0
106	0	0	764	703	886	1210	0	0	0	0
107	0	0	764	704	886	1210	0	0	0	0
108	0	0	763	704	886	1210	0	0	0	0
109	0	0	763	704	885	1203	0	0	0	0
110	0	0	765	705	885	1204	0	0	0	0
111	0	0	763	705	885	1204	0	0	0	0
112	0	0	763	706	885	1205	0	0	0	0
113	0	0	762	706	884	1206	0	0	0	0
114	0	0	763	707	884	1205	0	0	0	0
115	0	0	763	707	885	1203	0	0	0	0
116	0	0	763	707	884	1203	0	0	0	0
117	0	0	762	707	884	1202	0	0	0	0
118	0	0	762	707	883	1201	0	0	0	0
119	0	0	761	708	883	1201	0	0	0	0
120	0	0	761	709	883	1201	0	0	0	0
121	0	0	761	709	884	1199	0	0	0	0
122	0	0	759	709	883	1197	0	0	0	0
123	0	0	761	708	884	1189	0	0	0	0
124	0	0	761	710	883	1186	0	0	0	0
125	0	0	761	710	883	1183	0	0	0	0
126	0	0	762	712	882	1181	0	0	0	0
127	0	0	761	711	883	1177	0	0	0	0
0	0	0	761	711	882	1177	0	0	0	0
1	0	0	760	712	882	1175	0	0	0	0
2	0	0	761	712	882	1175	0	0	0	0
3	0	0	760	711	881	1174	0	0	0	0
4	0	0	761	712	881	1174	0	0	0	0
5	0	0	761	712	881	1174	0	0	0	0
6	0	0	761	713	880	1173	0	0	0	0
7	0	0	761	713	880	1167	0	0	0	0
8	0	0	761	712	879	1159	0	0	0	0
9	0	0	761	713	879	1152	0	0	0	0
10	0	0	760	713	878	1151	0	0	0	0
11	0	0	760	714	878	1150	0	0	0	0
12	0	0	761	714	877	1145	0	0	0	0
13	0	0	760	714	877	1140	0	0	0	0
14	0	0	760	714	876	1138	0	0	0	0
15	0	0	760	713	875	1134	0	0	0	0
16	0	0	759	715	875	1132	0	0	0	0
17	0	0	758	715	873	1130	0	0	0	0
18	0	0	758	715	873	1129	0	0	0	0
19	0	0	758	717	873	1127	0	0	0	0
20	0	0	757	717	872	1124	0	0	0	0
21	0	0	756	716	872	1122	0	0	0	0
22	0	0	756	718	871	1119	0	0	0	0
23	0	0	757	717	871	1112	0	0	0	0
24	0	0	757	719	871	1108	0	0	0	0
25	0	0	757	720	870	1106	0	0	0	0
26	0	0	757	720	869	1104	0	0	0	0
27	0	0	757	721	868	1102	0	0	0	0
28	0	0	756	722	869	1100	0	0	0	0
29	0	0	757	721	868	1082	0	0	0	0
30	0	0	755	721	868	1072	0	0	0	0
31	0	0	756	723	869	1076	0	0	0	0
32	0	0	756	722	867	1053	0	0	0	0
33	0	0	756	720	867	1045	0	0	0	0
34	0	0	756	723	866	1037	0	0	0	0
35	0	0	757	723	866	1035	0	0	0	0
36	0	0	758	724	865	1017	0	0	0	0
37	0	0	758	724	864	1006	0	0	0	0
38	0	0	758	725	864	1000	0	0	0	0
39	0	0	758	725	863	993	0	0	0	0
40	0	0	759	726	863	986	0	0	0	0
41	0	0	758	726	862	987	0	0	0	0
42	0	0	758	727	862	983	0	0	0	0
43	0	0	757	727	861	987	0	0	0	0
44	0	0	757	729	861	992	0	0	0	0
45	0	0	757	729	860	991	0	0	0	0
46	0	0	758	730	860	984	0	0	0	0
47	0	0	757	731	858	971	0	0	0	0
48	0	0	759	729	859	971	0	0	0	0
49	0	0	758	732	859	973	0	0	0	0
50	0	0	758	733	857	976	0	0	0	0
51	0	0	758	734	857	976	0	0	0	0
52	0	0	758	735	857	974	0	0	0	0
53	0	0	758	736	856	975	0	0	0	0
54	0	0	759	736	854	972	0	0	0	0
55	0	0	759	737	853	962	0	0	0	0
56	0	0	760	738	853	965	0	0	0	0
57	0	0	761	738	852	965	0	0	0	0
58	0	0	761	739	851	964	0	0	0	0
59	0	0	760	739	850	962	0	0	0	0
60	0	0	762	739	850	962	0	0	0	0
61	0	0	761	739	849	960	0	0	0	0
62	0	0	762	740	849	960	0	0	0	0
63	0	0	762	740	849	961	0	0	0	0
64	0	0	762	740	849	957	0	0	0	0
65	0	0	761	741	849	961	0	0	0	0
66	0	0	762	743	850	947	0	0	0	0
67	0	0	762	743	851	944	0	0	0	0
68	0	0	766	742	849	944	0	0	0	0
69	0	0	768	742	848	946	0	0	0	0
70	0	0	768	741	845	946	0	0	0	0
71	0	0	767	743	844	936	0	0	0	0
72	0	0	767	742	843	927	0	0	0	0
73	0	0	767	743	845	930	0	0	0	0
74	0	0	768	743	845	929	0	0	0	0
75	0	0	767	743	846	927	0	0	0	0
76	0	0	768	743	844	927	0	0	0	0
77	0	0	768	743	843	927	0	0	0	0
78	0	0	770	742	843	928	0	0	0	0
79	0	0	768	742	843	931	0	0	0	0
80	0	0	769	744	843	927	0	0	0	0
81	0	0	769	744	842	923	0	0	0	0
82	0	0	771	745	841	924	0	0	0	0
83	0	0	769	745	840	926	0	0	0	0
84	0	0	769	746	839	924	0	0	0	0
85	0	0	768	746	839	925	0	0	0	0
86	0	0	770	746	838	926	0	0	0	0
87	0	0	771	746	839	927	0	0	0	0
88	0	0	770	747	837	925	0	0	0	0
89	0	0	770	748	838	926	0	0	0	0
90	0	0	770	749	836	926	0	0	0	0
91	0	0	771	749	836	923	0	0	0	0
92	0	0	771	749	836	918	0	0	0	0
93	0	0	771	750	835	917	0	0	0	0
94	0	0	772	750	835	915	0	0	0	0
95	0	0	771	750	833	913	0	0	0	0
96	0	0	772	750	835	908	0	0	0	0
97	0	0	773	750	832	902	0	0	0	0
98	0	0	772	750	833	898	0	0	0	0
99	0	0	772	750	832	898	0	0	0	0
100	0	0	773	750	831	886	0	0	0	0
101	0	0	774	750	831	872	0	0	0	0
102	0	0	776	751	831	863	0	0	0	0
103	0	0	775	751	831	857	0	0	0	0
104	0	0	776	751	830	858	0	0	0	0
105	0	0	778	751	829	858	0	0	0	0
106	0	0	777	752	828	854	0	0	0	0
107	0	0	779	749	827	856	0	0	0	0
108	0	0	780	750	828	858	0	0	0	0
109	0	0	779	751	826	860	0	0	0	0
110	0	0	779	751	825	859	0	0	0	0
111	0	0	780	752	825	861	0	0	0	0
112	0	0	780	752	825	862	0	0	0	0
113	0	0	780	751	824	864	0	0	0	0
114	0	0	780	752	824	865	0	0	0	0
115	0	0	780	752	825	863	0	0	0	0
116	0	0	780	752	824	865	0	0	0	0
117	0	0	782	752	824	866	0	0	0	0
118	0	0	783	753	823	866	0	0	0	0
119	0	0	783	752	824	867	0	0	0	0
120	0	0	783	752	823	857	0	0	0	0
121	0	0	783	751	823	856	0	0	0	0
122	0	0	785	751	823	857	0	0	0	0
123	0	0	785	751	823	860	0	0	0	0
124	0	0	785	751	822	857	0	0	0	0
125	0	0	786	751	822	861	0	0	0	0
126	0	0	786	751	821	864	0	0	0	0
127	0	0	788	752	824	872	0	0	0	0
0	0	0	786	751	821	874	0	0	0	0
1	0	0	787	750	822	874	0	0	0	0
2	0	0	786	750	822	882	0	0	0	0
3	0	0	787	750	822	896	0	0	0	0
4	0	0	787	750	821	900	0	0	0	0
5	0	0	788	750	822	900	0	0	0	0
6	0	0	787	750	822	901	0	0	0	0
7	0	0	786	749	822	901	0	0	0	0
8	0	0	787	749	823	901	0	0	0	0
9	0	0	786	749	821	913	0	0	0	0
10	0	0	786	749	821	918	0	0	0	0
11	0	0	785	749	823	923	0	0	0	0
12	0	0	785	749	822	925	0	0	0	0
13	0	0	787	749	822	930	0	0	0	0
14	0	0	788	749	823	933	0	0	0	0
15	0	0	787	749	823	934	0	0	0	0
16	0	0	786	748	824	937	0	0	0	0
17	0	0	787	748	823	944	0	0	0	0
18	0	0	786	748	824	942	0	0	0	0
19	0	0	786	749	823	945	0	0	0	0
20	0	0	787	747	823	949	0	0	0	0
21	0	0	787	747	825	954	0	0	0	0
22	0	0	787	746	825	957	0	0	0	0
23	0	0	787	745	827	955	0	0	0	0
24	0	0	787	744	826	953	0	0	0	0
25	0	0	787	743	827	951	0	0	0	0
26	0	0	786	743	827	949	0	0	0	0
27	0	0	785	743	827	948	0	0	0	0
28	0	0	785	742	827	950	0	0	0	0
29	0	0	785	743	829	948	0	0	0	0
30	0	0	785	741	829	949	0	0	0	0
31	0	0	784	741	830	950	0	0	0	0
32	0	0	783	741	832	950	0	0	0	0
33	0	0	782	741	832	951	0	0	0	0
34	0	0	783	739	833	951	0	0	0	0
35	0	0	784	739	835	952	0	0	0	0
36	0	0	783	739	835	952	0	0	0	0
37	0	0	783	739	836	951	0	0	0	0
38	0	0	783	738	837	951	0	0	0	0
39	0	0	783	737	838	951	0	0	0	0
40	0	0	783	736	839	950	0	0	0	0
41	0	0	784	735	840	952	0	0	0	0
42	0	0	785	734	841	954	0	0	0	0
43	0	0	786	733	841	952	0	0	0	0
44	0	0	787	733	840	951	0	0	0	0
45	0	0	786	732	841	947	0	0	0	0
46	0	0	785	732	843	948	0	0	0	0
47	0	0	785	730	843	950	0	0	0	0
48	0	0	786	729	843	947	0	0	0	0
49	0	0	787	730	844	944	0	0	0	0
50	0	0	787	730	844	945	0	0	0	0
51	0	0	787	730	845	951	0	0	0	0
52	0	0	788	729	845	956	0	0	0	0
53	0	0	788	729	845	963	0	0	0	0
54	0	0	787	729	845	967	0	0	0	0
55	0	0	787	728	846	972	0	0	0	0
56	0	0	786	727	846	979	0	0	0	0
57	0	0	788	727	845	980	0	0	0	0
58	0	0	788	726	845	980	0	0	0	0
59	0	0	787	726	846	984	0	0	0	0
60	0	0	787	727	845	985	0	0	0	0
61	0	0	786	725	847	988	0	0	0	0
62	0	0	786	725	847	991	0	0	0	0
63	0	0	786	725	847	995	0	0	0	0
64	0	0	785	723	848	997	0	0	0	0
65	0	0	783	722	848	1007	0	0	0	0
66	0	0	784	721	850	1023	0	0	0	0
67	0	0	785	721	849	1025	0	0	0	0
68	0	0	784	720	849	1029	0	0	0	0
69	0	0	783	720	849	1029	0	0	0	0
70	0	0	782	719	850	1029	0	0	0	0
71	0	0	783	719	851	1043	0	0	0	0
72	0	0	782	718	851	1056	0	0	0	0
73	0	0	782	718	851	1059	0	0	0	0
74	0	0	781	714	853	1070	0	0	0	0
75	0	0	780	716	852	1079	0	0	0	0
76	0	0	779	713	853	1094	0	0	0	0
77	0	0	779	712	851	1102	0	0	0	0
78	0	0	780	712	852	1114	0	0	0	0
79	0	0	778	713	851	1138	0	0	0	0
80	0	0	778	711	851	1153	0	0	0	0
81	0	0	777	711	853	1163	0	0	0	0
82	0	0	777	710	852	1172	0	0	0	0
83	0	0	778	709	852	1172	0	0	0	0
84	0	0	776	710	851	1171	0	0	0	0
85	0	0	775	709	849	1174	0	0	0	0
86	0	0	774	710	850	1195	0	0	0	0
87	0	0	775	710	849	1200	0	0	0	0
88	0	0	774	709	848	1202	0	0	0	0
89	0	0	774	708	848	1204	0	0	0	0
90	0	0	774	709	847	1210	0	0	0	0
91	0	0	773	708	846	1214	0	0	0	0
92	0	0	774	709	845	1213	0	0	0	0
93	0	0	774	708	845	1224	0	0	0	0
94	0	0	773	709	846	1225	0	0	0	0
95	0	0	773	709	845	1228	0	0	0	0
96	0	0	773	708	845	1232	0	0	0	0
97	0	0	772	707	845	1242	0	0	0	0
98	0	0	773	707	846	1263	0	0	0	0
99	0	0	772	705	846	1278	0	0	0	0
100	0	0	772	705	846	1286	0	0	0	0
101	0	0	772	705	846	1293	0	0	0	0
102	0	0	770	705	846	1303	0	0	0	0
103	0	0	769	705	847	1313	0	0	0	0
104	0	0	770	705	847	1321	0	0	0	0
105	0	0	768	706	848	1330	0	0	0	0
106	0	0	767	706	850	1338	0	0	0	0
107	0	0	766	705	850	1340	0	0	0	0
108	0	0	766	704	853	1340	0	0	0	0
109	0	0	766	705	854	1345	0	0	0	0
110	0	0	766	705	856	1351	0	0	0	0
111	0	0	763	707	857	1354	0	0	0	0
112	0	0	763	706	858	1370	0	0	0	0
113	0	0	762	707	858	1385	0	0	0	0
114	0	0	759	707	858	1406	0	0	0	0
115	0	0	758	706	860	1431	0	0	0	0
116	0	0	758	706	862	1445	0	0	0	0
117	0	0	759	707	863	1460	0	0	0	0
118	0	0	756	707	864	1467	0	0	0	0
119	0	0	756	708	866	1470	0	0	0	0
120	0	0	754	707	865	1475	0	0	0	0
121	0	0	753	708	867	1480	0	0	0	0
122	0	0	752	709	867	1487	0	0	0	0
123	0	0	750	711	867	1492	0	0	0	0
124	0	0	751	709	868	1496	0	0	0	0
125	0	0	749	711	870	1501	0	0	0	0
126	0	0	750	710	873	1504	0	0	0	0
127	0	0	750	709	873	1515	0	0	0	0
0	0	0	750	707	876	1520	0	0	0	0
1	0	0	751	709	877	1528	0	0	0	0
2	0	0	751	708	878	1545	0	0	0	0
3	0	0	752	707	879	1563	0	0	0	0
4	0	0	751	707	880	1576	0	0	0	0
5	0	0	752	707	880	1589	0	0	0	0
6	0	0	752	708	880	1600	0	0	0	0
7	0	0	750	708	881	1607	0	0	0	0
8	0	0	752	708	880	1619	0	0	0	0
9	0	0	753	707	881	1628	0	0	0	0
10	0	0	753	706	882	1628	0	0	0	0
11	0	0	755	704	883	1630	0	0	0	0
12	0	0	754	705	882	1630	0	0	0	0
13	0	0	752	705	883	1635	0	0	0	0
14	0	0	752	705	883	1637	0	0	0	0
15	0	0	753	706	883	1643	0	0	0	0
16	0	0	753	705	883	1648	0	0	0	0
17	0	0	753	703	885	1644	0	0	0	0
18	0	0	754	702	885	1647	0	0	0	0
19	0	0	754	704	884	1647	0	0	0	0
20	0	0	753	706	885	1646	0	0	0	0
21	0	0	753	706	884	1648	0	0	0	0
22	0	0	753	705	885	1656	0	0	0	0
23	0	0	753	705	887	1671	0	0	0	0
24	0	0	753	707	885	1679	0	0	0	0
25	0	0	755	707	886	1687	0	0	0	0
26	0	0	756	708	887	1692	0	0	0	0
27	0	0	756	708	888	1703	0	0	0	0
28	0	0	755	709	887	1717	0	0	0	0
29	0	0	757	708	890	1719	0	0	0	0
30	0	0	758	707	891	1725	0	0	0	0
31	0	0	757	707	893	1730	0	0	0	0
32	0	0	757	707	896	1747	0	0	0	0
33	0	0	759	707	900	1758	0	0	0	0
34	0	0	762	705	903	1766	0	0	0	0
35	0	0	760	704	905	1769	0	0	0	0
36	0	0	763	705	906	1775	0	0	0	0
37	0	0	765	706	907	1781	0	0	0	0
38	0	0	766	703	911	1791	0	0	0	0
39	0	0	766	702	915	1798	0	0	0	0
40	0	0	765	701	917	1816	0	0	0	0
41	0	0	764	701	918	1822	0	0	0	0
42	0	0	763	701	919	1830	0	0	0	0
43	0	0	762	700	921	1840	0	0	0	0
44	0	0	761	699	921	1846	0	0	0	0
45	0	0	761	698	920	1859	0	0	0	0
46	0	0	761	699	921	1863	0	0	0	0
47	0	0	761	700	920	1862	0	0	0	0
48	0	0	762	699	921	1869	0	0	0	0
49	0	0	764	698	922	1881	0	0	0	0
50	0	0	765	696	923	1897	0	0	0	0
51	0	0	767	697	922	1903	0	0	0	0
52	0	0	770	698	920	1906	0	0	0	0
53	0	0	770	699	919	1908	0	0	0	0
54	0	0	770	700	919	1911	0	0	0	0
55	0	0	770	701	917	1910	0	0	0	0
56	0	0	772	702	916	1912	0	0	0	0
57	0	0	774	702	916	1924	0	0	0	0
58	0	0	775	702	916	1927	0	0	0	0
59	0	0	776	701	915	1931	0	0	0	0
60	0	0	776	700	915	1930	0	0	0	0
61	0	0	775	704	913	1941	0	0	0	0
62	0	0	774	704	911	1939	0	0	0	0
63	0	0	775	703	912	1932	0	0	0	0
64	0	0	775	703	913	1927	0	0	0	0
65	0	0	776	704	912	1928	0	0	0	0
66	0	0	773	704	912	1933	0	0	0	0
67	0	0	771	704	912	1943	0	0	0	0
68	0	0	769	702	913	1955	0	0	0	0
69	0	0	768	702	913	1965	0	0	0	0
70	0	0	765	703	913	1970	0	0	0	0
71	0	0	763	701	914	1977	0	0	0	0
72	0	0	760	702	915	1981	0	0	0	0
73	0	0	759	701	917	1984	0	0	0	0
74	0	0	757	698	917	1997	0	0	0	0
75	0	0	753	698	919	2010	0	0	0	0
76	0	0	751	698	920	2016	0	0	0	0
77	0	0	749	700	920	2030	0	0	0	0
78	0	0	746	700	921	2039	0	0	0	0
79	0	0	743	700	923	2048	0	0	0	0
80	0	0	742	702	925	2051	0	0	0	0
81	0	0	741	701	927	2055	0	0	0	0
82	0	0	739	703	928	2070	0	0	0	0
83	0	0	738	702	929	2076	0	0	0	0
84	0	0	737	704	928	2078	0	0	0	0
85	0	0	735	705	929	2083	0	0	0	0
86	0	0	734	706	929	2094	0	0	0	0
87	0	0	733	706	930	2100	0	0	0	0
88	0	0	733	705	930	2105	0	0	0	0
89	0	0	732	706	933	2108	0	0	0	0
90	0	0	733	706	933	2113	0	0	0	0
91	0	0	731	706	933	2118	0	0	0	0
92	0	0	731	707	932	2122	0	0	0	0
93	0	0	731	707	932	2126	0	0	0	0
94	0	0	731	707	932	2134	0	0	0	0
95	0	0	732	705	931	2142	0	0	0	0
96	0	0	731	707	932	2148	0	0	0	0
97	0	0	728	708	933	2158	0	0	0	0
98	0	0	727	707	932	2162	0	0	0	0
99	0	0	726	709	931	2166	0	0	0	0
100	0	0	725	710	930	2170	0	0	0	0
101	0	0	723	711	929	2173	0	0	0	0
102	0	0	721	710	928	2176	0	0	0	0
103	0	0	721	709	927	2180	0	0	0	0
104	0	0	722	709	925	2182	0	0	0	0
105	0	0	721	709	925	2183	0	0	0	0
106	0	0	721	708	925	2189	0	0	0	0
107	0	0	721	707	924	2196	0	0	0	0
108	0	0	720	706	924	2204	0	0	0	0
109	0	0	719	704	924	2210	0	0	0	0
110	0	0	718	703	925	2209	0	0	0	0
111	0	0	717	702	924	2212	0	0	0	0
112	0	0	718	700	923	2219	0	0	0	0
113	0	0	718	697	922	2223	0	0	0	0
114	0	0	718	698	922	2226	0	0	0	0
115	0	0	718	697	921	2226	0	0	0	0
116	0	0	717	693	921	2229	0	0	0	0
117	0	0	717	694	921	2232	0	0	0	0
118	0	0	717	692	922	2236	0	0	0	0
119	0	0	717	691	921	2241	0	0	0	0
120	0	0	719	691	920	2244	0	0	0	0
121	0	0	718	689	920	2249	0	0	0	0
122	0	0	719	688	921	2257	0	0	0	0
123	0	0	719	687	917	2267	0	0	0	0
124	0	0	720	686	917	2269	0	0	0	0
125	0	0	722	686	916	2270	0	0	0	0
126	0	0	723	687	914	2276	0	0	0	0
127	0	0	725	685	913	2279	0	0	0	0
0	0	0	727	683	911	2280	0	0	0	0
1	0	0	729	680	912	2280	0	0	0	0
2	0	0	730	679	912	2283	0	0	0	0
3	0	0	730	678	913	2291	0	0	0	0
4	0	0	730	675	913	2295	0	0	0	0
5	0	0	732	673	914	2298	0	0	0	0
6	0	0	733	671	914	2304	0	0	0	0
7	0	0	733	669	916	2306	0	0	0	0
8	0	0	734	668	916	2308	0	0	0	0
9	0	0	733	667	916	2312	0	0	0	0
10	0	0	732	667	916	2317	0	0	0	0
11	0	0	731	666	917	2328	0	0	0	0
12	0	0	731	664	918	2338	0	0	0	0
13	0	0	732	663	920	2351	0	0	0	0
14	0	0	730	662	921	2354	0	0	0	0
15	0	0	728	659	921	2358	0	0	0	0
16	0	0	727	659	923	2362	0	0	0	0
17	0	0	727	659	924	2368	0	0	0	0
18	0	0	727	657	922	2377	0	0	0	0
19	0	0	727	656	923	2377	0	0	0	0
20	0	0	725	654	923	2382	0	0	0	0
21	0	0	726	655	925	2391	0	0	0	0
22	0	0	725	654	922	2398	0	0	0	0
23	0	0	727	653	921	2407	0	0	0	0
24	0	0	727	653	921	2419	0	0	0	0
25	0	0	725	653	923	2421	0	0	0	0
26	0	0	724	652	922	2431	0	0	0	0
27	0	0	722	652	923	2436	0	0	0	0
28	0	0	720	652	924	2440	0	0	0	0
29	0	0	719	651	925	2451	0	0	0	0
30	0	0	718	651	926	2450	0	0	0	0
31	0	0	716	650	927	2461	0	0	0	0
32	0	0	715	649	929	2467	0	0	0	0
33	0	0	713	649	928	2467	0	0	0	0
34	0	0	712	647	930	2470	0	0	0	0
35	0	0	711	648	931	2467	0	0	0	0
36	0	0	711	646	933	2469	0	0	0	0
37	0	0	709	644	933	2472	0	0	0	0
38	0	0	708	644	935	2479	0	0	0	0
39	0	0	707	642	938	2485	0	0	0	0
40	0	0	706	641	938	2489	0	0	0	0
41	0	0	705	639	937	2492	0	0	0	0
42	0	0	705	640	939	2494	0	0	0	0
43	0	0	706	639	941	2499	0	0	0	0
44	0	0	706	638	942	2504	0	0	0	0
45	0	0	707	636	943	2511	0	0	0	0
46	0	0	708	636	944	2519	0	0	0	0
47	0	0	709	636	944	2522	0	0	0	0
48	0	0	710	635	944	2523	0	0	0	0
49	0	0	712	634	945	2529	0	0	0	0
50	0	0	713	634	948	2533	0	0	0	0
51	0	0	714	633	949	2536	0	0	0	0
52	0	0	715	633	951	2544	0	0	0	0
53	0	0	717	633	952	2550	0	0	0	0
54	0	0	718	633	953	2554	0	0	0	0
55	0	0	719	634	955	2560	0	0	0	0
56	0	0	719	634	957	2567	0	0	0	0
57	0	0	720	635	959	2576	0	0	0	0
58	0	0	721	635	960	2582	0	0	0	0
59	0	0	722	635	962	2586	0	0	0	0
60	0	0	722	636	964	2595	0	0	0	0
61	0	0	723	635	966	2602	0	0	0	0
62	0	0	725	637	967	2605	0	0	0	0
63	0	0	724	640	969	2605	0	0	0	0
64	0	0	724	640	972	2608	0	0	0	0
65	0	0	723	641	975	2618	0	0	0	0
66	0	0	722	641	976	2623	0	0	0	0
67	0	0	723	643	978	2626	0	0	0	0
68	0	0	723	644	979	2627	0	0	0	0
69	0	0	723	646	982	2633	0	0	0	0
70	0	0	722	647	981	2639	0	0	0	0
71	0	0	722	647	982	2643	0	0	0	0
72	0	0	722	649	983	2648	0	0	0	0
73	0	0	721	649	985	2650	0	0	0	0
74	0	0	723	650	987	2651	0	0	0	0
75	0	0	721	650	987	2652	0	0	0	0
76	0	0	720	652	988	2654	0	0	0	0
77	0	0	719	654	990	2656	0	0	0	0
78	0	0	718	654	992	2654	0	0	0	0
79	0	0	718	654	994	2655	0	0	0	0
80	0	0	719	655	995	2658	0	0	0	0
81	0	0	718	655	996	2659	0	0	0	0
82	0	0	718	656	999	2661	0	0	0	0
83	0	0	718	656	999	2661	0	0	0	0
84	0	0	717	658	1001	2661	0	0	0	0
85	0	0	717	659	1003	2661	0	0	0	0
86	0	0	717	659	1004	2663	0	0	0	0
87	0	0	716	660	1005	2666	0	0	0	0
88	0	0	715	661	1006	2665	0	0	0	0
89	0	0	716	662	1007	2665	0	0	0	0
90	0	0	715	663	1008	2667	0	0	0	0
91	0	0	715	664	1008	2665	0	0	0	0
92	0	0	714	665	1008	2666	0	0	0	0
93	0	0	714	665	1007	2668	0	0	0	0
94	0	0	715	665	1007	2670	0	0	0	0
95	0	0	715	667	1005	2670	0	0	0	0
96	0	0	715	666	1003	2667	0	0	0	0
97	0	0	716	667	1002	2668	0	0	0	0
98	0	0	715	668	1000	2667	0	0	0	0
99	0	0	716	669	994	2667	0	0	0	0
100	0	0	717	669	993	2667	0	0	0	0
101	0	0	719	669	990	2667	0	0	0	0
102	0	0	720	669	985	2666	0	0	0	0
103	0	0	721	667	982	2669	0	0	0	0
104	0	0	723	666	980	2669	0	0	0	0
105	0	0	725	663	975	2667	0	0	0	0
106	0	0	727	662	974	2670	0	0	0	0
107	0	0	730	657	973	2670	0	0	0	0
108	0	0	732	658	971	2672	0	0	0	0
109	0	0	734	657	971	2673	0	0	0	0
110	0	0	734	655	970	2674	0	0	0	0
111	0	0	734	654	970	2671	0	0	0	0
112	0	0	734	653	970	2671	0	0	0	0
113	0	0	733	651	969	2670	0	0	0	0
114	0	0	734	649	972	2674	0	0	0	0
115	0	0	732	647	971	2675	0	0	0	0
116	0	0	731	648	973	2676	0	0	0	0
117	0	0	729	647	973	2677	0	0	0	0
118	0	0	728	646	975	2677	0	0	0	0
119	0	0	729	646	976	2676	0	0	0	0
120	0	0	727	645	977	2676	0	0	0	0
121	0	0	725	645	978	2675	0	0	0	0
122	0	0	723	646	978	2674	0	0	0	0
123	0	0	721	646	979	2675	0	0	0	0
124	0	0	719	645	979	2672	0	0	0	0
125	0	0	719	645	982	2675	0	0	0	0
126	0	0	720	646	983	2675	0	0	0	0
127	0	0	718	645	984	2674	0	0	0	0
0	0	0	717	645	985	2671	0	0	0	0
1	0	0	718	646	987	2671	0	0	0	0
2	0	0	717	644	989	2672	0	0	0	0
3	0	0	718	643	991	2671	0	0	0	0
4	0	0	717	643	991	2672	0	0	0	0
5	0	0	717	644	994	2670	0	0	0	0
6	0	0	717	643	996	2670	0	0	0	0
7	0	0	716	643	998	2670	0	0	0	0
8	0	0	714	642	998	2668	0	0	0	0
9	0	0	714	642	1001	2666	0	0	0	0
10	0	0	713	644	1002	2667	0	0	0	0
11	0	0	713	642	1003	2664	0	0	0	0
12	0	0	712	643	1003	2666	0	0	0	0
13	0	0	713	643	1004	2667	0	0	0	0
14	0	0	713	643	1005	2665	0	0	0	0
15	0	0	715	643	1005	2664	0	0	0	0
16	0	0	715	642	1005	2663	0	0	0	0
17	0	0	715	642	1005	2662	0	0	0	0
18	0	0	715	641	1005	2660	0	0	0	0
19	0	0	717	640	1004	2663	0	0	0	0
20	0	0	717	640	1003	2659	0	0	0	0
21	0	0	719	639	1003	2656	0	0	0	0
22	0	0	719	637	1002	2654	0	0	0	0
23	0	0	720	637	1002	2652	0	0	0	0
24	0	0	719	636	1001	2650	0	0	0	0
25	0	0	720	635	999	2649	0	0	0	0
26	0	0	720	634	999	2649	0	0	0	0
27	0	0	721	633	998	2648	0	0	0	0
28	0	0	722	633	997	2647	0	0	0	0
29	0	0	723	630	996	2646	0	0	0	0
30	0	0	722	632	995	2649	0	0	0	0
31	0	0	723	631	994	2648	0	0	0	0
32	0	0	723	630	993	2646	0	0	0	0
33	0	0	722	629	993	2645	0	0	0	0
34	0	0	723	629	992	2643	0	0	0	0
35	0	0	723	628	990	2643	0	0	0	0
36	0	0	723	627	992	2642	0	0	0	0
37	0	0	722	625	992	2642	0	0	0	0
38	0	0	721	625	993	2639	0	0	0	0
39	0	0	720	624	993	2636	0	0	0	0
40	0	0	719	624	993	2633	0	0	0	0
41	0	0	719	623	994	2632	0	0	0	0
42	0	0	717	623	993	2632	0	0	0	0
43	0	0	718	621	994	2631	0	0	0	0
44	0	0	717	621	995	2632	0	0	0	0
45	0	0	715	620	995	2631	0	0	0	0
46	0	0	716	618	996	2632	0	0	0	0
47	0	0	716	618	996	2632	0	0	0	0
48	0	0	715	617	997	2634	0	0	0	0
49	0	0	715	617	997	2634	0	0	0	0
50	0	0	714	617	997	2635	0	0	0	0
51	0	0	716	616	997	2636	0	0	0	0
52	0	0	715	616	997	2634	0	0	0	0
53	0	0	716	616	997	2636	0	0	0	0
54	0	0	716	617	997	2635	0	0	0	0
55	0	0	714	616	997	2636	0	0	0	0
56	0	0	715	616	997	2635	0	0	0	0
57	0	0	714	615	997	2635	0	0	0	0
58	0	0	715	615	997	2637	0	0	0	0
59	0	0	715	614	997	2637	0	0	0	0
60	0	0	713	614	999	2638	0	0	0	0
61	0	0	712	614	999	2639	0	0	0	0
62	0	0	713	615	999	2640	0	0	0	0
63	0	0	714	614	998	2640	0	0	0	0
64	0	0	713	614	999	2640	0	0	0	0
65	0	0	714	615	999	2641	0	0	0	0
66	0	0	714	614	1000	2643	0	0	0	0
67	0	0	715	614	998	2643	0	0	0	0
68	0	0	717	615	999	2644	0	0	0	0
69	0	0	716	616	998	2644	0	0	0	0
70	0	0	715	616	998	2646	0	0	0	0
71	0	0	717	616	998	2646	0	0	0	0
72	0	0	718	617	998	2646	0	0	0	0
73	0	0	720	618	997	2648	0	0	0	0
74	0	0	722	620	997	2648	0	0	0	0
75	0	0	721	621	997	2651	0	0	0	0
76	0	0	722	622	996	2652	0	0	0	0
77	0	0	722	623	995	2655	0	0	0	0
78	0	0	723	625	994	2658	0	0	0	0
79	0	0	723	627	994	2659	0	0	0	0
80	0	0	723	629	994	2660	0	0	0	0
81	0	0	723	629	995	2661	0	0	0	0
82	0	0	725	630	996	2661	0	0	0	0
83	0	0	724	630	998	2663	0	0	0	0
84	0	0	723	635	997	2664	0	0	0	0
85	0	0	721	635	999	2664	0	0	0	0
86	0	0	722	636	1001	2668	0	0	0	0
87	0	0	722	638	1002	2667	0	0	0	0
88	0	0	722	639	1003	2668	0	0	0	0
89	0	0	722	640	1004	2670	0	0	0	0
90	0	0	721	640	1003	2671	0	0	0	0
91	0	0	723	641	1005	2674	0	0	0	0
92	0	0	722	643	1005	2674	0	0	0	0
93	0	0	723	644	1007	2674	0	0	0	0
94	0	0	723	646	1008	2673	0	0	0	0
95	0	0	723	647	1008	2676	0	0	0	0
96	0	0	723	648	1009	2677	0	0	0	0
97	0	0	724	648	1009	2679	0	0	0	0
98	0	0	725	650	1010	2682	0	0	0	0
99	0	0	725	648	1010	2682	0	0	0	0
100	0	0	723	650	1011	2683	0	0	0	0
101	0	0	724	652	1011	2687	0	0	0	0
102	0	0	722	650	1012	2690	0	0	0	0
103	0	0	723	650	1013	2691	0	0	0	0
104	0	0	722	649	1013	2695	0	0	0	0
105	0	0	724	648	1014	2697	0	0	0	0
106	0	0	723	649	1014	2698	0	0	0	0
107	0	0	722	648	1014	2700	0	0	0	0
108	0	0	721	648	1015	2702	0	0	0	0
109	0	0	722	646	1016	2706	0	0	0	0
110	0	0	721	645	1018	2712	0	0	0	0
111	0	0	721	644	1018	2718	0	0	0	0
112	0	0	722	642	1019	2724	0	0	0	0
113	0	0	721	641	1017	2727	0	0	0	0
114	0	0	722	640	1016	2731	0	0	0	0
115	0	0	723	639	1017	2733	0	0	0	0
116	0	0	724	636	1016	2734	0	0	0	0
117	0	0	726	636	1016	2739	0	0	0	0
118	0	0	728	631	1017	2741	0	0	0	0
119	0	0	730	628	1016	2746	0	0	0	0
120	0	0	732	628	1016	2748	0	0	0	0
121	0	0	733	626	1017	2753	0	0	0	0
122	0	0	734	623	1016	2756	0	0	0	0
123	0	0	736	623	1015	2762	0	0	0	0
124	0	0	736	620	1015	2764	0	0	0	0
125	0	0	739	620	1016	2768	0	0	0	0
126	0	0	742	619	1013	2770	0	0	0	0
127	0	0	743	618	1014	2771	0	0	0	0
0	0	0	745	616	1013	2770	0	0	0	0
1	0	0	744	615	1013	2775	0	0	0	0
2	0	0	747	615	1012	2780	0	0	0	0
3	0	0	747	613	1013	2785	0	0	0	0
4	0	0	749	613	1011	2792	0	0	0	0
5	0	0	750	611	1013	2796	0	0	0	0
6	0	0	751	609	1012	2801	0	0	0	0
7	0	0	751	609	1012	2800	0	0	0	0
8	0	0	752	609	1009	2801	0	0	0	0
9	0	0	753	610	1008	2803	0	0	0	0
10	0	0	753	609	1008	2806	0	0	0	0
11	0	0	754	607	1008	2811	0	0	0	0
12	0	0	756	609	1006	2811	0	0	0	0
13	0	0	758	608	1006	2813	0	0	0	0
14	0	0	758	609	1006	2816	0	0	0	0
15	0	0	759	608	1004	2816	0	0	0	0
16	0	0	761	606	1004	2819	0	0	0	0
17	0	0	762	606	1004	2819	0	0	0	0
18	0	0	761	606	1004	2821	0	0	0	0
19	0	0	763	605	1003	2824	0	0	0	0
20	0	0	763	605	1003	2829	0	0	0	0
21	0	0	764	607	1003	2833	0	0	0	0
22	0	0	765	606	1002	2837	0	0	0	0
23	0	0	763	606	1003	2839	0	0	0	0
24	0	0	764	607	1001	2843	0	0	0	0
25	0	0	762	607	1002	2848	0	0	0	0
26	0	0	762	603	1001	2853	0	0	0	0
27	0	0	762	607	1002	2863	0	0	0	0
28	0	0	763	610	1002	2862	0	0	0	0
29	0	0	761	611	1002	2865	0	0	0	0
30	0	0	763	611	1002	2865	0	0	0	0
31	0	0	761	612	1002	2865	0	0	0	0
32	0	0	760	611	1001	2869	0	0	0	0
33	0	0	759	611	1001	2876	0	0	0	0
34	0	0	760	612	1001	2877	0	0	0	0
35	0	0	760	612	1000	2878	0	0	0	0
36	0	0	760	612	1001	2885	0	0	0	0
37	0	0	761	613	1000	2891	0	0	0	0
38	0	0	760	614	1003	2898	0	0	0	0
39	0	0	759	617	1001	2906	0	0	0	0
40	0	0	759	618	1001	2911	0	0	0	0
41	0	0	760	618	1000	2914	0	0	0	0
42	0	0	762	620	1000	2918	0	0	0	0
43	0	0	761	621	1001	2919	0	0	0	0
44	0	0	760	620	999	2921	0	0	0	0
45	0	0	760	620	1000	2923	0	0	0	0
46	0	0	761	620	1001	2929	0	0	0	0
47	0	0	760	621	1000	2938	0	0	0	0
48	0	0	760	622	1001	2940	0	0	0	0
49	0	0	760	622	1002	2942	0	0	0	0
50	0	0	759	623	1001	2945	0	0	0	0
51	0	0	756	622	1003	2946	0	0	0	0
52	0	0	755	623	1002	2953	0	0	0	0
53	0	0	752	623	1003	2958	0	0	2	0
54	0	0	752	623	1005	2958	0	0	0	0
55	0	0	750	624	1003	2953	0	0	0	0
56	0	0	748	626	1002	2952	0	0	0	0
57	0	0	747	625	1004	2951	0	0	0	0
58	0	0	745	625	1004	2947	0	0	0	0
59	0	0	743	626	1002	2953	0	0	0	0
60	0	0	741	629	1003	2951	0	0	0	0
61	0	0	737	630	1003	2954	0	0	0	0
62	0	0	733	632	1002	2952	0	0	0	0
63	0	0	731	634	1003	2960	0	0	0	0
64	0	0	728	633	1003	2969	0	0	0	0
65	0	0	726	634	1004	2978	0	0	0	0
66	0	0	722	636	1002	2972	0	0	0	0
67	0	0	717	640	1001	2977	0	0	0	0
68	0	0	714	643	999	2973	0	0	0	0
69	0	0	710	645	997	2972	0	0	0	0
70	0	0	707	648	996	2966	0	0	0	0
71	0	0	705	650	996	2968	0	0	0	0
72	0	0	703	651	995	2959	0	0	0	0
73	0	0	701	652	995	2954	0	0	0	0
74	0	0	699	654	994	2942	0	0	0	0
75	0	0	698	656	992	2937	0	0	0	0
76	0	0	697	657	990	2939	0	0	0	0
77	0	0	695	661	988	2929	0	0	0	0
78	0	0	693	662	985	2927	0	0	0	0
79	0	0	693	663	985	2915	0	0	0	0
80	0	0	691	665	981	2898	0	0	0	0
81	0	0	691	669	978	2880	0	0	0	0
82	0	0	691	670	977	2874	0	0	0	0
83	0	0	692	671	975	2863	0	0	0	0
84	0	0	692	674	973	2852	0	0	0	0
85	0	0	694	675	969	2842	0	0	0	0
86	0	0	697	678	968	2840	0	0	0	0
87	0	0	698	679	966	2833	0	0	0	0
88	0	0	698	682	961	2823	0	0	2	0
89	0	0	699	686	958	2812	0	0	0	0
90	0	0	700	691	954	2820	0	0	0	0
91	0	0	700	695	947	2800	0	0	0	0
92	0	0	701	697	943	2772	0	0	0	0
93	0	0	703	700	939	2760	0	0	0	0
94	0	0	704	702	936	2756	0	0	0	0
95	0	0	702	707	930	2745	0	0	0	0
96	0	0	702	707	925	2718	0	0	0	0
97	0	0	703	708	922	2695	0	0	0	0
98	0	0	702	707	922	2689	0	0	0	0
99	0	0	704	707	921	2671	0	0	0	0
100	0	0	705	708	917	2654	0	0	0	0
101	0	0	706	709	916	2634	0	0	0	0
102	0	0	707	708	915	2608	0	0	0	0
103	0	0	707	710	912	2599	0	0	0	0
104	0	0	708	711	909	2555	0	0	0	0
105	0	0	710	711	908	2502	0	0	0	0
106	0	0	714	714	905	2457	0	0	0	0
107	0	0	712	714	903	2401	0	0	0	0
108	0	0	713	713	901	2320	0	0	0	0
109	0	0	714	714	898	2288	0	0	0	0
110	0	0	715	715	895	2239	0	0	0	0
111	0	0	715	717	892	2196	0	0	0	0
112	0	0	717	716	891	2201	0	0	0	0
113	0	0	720	715	890	2163	0	0	0	0
114	0	0	722	713	887	2042	0	0	0	0
115	0	0	722	712	885	1941	0	0	0	0
116	0	0	723	712	883	1861	0	0	0	0
117	0	0	724	713	879	1748	0	0	0	0
118	0	0	725	713	876	1660	0	0	0	0
119	0	0	730	713	875	1545	0	0	0	0
120	0	0	731	714	873	1523	0	0	0	0
121	0	0	733	714	868	1438	0	0	0	0
122	0	0	733	715	867	1341	0	0	0	0
123	0	0	735	715	864	1264	0	0	0	0
124	0	0	736	716	860	1047	0	0	0	0
125	0	0	738	715	856	974	0	0	0	0
126	0	0	740	716	855	878	0	0	0	0
127	0	0	741	717	852	716	0	0	0	0
0	0	0	742	719	848	534	0	0	0	0
1	0	0	742	722	845	492	0	0	0	0
2	0	0	742	723	842	411	0	0	0	0
3	0	0	743	726	838	380	0	0	0	0
4	0	0	743	727	837	347	0	0	0	0
5	0	0	745	730	835	304	0	0	0	0
6	0	0	746	729	834	265	0	0	0	0
7	0	0	745	731	833	255	0	0	0	0
8	0	0	741	735	830	244	0	0	0	0
9	0	0	743	739	827	254	0	0	0	0
10	0	0	744	743	823	272	0	0	0	0
11	0	0	742	747	820	288	0	0	0	0
12	0	0	741	752	819	295	0	0	0	0
13	0	0	741	753	818	272	0	0	0	0
14	0	0	744	759	816	283	0	0	0	0
15	0	0	742	765	812	299	0	0	0	0
16	0	0	743	772	810	309	0	0	0	0
17	0	0	744	779	809	315	0	0	0	0
18	0	0	743	783	808	312	0	0	0	0
19	0	0	741	787	805	307	0	0	0	0
20	0	0	743	792	803	312	0	0	0	0
21	0	0	747	796	803	320	0	0	0	0
22	0	0	752	800	803	336	0	0	0	0
23	0	0	748	805	804	327	0	0	0	0
24	0	0	751	809	802	327	0	0	0	0
25	0	0	751	814	802	323	0	0	0	0
26	0	0	755	815	800	320	0	0	0	0
27	0	0	758	821	797	305	0	0	0	0
28	0	0	760	825	796	295	0	0	0	0
29	0	0	760	831	795	300	0	0	0	0
30	0	0	761	834	792	299	0	0	0	0
31	0	0	760	841	791	309	0	0	0	0
32	0	0	759	844	788	300	0	0	0	0
33	0	0	757	851	787	294	0	0	0	0
34	0	0	760	854	785	282	0	0	0	0
35	0	0	762	859	783	273	0	0	0	0
36	0	0	764	864	783	274	0	0	0	0
37	0	0	767	867	781	265	0	0	0	0
38	0	0	770	866	783	261	0	0	0	0
39	0	0	774	867	784	260	0	0	0	0
40	0	0	772	870	782	191	0	0	0	0
41	0	0	775	873	779	134	0	0	0	0
42	0	0	773	873	777	128	0	0	0	0
43	0	0	778	877	777	123	0	0	0	0
44	0	0	779	879	776	89	0	0	0	0
45	0	0	780	880	775	72	0	0	0	0
46	0	0	782	883	774	67	0	0	0	0
47	0	0	787	882	771	58	0	0	0	0
48	0	0	791	883	770	49	0	0	0	0
49	0	0	792	884	767	37	0	0	0	0
50	0	0	795	887	764	21	0	0	0	0
51	0	0	800	887	765	15	0	0	0	0
52	0	0	807	887	761	17	0	0	0	0
53	0	0	807	890	758	0	0	0	0	0
54	0	0	810	892	755	10	0	0	0	0
55	0	0	814	897	749	23	0	0	0	0
56	0	0	813	901	744	23	0	0	0	0
57	0	0	815	907	740	38	0	0	0	0
58	0	0	814	913	736	51	0	0	0	0
59	0	0	817	912	734	57	0	0	0	0
60	0	0	820	914	732	39	0	0	0	0
61	0	0	818	915	728	56	0	0	0	0
62	0	0	817	917	726	57	0	0	0	0
63	0	0	816	920	725	33	0	0	0	0
64	0	0	816	919	723	16	0	0	0	0
65	0	0	816	924	721	6	0	0	0	0
66	0	0	813	927	719	28	0	0	0	0
67	0	0	812	930	717	25	0	0	0	0
68	0	0	811	933	717	46	0	0	0	0
69	0	0	811	936	715	28	0	0	0	0
70	0	0	811	938	716	5	0	0	0	0
71	0	0	811	941	714	9	0	0	0	0
72	0	0	808	942	714	5	0	0	0	0
73	0	0	806	944	715	5	0	0	0	0
74	0	0	803	943	716	15	0	0	0	0
75	0	0	803	943	719	20	0	0	0	0
76	0	0	799	943	718	55	0	0	0	0
77	0	0	798	943	722	61	0	0	0	0
78	0	0	797	941	723	65	0	0	0	0
79	0	0	796	939	725	76	0	0	0	0
80	0	0	792	936	728	82	0	0	0	0
81	0	0	793	934	731	76	0	0	0	0
82	0	0	792	931	733	73	0	0	0	0
83	0	0	792	930	734	57	0	0	0	0
84	0	0	791	928	736	29	0	0	0	0
85	0	0	790	927	737	16	0	0	0	0
86	0	0	789	924	737	11	0	0	0	0
87	0	0	788	922	738	24	0	0	0	0
88	0	0	788	919	739	32	0	0	0	0
89	0	0	787	917	740	34	0	0	0	0
90	0	0	786	914	740	47	0	0	0	0
91	0	0	785	912	738	65	0	0	0	0
92	0	0	786	912	739	76	0	0	0	0
93	0	0	784	910	737	82	0	0	0	0
94	0	0	785	908	737	81	0	0	0	0
95	0	0	783	908	737	75	0	0	0	0
96	0	0	783	906	735	76	0	0	0	0
97	0	0	783	905	735	86	0	0	0	0
98	0	0	780	903	734	85	0	0	0	0
99	0	0	778	902	733	86	0	0	0	0
100	0	0	779	901	733	84	0	0	0	0
101	0	0	779	899	732	84	0	0	0	0
102	0	0	781	897	732	87	0	0	0	0
103	0	0	780	894	731	85	0	0	0	0
104	0	0	780	890	730	81	0	0	0	0
105	0	0	779	889	730	78	0	0	0	0
106	0	0	779	886	731	77	0	0	0	0
107	0	0	780	884	731	74	0	0	0	0
108	0	0	780	881	732	75	0	0	0	0
109	0	0	781	879	733	70	0	0	0	0
110	0	0	780	877	733	71	0	0	0	0
111	0	0	780	875	733	71	0	0	0	0
112	0	0	780	870	733	67	0	0	0	0
113	0	0	782	865	734	72	0	0	0	0
114	0	0	783	859	737	79	0	0	0	0
115	0	0	784	851	740	80	0	0	0	0
116	0	0	782	846	743	82	0	0	0	0
117	0	0	782	841	743	85	0	0	0	0
118	0	0	782	841	741	78	0	0	0	0
119	0	0	780	841	738	80	0	0	0	0
120	0	0	781	841	735	80	0	0	0	0
121	0	0	782	838	733	85	0	0	0	0
122	0	0	783	835	733	95	0	0	0	0
123	0	0	783	829	735	92	0	0	0	0
124	0	0	783	825	736	90	0	0	0	0
125	0	0	783	822	736	88	0	0	0	0
126	0	0	784	820	736	87	0	0	0	0
127	0	0	784	818	737	83	0	0	0	0
0	0	0	784	813	738	79	0	0	0	0
1	0	0	785	810	740	77	0	0	0	0
2	0	0	785	806	741	74	0	0	0	0
3	0	0	786	802	742	60	0	0	0	0
4	0	0	786	800	742	53	0	0	0	0
5	0	0	786	796	745	55	0	0	0	0
6	0	0	788	794	747	62	0	0	0	0
7	0	0	789	792	748	76	0	0	0	0
8	0	0	789	789	749	81	0	0	0	0
9	0	0	789	787	750	89	0	0	0	0
10	0	0	790	785	751	90	0	0	0	0
11	0	0	791	781	753	89	0	0	0	0
12	0	0	791	780	754	84	0	0	0	0
13	0	0	790	778	755	85	0	0	0	0
14	0	0	789	776	755	83	0	0	0	0
15	0	0	788	775	756	71	0	0	0	0
16	0	0	789	773	758	64	0	0	0	0
17	0	0	788	770	759	65	0	0	0	0
18	0	0	787	769	760	70	0	0	0	0
19	0	0	784	766	761	65	0	0	0	0
20	0	0	787	766	762	57	0	0	0	0
21	0	0	786	763	764	53	0	0	0	0
22	0	0	785	763	765	62	0	0	0	0
23	0	0	783	761	765	66	0	0	0	0
24	0	0	781	760	766	60	0	0	0	0
25	0	0	781	758	767	57	0	0	0	0
26	0	0	781	756	769	63	0	0	0	0
27	0	0	780	756	770	65	0	0	0	0
28	0	0	778	755	770	62	0	0	0	0
29	0	0	778	753	772	86	0	0	0	0
30	0	0	779	750	773	83	0	0	0	0
31	0	0	778	748	775	87	0	0	0	0
32	0	0	779	747	777	89	0	0	0	0
33	0	0	778	745	778	81	0	0	0	0
34	0	0	777	746	780	89	0	0	0	0
35	0	0	778	745	781	93	0	0	0	0
36	0	0	778	740	781	78	0	0	0	0
37	0	0	780	740	782	79	0	0	0	0
38	0	0	778	738	782	77	0	0	0	0
39	0	0	777	737	782	44	0	0	0	0
40	0	0	778	736	783	60	0	0	0	0
41	0	0	777	736	783	53	0	0	0	0
42	0	0	777	735	784	55	0	0	0	0
43	0	0	778	733	786	53	0	0	0	0
44	0	0	779	732	788	54	0	0	0	0
45	0	0	778	731	790	64	0	0	0	0
46	0	0	780	729	792	59	0	0	0	0
47	0	0	781	730	794	77	0	0	0	0
48	0	0	781	729	795	81	0	0	0	0
49	0	0	781	728	797	66	0	0	0	0
50	0	0	783	725	799	71	0	0	0	0
51	0	0	784	726	801	91	0	0	0	0
52	0	0	784	726	803	76	0	0	0	0
53	0	0	784	724	804	36	0	0	0	0
54	0	0	784	725	804	29	0	0	0	0
55	0	0	784	725	804	31	0	0	0	0
56	0	0	782	726	805	37	0	0	0	0
57	0	0	784	728	806	57	0	0	0	0
58	0	0	783	730	806	27	0	0	0	0
59	0	0	783	733	807	34	0	0	0	0
60	0	0	783	736	807	50	0	0	0	0
61	0	0	783	738	807	47	0	0	0	0
62	0	0	782	739	808	32	0	0	0	0
63	0	0	783	741	807	43	0	0	0	0
64	0	0	782	742	806	51	0	0	0	0
65	0	0	781	744	806	23	0	0	0	0
66	0	0	782	747	806	28	0	0	0	0
67	0	0	783	749	806	29	0	0	0	0
68	0	0	784	751	805	52	0	0	0	0
69	0	0	785	753	805	62	0	0	0	0
70	0	0	786	753	805	62	0	0	0	0
71	0	0	787	753	805	61	0	0	0	0
72	0	0	788	756	805	56	0	0	0	0
73	0	0	788	758	805	57	0	0	0	0
74	0	0	790	758	805	65	0	0	0	0
75	0	0	791	759	802	65	0	0	0	0
76	0	0	792	760	803	38	0	0	0	0
77	0	0	791	762	803	48	0	0	0	0
78	0	0	791	761	801	45	0	0	0	0
79	0	0	790	763	801	48	0	0	0	0
80	0	0	793	764	800	45	0	0	0	0
81	0	0	793	765	800	46	0	0	0	0
82	0	0	792	766	798	49	0	0	0	0
83	0	0	792	767	797	17	0	0	0	0
84	0	0	793	767	795	27	0	0	0	0
85	0	0	793	768	796	44	0	0	0	0
86	0	0	794	768	794	53	0	0	0	0
87	0	0	794	770	793	45	0	0	0	0
88	0	0	795	770	791	51	0	0	0	0
89	0	0	795	770	790	50	0	0	0	0
90	0	0	797	770	790	52	0	0	0	0
91	0	0	799	769	789	31	0	0	0	0
92	0	0	798	771	788	32	0	0	0	0
93	0	0	799	770	787	32	0	0	0	0
94	0	0	800	770	787	36	0	0	0	0
95	0	0	802	770	785	37	0	0	0	0
96	0	0	801	770	785	30	0	0	0	0
97	0	0	803	769	784	24	0	0	0	0
98	0	0	803	770	783	31	0	0	0	0
99	0	0	803	768	782	31	0	0	0	0
100	0	0	803	767	781	23	0	0	0	0
101	0	0	805	768	781	23	0	0	0	0
102	0	0	805	768	780	34	0	0	0	0
103	0	0	806	767	780	39	0	0	0	0
104	0	0	806	767	779	38	0	0	0	0
105	0	0	807	767	777	30	0	0	0	0
106	0	0	808	767	777	30	0	0	0	0
107	0	0	810	766	777	33	0	0	0	0
108	0	0	810	765	777	37	0	0	0	0
109	0	0	811	765	776	35	0	0	0	0
110	0	0	813	765	775	33	0	0	0	0
111	0	0	814	765	774	37	0	0	0	0
112	0	0	815	764	774	35	0	0	0	0
113	0	0	815	764	773	33	0	0	0	0
114	0	0	816	764	772	37	0	0	0	0
115	0	0	819	764	772	45	0	0	0	0
116	0	0	820	763	771	54	0	0	0	0
117	0	0	821	763	769	49	0	0	0	0
118	0	0	821	763	768	45	0	0	0	0
119	0	0	822	764	768	31	0	0	0	0
120	0	0	824	762	767	32	0	0	0	0
121	0	0	825	763	767	39	0	0	0	0
122	0	0	825	763	766	41	0	0	0	0
123	0	0	825	763	765	40	0	0	0	0
124	0	0	827	763	766	45	0	0	0	0
125	0	0	829	762	765	42	0	0	0	0
126	0	0	829	763	763	39	0	0	0	0
127	0	0	829	763	763	45	0	0	0	0
0	0	0	831	764	763	47	0	0	0	0
1	0	0	830	764	762	51	0	0	0	0
2	0	0	830	765	761	48	0	0	0	0
3	0	0	831	765	760	49	0	0	0	0
4	0	0	830	765	760	43	0	0	0	0
5	0	0	831	766	761	46	0	0	0	0
6	0	0	831	766	760	53	0	0	0	0
7	0	0	830	765	760	47	0	0	0	0
8	0	0	829	766	759	46	0	0	0	0
9	0	0	829	767	760	38	0	0	0	0
10	0	0	827	768	759	36	0	0	0	0
11	0	0	826	768	760	39	0	0	0	0
12	0	0	826	768	760	44	0	0	0	0
13	0	0	826	768	760	42	0	0	0	0
14	0	0	825	769	759	45	0	0	0	0
15	0	0	823	769	760	46	0	0	0	0
16	0	0	822	770	761	34	0	0	0	0
17	0	0	823	770	760	42	0	0	0	0
18	0	0	822	769	761	47	0	0	0	0
19	0	0	821	771	761	45	0	0	0	0
20	0	0	820	772	761	46	0	0	0	0
21	0	0	819	772	760	43	0	0	0	0
22	0	0	819	773	760	32	0	0	0	0
23	0	0	819	773	762	38	0	0	0	0
24	0	0	817	773	762	38	0	0	0	0
25	0	0	818	774	762	49	0	0	0	0
26	0	0	816	776	761	53	0	0	0	0
27	0	0	815	774	762	49	0	0	0	0
28	0	0	814	775	763	47	0	0	0	0
29	0	0	813	777	763	47	0	0	0	0
30	0	0	814	778	762	47	0	0	0	0
31	0	0	814	779	762	16	0	0	0	0
32	0	0	811	779	762	43	0	0	0	0
33	0	0	810	781	761	40	0	0	0	0
34	0	0	809	782	762	30	0	0	0	0
35	0	0	807	782	762	34	0	0	0	0
36	0	0	806	781	762	37	0	0	0	0
37	0	0	805	784	762	27	0	0	0	0
38	0	0	804	784	761	35	0	0	0	0
39	0	0	802	785	761	43	0	0	0	0
40	0	0	800	787	761	40	0	0	0	0
41	0	0	800	787	761	34	0	0	0	0
42	0	0	799	788	762	29	0	0	0	0
43	0	0	798	789	762	40	0	0	0	0
44	0	0	798	789	762	31	0	0	0	0
45	0	0	798	790	762	28	0	0	0	0
46	0	0	798	791	762	36	0	0	0	0
47	0	0	797	790	762	26	0	0	0	0
48	0	0	796	791	763	25	0	0	0	0
49	0	0	796	791	763	27	0	0	0	0
50	0	0	797	791	763	11	0	0	0	0
51	0	0	797	791	763	5	0	0	0	0
52	0	0	796	792	764	8	0	0	0	0
53	0	0	798	793	763	1	0	0	0	0
54	0	0	798	793	763	3	0	0	0	0
55	0	0	800	793	764	9	0	0	0	0
56	0	0	799	793	764	10	0	0	0	0
57	0	0	800	793	764	11	0	0	0	0
58	0	0	801	793	764	15	0	0	0	0
59	0	0	800	794	765	19	0	0	0	0
60	0	0	801	792	764	26	0	0	0	0
61	0	0	802	793	764	30	0	0	0	0
62	0	0	803	792	764	32	0	0	0	0
63	0	0	802	792	764	35	0	0	0	0
64	0	0	802	792	765	29	0	0	0	0
65	0	0	802	792	765	32	0	0	0	0
66	0	0	802	793	765	28	0	0	0	0
67	0	0	801	792	764	23	0	0	0	0
68	0	0	801	792	764	23	0	0	0	0
69	0	0	801	792	765	27	0	0	0	0
70	0	0	801	792	765	18	0	0	0	0
71	0	0	801	792	764	12	0	0	0	0
72	0	0	801	792	765	8	0	0	0	0
73	0	0	800	792	766	15	0	0	0	0
74	0	0	799	792	766	14	0	0	0	0
75	0	0	801	792	767	22	0	0	0	0
76	0	0	800	792	768	18	0	0	0	0
77	0	0	801	792	768	14	0	0	0	0
78	0	0	802	792	768	11	0	0	0	0
79	0	0	801	793	769	0	0	0	0	0
80	0	0	801	793	769	1	0	0	0	0
81	0	0	800	793	768	9	0	0	0	0
82	0	0	800	793	768	10	0	0	0	0
83	0	0	799	793	768	16	0	0	0	0
84	0	0	797	793	769	16	0	0	0	0
85	0	0	795	793	770	2	0	0	0	0
86	0	0	793	794	771	13	0	0	0	0
87	0	0	790	794	772	0	0	0	0	0
88	0	0	788	795	773	29	0	0	0	0
89	0	0	787	796	775	15	0	0	0	0
90	0	0	786	796	777	0	0	0	0	0
91	0	0	785	798	778	0	0	0	0	0
92	0	0	787	799	780	19	0	0	0	0
93	0	0	792	800	780	45	0	0	0	0
94	0	0	797	799	781	93	0	0	0	0
95	0	0	799	799	781	189	0	0	0	0
96	0	0	795	798	783	225	0	0	0	0
97	0	0	790	799	786	299	0	0	0	0
98	0	0	784	800	785	397	0	0	0	0
99	0	0	777	800	788	419	0	0	0	0
100	0	0	770	799	790	441	0	0	0	0
101	0	0	764	797	792	496	0	0	0	0
102	0	0	761	794	791	542	0	0	0	0
103	0	0	760	793	792	622	0	0	0	0
104	0	0	758	791	794	668	0	0	0	0
105	0	0	755	790	796	772	0	0	0	0
106	0	0	754	790	799	794	0	0	0	0
107	0	0	755	790	801	838	0	0	0	0
108	0	0	755	790	804	961	0	0	0	0
109	0	0	755	788	808	991	0	0	0	0
110	0	0	757	789	810	1178	0	0	0	0
111	0	0	755	789	812	1316	0	0	0	0
112	0	0	753	792	814	1311	0	0	0	0
113	0	0	752	794	815	1408	0	0	0	0
114	0	0	750	794	816	1430	0	0	0	0
115	0	0	750	796	817	1551	0	0	0	0
116	0	0	751	798	818	1637	0	0	0	0
117	0	0	749	801	821	1744	0	0	0	0
118	0	0	747	805	824	1792	0	0	0	0
119	0	0	744	809	830	1856	0	0	0	0
120	0	0	739	813	837	1848	0	0	0	0
121	0	0	734	822	845	1891	0	0	0	0
122	0	0	729	833	859	2017	0	0	0	0
123	0	0	722	853	880	2049	0	0	0	0
124	0	0	703	879	904	1942	0	0	0	0
125	0	0	659	910	938	1800	0	0	0	0
126	0	0	586	949	976	1736	0	0	0	0
127	0	0	502	987	1012	1697	0	0	0	0
0	0	0	416	1019	1044	1666	0	0	0	0
1	0	0	330	1041	1077	1621	0	0	0	0
2	0	0	256	1042	1102	1697	0	0	0	0
3	0	0	215	1021	1117	1864	0	0	0	0
4	0	0	242	977	1124	2046	0	0	0	0
5	0	0	335	928	1122	2217	0	0	0	0
6	0	0	448	891	1122	2356	0	0	0	0
7	0	0	538	879	1131	2446	0	0	0	0
8	0	0	582	887	1142	2481	0	0	0	0
9	0	0	595	903	1155	2456	0	0	0	0
10	0	0	587	921	1165	2437	0	0	0	0
11	0	0	570	927	1175	2440	0	0	0	0
12	0	0	565	919	1189	2486	0	0	0	0
13	0	0	590	888	1210	2430	0	0	0	0
14	0	0	623	846	1230	2419	0	0	0	0
15	0	0	658	811	1250	2484	0	0	0	0
16	0	0	690	786	1264	2497	0	0	0	0
17	0	0	712	772	1263	2516	0	0	0	0
18	0	0	730	765	1253	2529	0	0	0	0
19	0	0	754	762	1245	2517	0	0	0	0
20	0	0	785	748	1239	2542	0	0	0	0
21	0	0	834	717	1236	2542	0	0	0	0
22	0	0	895	661	1227	2584	0	0	0	0
23	0	0	957	589	1209	2612	0	0	0	0
24	0	0	1004	508	1177	2633	0	0	0	0
25	0	0	1037	430	1137	2652	0	0	0	0
26	0	0	1058	355	1100	2686	0	0	0	0
27	0	0	1068	288	1060	2688	0	0	0	0
28	0	0	1074	227	1025	2683	0	0	0	0
29	0	0	1087	180	989	2716	0	0	0	0
30	0	0	1089	138	966	2738	0	0	0	0
31	0	0	1113	95	972	2747	0	0	0	0
32	0	0	1152	68	985	2747	0	0	0	0
33	0	0	1181	52	1015	2767	0	0	0	0
34	0	0	1207	41	1049	2778	0	0	0	0
35	0	0	1210	39	1075	2790	0	0	0	0
36	0	0	1183	50	1092	2804	0	0	0	0
37	0	0	1146	74	1100	2817	0	0	0	0
38	0	0	1107	106	1099	2831	0	0	0	0
39	0	0	1064	130	1103	2841	0	0	0	0
40	0	0	1018	151	1106	2844	0	0	0	0
41	0	0	964	169	1103	2843	0	0	0	0
42	0	0	906	183	1101	2840	0	0	0	0
43	0	0	845	195	1101	2846	0	0	0	0
44	0	0	783	205	1109	2853	0	0	0	0
45	0	0	725	212	1118	2855	0	0	0	0
46	0	0	674	213	1129	2864	0	0	0	0
47	0	0	632	216	1152	2864	0	0	0	0
48	0	0	602	215	1171	2858	0	0	0	0
49	0	0	586	218	1190	2852	0	0	0	0
50	0	0	580	221	1214	2848	0	0	0	0
51	0	0	580	221	1235	2834	0	0	0	0
52	0	0	592	220	1256	2829	0	0	0	0
53	0	0	606	218	1268	2820	0	0	0	0
54	0	0	631	217	1278	2825	0	0	0	0
55	0	0	654	220	1282	2811	0	0	0	0
56	0	0	680	227	1282	2810	0	0	0	0
57	0	0	706	233	1285	2805	0	0	0	0
58	0	0	730	243	1286	2798	0	0	0	0
59	0	0	758	255	1285	2794	0	0	0	0
60	0	0	786	269	1286	2784	0	0	0	0
61	0	0	810	285	1281	2777	0	0	0	0
62	0	0	837	304	1276	2763	0	0	0	0
63	0	0	859	324	1268	2760	0	0	0	0
64	0	0	878	342	1259	2759	0	0	0	0
65	0	0	891	363	1248	2751	0	0	0	0
66	0	0	903	382	1236	2742	0	0	0	0
67	0	0	908	398	1224	2741	0	0	0	0
68	0	0	908	411	1213	2731	0	0	0	0
69	0	0	905	423	1202	2721	0	0	0	0
70	0	0	901	432	1189	2715	0	0	0	0
71	0	0	892	444	1172	2705	0	0	0	0
72	0	0	886	453	1159	2694	0	0	0	0
73	0	0	871	460	1145	2684	0	0	0	0
74	0	0	860	467	1131	2684	0	0	0	0
75	0	0	849	474	1119	2685	0	0	0	0
76	0	0	837	479	1105	2674	0	0	0	0
77	0	0	829	484	1092	2663	0	0	0	0
78	0	0	820	490	1078	2648	0	0	0	0
79	0	0	813	496	1064	2651	0	0	0	0
80	0	0	807	499	1053	2650	0	0	0	0
81	0	0	800	500	1042	2643	0	0	0	0
82	0	0	796	502	1032	2639	0	0	0	0
83	0	0	794	505	1021	2635	0	0	0	0
84	0	0	792	509	1009	2632	0	0	0	0
85	0	0	790	515	999	2626	0	0	0	0
86	0	0	790	519	989	2629	0	0	0	0
87	0	0	789	523	979	2627	0	0	0	0
88	0	0	789	526	970	2628	0	0	0	0
89	0	0	790	529	960	2633	0	0	0	0
90	0	0	790	531	949	2631	0	0	0	0
91	0	0	789	536	939	2629	0	0	0	0
92	0	0	789	541	927	2626	0	0	0	0
93	0	0	788	545	915	2626	0	0	0	0
94	0	0	789	549	907	2625	0	0	0	0
95	0	0	789	553	896	2625	0	0	0	0
96	0	0	786	559	885	2621	0	0	0	0
97	0	0	784	562	877	2621	0	0	0	0
98	0	0	782	567	866	2615	0	0	0	0
99	0	0	782	572	858	2608	0	0	0	0
100	0	0	783	574	852	2600	0	0	0	0
101	0	0	785	579	847	2598	0	0	0	0
102	0	0	788	582	840	2597	0	0	0	0
103	0	0	788	585	834	2592	0	0	0	0
104	0	0	794	588	830	2587	0	0	0	0
105	0	0	794	589	826	2579	0	0	0	0
106	0	0	796	593	822	2577	0	0	0	0
107	0	0	801	594	820	2572	0	0	0	0
108	0	0	801	595	819	2567	0	0	0	0
109	0	0	803	597	818	2535	0	0	0	0
110	0	0	804	598	817	2555	0	0	0	0
111	0	0	807	601	816	2554	0	0	0	0
112	0	0	807	602	818	2567	0	0	0	0
113	0	0	810	606	818	2563	0	0	0	0
114	0	0	810	607	821	2547	0	0	0	0
115	0	0	810	608	824	2561	0	0	0	0
116	0	0	811	611	825	2557	0	0	0	0
117	0	0	812	613	828	2556	0	0	0	0
118	0	0	810	616	829	2548	0	0	0	0
119	0	0	808	617	833	2540	0	0	0	0
120	0	0	806	622	835	2544	0	0	0	0
121	0	0	804	624	837	2537	0	0	0	0
122	0	0	802	627	839	2531	0	0	0	0
123	0	0	798	628	840	2528	0	0	0	0
124	0	0	796	629	842	2523	0	0	0	0
125	0	0	792	631	844	2520	0	0	0	0
126	0	0	789	632	846	2519	0	0	0	0
127	0	0	786	631	848	2520	0	0	0	0
0	0	0	783	632	851	2518	0	0	0	0
1	0	0	782	632	852	2513	0	0	0	0
2	0	0	779	632	855	2517	0	0	0	0
3	0	0	778	632	858	2519	0	0	0	0
4	0	0	776	632	862	2515	0	0	0	0
5	0	0	774	631	866	2509	0	0	0	0
6	0	0	772	632	871	2508	0	0	0	0
7	0	0	773	630	874	2503	0	0	0	0
8	0	0	772	630	878	2502	0	0	0	0
9	0	0	772	629	882	2498	0	0	0	0
10	0	0	773	626	887	2494	0	0	0	0
11	0	0	773	626	890	2492	0	0	0	0
12	0	0	773	625	893	2486	0	0	0	0
13	0	0	774	622	897	2486	0	0	0	0
14	0	0	773	621	901	2476	0	0	0	0
15	0	0	774	619	903	2477	0	0	0	0
16	0	0	776	618	907	2462	0	0	0	0
17	0	0	777	616	911	2456	0	0	0	0
18	0	0	776	617	914	2455	0	0	0	0
19	0	0	776	616	917	2449	0	0	0	0
20	0	0	778	615	920	2444	0	0	0	0
21	0	0	780	617	924	2428	0	0	0	0
22	0	0	780	617	928	2428	0	0	0	0
23	0	0	782	617	932	2429	0	0	0	0
24	0	0	783	617	938	2430	0	0	0	0
25	0	0	785	618	941	2422	0	0	0	0
26	0	0	787	619	945	2403	0	0	0	0
27	0	0	789	619	949	2398	0	0	0	0
28	0	0	790	620	952	2389	0	0	0	0
29	0	0	792	619	958	2384	0	0	0	0
30	0	0	793	619	960	2376	0	0	0	0
31	0	0	793	620	964	2370	0	0	0	0
32	0	0	794	621	967	2354	0	0	0	0
33	0	0	796	620	970	2347	0	0	0	0
34	0	0	797	621	973	2326	0	0	0	0
35	0	0	801	621	976	2317	0	0	0	0
36	0	0	801	622	979	2322	0	0	0	0
37	0	0	803	621	980	2312	0	0	0	0
38	0	0	803	622	982	2304	0	0	0	0
39	0	0	804	622	983	2285	0	0	0	0
40	0	0	805	623	984	2286	0	0	0	0
41	0	0	806	623	984	2291	0	0	0	0
42	0	0	806	624	985	2288	0	0	0	0
43	0	0	806	625	985	2282	0	0	0	0
44	0	0	807	625	986	2270	0	0	0	0
45	0	0	806	625	986	2260	0	0	0	0
46	0	0	805	625	984	2247	0	0	0	0
47	0	0	803	627	983	2229	0	0	0	0
48	0	0	802	626	983	2228	0	0	0	0
49	0	0	801	628	981	2218	0	0	0	0
50	0	0	800	630	981	2203	0	0	0	0
51	0	0	798	629	981	2196	0	0	0	0
52	0	0	796	631	980	2179	0	0	0	0
53	0	0	794	631	979	2171	0	0	0	0
54	0	0	792	631	978	2148	0	0	0	0
55	0	0	789	631	977	2133	0	0	0	0
56	0	0	788	633	976	2106	0	0	0	0
57	0	0	787	635	975	2085	0	0	0	0
58	0	0	786	635	974	2072	0	0	0	0
59	0	0	785	637	972	2049	0	0	0	0
60	0	0	784	637	971	2037	0	0	0	0
61	0	0	782	638	969	1991	0	0	0	0
62	0	0	781	640	968	1975	0	0	0	0
63	0	0	780	641	967	1959	0	0	0	0
64	0	0	779	642	966	1935	0	0	0	0
65	0	0	779	644	963	1912	0	0	0	0
66	0	0	778	646	963	1901	0	0	0	0
67	0	0	777	647	961	1895	0	0	0	0
68	0	0	775	650	958	1886	0	0	0	0
69	0	0	774	653	955	1884	0	0	0	0
70	0	0	775	654	954	1857	0	0	0	0
71	0	0	776	655	953	1838	0	0	0	0
72	0	0	774	659	950	1823	0	2	0	0
73	0	0	774	661	947	1815	0	0	0	0
74	0	0	775	665	944	1809	0	0	0	0
75	0	0	775	667	942	1784	0	0	0	0
76	0	0	775	668	939	1749	0	0	0	0
77	0	0	775	671	936	1717	0	0	0	0
78	0	0	774	675	934	1706	0	0	0	0
79	0	0	776	678	930	1704	0	0	0	0
80	0	0	775	682	926	1675	0	0	0	0
81	0	0	776	683	922	1634	0	0	0	0
82	0	0	777	687	917	1629	0	0	0	0
83	0	0	776	689	913	1603	0	0	0	0
84	0	0	776	689	909	1563	0	0	0	0
85	0	0	778	690	906	1542	0	0	0	0
86	0	0	779	692	902	1480	0	0	0	0
87	0	0	780	695	898	1483	0	0	0	0
88	0	0	780	694	896	1466	0	0	0	0
89	0	0	781	696	891	1488	0	0	0	0
90	0	0	782	698	887	1447	0	0	0	0
91	0	0	783	700	883	1459	0	0	0	0
92	0	0	783	701	879	1455	0	0	0	0
93	0	0	784	702	874	1395	0	0	0	0
94	0	0	786	701	871	1373	0	0	0	0
95	0	0	788	701	866	1347	0	0	0	0
96	0	0	787	702	862	1308	0	0	0	0
97	0	0	788	702	859	1289	0	0	0	0
98	0	0	789	702	854	1274	0	0	0	0
99	0	0	790	704	851	1249	0	0	0	0
100	0	0	789	702	849	1256	0	0	0	0
101	0	0	790	704	845	1288	0	0	0	0
102	0	0	789	705	843	1248	0	0	0	0
103	0	0	789	703	840	1212	0	0	0	0
104	0	0	789	703	837	1187	0	0	0	0
105	0	0	786	704	835	1132	0	0	0	0
106	0	0	789	707	831	1099	0	0	0	0
107	0	0	786	706	829	1107	0	0	0	0
108	0	0	786	706	827	1101	0	0	0	0
109	0	0	786	707	826	1080	0	0	0	0
110	0	0	785	707	824	1072	0	0	0	0
111	0	0	785	708	822	1062	0	0	0	0
112	0	0	785	709	820	1036	0	0	0	0
113	0	0	784	709	819	1013	0	0	0	0
114	0	0	784	710	816	980	0	0	0	0
115	0	0	784	709	814	923	0	0	0	0
116	0	0	783	710	813	926	0	0	0	0
117	0	0	785	711	812	939	0	0	0	0
118	0	0	784	711	810	919	0	0	0	0
119	0	0	783	713	810	870	0	0	0	0
120	0	0	782	712	808	845	0	0	0	0
121	0	0	783	713	806	844	0	0	0	0
122	0	0	782	714	805	848	0	0	0	0
123	0	0	783	716	803	862	0	0	0	0
124	0	0	781	716	803	870	0	0	0	0
125	0	0	781	717	801	849	0	0	0	0
126	0	0	781	719	800	819	0	0	0	0
127	0	0	779	721	798	834	0	0	0	0
0	0	0	780	722	797	879	0	0	0	0
1	0	0	779	724	795	854	0	0	0	0
2	0	0	777	724	796	849	0	0	0	0
3	0	0	777	727	793	857	0	0	0	0
4	0	0	776	729	792	850	0	0	0	0
5	0	0	775	732	791	804	0	0	0	0
6	0	0	775	732	790	788	0	0	0	0
7	0	0	775	734	790	792	0	0	0	0
8	0	0	775	736	788	780	0	0	0	0
9	0	0	776	738	788	764	0	0	0	0
10	0	0	776	739	787	753	0	0	0	0
11	0	0	775	741	787	754	0	0	0	0
12	0	0	776	743	786	747	0	0	0	0
13	0	0	775	744	784	752	0	0	0	0
14	0	0	776	745	785	746	0	0	0	0
15	0	0	775	746	783	742	0	0	0	0
16	0	0	775	748	782	741	0	0	0	0
17	0	0	776	748	783	753	0	0	0	0
18	0	0	777	750	782	749	0	0	0	0
19	0	0	779	752	782	740	0	0	0	0
20	0	0	780	751	781	730	0	0	0	0
21	0	0	781	754	781	726	0	0	0	0
22	0	0	781	754	781	714	0	0	0	0
23	0	0	781	753	780	716	0	0	0	0
24	0	0	782	754	780	715	0	0	0	0
25	0	0	782	754	779	712	0	0	0	0
26	0	0	782	755	779	707	0	0	0	0
27	0	0	782	756	779	704	0	0	0	0
28	0	0	782	757	778	702	0	0	0	0
29	0	0	782	758	779	714	0	0	0	0
30	0	0	781	756	779	708	0	0	0	0
31	0	0	783	758	779	710	0	0	0	0
32	0	0	783	757	779	714	0	0	0	0
33	0	0	783	757	780	718	0	0	0	0
34	0	0	783	758	780	723	0	0	0	0
35	0	0	784	758	781	723	0	0	0	0
36	0	0	784	759	781	724	0	0	0	0
37	0	0	783	758	782	721	0	0	0	0
38	0	0	782	759	782	717	0	0	0	0
39	0	0	783	759	782	716	0	0	0	0
40	0	0	783	759	782	716	0	0	0	0
41	0	0	784	760	782	717	0	0	0	0
42	0	0	784	760	783	723	0	0	0	0
43	0	0	785	760	783	723	0	0	0	0
44	0	0	785	760	783	723	0	0	0	0
45	0	0	785	760	784	723	0	0	0	0
46	0	0	786	759	785	720	0	0	0	0
47	0	0	787	759	786	711	0	0	0	0
48	0	0	786	759	786	700	0	0	0	0
49	0	0	787	759	787	699	0	0	0	0
50	0	0	789	758	787	699	0	0	0	0
51	0	0	788	758	789	697	0	0	0	0
52	0	0	789	757	789	703	0	0	0	0
53	0	0	790	757	789	701	0	0	0	0
54	0	0	791	756	791	700	0	0	0	0
55	0	0	791	755	791	701	0	0	0	0
56	0	0	791	755	792	703	0	0	0	0
57	0	0	791	754	793	699	0	0	0	0
58	0	0	791	754	795	694	0	0	0	0
59	0	0	791	753	796	698	0	0	0	0
60	0	0	792	751	797	699	0	0	0	0
61	0	0	793	751	799	699	0	0	0	0
62	0	0	793	750	799	702	0	0	0	0
63	0	0	793	748	801	717	0	0	0	0
64	0	0	793	749	803	719	0	0	0	0
65	0	0	792	746	803	719	0	0	0	0
66	0	0	793	746	806	710	0	0	0	0
67	0	0	792	744	806	710	0	0	0	0
68	0	0	791	744	808	712	0	0	0	0
69	0	0	791	743	809	717	0	0	0	0
70	0	0	790	741	811	720	0	0	0	0
71	0	0	790	741	812	719	0	0	0	0
72	0	0	790	741	814	719	0	0	0	0
73	0	0	790	739	816	715	0	0	0	0
74	0	0	790	739	818	719	0	0	0	0
75	0	0	789	737	820	716	0	0	0	0
76	0	0	788	736	822	717	0	0	0	0
77	0	0	789	735	824	716	0	0	0	0
78	0	0	789	734	825	717	0	0	0	0
79	0	0	789	733	827	717	0	0	0	0
80	0	0	788	730	829	714	0	0	0	0
81	0	0	787	730	831	715	0	0	0	0
82	0	0	788	728	831	717	0	0	0	0
83	0	0	787	727	832	717	0	0	0	0
84	0	0	787	725	834	715	0	0	0	0
85	0	0	786	723	834	711	0	0	0	0
86	0	0	785	723	836	714	0	0	0	0
87	0	0	785	721	838	708	0	0	0	0
88	0	0	785	719	840	708	0	0	0	0
89	0	0	784	717	841	702	0	0	0	0
90	0	0	783	716	843	703	0	0	0	0
91	0	0	781	715	844	708	0	0	0	0
92	0	0	780	713	846	719	0	0	0	0
93	0	0	781	713	847	721	0	0	0	0
94	0	0	781	710	849	728	0	0	0	0
95	0	0	781	709	851	730	0	0	0	0
96	0	0	780	708	854	729	0	0	0	0
97	0	0	780	705	856	729	0	0	0	0
98	0	0	779	704	857	728	0	0	0	0
99	0	0	779	703	859	729	0	0	0	0
100	0	0	779	701	862	727	0	0	0	0
101	0	0	777	699	863	723	0	0	0	0
102	0	0	776	698	866	721	0	0	0	0
103	0	0	776	697	868	719	0	0	0	0
104	0	0	774	695	869	718	0	0	0	0
105	0	0	774	694	873	722	0	0	0	0
106	0	0	774	692	876	724	0	0	0	0
107	0	0	773	690	878	718	0	0	0	0
108	0	0	770	689	880	714	0	0	0	0
109	0	0	770	687	882	711	0	0	0	0
110	0	0	770	685	884	711	0	0	0	0
111	0	0	768	684	887	715	0	0	0	0
112	0	0	768	683	889	717	0	0	0	0
113	0	0	768	681	892	723	0	0	0	0
114	0	0	767	680	895	731	0	0	0	0
115	0	0	767	678	896	747	0	0	0	0
116	0	0	767	676	898	745	0	0	0	0
117	0	0	767	674	900	751	0	0	0	0
118	0	0	766	672	903	753	0	0	0	0
119	0	0	767	670	904	757	0	0	0	0
120	0	0	766	668	906	755	0	0	0	0
121	0	0	767	667	908	760	0	0	0	0
122	0	0	767	666	909	767	0	0	0	0
123	0	0	767	665	911	765	0	0	0	0
124	0	0	766	663	912	767	0	0	0	0
125	0	0	767	663	913	771	0	0	0	0
126	0	0	767	661	914	768	0	0	0	0
127	0	0	767	660	915	767	0	0	0	0
0	0	0	767	659	916	764	0	0	0	0
1	0	0	766	658	917	755	0	0	0	0
2	0	0	767	656	917	756	0	0	0	0
3	0	0	769	655	918	757	0	0	0	0
4	0	0	767	655	918	760	0	0	0	0
5	0	0	769	654	918	764	0	0	0	0
6	0	0	770	653	918	770	0	0	0	0
7	0	0	769	652	917	766	0	0	0	0
8	0	0	769	651	918	769	0	0	0	0
9	0	0	768	651	917	769	0	0	0	0
10	0	0	769	650	917	775	0	0	0	0
11	0	0	769	649	917	773	0	0	0	0
12	0	0	769	649	918	774	0	0	0	0
13	0	0	768	649	917	776	0	0	0	0
14	0	0	767	648	917	780	0	0	0	0
15	0	0	766	648	917	781	0	0	0	0
16	0	0	767	649	917	780	0	0	0	0
17	0	0	766	648	916	782	0	0	0	0
18	0	0	766	648	917	787	0	0	0	0
19	0	0	767	648	915	787	0	0	0	0
20	0	0	767	649	914	810	0	0	0	0
21	0	0	767	647	915	809	0	0	0	0
22	0	0	768	648	915	808	0	0	0	0
23	0	0	766	648	914	811	0	0	0	0
24	0	0	766	648	912	818	0	0	0	0
25	0	0	765	647	914	817	0	0	0	0
26	0	0	766	647	912	819	0	0	0	0
27	0	0	767	648	911	818	0	0	0	0
28	0	0	768	649	910	821	0	0	0	0
29	0	0	769	649	908	816	0	0	0	0
30	0	0	767	648	909	817	0	0	0	0
31	0	0	768	650	908	817	0	0	0	0
32	0	0	769	648	908	833	0	0	0	0
33	0	0	768	650	907	824	0	0	0	0
34	0	0	767	650	905	826	0	0	0	0
35	0	0	767	652	904	838	0	0	0	0
36	0	0	767	655	905	840	0	0	0	0
37	0	0	769	653	904	837	0	0	0	0
38	0	0	767	653	903	842	0	0	0	0
39	0	0	769	655	902	870	0	0	0	0
40	0	0	768	656	901	877	0	0	0	0
41	0	0	770	655	901	894	0	0	0	0
42	0	0	770	656	898	889	0	0	0	0
43	0	0	770	659	898	897	0	0	0	0
44	0	0	770	658	897	893	0	0	0	0
45	0	0	770	661	895	898	0	0	0	0
46	0	0	770	661	895	893	0	0	0	0
47	0	0	772	661	895	899	0	0	0	0
48	0	0	773	662	893	902	0	0	0	0
49	0	0	772	663	892	906	0	0	0	0
50	0	0	774	666	891	912	0	0	0	0
51	0	0	774	667	889	920	0	0	0	0
52	0	0	776	668	889	926	0	0	0	0
53	0	0	777	669	887	926	0	0	0	0
54	0	0	778	672	886	923	0	0	0	0
55	0	0	780	672	886	944	0	0	0	0
56	0	0	781	673	885	946	0	0	0	0
57	0	0	783	674	884	937	0	0	0	0
58	0	0	782	675	882	942	0	0	0	0
59	0	0	783	677	882	944	0	0	0	0
60	0	0	784	678	881	943	0	0	0	0
61	0	0	784	678	880	956	0	0	0	0
62	0	0	784	679	879	961	0	0	0	0
63	0	0	785	681	879	964	0	0	0	0
64	0	0	784	681	878	969	0	0	0	0
65	0	0	786	682	878	978	0	0	0	0
66	0	0	786	683	878	982	0	0	0	0
67	0	0	787	684	875	992	0	0	0	0
68	0	0	787	685	874	993	0	0	0	0
69	0	0	790	687	874	993	0	0	0	0
70	0	0	790	687	872	996	0	0	0	0
71	0	0	791	684	873	1005	0	0	0	0
72	0	0	792	690	871	1011	0	0	0	0
73	0	0	791	690	870	1021	0	0	0	0
74	0	0	792	691	869	1033	0	0	0	0
75	0	0	793	692	869	1054	0	0	0	0
76	0	0	793	692	869	1069	0	0	0	0
77	0	0	794	692	869	1081	0	0	0	0
78	0	0	792	693	868	1072	0	0	0	0
79	0	0	793	695	868	1075	0	0	0	0
80	0	0	794	696	867	1081	0	0	0	0
81	0	0	793	698	867	1089	0	0	0	0
82	0	0	791	698	867	1093	0	0	0	0
83	0	0	790	698	866	1101	0	0	0	0
84	0	0	792	698	866	1105	0	0	0	0
85	0	0	790	698	867	1106	0	0	0	0
86	0	0	790	698	866	1107	0	0	0	0
87	0	0	793	700	865	1103	0	0	0	0
88	0	0	793	700	864	1091	0	0	0	0
89	0	0	793	699	864	1084	0	0	0	0
90	0	0	791	701	863	1089	0	0	0	0
91	0	0	790	701	862	1095	0	0	0	0
92	0	0	790	701	862	1092	0	0	0	0
93	0	0	788	700	861	1094	0	0	0	0
94	0	0	789	700	862	1095	0	0	0	0
95	0	0	788	701	861	1096	0	0	0	0
96	0	0	787	701	861	1096	0	0	0	0
97	0	0	787	700	861	1094	0	0	0	0
98	0	0	785	699	861	1099	0	0	0	0
99	0	0	785	697	861	1098	0	0	0	0
100	0	0	785	699	861	1098	0	0	0	0
101	0	0	784	698	861	1095	0	0	0	0
102	0	0	785	697	861	1094	0	0	0	0
103	0	0	785	696	861	1096	0	0	0	0
104	0	0	786	697	860	1098	0	0	0	0
105	0	0	784	697	860	1100	0	0	0	0
106	0	0	784	695	862	1101	0	0	0	0
107	0	0	783	695	860	1103	0	0	0	0
108	0	0	782	695	859	1101	0	0	0	0
109	0	0	782	695	861	1103	0	0	0	0
110	0	0	782	695	859	1102	0	0	0	0
111	0	0	781	693	860	1104	0	0	0	0
112	0	0	779	693	860	1103	0	0	0	0
113	0	0	779	693	860	1101	0	0	0	0
114	0	0	779	693	860	1103	0	0	0	0
115	0	0	777	692	861	1107	0	0	0	0
116	0	0	777	691	862	1107	0	0	0	0
117	0	0	776	691	861	1104	0	0	0	0
118	0	0	777	691	862	1105	0	0	0	0
119	0	0	778	689	861	1105	0	0	0	0
120	0	0	777	689	862	1102	0	0	0	0
121	0	0	776	689	862	1101	0	0	0	0
122	0	0	776	689	862	1103	0	0	0	0
123	0	0	775	688	863	1100	0	0	0	0
124	0	0	775	687	863	1091	0	0	0	0
125	0	0	775	687	864	1093	0	0	0	0
126	0	0	775	687	865	1094	0	0	0	0
127	0	0	775	687	865	1096	0	0	0	0
0	0	0	775	686	866	1094	0	0	0	0
1	0	0	774	685	866	1096	0	0	0	0
2	0	0	775	685	867	1097	0	0	0	0
3	0	0	775	685	867	1098	0	0	0	0
4	0	0	775	685	867	1099	0	0	0	0
5	0	0	775	683	869	1098	0	0	0	0
6	0	0	778	685	868	1102	0	0	0	0
7	0	0	774	684	869	1101	0	0	0	0
8	0	0	775	684	870	1102	0	0	0	0
9	0	0	776	683	870	1101	0	0	0	0
10	0	0	776	684	871	1100	0	0	0	0
11	0	0	776	684	872	1100	0	0	0	0
12	0	0	775	683	873	1101	0	0	0	0
13	0	0	776	684	872	1099	0	0	0	0
14	0	0	776	683	874	1097	0	0	0	0
15	0	0	774	683	874	1100	0	0	0	0
16	0	0	774	682	876	1099	0	0	0	0
17	0	0	773	682	876	1098	0	0	0	0
18	0	0	774	682	876	1099	0	0	0	0
19	0	0	774	682	877	1099	0	0	0	0
20	0	0	774	683	877	1103	0	0	0	0
21	0	0	775	682	879	1104	0	0	0	0
22	0	0	776	683	879	1104	0	0	0	0
23	0	0	774	682	882	1099	0	0	0	0
24	0	0	775	682	880	1099	0	0	0	0
25	0	0	776	684	881	1100	0	0	0	0
26	0	0	774	683	880	1103	0	0	0	0
27	0	0	775	683	882	1104	0	0	0	0
28	0	0	774	683	884	1109	0	0	0	0
29	0	0	774	684	884	1113	0	0	0	0
30	0	0	774	684	884	1115	0	0	0	0
31	0	0	775	684	887	1116	0	0	0	0
32	0	0	776	684	886	1114	0	0	0	0
33	0	0	775	685	888	1117	0	0	0	0
34	0	0	776	684	888	1118	0	0	0	0
35	0	0	777	684	889	1125	0	0	0	0
36	0	0	776	684	889	1128	0	0	0	0
37	0	0	775	684	890	1129	0	0	0	0
38	0	0	774	684	890	1137	0	0	0	0
39	0	0	774	683	890	1152	0	0	0	0
40	0	0	774	684	891	1162	0	0	0	0
41	0	0	773	684	891	1167	0	0	0	0
42	0	0	774	684	891	1165	0	0	0	0
43	0	0	773	685	893	1171	0	0	0	0
44	0	0	775	685	893	1175	0	0	0	0
45	0	0	773	685	891	1175	0	0	0	0
46	0	0	775	685	891	1180	0	0	0	0
47	0	0	775	685	893	1185	0	0	0	0
48	0	0	776	685	892	1190	0	0	0	0
49	0	0	775	685	892	1194	0	0	0	0
50	0	0	776	686	891	1195	0	0	0	0
51	0	0	775	686	890	1197	0	0	0	0
52	0	0	776	687	891	1198	0	0	0	0
53	0	0	777	686	890	1198	0	0	0	0
54	0	0	778	686	891	1198	0	0	0	0
55	0	0	778	685	891	1197	0	0	0	0
56	0	0	780	686	890	1203	0	0	0	0
57	0	0	778	686	890	1200	0	0	0	0
58	0	0	780	687	889	1205	0	0	0	0
59	0	0	779	687	890	1206	0	0	0	0
60	0	0	780	687	888	1205	0	0	0	0
61	0	0	780	687	887	1206	0	0	0	0
62	0	0	780	687	886	1209	0	0	0	0
63	0	0	779	687	887	1211	0	0	0	0
64	0	0	779	687	886	1210	0	0	0	0
65	0	0	780	687	886	1212	0	0	0	0
66	0	0	779	687	885	1213	0	0	0	0
67	0	0	780	688	885	1214	0	0	0	0
68	0	0	780	687	885	1211	0	0	0	0
69	0	0	779	688	884	1213	0	0	0	0
70	0	0	779	687	883	1214	0	0	0	0
71	0	0	779	688	882	1215	0	0	0	0
72	0	0	778	688	882	1215	0	0	0	0
73	0	0	778	687	882	1214	0	0	0	0
74	0	0	777	688	881	1218	0	0	0	0
75	0	0	778	688	880	1222	0	0	0	0
76	0	0	780	688	880	1223	0	0	0	0
77	0	0	779	688	879	1226	0	0	0	0
78	0	0	779	687	879	1231	0	0	0	0
79	0	0	779	686	879	1235	0	0	0	0
80	0	0	779	687	878	1232	0	0	0	0
81	0	0	779	686	878	1235	0	0	0	0
82	0	0	778	686	878	1239	0	0	0	0
83	0	0	778	685	878	1245	0	0	0	0
84	0	0	778	684	877	1247	0	0	0	0
85	0	0	778	684	876	1251	0	0	0	0
86	0	0	777	683	876	1251	0	0	0	0
87	0	0	777	682	876	1251	0	0	0	0
88	0	0	778	682	876	1250	0	0	0	0
89	0	0	778	682	875	1253	0	0	0	0
90	0	0	778	681	874	1253	0	0	0	0
91	0	0	778	680	874	1255	0	0	0	0
92	0	0	778	680	874	1253	0	0	0	0
93	0	0	778	681	874	1252	0	0	0	0
94	0	0	778	679	871	1257	0	0	0	0
95	0	0	777	679	873	1257	0	0	0	0
96	0	0	778	679	872	1257	0	0	0	0
97	0	0	777	678	871	1263	0	0	0	0
98	0	0	778	678	870	1264	0	0	0	0
99	0	0	777	679	871	1270	0	0	0	0
100	0	0	776	678	870	1275	0	0	0	0
101	0	0	776	678	871	1278	0	0	0	0
102	0	0	776	678	870	1278	0	0	0	0
103	0	0	776	676	871	1279	0	0	0	0
104	0	0	776	676	871	1281	0	0	0	0
105	0	0	776	676	870	1286	0	0	0	0
106	0	0	776	676	870	1291	0	0	0	0
107	0	0	776	676	872	1295	0	0	0	0
108	0	0	775	676	870	1298	0	0	0	0
109	0	0	776	675	869	1298	0	0	0	0
110	0	0	776	674	870	1300	0	0	0	0
111	0	0	777	675	869	1302	0	0	0	0
112	0	0	777	675	869	1306	0	0	0	0
113	0	0	776	675	870	1307	0	0	0	0
114	0	0	776	674	870	1305	0	0	0	0
115	0	0	775	673	870	1304	0	0	0	0
116	0	0	776	673	870	1302	0	0	0	0
117	0	0	776	673	871	1305	0	0	0	0
118	0	0	776	674	869	1312	0	0	0	0
119	0	0	775	674	868	1313	0	0	0	0
120	0	0	776	673	870	1310	0	0	0	0
121	0	0	776	673	870	1314	0	0	0	0
122	0	0	776	673	870	1311	0	0	0	0
123	0	0	776	673	870	1316	0	0	0	0
124	0	0	776	672	870	1317	0	0	0	0
125	0	0	776	672	870	1319	0	0	0	0
126	0	0	777	673	871	1323	0	0	0	0
127	0	0	775	673	871	1324	0	0	0	0
0	0	0	775	674	871	1323	0	0	0	0
1	0	0	774	674	871	1323	0	0	0	0
2	0	0	775	674	871	1327	0	0	0	0
3	0	0	775	675	872	1321	0	0	0	0
4	0	0	776	674	872	1322	0	0	0	0
5	0	0	776	675	873	1322	0	0	0	0
6	0	0	776	676	872	1322	0	0	0	0
7	0	0	776	676	873	1324	0	0	0	0
8	0	0	776	677	873	1327	0	0	0	0
9	0	0	775	676	872	1325	0	0	0	0
10	0	0	775	676	873	1328	0	0	0	0
11	0	0	776	676	873	1329	0	0	0	0
12	0	0	776	677	874	1325	0	0	0	0
13	0	0	777	677	872	1327	0	0	0	0
14	0	0	778	678	872	1325	0	0	0	0
15	0	0	777	677	873	1328	0	0	0	0
16	0	0	778	679	873	1334	0	0	0	0
17	0	0	778	679	872	1331	0	0	0	0
18	0	0	778	679	872	1336	0	0	0	0
19	0	0	778	679	872	1337	0	0	0	0
20	0	0	778	681	872	1340	0	0	0	0
21	0	0	777	680	872	1339	0	0	0	0
22	0	0	778	681	872	1338	0	0	0	0
23	0	0	777	681	871	1343	0	0	0	0
24	0	0	778	682	872	1347	0	0	0	0
25	0	0	778	682	872	1351	0	0	0	0
26	0	0	778	683	872	1356	0	0	0	0
27	0	0	778	683	872	1357	0	0	0	0
28	0	0	779	683	872	1359	0	0	0	0
29	0	0	781	683	872	1362	0	0	0	0
30	0	0	779	684	872	1365	0	0	1	0
31	0	0	779	683	872	1372	0	0	0	0
32	0	0	779	684	871	1372	0	0	0	0
33	0	0	782	684	872	1372	0	0	0	0
34	0	0	781	684	872	1374	0	0	0	0
35	0	0	781	685	873	1375	0	0	0	0
36	0	0	781	684	873	1376	0	0	0	0
37	0	0	782	684	873	1380	0	0	0	0
38	0	0	783	683	873	1389	0	0	0	0
39	0	0	782	685	872	1387	0	0	0	0
40	0	0	783	685	872	1386	0	0	0	0
41	0	0	784	685	873	1384	0	0	0	0
42	0	0	782	685	872	1387	0	0	0	0
43	0	0	782	685	872	1386	0	0	0	0
44	0	0	782	685	872	1387	0	0	0	0
45	0	0	784	686	872	1386	0	0	0	0
46	0	0	784	686	873	1390	0	0	0	0
47	0	0	783	685	872	1397	0	0	0	0
48	0	0	783	686	872	1401	0	0	0	0
49	0	0	784	685	872	1400	0	0	0	0
50	0	0	784	686	872	1402	0	0	0	0
51	0	0	784	685	872	1405	0	0	0	0
52	0	0	784	686	873	1407	0	0	0	0
53	0	0	784	684	870	1410	0	0	0	0
54	0	0	783	685	872	1413	0	0	0	0
55	0	0	784	686	872	1417	0	0	0	0
56	0	0	784	685	872	1422	0	0	0	0
57	0	0	784	685	872	1428	0	0	0	0
58	0	0	783	686	872	1435	0	0	0	0
59	0	0	784	685	872	1437	0	0	0	0
60	0	0	783	685	872	1441	0	0	0	0
61	0	0	783	685	872	1441	0	0	0	0
62	0	0	781	685	871	1441	0	0	0	0
63	0	0	782	685	872	1444	0	0	0	0
64	0	0	782	685	872	1443	0	0	0	0
65	0	0	782	685	873	1443	0	0	0	0
66	0	0	783	684	872	1445	0	0	0	0
67	0	0	783	685	873	1446	0	0	0	0
68	0	0	782	684	872	1448	0	0	0	0
69	0	0	782	684	872	1450	0	0	0	0
70	0	0	782	684	872	1453	0	0	0	0
71	0	0	782	684	871	1455	0	0	0	0
72	0	0	783	684	871	1457	0	0	0	0
73	0	0	782	681	871	1459	0	0	0	0
74	0	0	782	682	872	1464	0	0	0	0
75	0	0	782	682	871	1470	0	0	0	0
76	0	0	781	681	871	1473	0	0	0	0
77	0	0	782	680	871	1470	0	0	0	0
78	0	0	781	680	872	1471	0	0	0	0
79	0	0	781	680	871	1469	0	0	0	0
80	0	0	781	680	872	1471	0	0	1	0
81	0	0	780	679	871	1472	0	0	0	0
82	0	0	781	680	870	1478	0	0	0	0
83	0	0	780	679	871	1473	0	0	0	0
84	0	0	781	679	872	1476	0	0	0	0
85	0	0	782	679	871	1479	0	0	0	0
86	0	0	781	679	871	1481	0	0	0	0
87	0	0	782	678	871	1482	0	0	0	0
88	0	0	781	678	872	1485	0	0	0	0
89	0	0	782	678	871	1482	0	0	0	0
90	0	0	779	677	872	1481	0	0	0	0
91	0	0	779	677	870	1482	0	0	0	0
92	0	0	778	677	871	1481	0	0	0	0
93	0	0	779	677	871	1485	0	0	0	0
94	0	0	781	677	871	1485	0	0	0	0
95	0	0	779	677	872	1486	0	0	0	0
96	0	0	778	677	872	1484	0	0	0	0
97	0	0	779	677	872	1485	0	0	0	0
98	0	0	779	678	872	1488	0	0	0	0
99	0	0	780	677	873	1487	0	0	0	0
100	0	0	778	676	873	1485	0	0	0	0
101	0	0	778	676	873	1486	0	0	0	0
102	0	0	779	675	874	1485	0	0	0	0
103	0	0	778	675	874	1484	0	0	0	0
104	0	0	779	675	874	1486	0	0	0	0
105	0	0	778	675	875	1487	0	0	0	0
106	0	0	778	675	874	1487	0	0	0	0
107	0	0	779	676	875	1489	0	0	0	0
108	0	0	778	675	875	1490	0	0	0	0
109	0	0	778	675	875	1488	0	0	0	0
110	0	0	779	675	876	1489	0	0	0	0
111	0	0	779	676	876	1492	0	0	0	0
112	0	0	779	676	876	1493	0	0	0	0
113	0	0	779	675	876	1496	0	0	0	0
114	0	0	778	675	877	1496	0	0	0	0
115	0	0	779	675	877	1500	0	0	0	0
116	0	0	779	675	877	1501	0	0	0	0
117	0	0	778	676	877	1501	0	0	0	0
118	0	0	779	676	877	1505	0	0	0	0
119	0	0	778	677	878	1508	0	0	0	0
120	0	0	779	677	878	1508	0	0	0	0
121	0	0	778	676	877	1510	0	0	0	0
122	0	0	781	677	878	1514	0	0	0	0
123	0	0	779	678	878	1510	0	0	0	0
124	0	0	780	678	878	1512	0	0	0	0
125	0	0	780	678	878	1514	0	0	0	0
126	0	0	779	677	877	1515	0	0	0	0
127	0	0	780	677	879	1521	0	0	0	0
0	0	0	778	677	878	1522	0	0	0	0
1	0	0	780	678	879	1525	0	0	0	0
2	0	0	780	678	878	1530	0	0	0	0
3	0	0	779	678	878	1532	0	0	0	0
4	0	0	779	678	879	1537	0	0	0	0
5	0	0	778	678	878	1541	0	0	0	0
6	0	0	777	679	878	1548	0	0	0	0
7	0	0	780	679	879	1552	0	0	0	0
8	0	0	780	678	878	1555	0	0	0	0
9	0	0	780	679	879	1555	0	0	0	0
10	0	0	779	678	879	1558	0	0	0	0
11	0	0	778	679	879	1559	0	0	0	0
12	0	0	778	679	879	1558	0	0	0	0
13	0	0	779	679	879	1557	0	0	0	0
14	0	0	778	679	879	1561	0	0	0	0
15	0	0	779	679	879	1556	0	0	0	0
16	0	0	778	679	877	1559	0	0	0	0
17	0	0	779	680	880	1562	0	0	0	0
18	0	0	778	680	879	1562	0	0	0	0
19	0	0	778	681	879	1570	0	0	0	0
20	0	0	778	682	880	1574	0	0	0	0
21	0	0	778	680	879	1576	0	0	0	0
22	0	0	778	681	879	1578	0	0	0	0
23	0	0	777	681	880	1583	0	0	0	0
24	0	0	778	681	879	1585	0	0	0	0
25	0	0	778	681	878	1586	0	0	0	0
26	0	0	778	681	880	1586	0	0	0	0
27	0	0	778	681	880	1591	0	0	0	0
28	0	0	778	681	879	1590	0	0	0	0
29	0	0	778	682	879	1595	0	0	0	0
30	0	0	777	681	878	1598	0	0	0	0
31	0	0	778	682	879	1599	0	0	0	0
32	0	0	777	682	878	1600	0	0	0	0
33	0	0	778	681	879	1597	0	0	0	0
34	0	0	779	682	878	1599	0	0	0	0
35	0	0	778	682	878	1598	0	0	0	0
36	0	0	778	682	878	1595	0	0	0	0
37	0	0	778	683	878	1593	0	0	0	0
38	0	0	778	682	876	1591	0	0	0	0
39	0	0	779	683	877	1598	0	0	0	0
40	0	0	778	684	877	1603	0	0	0	0
41	0	0	779	683	875	1605	0	0	0	0
42	0	0	780	683	876	1615	0	0	0	0
43	0	0	778	683	874	1622	0	0	0	0
44	0	0	779	684	876	1627	0	0	0	0
45	0	0	777	683	876	1632	0	0	0	0
46	0	0	780	683	876	1631	0	0	0	0
47	0	0	779	683	877	1632	0	0	0	0
48	0	0	778	683	876	1629	0	0	0	0
49	0	0	779	683	877	1631	0	0	0	0
50	0	0	779	683	877	1636	0	0	0	0
51	0	0	780	683	877	1638	0	0	0	0
52	0	0	778	684	876	1639	0	0	0	0
53	0	0	778	684	876	1642	0	0	0	0
54	0	0	777	683	876	1649	0	0	0	0
55	0	0	777	684	876	1650	0	0	0	0
56	0	0	778	684	876	1650	0	0	0	0
57	0	0	778	685	876	1651	0	0	0	0
58	0	0	777	683	876	1649	0	0	0	0
59	0	0	777	683	875	1650	0	0	0	0
60	0	0	776	684	876	1650	0	0	0	0
61	0	0	778	684	876	1668	0	0	0	0
62	0	0	777	685	877	1669	0	0	0	0
63	0	0	777	684	877	1674	0	0	0	0
64	0	0	777	684	877	1675	0	0	0	0
65	0	0	776	684	877	1679	0	0	0	0
66	0	0	777	685	877	1682	0	0	0	0
67	0	0	776	684	877	1686	0	0	0	0
68	0	0	776	685	877	1688	0	0	0	0
69	0	0	777	685	877	1686	0	0	0	0
70	0	0	776	685	877	1688	0	0	0	0
71	0	0	776	685	877	1689	0	0	0	0
72	0	0	777	685	877	1691	0	0	0	0
73	0	0	777	685	876	1690	0	0	0	0
74	0	0	777	685	877	1689	0	0	0	0
75	0	0	776	685	877	1691	0	0	0	0
76	0	0	776	684	877	1691	0	0	0	0
77	0	0	776	685	877	1693	0	0	0	0
78	0	0	777	684	877	1695	0	0	0	0
79	0	0	776	684	877	1698	0	0	0	0
80	0	0	776	684	877	1698	0	0	0	0
81	0	0	777	684	877	1698	0	0	0	0
82	0	0	776	684	877	1701	0	0	0	0
83	0	0	777	684	878	1702	0	0	0	0
84	0	0	777	685	878	1702	0	0	0	0
85	0	0	777	684	877	1705	0	0	0	0
86	0	0	777	684	878	1706	0	0	0	0
87	0	0	777	684	879	1710	0	0	0	0
88	0	0	776	683	878	1708	0	0	0	0
89	0	0	774	684	878	1707	0	0	0	0
90	0	0	776	683	877	1711	0	0	0	0
91	0	0	775	683	878	1716	0	0	0	0
92	0	0	776	684	878	1719	0	0	0	0
93	0	0	776	683	878	1720	0	0	0	0
94	0	0	775	684	878	1717	0	0	0	0
95	0	0	776	683	879	1714	0	0	0	0
96	0	0	776	683	878	1715	0	0	0	0
97	0	0	776	683	879	1711	0	0	0	0
98	0	0	777	684	879	1711	0	0	0	0
99	0	0	776	683	879	1710	0	0	0	0
100	0	0	776	683	878	1711	0	0	0	0
101	0	0	776	682	879	1711	0	0	0	0
102	0	0	776	683	879	1711	0	0	0	0
103	0	0	775	683	878	1714	0	0	0	0
104	0	0	776	684	878	1715	0	0	0	0
105	0	0	776	683	877	1717	0	0	0	0
106	0	0	775	682	878	1716	0	0	0	0
107	0	0	776	684	879	1716	0	0	0	0
108	0	0	777	683	878	1717	0	0	0	0
109	0	0	776	684	879	1717	0	0	0	0
110	0	0	774	685	879	1716	0	0	0	0
111	0	0	776	684	878	1716	0	0	0	0
112	0	0	776	685	878	1715	0	0	0	0
113	0	0	776	685	878	1714	0	0	0	0
114	0	0	776	686	879	1714	0	0	0	0
115	0	0	778	685	878	1713	0	0	0	0
116	0	0	777	686	878	1712	0	0	0	0
117	0	0	777	685	879	1711	0	0	0	0
118	0	0	776	685	879	1712	0	0	0	0
119	0	0	776	686	879	1710	0	0	0	0
120	0	0	776	685	879	1711	0	0	0	0
121	0	0	777	682	880	1711	0	0	0	0
122	0	0	777	684	880	1714	0	0	0	0
123	0	0	777	684	879	1715	0	0	0	0
124	0	0	778	685	879	1717	0	0	0	0
125	0	0	778	684	879	1716	0	0	0	0
126	0	0	779	685	879	1717	0	0	0	0
127	0	0	779	684	880	1717	0	0	0	0
0	0	0	779	685	879	1719	0	0	0	0
1	0	0	780	684	879	1719	0	0	0	0
2	0	0	781	684	880	1723	0	0	0	0
3	0	0	780	685	879	1723	0	0	0	0
4	0	0	780	684	879	1721	0	0	0	0
5	0	0	779	684	879	1717	0	0	0	0
6	0	0	779	684	879	1715	0	0	0	0
7	0	0	780	685	880	1714	0	0	0	0
8	0	0	780	684	880	1713	0	0	0	0
9	0	0	781	686	880	1715	0	0	0	0
10	0	0	780	685	879	1715	0	0	0	0
11	0	0	780	686	880	1717	0	0	0	0
12	0	0	780	685	880	1719	0	0	0	0
13	0	0	780	686	880	1718	0	0	0	0
14	0	0	780	685	880	1720	0	0	0	0
15	0	0	780	685	880	1720	0	0	0	0
16	0	0	781	686	879	1718	0	0	0	0
17	0	0	781	686	879	1718	0	0	0	0
18	0	0	780	685	880	1718	0	0	0	0
19	0	0	781	686	879	1724	0	0	0	0
20	0	0	781	687	879	1722	0	0	0	0
21	0	0	781	686	878	1722	0	0	0	0
22	0	0	781	687	879	1724	0	0	0	0
23	0	0	780	687	879	1724	0	0	0	0
24	0	0	779	686	879	1723	0	0	0	0
25	0	0	779	687	879	1723	0	0	0	0
26	0	0	780	686	879	1723	0	0	0	0
27	0	0	781	685	879	1723	0	0	0	0
28	0	0	780	686	879	1723	0	0	0	0
29	0	0	779	686	880	1723	0	0	0	0
30	0	0	779	686	879	1723	0	0	0	0
31	0	0	780	686	879	1724	0	0	0	0
32	0	0	780	686	879	1725	0	0	0	0
33	0	0	780	686	878	1725	0	0	0	0
34	0	0	779	685	878	1725	0	0	0	0
35	0	0	781	686	877	1726	0	0	0	0
36	0	0	780	685	877	1722	0	0	0	0
37	0	0	779	685	877	1723	0	0	0	0
38	0	0	780	686	877	1723	0	0	0	0
39	0	0	779	686	877	1723	0	0	0	0
40	0	0	779	685	877	1722	0	0	0	0
41	0	0	778	684	877	1723	0	0	0	0
42	0	0	780	684	877	1724	0	0	0	0
43	0	0	780	685	876	1725	0	0	0	0
44	0	0	781	684	876	1725	0	0	0	0
45	0	0	780	684	875	1724	0	0	0	0
46	0	0	779	684	875	1723	0	0	0	0
47	0	0	780	685	876	1723	0	0	0	0
48	0	0	780	684	876	1722	0	0	0	0
49	0	0	781	684	877	1722	0	0	0	0
50	0	0	780	684	876	1723	0	0	0	0
51	0	0	780	684	877	1722	0	0	0	0
52	0	0	780	683	877	1724	0	0	0	0
53	0	0	779	683	877	1725	0	0	0	0
54	0	0	779	684	877	1726	0	0	0	0
55	0	0	780	683	877	1728	0	0	0	0
56	0	0	778	683	877	1728	0	0	0	0
57	0	0	780	683	877	1729	0	0	0	0
58	0	0	780	683	877	1731	0	0	0	0
59	0	0	779	682	877	1731	0	0	0	0
60	0	0	779	682	877	1729	0	0	0	0
61	0	0	778	682	878	1731	0	0	0	0
62	0	0	779	681	877	1736	0	0	0	0
63	0	0	780	682	878	1734	0	0	0	0
64	0	0	778	681	877	1734	0	0	0	0
65	0	0	779	681	877	1734	0	0	0	0
66	0	0	779	682	877	1733	0	0	0	0
67	0	0	779	682	877	1731	0	0	0	0
68	0	0	779	682	877	1732	0	0	0	0
69	0	0	781	681	878	1730	0	0	0	0
70	0	0	779	681	877	1728	0	0	0	0
71	0	0	779	682	876	1725	0	0	0	0
72	0	0	778	682	877	1728	0	0	0	0
73	0	0	779	682	877	1730	0	0	0	0
74	0	0	777	682	878	1729	0	0	0	0
75	0	0	778	682	878	1730	0	0	0	0
76	0	0	778	683	877	1729	0	0	0	0
77	0	0	778	682	877	1729	0	0	0	0
78	0	0	778	684	878	1728	0	0	0	0
79	0	0	778	683	878	1730	0	0	0	0
80	0	0	778	682	877	1729	0	0	0	0
81	0	0	778	683	878	1729	0	0	0	0
82	0	0	776	684	877	1729	0	0	0	0
83	0	0	777	683	879	1729	0	0	0	0
84	0	0	777	683	878	1727	0	0	0	0
85	0	0	776	682	878	1727	0	0	0	0
86	0	0	776	682	878	1726	0	0	0	0
87	0	0	775	682	878	1724	0	0	0	0
88	0	0	777	683	879	1721	0	0	0	0
89	0	0	776	683	879	1719	0	0	0	0
90	0	0	776	683	878	1718	0	0	0	0
91	0	0	776	684	879	1721	0	0	0	0
92	0	0	777	684	879	1719	0	0	0	0
93	0	0	776	684	878	1720	0	0	0	0
94	0	0	775	685	879	1721	0	0	0	0
95	0	0	775	684	879	1720	0	0	0	0
96	0	0	776	684	879	1719	0	0	0	0
97	0	0	776	685	879	1720	0	0	0	0
98	0	0	775	684	879	1720	0	0	0	0
99	0	0	776	684	879	1721	0	0	0	0
100	0	0	775	685	879	1719	0	0	0	0
101	0	0	776	684	879	1720	0	0	0	0
102	0	0	778	684	879	1722	0	0	0	0
103	0	0	778	684	879	1719	0	0	0	0
104	0	0	777	684	879	1719	0	0	0	0
105	0	0	776	684	879	1717	0	0	0	0
106	0	0	777	684	879	1717	0	0	0	0
107	0	0	779	683	879	1716	0	0	0	0
108	0	0	778	684	878	1715	0	0	0	0
109	0	0	778	684	879	1715	0	0	0	0
110	0	0	777	684	879	1714	0	0	0	0
111	0	0	778	685	879	1716	0	0	0	0
112	0	0	777	685	878	1717	0	0	0	0
113	0	0	776	684	878	1714	0	0	0	0
114	0	0	776	683	878	1715	0	0	0	0
115	0	0	776	683	878	1716	0	0	0	0
116	0	0	777	683	878	1716	0	0	0	0
117	0	0	779	683	877	1718	0	0	0	0
118	0	0	778	683	877	1718	0	0	0	0
119	0	0	779	683	877	1717	0	0	0	0
120	0	0	779	682	876	1716	0	0	0	0
121	0	0	778	681	876	1716	0	0	0	0
122	0	0	779	682	878	1717	0	0	0	0
123	0	0	779	682	878	1717	0	0	0	0
124	0	0	778	681	877	1717	0	0	0	0
125	0	0	777	682	877	1716	0	0	0	0
126	0	0	778	682	878	1715	0	0	0	0
127	0	0	778	682	877	1714	0	0	0	0
0	0	0	779	680	877	1714	0	0	0	0
1	0	0	779	680	877	1713	0	0	0	0
2	0	0	778	681	877	1714	0	0	0	0
3	0	0	779	680	877	1714	0	0	0	0
4	0	0	778	681	877	1715	0	0	0	0
5	0	0	778	680	877	1715	0	0	0	0
6	0	0	779	681	876	1716	0	0	0	0
7	0	0	779	681	876	1716	0	0	0	0
8	0	0	779	682	876	1717	0	0	0	0
9	0	0	780	681	877	1718	0	0	0	0
10	0	0	778	683	876	1717	0	0	0	0
11	0	0	778	682	876	1723	0	0	0	0
12	0	0	779	681	876	1720	0	0	0	0
13	0	0	779	682	876	1720	0	0	0	0
14	0	0	779	682	876	1721	0	0	0	0
15	0	0	778	683	877	1720	0	0	0	0
16	0	0	779	682	876	1720	0	0	0	0
17	0	0	779	682	877	1719	0	0	0	0
18	0	0	780	682	876	1719	0	0	0	0
19	0	0	780	682	876	1720	0	0	0	0
20	0	0	780	682	876	1719	0	0	0	0
21	0	0	779	682	876	1718	0	0	0	0
22	0	0	780	682	876	1719	0	0	0	0
23	0	0	779	682	876	1720	0	0	0	0
24	0	0	780	682	876	1720	0	0	0	0
25	0	0	781	682	876	1720	0	0	0	0
26	0	0	781	682	876	1719	0	0	0	0
27	0	0	781	682	877	1721	0	0	0	0
28	0	0	780	682	875	1720	0	0	0	0
29	0	0	780	681	875	1721	0	0	0	0
30	0	0	780	682	876	1721	0	0	0	0
31	0	0	780	681	876	1722	0	0	0	0
32	0	0	780	682	876	1721	0	0	0	0
33	0	0	780	682	875	1721	0	0	0	0
34	0	0	780	682	875	1722	0	0	0	0
35	0	0	781	682	875	1723	0	0	0	0
36	0	0	781	682	875	1723	0	0	0	0
37	0	0	782	682	875	1722	0	0	0	0
38	0	0	780	682	874	1722	0	0	0	0
39	0	0	780	682	874	1720	0	0	0	0
40	0	0	781	683	875	1718	0	0	0	0
41	0	0	780	682	875	1718	0	0	0	0
42	0	0	780	682	874	1718	0	0	0	0
43	0	0	780	682	874	1721	0	0	0	0
44	0	0	780	682	874	1720	0	0	0	0
45	0	0	781	683	874	1719	0	0	0	0
46	0	0	781	682	875	1722	0	0	0	0
47	0	0	780	681	874	1722	0	0	0	0
48	0	0	780	682	875	1721	0	0	0	0
49	0	0	781	681	874	1722	0	0	0	0
50	0	0	780	681	875	1722	0	0	0	0
51	0	0	781	681	875	1723	0	0	0	0
52	0	0	781	681	874	1722	0	0	0	0
53	0	0	779	681	875	1723	0	0	0	0
54	0	0	780	682	875	1723	0	0	0	0
55	0	0	780	681	874	1723	0	0	0	0
56	0	0	780	681	875	1723	0	0	0	0
57	0	0	780	681	876	1722	0	0	0	0
58	0	0	780	680	876	1723	0	0	0	0
59	0	0	780	679	875	1721	0	0	0	0
60	0	0	780	681	876	1720	0	0	0	0
61	0	0	779	681	876	1721	0	0	0	0
62	0	0	779	680	876	1723	0	0	0	0
63	0	0	780	681	876	1723	0	0	0	0
64	0	0	780	680	878	1723	0	0	0	0
65	0	0	779	680	876	1724	0	0	0	0
66	0	0	778	680	877	1725	0	0	0	0
67	0	0	779	679	876	1725	0	0	0	0
68	0	0	779	680	876	1726	0	0	0	0
69	0	0	779	679	876	1725	0	0	0	0
70	0	0	778	680	876	1726	0	0	0	0
71	0	0	778	680	877	1727	0	0	0	0
72	0	0	778	681	876	1729	0	0	0	0
73	0	0	777	680	876	1728	0	0	0	0
74	0	0	777	680	876	1728	0	0	0	0
75	0	0	777	679	876	1726	0	0	0	0
76	0	0	777	679	876	1725	0	0	0	0
77	0	0	779	680	876	1723	0	0	0	0
78	0	0	777	680	876	1722	0	0	0	0
79	0	0	777	679	875	1721	0	0	0	0
80	0	0	777	679	877	1721	0	0	0	0
81	0	0	777	680	877	1720	0	0	0	0
82	0	0	777	679	877	1721	0	0	0	0
83	0	0	777	679	877	1723	0	0	0	0
84	0	0	776	678	876	1724	0	0	0	0
85	0	0	778	678	876	1724	0	0	0	0
86	0	0	777	678	876	1727	0	0	0	0
87	0	0	778	678	876	1727	0	0	0	0
88	0	0	777	678	877	1728	0	0	0	0
89	0	0	777	678	877	1728	0	0	0	0
90	0	0	777	678	877	1727	0	0	0	0
91	0	0	776	678	877	1729	0	0	0	0
92	0	0	776	679	877	1729	0	0	0	0
93	0	0	776	678	877	1729	0	0	0	0
94	0	0	776	678	877	1729	0	0	0	0
95	0	0	776	675	877	1731	0	0	0	0
96	0	0	776	678	877	1731	0	0	0	0
97	0	0	777	677	876	1729	0	0	0	0
98	0	0	777	678	877	1729	0	0	0	0
99	0	0	777	678	878	1728	0	0	0	0
100	0	0	777	677	878	1727	0	0	0	0
101	0	0	777	677	877	1725	0	0	0	0
102	0	0	777	677	876	1724	0	0	0	0
103	0	0	777	678	877	1725	0	0	0	0
104	0	0	778	677	877	1724	0	0	0	0
105	0	0	777	678	876	1726	0	0	0	0
106	0	0	777	679	875	1727	0	0	0	0
107	0	0	776	679	876	1727	0	0	0	0
108	0	0	776	680	877	1726	0	0	0	0
109	0	0	776	679	877	1729	0	0	0	0
110	0	0	776	679	877	1729	0	0	0	0
111	0	0	775	679	878	1729	0	0	0	0
112	0	0	775	679	877	1728	0	0	0	0
113	0	0	775	680	878	1728	0	0	0	0
114	0	0	777	680	878	1728	0	0	0	0
115	0	0	777	680	879	1728	0	0	0	0
116	0	0	777	681	878	1728	0	0	0	0
117	0	0	777	680	877	1726	0	0	0	0
118	0	0	776	681	877	1727	0	0	0	0
119	0	0	776	681	878	1727	0	0	0	0
120	0	0	777	681	878	1730	0	0	0	0
121	0	0	776	681	878	1727	0	0	0	0
122	0	0	774	681	877	1726	0	0	0	0
123	0	0	777	681	878	1727	0	0	0	0
124	0	0	776	681	878	1728	0	0	0	0
125	0	0	776	682	878	1729	0	0	0	0
126	0	0	775	681	877	1730	0	0	0	0
127	0	0	776	682	877	1730	0	0	0	0
0	0	0	775	683	878	1731	0	0	0	0
1	0	0	776	682	878	1733	0	0	0	0
2	0	0	776	683	877	1729	0	0	0	0
3	0	0	776	683	878	1730	0	0	0	0
4	0	0	777	683	878	1729	0	0	0	0
5	0	0	777	682	878	1730	0	0	0	0
6	0	0	776	683	878	1730	0	0	0	0
7	0	0	777	684	878	1730	0	0	0	0
8	0	0	776	683	878	1729	0	0	0	0
9	0	0	776	684	878	1727	0	0	0	0
10	0	0	778	683	878	1726	0	0	0	0
11	0	0	776	684	879	1725	0	0	0	0
12	0	0	777	684	877	1725	0	0	0	0
13	0	0	776	684	878	1724	0	0	0	0
14	0	0	778	684	878	1725	0	0	0	0
15	0	0	778	684	879	1725	0	0	0	0
16	0	0	777	684	878	1725	0	0	0	0
17	0	0	777	684	877	1724	0	0	0	0
18	0	0	776	685	877	1724	0	0	0	0
19	0	0	777	685	877	1726	0	0	0	0
20	0	0	778	685	877	1724	0	0	0	0
21	0	0	779	685	877	1725	0	0	0	0
22	0	0	779	685	878	1724	0	0	0	0
23	0	0	779	685	877	1725	0	0	0	0
24	0	0	779	685	876	1726	0	0	0	0
25	0	0	779	686	878	1725	0	0	0	0
26	0	0	780	685	878	1727	0	0	0	0
27	0	0	781	686	878	1725	0	0	0	0
28	0	0	780	685	878	1725	0	0	0	0
29	0	0	781	685	878	1723	0	0	0	0
30	0	0	780	685	878	1723	0	0	0	0
31	0	0	780	685	878	1720	0	0	0	0
32	0	0	780	684	878	1720	0	0	0	0
33	0	0	780	686	878	1718	0	0	0	0
34	0	0	780	687	878	1716	0	0	0	0
35	0	0	780	685	878	1713	0	0	0	0
36	0	0	780	685	878	1711	0	0	0	0
37	0	0	779	685	877	1710	0	0	0	0
38	0	0	780	686	878	1710	0	0	0	0
39	0	0	781	686	877	1711	0	0	0	0
40	0	0	780	685	878	1711	0	0	0	0
41	0	0	780	686	878	1707	0	0	0	0
42	0	0	780	686	878	1706	0	0	0	0
43	0	0	781	686	878	1707	0	0	0	0
44	0	0	781	685	877	1706	0	0	0	0
45	0	0	780	685	877	1706	0	0	0	0
46	0	0	780	685	877	1707	0	0	0	0
47	0	0	781	685	877	1706	0	0	0	0
48	0	0	780	685	878	1703	0	0	0	0
49	0	0	781	685	877	1702	0	0	0	0
50	0	0	780	685	875	1701	0	0	0	0
51	0	0	780	686	878	1698	0	0	0	0
52	0	0	781	686	878	1697	0	0	0	0
53	0	0	780	686	877	1694	0	0	0	0
54	0	0	781	685	877	1694	0	0	0	0
55	0	0	781	684	878	1695	0	0	0	0
56	0	0	781	686	878	1696	0	0	0	0
57	0	0	781	686	878	1695	0	0	0	0
58	0	0	782	685	878	1696	0	0	0	0
59	0	0	781	685	878	1696	0	0	0	0
60	0	0	782	685	877	1696	0	0	0	0
61	0	0	781	686	878	1697	0	0	0	0
62	0	0	781	687	878	1698	0	0	0	0
63	0	0	781	686	878	1698	0	0	0	0
64	0	0	780	686	878	1697	0	0	0	0
65	0	0	780	685	878	1697	0	0	0	0
66	0	0	781	686	878	1698	0	0	0	0
67	0	0	780	686	878	1697	0	0	0	0
68	0	0	781	685	877	1698	0	0	0	0
69	0	0	781	685	877	1696	0	0	0	0
70	0	0	780	685	877	1695	0	0	0	0
71	0	0	780	685	878	1694	0	0	0	0
72	0	0	781	684	877	1693	0	0	0	0
73	0	0	780	684	877	1692	0	0	0	0
74	0	0	781	684	877	1693	0	0	0	0
75	0	0	781	684	878	1695	0	0	0	0
76	0	0	781	684	877	1692	0	0	0	0
77	0	0	781	684	878	1691	0	0	0	0
78	0	0	780	684	877	1691	0	0	0	0
79	0	0	780	684	877	1692	0	0	0	0
80	0	0	780	683	878	1691	0	0	0	0
81	0	0	779	683	877	1693	0	0	0	0
82	0	0	780	683	878	1693	0	0	0	0
83	0	0	780	684	878	1695	0	0	0	0
84	0	0	779	683	878	1694	0	0	0	0
85	0	0	778	683	878	1694	0	0	0	0
86	0	0	780	683	879	1698	0	0	0	0
87	0	0	779	683	878	1696	0	0	0	0
88	0	0	779	683	878	1694	0	0	0	0
89	0	0	778	683	878	1693	0	0	0	0
90	0	0	777	682	878	1694	0	0	0	0
91	0	0	778	682	878	1693	0	0	0	0
92	0	0	778	683	878	1692	0	0	0	0
93	0	0	777	683	879	1691	0	0	0	0
94	0	0	778	683	878	1692	0	0	0	0
95	0	0	778	682	878	1693	0	0	0	0
96	0	0	778	683	878	1693	0	0	0	0
97	0	0	777	683	878	1693	0	0	0	0
98	0	0	778	683	879	1692	0	0	0	0
99	0	0	776	683	879	1694	0	0	0	0
100	0	0	778	682	879	1694	0	0	0	0
101	0	0	778	683	879	1695	0	0	0	0
102	0	0	777	681	879	1696	0	0	0	0
103	0	0	779	683	880	1696	0	0	0	0
104	0	0	778	681	879	1696	0	0	0	0
105	0	0	778	681	879	1696	0	0	0	0
106	0	0	778	681	879	1698	0	0	0	0
107	0	0	777	681	879	1697	0	0	0	0
108	0	0	777	682	879	1695	0	0	0	0
109	0	0	778	682	879	1694	0	0	0	0
110	0	0	778	681	879	1695	0	0	0	0
111	0	0	777	681	879	1692	0	0	0	0
112	0	0	778	681	879	1694	0	0	0	0
113	0	0	777	681	879	1692	0	0	0	0
114	0	0	777	680	879	1692	0	0	0	0
115	0	0	777	681	879	1691	0	0	0	0
116	0	0	777	681	879	1691	0	0	0	0
117	0	0	776	681	879	1693	0	0	0	0
118	0	0	776	681	879	1693	0	0	0	0
119	0	0	776	681	879	1694	0	0	0	0
120	0	0	776	680	879	1694	0	0	0	0
121	0	0	777	682	879	1694	0	0	0	0
122	0	0	777	680	879	1694	0	0	0	0
123	0	0	777	680	880	1697	0	0	0	0
124	0	0	776	680	880	1695	0	0	0	0
125	0	0	776	680	880	1694	0	0	0	0
126	0	0	776	681	880	1694	0	0	0	0
127	0	0	774	680	880	1692	0	0	0	0
0	0	0	774	680	880	1690	0	0	0	0
1	0	0	776	681	880	1688	0	0	0	0
2	0	0	775	681	880	1686	0	0	0	0
3	0	0	775	681	879	1684	0	0	0	0
4	0	0	776	680	880	1683	0	0	0	0
5	0	0	775	680	880	1681	0	0	0	0
6	0	0	775	681	880	1682	0	0	0	0
7	0	0	776	682	880	1682	0	0	0	0
8	0	0	776	681	880	1683	0	0	0	0
9	0	0	775	682	880	1682	0	0	0	0
10	0	0	776	683	880	1683	0	0	0	0
11	0	0	775	682	880	1682	0	0	0	0
12	0	0	775	682	879	1683	0	0	0	0
13	0	0	775	683	879	1683	0	0	0	0
14	0	0	776	683	879	1681	0	0	0	0
15	0	0	776	683	879	1679	0	0	0	0
16	0	0	777	683	879	1679	0	0	0	0
17	0	0	777	683	879	1677	0	0	0	0
18	0	0	776	683	879	1679	0	0	0	0
19	0	0	777	684	879	1678	0	0	0	0
20	0	0	777	683	879	1678	0	0	0	0
21	0	0	778	683	880	1676	0	0	0	0
22	0	0	778	683	879	1677	0	0	0	0
23	0	0	777	683	879	1676	0	0	0	0
24	0	0	778	683	879	1676	0	0	0	0
25	0	0	778	685	879	1676	0	0	0	0
26	0	0	777	683	879	1677	0	0	0	0
27	0	0	777	683	880	1676	0	0	0	0
28	0	0	777	684	879	1677	0	0	0	0
29	0	0	777	685	879	1675	0	0	0	0
30	0	0	777	685	879	1675	0	0	0	0
31	0	0	778	685	879	1675	0	0	0	0
32	0	0	778	685	879	1675	0	0	0	0
33	0	0	778	685	878	1676	0	0	0	0
34	0	0	778	685	879	1676	0	0	0	0
35	0	0	778	684	879	1676	0	0	0	0
36	0	0	776	684	878	1675	0	0	0	0
37	0	0	777	685	879	1675	0	0	0	0
38	0	0	777	685	879	1677	0	0	0	0
39	0	0	778	685	880	1678	0	0	0	0
40	0	0	777	684	879	1676	0	0	0	0
41	0	0	777	685	878	1675	0	0	0	0
42	0	0	777	683	879	1674	0	0	0	0
43	0	0	777	687	878	1675	0	0	0	0
44	0	0	778	685	879	1674	0	0	0	0
45	0	0	777	685	879	1671	0	0	0	0
46	0	0	777	685	878	1672	0	0	0	0
47	0	0	778	685	879	1673	0	0	0	0
48	0	0	778	686	880	1673	0	0	0	0
49	0	0	778	686	879	1672	0	0	0	0
50	0	0	778	686	879	1673	0	0	0	0
51	0	0	777	685	879	1673	0	0	0	0
52	0	0	777	685	879	1672	0	0	0	0
53	0	0	777	686	879	1673	0	0	0	0
54	0	0	777	686	879	1674	0	0	0	0
55	0	0	777	686	880	1675	0	0	0	0
56	0	0	777	685	880	1674	0	0	0	0
57	0	0	777	684	880	1675	0	0	0	0
58	0	0	777	683	879	1676	0	0	0	0
59	0	0	777	685	880	1665	0	0	0	0
60	0	0	777	685	880	1663	0	0	0	0
61	0	0	777	686	881	1663	0	0	0	0
62	0	0	777	685	880	1662	0	0	0	0
63	0	0	778	685	879	1660	0	0	0	0
64	0	0	778	685	879	1660	0	0	0	0
