# bioPlux Text File Format
# Version: 1
# StartDateTime: 2012-03-21 15:20:37
# SamplingFrequency: 1000
# SampledChannels: 1 2 3 4 5 6 7 8
# SamplingResolution: 12
# AcquiringDevice: 00:07:80:93:66:BE
# EndOfHeader
0	0	0	791	600	971	1128	0	0	0	0
1	0	0	788	601	970	1129	0	0	0	0
2	0	0	786	601	970	1131	0	0	0	0
3	0	0	785	602	969	1135	0	0	0	0
4	0	0	784	603	968	1132	0	0	0	0
5	0	0	781	605	965	1136	0	0	0	0
6	0	0	780	607	964	1144	0	0	0	0
7	0	0	777	610	963	1148	0	0	0	0
8	0	0	774	608	963	1150	0	0	0	0
9	0	0	771	610	962	1153	0	0	0	0
10	0	0	770	612	961	1156	0	0	0	0
11	0	0	768	614	959	1160	0	0	0	0
12	0	0	766	615	957	1171	0	0	0	0
13	0	0	764	617	956	1177	0	0	0	0
14	0	0	762	618	955	1187	0	0	0	0
15	0	0	759	619	955	1197	0	0	0	0
16	0	0	760	619	953	1208	0	0	0	0
17	0	0	758	620	953	1216	0	0	0	0
18	0	0	755	622	951	1305	0	0	0	0
19	0	0	752	623	950	1320	0	0	0	0
20	0	0	751	626	948	1315	0	0	0	0
21	0	0	750	628	946	1326	0	0	0	0
22	0	0	747	630	946	1343	0	0	0	0
23	0	0	745	632	944	1353	0	0	0	0
24	0	0	744	632	945	1359	0	0	0	0
25	0	0	741	636	944	1375	0	0	0	0
26	0	0	739	639	942	1391	0	0	0	0
27	0	0	737	642	941	1399	0	0	0	0
28	0	0	734	644	941	1410	0	0	0	0
29	0	0	732	647	941	1439	0	0	0	0
30	0	0	728	650	940	1463	0	0	0	0
31	0	0	726	652	940	1482	0	0	0	0
32	0	0	723	656	940	1494	0	0	0	0
33	0	0	721	657	940	1537	0	0	0	0
34	0	0	718	659	940	1571	0	0	0	0
35	0	0	715	662	940	1584	0	0	0	0
36	0	0	712	664	939	1615	0	0	0	0
37	0	0	709	666	939	1642	0	0	0	0
38	0	0	706	670	937	1658	0	0	0	0
39	0	0	703	670	937	1659	0	0	0	0
40	0	0	702	673	936	1697	0	0	0	0
41	0	0	700	676	934	1718	0	0	0	0
42	0	0	696	679	933	1744	0	0	0	0
43	0	0	692	681	931	1772	0	0	0	0
44	0	0	690	684	929	1813	0	0	0	0
45	0	0	689	686	927	1805	0	0	0	0
46	0	0	687	689	924	1817	0	0	0	0
47	0	0	686	691	922	1829	0	0	0	0
48	0	0	686	693	919	1835	0	0	0	0
49	0	0	685	693	917	1868	0	0	0	0
50	0	0	684	698	914	1870	0	0	0	0
51	0	0	682	699	909	1881	0	0	0	0
52	0	0	681	702	909	1897	0	0	0	0
53	0	0	683	704	907	1918	0	0	0	0
54	0	0	685	706	905	1911	0	0	0	0
55	0	0	686	711	902	1928	0	0	0	0
56	0	0	686	713	899	1940	0	0	0	0
57	0	0	687	713	900	1952	0	0	0	0
58	0	0	690	714	898	1972	0	0	0	0
59	0	0	691	716	896	1972	0	0	0	0
60	0	0	691	719	892	1968	0	0	0	0
61	0	0	691	723	890	1967	0	0	0	0
62	0	0	691	726	887	1966	0	0	0	0
63	0	0	691	728	886	1964	0	0	0	0
64	0	0	692	731	884	1970	0	0	0	0
65	0	0	693	734	881	1975	0	0	0	0
66	0	0	694	736	879	1979	0	0	0	0
67	0	0	695	737	878	1976	0	0	0	0
68	0	0	694	741	876	1966	0	0	0	0
69	0	0	696	743	874	1957	0	0	0	0
70	0	0	696	747	872	1946	0	0	0	0
71	0	0	699	749	867	1947	0	0	0	0
72	0	0	702	752	868	1933	0	0	0	0
73	0	0	703	754	864	1914	0	0	0	0
74	0	0	705	755	863	1905	0	0	0	0
75	0	0	706	757	860	1901	0	0	0	0
76	0	0	707	758	858	1891	0	0	0	0
77	0	0	706	759	856	1835	0	0	0	0
78	0	0	708	760	854	1821	0	0	0	0
79	0	0	712	760	852	1812	0	0	0	0
80	0	0	714	762	851	1765	0	0	0	0
81	0	0	714	765	848	1721	0	0	0	0
82	0	0	714	765	847	1660	0	0	0	0
83	0	0	715	765	845	1625	0	0	0	0
84	0	0	715	767	845	1595	0	0	0	0
85	0	0	716	768	844	1574	0	0	0	0
86	0	0	717	768	844	1453	0	0	0	0
87	0	0	718	768	844	1424	0	0	0	0
88	0	0	720	770	844	1315	0	0	0	0
89	0	0	721	770	844	1250	0	0	0	0
90	0	0	721	771	845	1227	0	0	0	0
91	0	0	720	773	845	1204	0	0	0	0
92	0	0	719	774	846	1118	0	0	0	0
93	0	0	719	778	844	1033	0	0	0	0
94	0	0	718	782	844	993	0	0	0	0
95	0	0	718	784	845	915	0	0	0	0
96	0	0	719	789	845	854	0	0	0	0
97	0	0	719	791	846	796	0	0	0	0
98	0	0	719	794	846	736	0	0	0	0
99	0	0	720	798	845	701	0	0	0	0
100	0	0	719	801	845	601	0	0	0	0
101	0	0	719	807	844	591	0	0	0	0
102	0	0	722	811	843	551	0	0	0	0
103	0	0	724	812	842	533	0	0	0	0
104	0	0	727	817	840	509	0	0	0	0
105	0	0	730	820	837	464	0	0	0	0
106	0	0	733	827	837	400	0	0	0	0
107	0	0	734	827	837	373	0	0	0	0
108	0	0	737	830	835	360	0	0	0	0
109	0	0	742	834	832	314	0	0	0	0
110	0	0	743	838	829	235	0	0	0	0
111	0	0	744	845	824	205	0	0	0	0
112	0	0	746	848	820	177	0	0	0	0
113	0	0	749	851	817	171	0	0	0	0
114	0	0	751	855	814	170	0	0	0	0
115	0	0	752	857	810	157	0	0	0	0
116	0	0	754	861	809	172	0	0	0	0
117	0	0	756	863	803	158	0	0	0	0
118	0	0	758	867	799	125	0	0	0	0
119	0	0	760	868	795	78	0	0	0	0
120	0	0	762	871	792	56	0	0	0	0
121	0	0	764	873	789	82	0	0	0	0
122	0	0	768	875	786	79	0	0	0	0
123	0	0	771	878	783	71	0	0	0	0
124	0	0	774	880	780	47	0	0	0	0
125	0	0	774	883	778	37	0	0	0	0
126	0	0	777	886	776	34	0	0	0	0
127	0	0	779	887	773	35	0	0	0	0
0	0	0	780	891	771	42	0	0	0	0
1	0	0	780	893	771	39	0	0	0	1
2	0	0	779	895	769	37	0	0	0	0
3	0	0	780	899	768	42	0	0	0	0
4	0	0	779	900	767	43	0	0	0	0
5	0	0	779	903	766	44	0	0	0	0
6	0	0	777	903	767	47	0	0	0	0
7	0	0	778	905	767	48	0	0	0	0
8	0	0	778	905	765	47	0	0	0	0
9	0	0	778	905	765	41	0	0	0	0
10	0	0	778	905	764	32	0	0	0	0
11	0	0	780	905	765	27	0	0	0	0
12	0	0	777	905	765	22	0	0	0	0
13	0	0	777	906	764	16	0	0	0	0
14	0	0	776	906	765	16	0	0	0	0
15	0	0	773	906	765	13	0	0	0	0
16	0	0	772	909	765	9	0	0	0	0
17	0	0	771	909	764	7	0	0	0	0
18	0	0	770	910	763	4	0	0	0	0
19	0	0	771	912	763	6	0	0	0	0
20	0	0	772	913	764	6	0	0	0	0
21	0	0	771	912	764	5	0	0	0	0
22	0	0	772	912	764	8	0	0	0	0
23	0	0	771	913	766	12	0	0	0	0
24	0	0	770	912	766	12	0	0	0	0
25	0	0	770	913	767	13	0	0	0	0
26	0	0	767	913	766	16	0	0	0	0
27	0	0	769	913	766	20	0	0	0	0
28	0	0	769	912	767	22	0	0	0	0
29	0	0	771	910	765	21	0	0	0	0
30	0	0	772	910	764	26	0	0	0	0
31	0	0	771	909	764	24	0	0	0	0
32	0	0	771	909	762	20	0	0	0	0
33	0	0	772	909	760	16	0	0	0	0
34	0	0	772	907	760	18	0	0	0	0
35	0	0	774	907	758	22	0	0	0	0
36	0	0	775	907	757	26	0	0	0	0
37	0	0	775	908	754	22	0	0	0	0
38	0	0	776	907	752	18	0	0	0	0
39	0	0	777	907	750	26	0	0	0	0
40	0	0	778	905	748	25	0	0	0	0
41	0	0	781	904	748	23	0	0	0	0
42	0	0	781	903	746	25	0	0	0	0
43	0	0	783	901	745	33	0	0	0	0
44	0	0	784	898	744	35	0	0	0	0
45	0	0	785	897	743	36	0	0	0	0
46	0	0	786	895	741	36	0	0	0	0
47	0	0	788	892	739	43	0	0	0	0
48	0	0	789	891	737	47	0	0	0	0
49	0	0	791	890	736	47	0	0	0	0
50	0	0	793	886	735	54	0	0	0	0
51	0	0	793	883	734	54	0	0	0	0
52	0	0	794	881	732	43	0	0	0	0
53	0	0	796	879	731	28	0	0	0	0
54	0	0	796	877	729	21	0	0	0	0
55	0	0	798	874	729	15	0	0	0	0
56	0	0	800	869	729	13	0	0	0	0
57	0	0	804	867	729	14	0	0	0	0
58	0	0	805	862	730	12	0	0	0	0
59	0	0	808	856	732	6	0	0	0	0
60	0	0	809	851	734	0	0	0	0	0
61	0	0	811	845	736	0	0	0	0	0
62	0	0	812	840	737	0	0	0	0	0
63	0	0	812	836	738	1	0	0	0	0
64	0	0	811	834	736	1	0	0	0	0
65	0	0	810	832	734	1	0	0	0	0
66	0	0	811	832	733	6	0	0	0	0
67	0	0	810	829	733	7	0	0	0	0
68	0	0	808	827	734	8	0	0	0	0
69	0	0	806	821	735	10	0	0	0	0
70	0	0	805	819	736	20	0	0	0	0
71	0	0	803	815	737	20	0	0	0	0
72	0	0	803	812	739	17	0	0	0	0
73	0	0	802	809	742	9	0	0	0	0
74	0	0	802	805	745	10	0	0	0	0
75	0	0	802	801	747	12	0	0	0	0
76	0	0	801	797	750	8	0	0	0	0
77	0	0	799	792	753	7	0	0	0	0
78	0	0	799	791	754	7	0	0	0	0
79	0	0	797	788	753	5	0	0	0	0
80	0	0	797	788	755	0	0	0	0	0
81	0	0	796	786	756	0	0	0	0	0
82	0	0	795	786	756	0	0	0	0	0
83	0	0	795	786	757	0	0	0	0	0
84	0	0	795	784	757	0	0	0	0	0
85	0	0	794	783	759	0	0	0	0	0
86	0	0	795	780	759	0	0	0	0	0
87	0	0	794	779	758	0	0	0	0	0
88	0	0	794	780	759	0	0	0	0	0
89	0	0	793	778	760	0	0	0	0	0
90	0	0	792	776	759	0	0	0	0	0
91	0	0	793	775	762	0	0	0	0	0
92	0	0	794	772	762	0	0	0	0	0
93	0	0	794	771	764	0	0	0	0	0
94	0	0	794	769	764	0	0	0	0	0
95	0	0	793	768	765	0	0	0	0	0
96	0	0	794	768	765	0	0	0	0	0
97	0	0	796	766	766	0	0	0	0	0
98	0	0	796	766	766	0	0	0	0	0
99	0	0	797	764	765	0	0	0	0	0
100	0	0	798	766	764	0	0	0	0	0
101	0	0	797	765	765	0	0	0	0	0
102	0	0	797	765	765	0	0	0	0	0
103	0	0	798	764	764	2	0	0	0	0
104	0	0	799	763	765	3	0	0	0	0
105	0	0	799	762	764	4	0	0	0	0
106	0	0	798	761	765	7	0	0	0	0
107	0	0	799	762	766	12	0	0	0	0
108	0	0	799	760	766	9	0	0	0	0
109	0	0	799	761	766	7	0	0	0	0
110	0	0	799	760	766	13	0	0	0	0
111	0	0	799	758	767	13	0	0	0	0
112	0	0	799	756	769	8	0	0	0	0
113	0	0	799	755	768	4	0	0	0	0
114	0	0	799	755	768	3	0	0	0	0
115	0	0	800	753	769	2	0	0	0	0
116	0	0	801	751	770	0	0	0	0	0
117	0	0	802	749	770	0	0	0	0	0
118	0	0	802	747	771	0	0	0	0	0
119	0	0	801	747	772	0	0	0	0	0
120	0	0	799	746	770	0	0	0	0	0
121	0	0	799	745	770	0	0	0	0	0
122	0	0	800	745	769	2	0	0	0	0
123	0	0	800	744	769	5	0	0	0	0
124	0	0	800	744	769	6	0	0	0	0
125	0	0	798	744	769	8	0	0	0	0
126	0	0	798	743	769	9	0	0	0	0
127	0	0	795	743	767	13	0	0	0	0
0	0	0	794	743	766	13	0	0	0	0
1	0	0	793	741	766	13	0	0	0	0
2	0	0	792	743	766	19	0	0	0	0
3	0	0	791	743	766	18	0	0	0	0
4	0	0	792	743	765	12	0	0	0	0
5	0	0	792	743	766	7	0	0	0	0
6	0	0	791	742	764	7	0	0	0	0
7	0	0	791	743	765	5	0	0	0	0
8	0	0	791	743	764	2	0	0	0	0
9	0	0	791	743	764	0	0	0	0	0
10	0	0	792	744	764	0	0	0	0	0
11	0	0	792	744	763	0	0	0	0	0
12	0	0	793	744	764	0	0	0	0	0
13	0	0	794	745	763	1	0	0	0	0
14	0	0	795	745	764	3	0	0	0	0
15	0	0	796	746	763	9	0	0	0	0
16	0	0	795	747	762	9	0	0	0	0
17	0	0	796	746	762	8	0	0	0	0
18	0	0	796	747	763	11	0	0	0	0
19	0	0	796	747	762	12	0	0	0	0
20	0	0	796	748	762	12	0	0	0	0
21	0	0	797	748	762	11	0	0	0	0
22	0	0	799	749	762	18	0	0	0	0
23	0	0	799	749	763	17	0	0	0	0
24	0	0	800	749	765	11	0	0	0	0
25	0	0	801	748	764	5	0	0	0	0
26	0	0	802	749	765	7	0	0	0	0
27	0	0	801	750	764	3	0	0	0	0
28	0	0	801	750	764	0	0	0	0	0
29	0	0	800	751	765	0	0	0	0	0
30	0	0	801	751	764	0	0	0	0	0
31	0	0	802	751	765	0	0	0	0	0
32	0	0	801	751	765	0	0	0	0	0
33	0	0	802	751	765	0	0	0	0	0
34	0	0	803	752	766	4	0	0	0	0
35	0	0	805	752	767	6	0	0	0	0
36	0	0	804	753	766	9	0	0	0	0
37	0	0	804	753	765	10	0	0	0	0
38	0	0	805	753	766	11	0	0	0	0
39	0	0	806	754	767	11	0	0	0	0
40	0	0	806	755	767	11	0	0	0	0
41	0	0	806	755	767	10	0	0	0	0
42	0	0	808	758	766	15	0	0	0	0
43	0	0	809	757	766	15	0	0	0	0
44	0	0	809	758	766	10	0	0	0	0
45	0	0	809	759	767	4	0	0	0	0
46	0	0	808	761	767	3	0	0	0	0
47	0	0	808	761	767	3	0	0	0	0
48	0	0	806	762	766	1	0	0	0	0
49	0	0	806	763	767	0	0	0	0	0
50	0	0	807	763	768	1	0	0	0	0
51	0	0	806	763	768	3	0	0	0	0
52	0	0	806	764	767	5	0	0	0	0
53	0	0	805	764	766	4	0	0	0	0
54	0	0	806	765	766	7	0	0	0	0
55	0	0	808	766	767	11	0	0	0	0
56	0	0	807	766	766	11	0	0	0	0
57	0	0	806	767	766	11	0	0	0	0
58	0	0	805	767	766	10	0	0	0	0
59	0	0	804	766	764	11	0	0	0	0
60	0	0	803	767	766	10	0	0	0	0
61	0	0	805	767	766	8	0	0	0	0
62	0	0	806	768	766	11	0	0	0	0
63	0	0	804	770	767	13	0	0	0	0
64	0	0	804	769	767	8	0	0	0	0
65	0	0	804	771	767	4	0	0	0	0
66	0	0	802	771	767	4	0	0	0	0
67	0	0	805	772	766	3	0	0	0	0
68	0	0	805	772	767	0	0	0	0	0
69	0	0	803	774	767	0	0	0	0	0
70	0	0	804	775	768	0	0	0	0	0
71	0	0	803	774	769	0	0	0	0	0
72	0	0	803	775	769	0	0	0	0	0
73	0	0	804	775	769	0	0	0	0	0
74	0	0	805	776	770	4	0	0	0	0
75	0	0	806	776	770	8	0	0	0	0
76	0	0	807	778	769	10	0	0	0	0
77	0	0	806	778	769	11	0	0	0	0
78	0	0	806	779	770	13	0	0	0	0
79	0	0	807	779	770	15	0	0	0	0
80	0	0	807	780	770	14	0	0	0	0
81	0	0	806	780	769	12	0	0	0	0
82	0	0	806	780	769	15	0	0	0	0
83	0	0	806	781	769	16	0	0	0	0
84	0	0	805	782	768	10	0	0	0	0
85	0	0	805	782	769	4	0	0	0	0
86	0	0	805	781	769	3	0	0	0	0
87	0	0	803	783	770	1	0	0	0	0
88	0	0	801	783	770	0	0	0	0	0
89	0	0	799	783	770	0	0	0	0	0
90	0	0	798	784	772	0	0	0	0	0
91	0	0	798	785	772	0	0	0	0	0
92	0	0	796	785	772	0	0	0	0	0
93	0	0	793	786	772	0	0	0	0	0
94	0	0	790	787	774	0	0	0	0	0
95	0	0	790	789	774	2	0	0	0	0
96	0	0	787	789	776	1	0	0	0	0
97	0	0	787	789	777	1	0	0	0	0
98	0	0	784	789	776	4	0	0	0	0
99	0	0	782	790	777	5	0	0	0	0
100	0	0	783	791	778	4	0	0	0	0
101	0	0	782	790	779	4	0	0	0	0
102	0	0	781	790	779	9	0	0	0	0
103	0	0	780	791	780	6	0	0	0	0
104	0	0	780	790	781	0	0	0	0	0
105	0	0	779	791	782	0	0	0	0	0
106	0	0	779	790	781	0	0	0	0	0
107	0	0	779	790	781	0	0	0	0	0
108	0	0	779	791	781	0	0	0	0	0
109	0	0	779	790	780	0	0	0	0	0
110	0	0	779	791	779	0	0	0	0	0
111	0	0	779	791	780	0	0	0	0	0
112	0	0	779	791	780	0	0	0	0	0
113	0	0	779	791	780	0	0	0	0	0
114	0	0	780	792	780	0	0	0	0	0
115	0	0	780	792	780	0	0	0	0	0
116	0	0	781	793	780	0	0	0	0	0
117	0	0	780	793	780	0	0	0	0	0
118	0	0	780	796	780	1	0	0	0	0
119	0	0	781	795	780	3	0	0	0	0
120	0	0	780	795	781	1	0	0	0	0
121	0	0	779	796	781	1	0	0	0	0
122	0	0	780	797	781	5	0	0	0	0
123	0	0	779	798	780	3	0	0	0	0
124	0	0	777	799	781	0	0	0	0	0
125	0	0	778	801	781	0	0	0	0	0
126	0	0	777	802	781	0	0	0	0	0
127	0	0	776	803	781	0	0	0	0	0
0	0	0	776	804	782	0	0	0	0	0
1	0	0	776	805	781	0	0	0	0	0
2	0	0	776	806	782	0	0	0	0	0
3	0	0	777	807	782	18	0	0	0	0
4	0	0	776	808	782	26	0	0	0	0
5	0	0	776	809	782	44	0	0	0	0
6	0	0	778	811	783	98	0	0	0	0
7	0	0	777	812	784	267	0	0	0	0
8	0	0	779	813	784	294	0	0	0	0
9	0	0	778	815	784	328	0	0	0	0
10	0	0	778	815	784	428	0	0	0	0
11	0	0	781	815	783	524	0	0	0	0
12	0	0	779	816	784	538	0	0	0	0
13	0	0	781	815	784	777	0	0	0	0
14	0	0	782	815	784	860	0	0	0	0
15	0	0	786	815	781	884	0	0	0	0
16	0	0	786	816	783	925	0	0	0	0
17	0	0	786	817	783	803	0	0	0	0
18	0	0	788	818	783	879	0	0	0	0
19	0	0	788	819	782	828	0	0	0	0
20	0	0	786	818	781	728	0	0	0	0
21	0	0	784	816	779	691	0	0	0	0
22	0	0	783	815	778	601	0	0	0	0
23	0	0	783	814	776	676	0	0	0	0
24	0	0	785	814	776	602	0	0	0	0
25	0	0	787	812	776	548	0	0	0	0
26	0	0	789	811	778	561	0	0	0	0
27	0	0	789	812	780	583	0	0	0	0
28	0	0	787	813	782	577	0	0	0	0
29	0	0	785	812	785	629	0	0	0	0
30	0	0	786	812	787	597	0	0	0	0
31	0	0	786	812	789	620	0	0	0	0
32	0	0	787	812	792	596	0	0	0	0
33	0	0	786	812	795	566	0	0	0	0
34	0	0	784	812	796	574	0	0	0	0
35	0	0	784	812	798	553	0	0	0	0
36	0	0	782	812	800	567	0	0	0	0
37	0	0	781	814	803	532	0	0	0	0
38	0	0	778	814	805	494	0	0	0	0
39	0	0	778	814	805	471	0	0	0	0
40	0	0	779	815	806	479	0	0	0	0
41	0	0	781	815	806	416	0	0	0	0
42	0	0	783	814	806	378	0	0	0	0
43	0	0	784	812	807	366	0	0	0	0
44	0	0	786	810	806	329	0	0	0	0
45	0	0	790	809	806	311	0	0	0	0
46	0	0	793	808	808	327	0	0	0	0
47	0	0	795	809	810	327	0	0	0	0
48	0	0	795	807	813	354	0	0	0	0
49	0	0	795	810	817	378	0	0	0	0
50	0	0	796	816	827	372	0	0	0	0
51	0	0	797	829	842	341	0	0	0	0
52	0	0	788	845	858	308	0	0	0	0
53	0	0	764	861	876	282	0	0	0	0
54	0	0	718	877	893	122	0	0	0	0
55	0	0	646	889	911	27	0	0	0	0
56	0	0	559	892	927	0	0	0	0	0
57	0	0	470	884	949	0	0	0	0	0
58	0	0	385	870	969	0	0	0	0	0
59	0	0	301	846	985	55	0	0	0	0
60	0	0	248	814	1000	0	0	0	0	0
61	0	0	238	782	1014	7	0	0	0	0
62	0	0	274	757	1033	16	0	0	0	0
63	0	0	342	737	1061	15	0	0	0	0
64	0	0	430	724	1098	8	0	0	0	0
65	0	0	526	714	1132	6	0	0	0	0
66	0	0	608	711	1160	0	0	0	0	0
67	0	0	664	718	1181	2	0	0	0	0
68	0	0	701	729	1201	21	0	0	0	0
69	0	0	725	737	1216	93	0	0	0	0
70	0	0	749	743	1234	58	0	0	0	0
71	0	0	767	746	1257	21	0	0	0	0
72	0	0	783	742	1287	5	0	0	0	0
73	0	0	795	730	1319	0	0	0	0	0
74	0	0	805	713	1352	0	0	0	0	0
75	0	0	814	699	1381	3	0	0	0	0
76	0	0	821	688	1403	24	0	0	0	0
77	0	0	824	669	1414	20	0	0	0	0
78	0	0	820	630	1424	22	0	0	0	0
79	0	0	797	573	1429	26	0	0	0	0
80	0	0	756	505	1423	85	0	0	0	0
81	0	0	708	453	1401	127	0	0	0	0
82	0	0	694	408	1365	200	0	0	0	0
83	0	0	717	354	1327	238	0	0	0	0
84	0	0	748	299	1276	317	0	0	0	0
85	0	0	792	244	1226	348	0	0	0	0
86	0	0	848	185	1175	446	0	0	0	0
87	0	0	884	142	1124	467	0	0	0	0
88	0	0	890	123	1054	447	0	0	0	0
89	0	0	875	117	1011	517	0	0	0	0
90	0	0	880	121	966	609	0	0	0	0
91	0	0	881	131	925	587	0	0	0	0
92	0	0	878	141	896	693	0	0	0	0
93	0	0	882	147	868	676	0	0	0	0
94	0	0	895	156	846	707	0	0	0	0
95	0	0	915	160	830	770	0	0	0	0
96	0	0	927	172	819	815	0	0	0	0
97	0	0	936	189	815	855	0	0	0	0
98	0	0	931	214	820	932	0	0	0	0
99	0	0	928	252	826	1012	0	0	0	0
100	0	0	915	295	845	956	0	0	0	0
101	0	0	901	342	869	923	0	0	0	0
102	0	0	885	382	897	974	0	0	0	0
103	0	0	860	409	931	953	0	0	0	0
104	0	0	829	424	972	971	0	0	0	0
105	0	0	801	431	1010	937	0	0	0	0
106	0	0	772	431	1045	949	0	0	0	0
107	0	0	752	420	1077	972	0	0	0	0
108	0	0	736	411	1102	975	0	0	0	0
109	0	0	726	400	1121	985	0	0	0	0
110	0	0	714	388	1136	984	0	0	0	0
111	0	0	712	380	1142	1021	0	0	0	0
112	0	0	712	377	1139	1048	0	0	0	0
113	0	0	722	380	1129	1053	0	0	0	0
114	0	0	734	388	1112	1057	0	0	0	0
115	0	0	744	399	1089	1065	0	0	0	0
116	0	0	756	414	1063	1060	0	0	0	0
117	0	0	773	431	1040	1065	0	0	0	0
118	0	0	792	447	1019	1058	0	0	0	0
119	0	0	815	462	998	1050	0	0	0	0
120	0	0	843	472	982	1052	0	0	0	0
121	0	0	871	479	968	1058	0	0	0	0
122	0	0	897	484	954	1050	0	0	0	0
123	0	0	917	487	944	1029	0	0	0	0
124	0	0	932	488	937	1041	0	0	0	0
125	0	0	941	489	932	1052	0	0	0	0
126	0	0	942	488	932	1047	0	0	0	0
127	0	0	940	486	933	1020	0	0	0	0
0	0	0	934	484	935	968	0	0	0	0
1	0	0	927	482	940	959	0	0	0	0
2	0	0	915	480	944	975	0	0	0	0
3	0	0	906	478	949	957	0	0	0	0
4	0	0	899	476	952	939	0	0	0	0
5	0	0	893	470	955	919	0	0	0	0
6	0	0	893	468	956	916	0	0	0	0
7	0	0	892	468	952	923	0	0	0	0
8	0	0	892	468	949	951	0	0	0	0
9	0	0	891	466	947	946	0	0	0	0
10	0	0	894	466	943	955	0	0	0	0
11	0	0	899	465	941	954	0	0	0	0
12	0	0	901	463	941	938	0	0	0	0
13	0	0	903	462	939	938	0	0	0	0
14	0	0	903	463	938	933	0	0	0	0
15	0	0	903	465	937	936	0	0	0	0
16	0	0	899	468	935	936	0	0	0	0
17	0	0	896	473	932	934	0	0	0	0
18	0	0	889	477	931	944	0	0	0	0
19	0	0	880	483	926	949	0	0	0	0
20	0	0	872	489	924	956	0	0	0	0
21	0	0	863	495	921	953	0	0	0	0
22	0	0	854	502	918	967	0	0	0	0
23	0	0	850	510	916	988	0	0	0	0
24	0	0	844	520	915	995	0	0	0	0
25	0	0	838	516	918	989	0	0	0	0
26	0	0	838	530	920	978	0	0	0	0
27	0	0	835	535	923	962	0	0	0	0
28	0	0	835	544	925	965	0	0	0	0
29	0	0	828	551	933	948	0	0	0	0
30	0	0	827	557	943	931	0	0	0	0
31	0	0	824	563	952	917	0	0	0	0
32	0	0	821	571	960	900	0	0	0	0
33	0	0	816	581	967	901	0	0	0	0
34	0	0	810	590	975	908	0	0	0	0
35	0	0	804	598	983	905	0	0	0	0
36	0	0	800	606	989	904	0	0	0	0
37	0	0	795	614	997	905	0	0	0	0
38	0	0	791	622	1002	925	0	0	0	0
39	0	0	784	631	1007	920	0	0	0	0
40	0	0	779	638	1012	928	0	0	0	0
41	0	0	774	644	1017	924	0	0	0	0
42	0	0	770	650	1021	916	0	0	0	0
43	0	0	766	657	1024	932	0	0	0	0
44	0	0	762	662	1027	920	0	0	0	0
45	0	0	762	667	1029	905	0	0	0	0
46	0	0	761	669	1029	888	0	0	0	0
47	0	0	761	669	1030	889	0	0	0	0
48	0	0	763	672	1030	866	0	0	0	0
49	0	0	765	673	1032	851	0	0	0	0
50	0	0	767	675	1032	849	0	0	0	0
51	0	0	769	676	1032	846	0	0	0	0
52	0	0	773	676	1031	845	0	0	0	0
53	0	0	778	676	1032	843	0	0	0	0
54	0	0	782	678	1032	841	0	0	0	0
55	0	0	784	677	1032	841	0	0	0	0
56	0	0	789	678	1032	837	0	0	0	0
57	0	0	792	673	1032	826	0	0	0	0
58	0	0	792	671	1030	814	0	0	0	0
59	0	0	798	671	1028	784	0	0	0	0
60	0	0	802	667	1025	753	0	0	0	0
61	0	0	802	661	1023	744	0	0	0	0
62	0	0	804	660	1019	729	0	0	0	0
63	0	0	807	660	1015	712	0	0	0	0
64	0	0	809	656	1014	706	0	0	0	0
65	0	0	811	654	1007	693	0	0	0	0
66	0	0	809	653	1002	691	0	0	0	0
67	0	0	813	652	996	686	0	0	0	0
68	0	0	813	645	991	680	0	0	0	0
69	0	0	816	642	987	661	0	0	0	0
70	0	0	818	635	981	648	0	0	0	0
71	0	0	819	629	976	653	0	0	0	0
72	0	0	823	624	971	634	0	0	0	0
73	0	0	824	622	965	620	0	0	0	0
74	0	0	824	618	959	621	0	0	0	0
75	0	0	825	617	953	619	0	0	0	0
76	0	0	825	617	947	605	0	0	0	0
77	0	0	827	615	942	596	0	0	0	0
78	0	0	827	615	937	587	0	0	0	0
79	0	0	827	616	931	581	0	0	0	0
80	0	0	826	615	925	566	0	0	0	0
81	0	0	823	616	920	530	0	0	0	0
82	0	0	821	617	915	553	0	0	0	0
83	0	0	818	618	911	561	0	0	0	0
84	0	0	814	619	908	548	0	0	0	0
85	0	0	809	620	904	555	0	0	0	0
86	0	0	806	622	900	564	0	0	0	0
87	0	0	800	621	899	552	0	0	0	0
88	0	0	795	622	897	541	0	0	0	0
89	0	0	791	623	894	542	0	0	0	0
90	0	0	786	624	892	545	0	0	0	0
91	0	0	781	624	892	550	0	0	0	0
92	0	0	778	624	892	540	0	0	0	0
93	0	0	775	623	892	541	0	0	0	0
94	0	0	773	622	893	533	0	0	0	0
95	0	0	769	623	894	527	0	0	0	0
96	0	0	768	621	896	498	0	0	0	0
97	0	0	767	619	899	492	0	0	0	0
98	0	0	767	618	902	505	0	0	0	0
99	0	0	765	616	905	503	0	0	0	0
100	0	0	765	616	905	513	0	0	0	0
101	0	0	765	616	907	518	0	0	0	0
102	0	0	765	616	908	488	0	0	0	0
103	0	0	766	613	908	521	0	0	0	0
104	0	0	766	613	910	488	0	0	0	0
105	0	0	767	613	911	494	0	0	0	0
106	0	0	768	613	911	514	0	0	0	0
107	0	0	770	612	911	519	0	0	0	0
108	0	0	770	615	909	516	0	0	0	0
109	0	0	771	615	908	525	0	0	0	0
110	0	0	773	616	907	535	0	0	0	0
111	0	0	772	617	905	518	0	0	0	0
112	0	0	773	619	904	513	0	0	0	0
113	0	0	773	621	903	526	0	0	0	0
114	0	0	774	623	902	529	0	0	0	0
115	0	0	773	626	901	523	0	0	0	0
116	0	0	774	627	901	518	0	0	0	0
117	0	0	774	630	900	522	0	0	0	0
118	0	0	774	632	899	522	0	0	0	0
119	0	0	776	635	898	529	0	0	0	0
120	0	0	776	637	896	534	0	0	0	0
121	0	0	777	640	896	534	0	0	0	0
122	0	0	777	643	895	536	0	0	0	0
123	0	0	779	646	893	544	0	0	0	0
124	0	0	779	649	891	550	0	0	0	0
125	0	0	780	651	890	554	0	0	0	0
126	0	0	782	655	889	553	0	0	0	0
127	0	0	781	657	887	551	0	0	0	0
0	0	0	781	660	887	556	0	0	0	0
1	0	0	781	664	885	555	0	0	0	0
2	0	0	781	666	885	566	0	0	0	0
3	0	0	782	668	884	564	0	0	0	0
4	0	0	782	669	883	543	0	0	0	0
5	0	0	782	671	882	559	0	0	0	0
6	0	0	781	672	881	559	0	0	0	0
7	0	0	781	673	880	560	0	0	0	0
8	0	0	782	675	878	564	0	0	0	0
9	0	0	781	677	878	563	0	0	0	0
10	0	0	783	676	875	565	0	0	0	0
11	0	0	783	678	876	562	0	0	0	0
12	0	0	783	678	875	560	0	0	0	0
13	0	0	783	679	874	565	0	0	0	0
14	0	0	784	680	873	569	0	0	0	0
15	0	0	784	680	873	574	0	0	0	0
16	0	0	785	680	872	580	0	0	0	0
17	0	0	784	679	871	585	0	0	0	0
18	0	0	786	680	872	588	0	0	0	0
19	0	0	787	679	872	583	0	0	0	0
20	0	0	788	679	870	582	0	0	0	0
21	0	0	788	679	869	581	0	0	0	0
22	0	0	788	679	868	582	0	0	0	0
23	0	0	788	680	868	589	0	0	0	0
24	0	0	789	681	867	586	0	0	0	0
25	0	0	789	680	866	580	0	0	0	0
26	0	0	789	680	865	579	0	0	0	0
27	0	0	789	681	864	581	0	0	0	0
28	0	0	789	682	864	582	0	0	0	0
29	0	0	788	683	863	583	0	0	0	0
30	0	0	790	683	862	593	0	0	0	0
31	0	0	790	684	862	590	0	0	0	0
32	0	0	791	685	859	589	0	0	0	0
33	0	0	791	684	861	583	0	0	0	0
34	0	0	791	685	861	607	0	0	0	0
35	0	0	792	685	860	617	0	0	0	0
36	0	0	791	685	860	625	0	0	0	0
37	0	0	792	685	860	608	0	0	0	0
38	0	0	791	685	860	609	0	0	0	0
39	0	0	791	684	859	601	0	0	0	0
40	0	0	792	683	861	601	0	0	0	0
41	0	0	792	683	861	596	0	0	0	0
42	0	0	793	685	860	595	0	0	0	0
43	0	0	792	683	859	592	0	0	0	0
44	0	0	791	685	860	593	0	0	0	0
45	0	0	791	685	859	601	0	0	0	0
46	0	0	791	685	858	595	0	0	0	0
47	0	0	790	687	860	595	0	0	0	0
48	0	0	791	687	860	596	0	0	0	0
49	0	0	789	689	859	598	0	0	0	0
50	0	0	787	689	860	598	0	0	0	0
51	0	0	788	691	860	607	0	0	0	0
52	0	0	788	693	859	602	0	0	0	0
53	0	0	787	696	858	602	0	0	0	0
54	0	0	786	699	858	607	0	0	0	0
55	0	0	785	700	858	607	0	0	0	0
56	0	0	784	703	858	604	0	0	0	0
57	0	0	785	706	859	605	0	0	0	0
58	0	0	784	708	858	607	0	0	0	0
59	0	0	783	711	859	605	0	0	0	0
60	0	0	783	713	859	602	0	0	0	0
61	0	0	782	714	860	605	0	0	0	0
62	0	0	781	717	860	604	0	0	0	0
63	0	0	780	718	861	605	0	0	0	0
64	0	0	781	721	861	603	0	0	0	0
65	0	0	778	723	861	603	0	0	0	0
66	0	0	779	726	861	609	0	0	0	0
67	0	0	778	728	860	611	0	0	0	0
68	0	0	778	729	862	612	0	0	0	0
69	0	0	778	731	864	608	0	0	0	0
70	0	0	779	732	864	608	0	0	0	0
71	0	0	778	734	865	607	0	0	0	0
72	0	0	778	736	864	595	0	0	0	0
73	0	0	778	738	864	596	0	0	0	0
74	0	0	778	739	865	602	0	0	0	0
75	0	0	780	739	865	614	0	0	0	0
76	0	0	779	740	866	618	0	0	0	0
77	0	0	778	742	864	632	0	0	0	0
78	0	0	779	744	865	629	0	0	0	0
79	0	0	781	746	863	637	0	0	0	0
80	0	0	781	747	863	639	0	0	0	0
81	0	0	782	747	863	639	0	0	0	0
82	0	0	781	748	862	646	0	0	0	0
83	0	0	780	749	862	638	0	0	0	0
84	0	0	781	750	861	636	0	0	0	0
85	0	0	782	750	862	634	0	0	0	0
86	0	0	784	751	860	633	0	0	0	0
87	0	0	783	751	858	647	0	0	0	0
88	0	0	783	751	859	649	0	0	0	0
89	0	0	784	751	857	640	0	0	0	0
90	0	0	784	750	857	640	0	0	0	0
91	0	0	785	750	856	643	0	0	0	0
92	0	0	785	749	856	650	0	0	0	0
93	0	0	785	750	854	651	0	0	0	0
94	0	0	786	749	854	655	0	0	0	0
95	0	0	786	748	852	653	0	0	0	0
96	0	0	787	750	851	655	0	0	0	0
97	0	0	786	749	850	654	0	0	0	0
98	0	0	787	748	850	658	0	0	0	0
99	0	0	789	747	848	658	0	0	0	0
100	0	0	790	747	847	659	0	0	0	0
101	0	0	790	747	847	659	0	0	0	0
102	0	0	791	746	846	658	0	0	0	0
103	0	0	791	745	845	658	0	0	0	0
104	0	0	791	745	844	664	0	0	0	0
105	0	0	792	745	843	668	0	0	0	0
106	0	0	792	745	843	666	0	0	0	0
107	0	0	793	746	842	670	0	0	0	0
108	0	0	792	745	840	675	0	0	0	0
109	0	0	792	744	840	681	0	0	0	0
110	0	0	793	744	841	692	0	0	0	0
111	0	0	791	744	840	695	0	0	0	0
112	0	0	792	744	839	696	0	0	0	0
113	0	0	792	745	838	707	0	0	0	0
114	0	0	792	745	837	713	0	0	0	0
115	0	0	792	745	837	716	0	0	0	0
116	0	0	790	746	837	720	0	0	0	0
117	0	0	790	746	837	722	0	0	0	0
118	0	0	789	747	836	730	0	0	0	0
119	0	0	788	747	836	723	0	0	0	0
120	0	0	789	747	837	721	0	0	0	0
121	0	0	788	748	837	726	0	0	0	0
122	0	0	787	748	837	726	0	0	0	0
123	0	0	786	748	838	731	0	0	0	0
124	0	0	787	747	838	730	0	0	0	0
125	0	0	786	747	838	736	0	0	0	0
126	0	0	785	745	838	747	0	0	0	0
127	0	0	784	745	839	747	0	0	0	0
0	0	0	784	744	840	749	0	0	0	0
1	0	0	783	743	840	747	0	0	0	0
2	0	0	783	741	841	745	0	0	0	0
3	0	0	782	739	842	752	0	0	0	0
4	0	0	782	739	842	754	0	0	0	0
5	0	0	780	738	842	761	0	0	0	0
6	0	0	781	736	843	763	0	0	0	0
7	0	0	780	735	845	761	0	0	0	0
8	0	0	781	733	845	764	0	0	0	0
9	0	0	779	733	845	764	0	0	0	0
10	0	0	778	731	846	765	0	0	0	0
11	0	0	777	730	846	765	0	0	0	0
12	0	0	778	730	847	763	0	0	0	0
13	0	0	776	728	849	761	0	0	0	0
14	0	0	775	727	849	776	0	0	0	0
15	0	0	774	726	850	771	0	0	0	0
16	0	0	774	725	851	767	0	0	0	0
17	0	0	773	725	852	768	0	0	0	0
18	0	0	772	723	854	774	0	0	0	0
19	0	0	772	723	854	780	0	0	0	0
20	0	0	772	721	855	781	0	0	0	0
21	0	0	772	721	856	781	0	0	0	0
22	0	0	772	720	858	783	0	0	0	0
23	0	0	771	719	857	787	0	0	0	0
24	0	0	772	718	859	785	0	0	0	0
25	0	0	773	717	858	788	0	0	0	0
26	0	0	773	717	859	791	0	0	0	0
27	0	0	773	715	860	789	0	0	0	0
28	0	0	774	715	861	782	0	0	0	0
29	0	0	775	713	862	776	0	0	0	0
30	0	0	774	713	862	777	0	0	0	0
31	0	0	774	711	863	779	0	0	0	0
32	0	0	774	712	863	784	0	0	0	0
33	0	0	773	709	863	782	0	0	0	0
34	0	0	773	708	865	778	0	0	0	0
35	0	0	773	708	866	786	0	0	0	0
36	0	0	775	709	866	787	0	0	0	0
37	0	0	774	705	867	783	0	0	0	0
38	0	0	773	707	867	783	0	0	0	0
39	0	0	773	705	868	786	0	0	0	0
40	0	0	773	703	869	787	0	0	0	0
41	0	0	772	702	870	782	0	0	0	0
42	0	0	773	701	871	791	0	0	0	0
43	0	0	772	700	872	795	0	0	0	0
44	0	0	771	700	872	793	0	0	0	0
45	0	0	772	699	873	794	0	0	0	0
46	0	0	774	698	874	798	0	0	0	0
47	0	0	772	697	876	798	0	0	0	0
48	0	0	772	695	877	794	0	0	0	0
49	0	0	772	695	877	792	0	0	0	0
50	0	0	770	694	878	792	0	0	0	0
51	0	0	769	693	879	793	0	0	0	0
52	0	0	768	692	879	791	0	0	0	0
53	0	0	768	691	880	789	0	0	0	0
54	0	0	768	691	881	792	0	0	0	0
55	0	0	769	689	881	790	0	0	0	0
56	0	0	768	689	881	785	0	0	0	0
57	0	0	768	687	881	784	0	0	0	0
58	0	0	768	687	882	781	0	0	0	0
59	0	0	767	686	881	781	0	0	0	0
60	0	0	766	685	881	778	0	0	0	0
61	0	0	766	685	881	783	0	0	0	0
62	0	0	766	683	881	783	0	0	0	0
63	0	0	764	682	881	780	0	0	0	0
64	0	0	765	682	881	777	0	0	0	0
65	0	0	763	681	880	781	0	0	0	0
66	0	0	765	679	881	778	0	0	0	0
67	0	0	765	679	879	781	0	0	0	0
68	0	0	765	679	877	784	0	0	0	0
69	0	0	764	678	878	778	0	0	0	0
70	0	0	764	677	877	782	0	0	0	0
71	0	0	763	677	878	779	0	0	0	0
72	0	0	761	677	878	774	0	0	0	0
73	0	0	760	676	879	774	0	0	0	0
74	0	0	760	676	879	772	0	0	0	0
75	0	0	760	676	879	770	0	0	0	0
76	0	0	759	677	880	773	0	0	0	0
77	0	0	758	677	879	776	0	0	0	0
78	0	0	758	677	880	777	0	0	0	0
79	0	0	759	677	881	776	0	0	0	0
80	0	0	759	677	881	782	0	0	0	0
81	0	0	759	678	881	780	0	0	0	0
82	0	0	760	680	882	777	0	0	0	0
83	0	0	759	680	882	778	0	0	0	0
84	0	0	760	681	883	780	0	0	0	0
85	0	0	761	681	885	789	0	0	0	0
86	0	0	760	682	884	793	0	0	0	0
87	0	0	761	683	885	790	0	0	0	0
88	0	0	763	682	886	811	0	0	0	0
89	0	0	763	683	886	815	0	0	0	0
90	0	0	764	683	887	819	0	0	0	0
91	0	0	765	683	888	823	0	0	0	0
92	0	0	766	683	889	812	0	0	0	0
93	0	0	767	682	890	807	0	0	0	0
94	0	0	768	683	889	795	0	0	0	0
95	0	0	769	683	890	783	0	0	0	0
96	0	0	770	683	890	780	0	0	0	0
97	0	0	771	683	891	781	0	0	0	0
98	0	0	771	683	891	786	0	0	0	0
99	0	0	774	684	890	783	0	0	0	0
100	0	0	774	683	890	780	0	0	0	0
101	0	0	776	683	891	778	0	0	0	0
102	0	0	778	683	891	772	0	0	0	0
103	0	0	777	682	891	769	0	0	0	0
104	0	0	778	682	890	769	0	0	0	0
105	0	0	778	683	890	770	0	0	0	0
106	0	0	780	683	890	768	0	0	0	0
107	0	0	781	683	889	767	0	0	0	0
108	0	0	781	683	889	768	0	0	0	0
109	0	0	781	682	889	769	0	0	0	0
110	0	0	781	682	889	772	0	0	0	0
111	0	0	782	681	888	772	0	0	0	0
112	0	0	783	681	888	765	0	0	0	0
113	0	0	783	682	889	767	0	0	0	0
114	0	0	783	681	889	769	0	0	0	0
115	0	0	784	681	889	767	0	0	0	0
116	0	0	785	681	889	761	0	0	0	0
117	0	0	785	681	888	761	0	0	0	0
118	0	0	783	681	888	759	0	0	0	0
119	0	0	786	681	887	757	0	0	0	0
120	0	0	786	682	887	760	0	0	0	0
121	0	0	786	681	887	759	0	0	0	0
122	0	0	787	682	886	762	0	0	0	0
123	0	0	787	682	886	766	0	0	0	0
124	0	0	788	681	886	764	0	0	0	0
125	0	0	789	682	886	765	0	0	0	0
126	0	0	789	681	885	762	0	0	0	0
127	0	0	790	682	885	760	0	0	0	0
0	0	0	789	682	885	758	0	0	0	0
1	0	0	790	682	885	759	0	0	0	0
2	0	0	791	680	884	762	0	0	0	0
3	0	0	791	683	883	760	0	0	0	0
4	0	0	791	681	881	754	0	0	0	0
5	0	0	793	684	880	755	0	0	0	0
6	0	0	790	681	882	752	0	0	0	0
7	0	0	792	682	881	749	0	0	0	0
8	0	0	794	683	880	747	0	0	0	0
9	0	0	793	685	878	747	0	0	0	0
10	0	0	794	684	878	746	0	0	0	0
11	0	0	794	684	878	741	0	0	0	0
12	0	0	795	684	879	746	0	0	0	0
13	0	0	796	684	878	745	0	0	0	0
14	0	0	795	685	876	745	0	0	0	0
15	0	0	793	686	876	748	0	0	0	0
16	0	0	794	685	877	746	0	0	0	0
17	0	0	795	686	875	742	0	0	0	0
18	0	0	795	686	875	739	0	0	0	0
19	0	0	795	685	875	740	0	0	0	0
20	0	0	795	687	874	740	0	0	0	0
21	0	0	795	687	874	746	0	0	0	0
22	0	0	796	688	874	747	0	0	0	0
23	0	0	796	688	872	747	0	0	0	0
24	0	0	796	688	873	737	0	0	0	0
25	0	0	796	688	873	734	0	0	0	0
26	0	0	795	688	873	731	0	0	0	0
27	0	0	796	689	873	727	0	0	0	0
28	0	0	796	688	872	723	0	0	0	0
29	0	0	796	689	873	719	0	0	0	0
30	0	0	796	689	872	727	0	0	0	0
31	0	0	796	689	872	728	0	0	0	0
32	0	0	796	689	872	732	0	0	0	0
33	0	0	795	689	871	731	0	0	0	0
34	0	0	797	687	873	734	0	0	0	0
35	0	0	795	689	872	740	0	0	0	0
36	0	0	796	689	872	740	0	0	0	0
37	0	0	797	688	872	740	0	0	0	0
38	0	0	797	687	872	736	0	0	0	0
39	0	0	797	687	872	737	0	0	0	0
40	0	0	797	687	872	736	0	0	0	0
41	0	0	795	688	872	729	0	0	0	0
42	0	0	796	687	872	717	0	0	0	0
43	0	0	795	689	873	711	0	0	0	0
44	0	0	794	689	872	711	0	0	0	0
45	0	0	792	687	872	706	0	0	0	0
46	0	0	794	688	873	704	0	0	0	0
47	0	0	794	688	872	704	0	0	0	0
48	0	0	794	687	871	698	0	0	0	0
49	0	0	793	687	872	693	0	0	0	0
50	0	0	792	686	873	695	0	0	0	0
51	0	0	793	686	873	689	0	0	0	0
52	0	0	792	686	874	692	0	0	0	0
53	0	0	791	686	874	695	0	0	0	0
54	0	0	791	685	874	693	0	0	0	0
55	0	0	792	686	875	695	0	0	0	0
56	0	0	791	685	875	692	0	0	0	0
57	0	0	792	685	875	691	0	0	0	0
58	0	0	791	684	876	698	0	0	0	0
59	0	0	791	684	876	702	0	0	0	0
60	0	0	791	683	877	699	0	0	0	0
61	0	0	792	682	876	698	0	0	0	0
62	0	0	793	682	877	704	0	0	0	0
63	0	0	792	681	879	705	0	0	0	0
64	0	0	792	681	879	696	0	0	0	0
65	0	0	791	681	879	689	0	0	0	0
66	0	0	792	680	877	683	0	0	0	0
67	0	0	790	679	878	680	0	0	0	0
68	0	0	790	679	879	677	0	0	0	0
69	0	0	790	680	879	676	0	0	0	0
70	0	0	789	679	878	673	0	0	0	0
71	0	0	790	678	879	672	0	0	0	0
72	0	0	790	679	879	656	0	0	0	0
73	0	0	791	678	880	646	0	0	0	0
74	0	0	790	678	880	647	0	0	0	0
75	0	0	789	676	881	641	0	0	0	0
76	0	0	790	677	880	643	0	0	0	0
77	0	0	790	678	880	640	0	0	0	0
78	0	0	789	677	881	641	0	0	0	0
79	0	0	789	678	881	633	0	0	0	0
80	0	0	788	676	881	630	0	0	0	0
81	0	0	788	676	881	627	0	0	0	0
82	0	0	788	678	881	628	0	0	0	0
83	0	0	789	677	882	627	0	0	0	0
84	0	0	788	678	881	626	0	0	0	0
85	0	0	788	676	882	632	0	0	0	0
86	0	0	788	676	881	621	0	0	0	0
87	0	0	790	676	881	613	0	0	0	0
88	0	0	788	676	882	609	0	0	0	0
89	0	0	789	678	881	605	0	0	0	0
90	0	0	788	676	881	601	0	0	0	0
91	0	0	788	676	881	608	0	0	0	0
92	0	0	787	677	881	610	0	0	0	0
93	0	0	786	677	881	602	0	0	0	0
94	0	0	787	678	881	608	0	0	0	0
95	0	0	787	678	881	608	0	0	0	0
96	0	0	787	679	881	615	0	0	0	0
97	0	0	787	678	881	614	0	0	0	0
98	0	0	787	679	880	601	0	0	0	0
99	0	0	788	680	881	589	0	0	0	0
100	0	0	785	680	881	596	0	0	0	0
101	0	0	787	680	881	577	0	0	0	1
102	0	0	787	681	880	570	0	0	0	0
103	0	0	786	682	880	569	0	0	0	0
104	0	0	786	683	880	567	0	0	0	0
105	0	0	786	684	880	569	0	0	0	0
106	0	0	785	683	880	568	0	0	0	0
107	0	0	785	683	881	555	0	0	0	0
108	0	0	786	683	881	542	0	0	0	0
109	0	0	786	684	881	539	0	0	0	0
110	0	0	787	684	881	542	0	0	0	0
111	0	0	787	685	881	517	0	0	0	0
112	0	0	786	686	880	538	0	0	0	0
113	0	0	787	687	880	552	0	0	0	0
114	0	0	787	687	880	548	0	0	0	0
115	0	0	788	688	880	531	0	0	0	0
116	0	0	788	687	880	522	0	0	0	0
117	0	0	787	689	880	515	0	0	0	0
118	0	0	788	689	879	525	0	0	0	0
119	0	0	789	690	880	526	0	0	0	0
120	0	0	788	691	879	534	0	0	0	0
121	0	0	787	691	879	493	0	0	0	0
122	0	0	786	692	879	498	0	0	0	0
123	0	0	788	694	879	490	0	0	0	0
124	0	0	787	695	879	476	0	0	0	0
125	0	0	788	695	879	478	0	0	0	0
126	0	0	787	694	879	479	0	0	0	0
127	0	0	787	695	879	471	0	0	0	0
0	0	0	787	695	879	454	0	0	0	0
1	0	0	785	696	878	445	0	0	0	0
2	0	0	786	697	878	432	0	0	0	0
3	0	0	785	697	878	394	0	0	0	0
4	0	0	786	697	878	380	0	0	0	0
5	0	0	785	698	878	398	0	0	0	0
6	0	0	785	698	879	401	0	0	0	0
7	0	0	785	699	878	390	0	0	0	0
8	0	0	785	699	878	392	0	0	0	0
9	0	0	785	699	878	379	0	0	0	0
10	0	0	786	700	878	374	0	0	0	0
11	0	0	786	701	878	387	0	0	0	0
12	0	0	786	701	878	386	0	0	0	0
13	0	0	786	701	879	377	0	0	0	0
14	0	0	787	701	879	383	0	0	0	0
15	0	0	786	702	879	381	0	0	0	0
16	0	0	786	702	879	371	0	0	0	0
17	0	0	787	703	878	364	0	0	0	0
18	0	0	787	703	879	370	0	0	0	0
19	0	0	787	703	879	374	0	0	0	0
20	0	0	788	704	879	375	0	0	0	0
21	0	0	789	703	879	367	0	0	0	0
22	0	0	790	703	881	341	0	0	0	0
23	0	0	789	703	879	348	0	0	0	0
24	0	0	790	703	880	350	0	0	0	0
25	0	0	789	702	881	346	0	0	0	0
26	0	0	788	702	881	341	0	0	0	0
27	0	0	789	701	882	340	0	0	0	0
28	0	0	790	702	882	306	0	0	0	0
29	0	0	790	701	882	293	0	0	0	0
30	0	0	791	701	882	296	0	0	0	0
31	0	0	792	701	882	302	0	0	0	0
32	0	0	790	702	883	301	0	0	0	0
33	0	0	791	702	884	293	0	0	0	0
34	0	0	790	702	883	289	0	0	0	0
35	0	0	791	701	884	272	0	0	0	0
36	0	0	791	701	885	272	0	0	0	0
37	0	0	790	701	885	253	0	0	0	0
38	0	0	790	702	885	230	0	0	0	0
39	0	0	791	701	885	241	0	0	0	0
40	0	0	790	701	885	247	0	0	0	0
41	0	0	791	701	885	252	0	0	0	0
42	0	0	791	700	885	226	0	0	0	0
43	0	0	790	700	886	223	0	0	0	0
44	0	0	787	701	885	222	0	0	0	0
45	0	0	790	700	885	215	0	0	0	0
46	0	0	790	699	886	212	0	0	0	0
47	0	0	790	700	886	200	0	0	0	0
48	0	0	790	699	886	193	0	0	0	0
49	0	0	790	699	887	192	0	0	0	0
50	0	0	790	699	887	197	0	0	0	0
51	0	0	790	698	887	191	0	0	0	0
52	0	0	789	699	888	179	0	0	0	0
53	0	0	790	698	889	171	0	0	0	0
54	0	0	791	698	889	163	0	0	0	0
55	0	0	791	698	889	162	0	0	0	0
56	0	0	790	699	889	162	0	0	0	0
57	0	0	791	698	891	160	0	0	0	0
58	0	0	792	699	890	165	0	0	0	0
59	0	0	792	699	889	170	0	0	0	0
60	0	0	792	699	889	173	0	0	0	0
61	0	0	791	699	889	163	0	0	0	0
62	0	0	791	700	889	155	0	0	0	0
63	0	0	790	699	889	157	0	0	0	0
64	0	0	791	699	890	152	0	0	0	0
65	0	0	791	699	890	148	0	0	0	0
66	0	0	791	698	889	152	0	0	0	0
67	0	0	791	697	889	159	0	0	0	0
68	0	0	792	698	890	154	0	0	0	0
69	0	0	792	698	890	158	0	0	0	0
70	0	0	791	697	891	165	0	0	0	0
71	0	0	792	697	890	186	0	0	0	0
72	0	0	791	697	891	207	0	0	0	0
73	0	0	791	697	891	212	0	0	0	0
74	0	0	791	697	891	219	0	0	0	0
75	0	0	790	697	892	237	0	0	0	0
76	0	0	790	697	891	233	0	0	0	0
77	0	0	790	695	891	229	0	0	0	0
78	0	0	790	697	891	243	0	0	0	0
79	0	0	790	695	891	247	0	0	0	0
80	0	0	789	694	891	242	0	0	0	0
81	0	0	791	696	891	251	0	0	0	0
82	0	0	791	696	892	259	0	0	0	0
83	0	0	790	696	891	261	0	0	0	0
84	0	0	790	695	891	257	0	0	0	0
85	0	0	789	696	891	246	0	0	0	0
86	0	0	790	696	891	230	0	0	0	0
87	0	0	790	696	890	245	0	0	0	0
88	0	0	789	695	890	258	0	0	0	0
89	0	0	790	696	890	254	0	0	0	0
90	0	0	790	696	890	245	0	0	0	0
91	0	0	790	695	889	222	0	0	0	0
92	0	0	790	694	889	209	0	0	0	0
93	0	0	790	696	888	214	0	0	0	0
94	0	0	790	694	889	217	0	0	0	0
95	0	0	790	695	890	218	0	0	0	0
96	0	0	790	695	888	216	0	0	0	0
97	0	0	789	696	888	205	0	0	0	0
98	0	0	788	695	888	217	0	0	0	0
99	0	0	790	695	888	228	0	0	0	0
100	0	0	788	696	888	198	0	0	0	0
101	0	0	788	694	887	199	0	0	0	0
102	0	0	787	694	888	210	0	0	0	0
103	0	0	787	694	887	211	0	0	0	0
104	0	0	786	695	888	210	0	0	0	0
105	0	0	788	694	887	214	0	0	0	0
106	0	0	788	694	887	221	0	0	0	0
107	0	0	787	693	888	230	0	0	0	0
108	0	0	786	693	887	232	0	0	0	0
109	0	0	787	692	887	231	0	0	0	0
110	0	0	786	693	887	233	0	0	0	0
111	0	0	786	692	887	238	0	0	0	0
112	0	0	786	692	887	242	0	0	0	0
113	0	0	785	692	886	238	0	0	0	0
114	0	0	786	691	886	239	0	0	0	0
115	0	0	784	692	887	243	0	0	0	0
116	0	0	783	692	886	237	0	0	0	0
117	0	0	785	692	886	236	0	0	0	0
118	0	0	784	691	886	231	0	0	0	0
119	0	0	784	691	886	228	0	0	0	0
120	0	0	784	692	886	220	0	0	0	0
121	0	0	783	692	885	210	0	0	0	0
122	0	0	784	691	885	215	0	0	0	0
123	0	0	784	690	884	219	0	0	0	0
124	0	0	783	688	885	219	0	0	0	0
125	0	0	785	691	885	226	0	0	0	0
126	0	0	785	690	885	230	0	0	0	0
127	0	0	785	690	885	237	0	0	0	0
0	0	0	786	689	884	239	0	0	0	0
1	0	0	786	688	885	243	0	0	0	0
2	0	0	786	687	884	243	0	0	0	0
3	0	0	786	689	884	246	0	0	0	0
4	0	0	787	688	884	247	0	0	0	0
5	0	0	787	688	883	246	0	0	0	0
6	0	0	788	687	883	248	0	0	0	0
7	0	0	788	687	883	250	0	0	0	0
8	0	0	789	687	882	248	0	0	0	0
9	0	0	788	687	883	246	0	0	0	0
10	0	0	788	687	882	244	0	0	0	0
11	0	0	788	686	882	246	0	0	0	0
12	0	0	789	686	881	247	0	0	0	0
13	0	0	790	686	878	247	0	0	0	0
14	0	0	791	685	881	240	0	0	0	0
15	0	0	790	685	880	235	0	0	0	0
16	0	0	790	684	881	232	0	0	0	0
17	0	0	791	684	882	238	0	0	0	0
18	0	0	791	684	880	238	0	0	0	0
19	0	0	791	684	880	237	0	0	0	0
20	0	0	791	685	880	243	0	0	0	0
21	0	0	792	684	879	243	0	0	0	0
22	0	0	791	683	879	237	0	0	0	0
23	0	0	791	684	879	237	0	0	0	0
24	0	0	790	683	879	252	0	0	0	0
25	0	0	790	684	879	254	0	0	0	0
26	0	0	791	683	879	256	0	0	0	0
27	0	0	790	683	879	248	0	0	0	0
28	0	0	789	683	880	248	0	0	0	0
29	0	0	791	683	880	244	0	0	0	0
30	0	0	790	683	879	247	0	0	0	0
31	0	0	790	682	881	249	0	0	0	0
32	0	0	789	683	881	255	0	0	0	0
33	0	0	790	683	881	259	0	0	0	0
34	0	0	790	682	881	254	0	0	0	0
35	0	0	789	682	882	250	0	0	0	0
36	0	0	789	682	882	255	0	0	0	0
37	0	0	789	682	882	254	0	0	0	0
38	0	0	788	683	882	249	0	0	0	0
39	0	0	788	682	883	258	0	0	0	0
40	0	0	788	683	883	259	0	0	0	0
41	0	0	787	682	882	260	0	0	0	0
42	0	0	787	682	883	262	0	0	0	0
43	0	0	787	682	884	259	0	0	0	0
44	0	0	786	682	884	258	0	0	0	0
45	0	0	786	682	884	261	0	0	0	0
46	0	0	786	682	885	255	0	0	0	0
47	0	0	787	682	885	256	0	0	0	0
48	0	0	787	682	885	252	0	0	0	0
49	0	0	786	682	885	253	0	0	0	0
50	0	0	786	681	884	250	0	0	0	0
51	0	0	784	682	885	250	0	0	0	0
52	0	0	787	681	886	254	0	0	0	0
53	0	0	786	681	886	268	0	0	0	0
54	0	0	786	681	886	275	0	0	0	0
55	0	0	787	682	886	281	0	0	0	0
56	0	0	788	682	885	285	0	0	0	0
57	0	0	787	682	886	289	0	0	0	0
58	0	0	788	683	886	294	0	0	0	0
59	0	0	788	681	886	295	0	0	0	0
60	0	0	788	682	885	301	0	0	0	0
61	0	0	787	682	885	308	0	0	0	0
62	0	0	787	682	884	317	0	0	0	0
63	0	0	787	683	884	324	0	0	0	0
64	0	0	786	682	885	316	0	0	0	0
65	0	0	786	683	885	325	0	0	0	0
66	0	0	785	683	884	326	0	0	0	0
67	0	0	787	683	884	324	0	0	0	0
68	0	0	787	683	884	327	0	0	0	0
69	0	0	786	683	884	323	0	0	0	0
70	0	0	786	683	883	320	0	0	0	0
71	0	0	787	684	884	320	0	0	0	0
72	0	0	788	684	883	325	0	0	0	0
73	0	0	788	685	883	319	0	0	0	0
74	0	0	788	684	883	323	0	0	0	0
75	0	0	787	684	882	327	0	0	0	0
76	0	0	787	684	883	325	0	0	0	0
77	0	0	787	686	882	329	0	0	0	0
78	0	0	787	686	882	352	0	0	0	0
79	0	0	788	685	882	368	0	0	0	0
80	0	0	788	686	882	376	0	0	0	0
81	0	0	789	686	882	383	0	0	0	0
82	0	0	789	685	882	384	0	0	0	0
83	0	0	789	686	882	378	0	0	0	0
84	0	0	789	685	882	375	0	0	0	0
85	0	0	789	685	882	375	0	0	0	0
86	0	0	789	686	882	374	0	0	0	0
87	0	0	789	685	882	383	0	0	0	0
88	0	0	789	687	882	401	0	0	0	0
89	0	0	788	686	882	398	0	0	0	0
90	0	0	788	686	881	389	0	0	0	0
91	0	0	789	685	881	413	0	0	0	0
92	0	0	789	685	881	421	0	0	0	0
93	0	0	787	686	881	432	0	0	0	0
94	0	0	788	686	881	433	0	0	0	0
95	0	0	786	686	880	438	0	0	0	0
96	0	0	787	686	881	441	0	0	0	0
97	0	0	786	686	881	443	0	0	0	0
98	0	0	786	686	881	439	0	0	0	0
99	0	0	785	686	881	441	0	0	0	0
100	0	0	786	686	880	441	0	0	0	0
101	0	0	786	686	880	460	0	0	0	0
102	0	0	786	687	881	463	0	0	0	0
103	0	0	784	687	881	471	0	0	0	0
104	0	0	784	687	880	469	0	0	0	0
105	0	0	784	687	881	469	0	0	0	0
106	0	0	784	688	882	479	0	0	0	0
107	0	0	785	688	882	473	0	0	0	0
108	0	0	785	687	881	465	0	0	0	0
109	0	0	784	687	881	467	0	0	0	0
110	0	0	784	688	881	462	0	0	0	0
111	0	0	783	688	882	456	0	0	0	0
112	0	0	784	687	882	458	0	0	0	0
113	0	0	784	688	881	468	0	0	0	0
114	0	0	784	687	881	479	0	0	0	0
115	0	0	784	687	882	481	0	0	0	0
116	0	0	786	688	882	490	0	0	0	0
117	0	0	785	688	882	493	0	0	0	0
118	0	0	784	688	882	496	0	0	0	0
119	0	0	784	688	882	491	0	0	0	0
120	0	0	785	688	882	499	0	0	0	0
121	0	0	784	688	882	502	0	0	0	0
122	0	0	785	687	884	502	0	0	0	0
123	0	0	785	688	884	506	0	0	0	0
124	0	0	786	687	884	507	0	0	0	0
125	0	0	786	688	884	506	0	0	0	0
126	0	0	785	688	884	508	0	0	0	0
127	0	0	785	689	885	508	0	0	0	0
0	0	0	785	688	884	506	0	0	0	0
1	0	0	784	688	885	500	0	0	0	0
2	0	0	785	688	884	502	0	0	0	0
3	0	0	785	688	883	506	0	0	0	0
4	0	0	784	688	884	501	0	0	0	0
5	0	0	783	688	886	504	0	0	0	0
6	0	0	785	688	885	501	0	0	0	0
7	0	0	784	688	884	505	0	0	0	0
8	0	0	784	689	885	501	0	0	0	0
9	0	0	785	688	884	501	0	0	0	0
10	0	0	784	690	885	503	0	0	0	0
11	0	0	784	690	884	503	0	0	0	0
12	0	0	783	690	883	502	0	0	0	0
13	0	0	785	690	884	508	0	0	0	0
14	0	0	785	691	884	514	0	0	0	0
15	0	0	785	691	883	509	0	0	0	0
16	0	0	786	691	884	505	0	0	0	0
17	0	0	786	691	884	506	0	0	0	0
18	0	0	787	692	884	510	0	0	0	0
19	0	0	786	691	884	506	0	0	0	0
