# bioPlux Text File Format
# Version: 1
# StartDateTime: 2012-03-21 15:45:45
# SamplingFrequency: 1000
# SampledChannels: 1 2 3 4 5 6 7 8
# SamplingResolution: 12
# AcquiringDevice: 00:07:80:93:66:BE
# EndOfHeader
0	0	0	794	741	803	1015	0	0	0	0
1	0	0	796	742	801	1017	0	0	0	0
2	0	0	795	743	801	1016	0	0	0	0
3	0	0	797	743	800	1019	0	0	0	0
4	0	0	796	744	799	1019	0	0	0	0
5	0	0	796	744	798	1019	0	0	0	0
6	0	0	794	746	797	1020	0	0	0	0
7	0	0	795	744	796	1022	0	0	0	0
8	0	0	795	745	796	1023	0	0	0	0
9	0	0	794	745	796	1024	0	0	0	0
10	0	0	794	745	795	1023	0	0	0	0
11	0	0	794	744	794	1023	0	0	0	0
12	0	0	794	742	794	1026	0	0	0	0
13	0	0	792	742	793	1027	0	0	0	0
14	0	0	792	742	794	1028	0	0	0	0
15	0	0	793	743	792	1027	0	0	0	0
16	0	0	792	743	791	1029	0	0	0	0
17	0	0	791	741	791	1028	0	0	0	0
18	0	0	792	742	791	1029	0	0	0	0
19	0	0	791	740	789	1029	0	0	0	0
20	0	0	793	738	789	1030	0	0	0	0
21	0	0	793	738	788	1032	0	0	0	0
22	0	0	792	736	788	1033	0	0	0	0
23	0	0	792	735	787	1038	0	0	0	0
24	0	0	791	735	788	1040	0	0	0	0
25	0	0	790	733	787	1044	0	0	0	0
26	0	0	790	733	787	1044	0	0	0	0
27	0	0	788	731	786	1042	0	0	0	0
28	0	0	787	731	785	1044	0	0	0	0
29	0	0	786	731	785	1045	0	0	0	0
30	0	0	786	730	785	1047	0	0	0	0
31	0	0	784	729	781	1047	0	0	0	0
32	0	0	782	727	784	1049	0	0	0	0
33	0	0	782	727	784	1049	0	0	0	0
34	0	0	781	727	784	1047	0	0	0	0
35	0	0	780	727	784	1047	0	0	0	0
36	0	0	780	726	783	1046	0	0	0	0
37	0	0	779	724	783	1046	0	0	0	0
38	0	0	778	723	783	1042	0	0	0	0
39	0	0	778	721	782	1040	0	0	0	0
40	0	0	777	720	782	1038	0	0	0	0
41	0	0	777	718	783	1041	0	0	0	0
42	0	0	775	718	783	1045	0	0	0	0
43	0	0	775	717	781	1042	0	0	0	0
44	0	0	773	716	781	1040	0	0	0	0
45	0	0	773	715	781	1037	0	0	0	0
46	0	0	773	714	781	1039	0	0	0	0
47	0	0	773	713	780	1033	0	0	0	0
48	0	0	773	712	781	1033	0	0	0	0
49	0	0	774	710	781	1034	0	0	0	0
50	0	0	775	709	781	1034	0	0	0	0
51	0	0	774	708	780	1031	0	0	0	0
52	0	0	773	706	780	1036	0	0	0	0
53	0	0	775	705	780	1030	0	0	0	0
54	0	0	774	703	780	1027	0	0	0	0
55	0	0	777	702	780	1028	0	0	0	0
56	0	0	777	701	780	1027	0	0	0	0
57	0	0	776	697	780	1029	0	0	0	0
58	0	0	777	695	779	1034	0	0	0	0
59	0	0	776	694	779	1035	0	0	0	0
60	0	0	777	691	780	1038	0	0	0	0
61	0	0	776	689	780	1035	0	0	0	0
62	0	0	778	686	779	1035	0	0	0	0
63	0	0	778	684	779	1040	0	0	0	0
64	0	0	778	683	780	1045	0	0	0	0
65	0	0	778	682	780	1047	0	0	0	0
66	0	0	779	681	780	1047	0	0	0	0
67	0	0	780	679	780	1054	0	0	0	0
68	0	0	779	677	780	1058	0	0	0	0
69	0	0	780	675	781	1058	0	0	0	0
70	0	0	780	674	781	1060	0	0	0	0
71	0	0	780	673	782	1060	0	0	0	0
72	0	0	780	671	783	1064	0	0	0	0
73	0	0	780	669	783	1065	0	0	0	0
74	0	0	780	668	784	1065	0	0	0	0
75	0	0	780	668	785	1062	0	0	0	0
76	0	0	781	667	786	1066	0	0	0	0
77	0	0	780	665	787	1068	0	0	0	0
78	0	0	780	665	789	1072	0	0	0	0
79	0	0	778	664	789	1077	0	0	0	0
80	0	0	778	663	791	1086	0	0	0	0
81	0	0	779	663	791	1091	0	0	0	0
82	0	0	778	662	793	1101	0	0	0	0
83	0	0	778	662	794	1111	0	0	0	0
84	0	0	776	663	795	1135	0	0	0	0
85	0	0	774	662	797	1161	0	0	0	0
86	0	0	773	663	797	1171	0	0	0	0
87	0	0	773	663	798	1176	0	0	0	0
88	0	0	770	662	799	1178	0	0	0	0
89	0	0	769	663	800	1180	0	0	0	0
90	0	0	769	663	800	1182	0	0	0	0
91	0	0	767	663	802	1184	0	0	0	0
92	0	0	766	664	802	1186	0	0	0	0
93	0	0	765	663	802	1187	0	0	0	0
94	0	0	763	662	803	1190	0	0	0	0
95	0	0	763	664	803	1192	0	0	0	0
96	0	0	763	663	802	1192	0	0	0	0
97	0	0	764	664	804	1198	0	0	0	0
98	0	0	763	664	804	1205	0	0	0	0
99	0	0	763	665	804	1206	0	0	0	0
100	0	0	764	666	804	1215	0	0	0	0
101	0	0	764	667	803	1214	0	0	0	0
102	0	0	765	668	804	1219	0	0	0	0
103	0	0	765	668	803	1233	0	0	0	0
104	0	0	766	669	803	1240	0	0	0	0
105	0	0	766	671	803	1249	0	0	0	0
106	0	0	767	671	802	1253	0	0	0	0
107	0	0	768	672	803	1260	0	0	0	0
108	0	0	769	673	801	1260	0	0	0	0
109	0	0	769	675	802	1265	0	0	0	0
110	0	0	771	675	801	1268	0	0	0	0
111	0	0	771	676	801	1281	0	0	0	0
112	0	0	771	678	801	1305	0	0	0	0
113	0	0	770	678	800	1324	0	0	0	0
114	0	0	770	680	800	1331	0	0	0	0
115	0	0	771	682	800	1336	0	0	0	0
116	0	0	772	684	802	1341	0	0	0	0
117	0	0	772	685	801	1348	0	0	0	0
118	0	0	773	685	800	1354	0	0	0	0
119	0	0	774	687	801	1360	0	0	0	0
120	0	0	774	687	801	1369	0	0	0	0
121	0	0	775	689	802	1373	0	0	0	0
122	0	0	775	689	801	1378	0	0	0	0
123	0	0	775	690	802	1383	0	0	0	0
124	0	0	774	690	803	1386	0	0	0	0
125	0	0	778	692	804	1390	0	0	0	0
126	0	0	778	692	804	1396	0	0	0	0
127	0	0	777	691	805	1399	0	0	0	0
0	0	0	778	692	805	1409	0	0	0	0
1	0	0	778	692	807	1418	0	0	0	0
2	0	0	778	691	808	1424	0	0	0	0
3	0	0	777	691	808	1426	0	0	0	0
4	0	0	776	690	808	1439	0	0	0	0
5	0	0	776	690	809	1450	0	0	0	0
6	0	0	776	689	811	1462	0	0	0	0
7	0	0	774	689	811	1475	0	0	0	0
8	0	0	773	688	813	1490	0	0	0	0
9	0	0	771	687	813	1499	0	0	0	0
10	0	0	771	688	816	1509	0	0	0	0
11	0	0	771	686	815	1515	0	0	0	0
12	0	0	770	686	816	1519	0	0	0	0
13	0	0	770	685	817	1540	0	0	0	0
14	0	0	770	684	817	1549	0	0	0	0
15	0	0	769	683	820	1563	0	0	0	0
16	0	0	770	682	821	1574	0	0	0	0
17	0	0	768	680	821	1584	0	0	0	0
18	0	0	769	678	822	1588	0	0	0	0
19	0	0	769	678	823	1592	0	0	0	0
20	0	0	768	676	823	1596	0	0	0	0
21	0	0	768	673	825	1601	0	0	0	0
22	0	0	768	672	826	1615	0	0	0	0
23	0	0	767	670	827	1624	0	0	0	0
24	0	0	768	669	827	1623	0	0	0	0
25	0	0	769	667	829	1629	0	0	0	0
26	0	0	768	663	830	1641	0	0	0	0
27	0	0	768	659	829	1647	0	0	0	0
28	0	0	769	658	830	1657	0	0	0	0
29	0	0	770	657	831	1660	0	0	0	0
30	0	0	772	654	830	1660	0	0	0	0
31	0	0	774	652	830	1670	0	0	0	0
32	0	0	775	650	830	1682	0	0	0	0
33	0	0	775	650	830	1693	0	0	0	0
34	0	0	776	647	830	1696	0	0	0	0
35	0	0	775	643	830	1701	0	0	0	0
36	0	0	775	642	831	1714	0	0	0	0
37	0	0	775	641	831	1727	0	0	0	0
38	0	0	772	639	833	1727	0	0	0	0
39	0	0	771	638	833	1732	0	0	0	0
40	0	0	770	636	833	1741	0	0	0	0
41	0	0	768	636	834	1751	0	0	0	0
42	0	0	768	635	835	1765	0	0	0	0
43	0	0	767	634	836	1775	0	0	0	0
44	0	0	767	630	836	1788	0	0	0	0
45	0	0	765	632	838	1796	0	0	0	0
46	0	0	763	631	839	1804	0	0	0	0
47	0	0	762	629	840	1813	0	0	0	0
48	0	0	760	629	841	1819	0	0	0	0
49	0	0	760	629	842	1824	0	0	0	0
50	0	0	760	628	848	1834	0	0	0	0
51	0	0	764	624	853	1844	0	0	0	0
52	0	0	764	623	856	1851	0	0	0	0
53	0	0	765	621	857	1858	0	0	0	0
54	0	0	763	620	857	1865	0	0	0	0
55	0	0	763	618	859	1875	0	0	0	0
56	0	0	764	613	860	1875	0	0	0	0
57	0	0	762	609	860	1881	0	0	0	0
58	0	0	758	606	861	1901	0	0	0	0
59	0	0	754	603	861	1912	0	0	0	0
60	0	0	750	601	860	1924	0	0	0	0
61	0	0	745	600	859	1939	0	0	0	0
62	0	0	742	599	859	1952	0	0	0	0
63	0	0	744	600	857	1957	0	0	0	0
64	0	0	743	600	856	1969	0	0	0	0
65	0	0	744	601	858	1972	0	0	0	0
66	0	0	746	599	857	1998	0	0	0	0
67	0	0	746	601	858	2023	0	0	0	0
68	0	0	747	601	858	2041	0	0	0	0
69	0	0	747	602	859	2044	0	0	0	0
70	0	0	747	603	860	2052	0	0	0	0
71	0	0	748	603	860	2053	0	0	0	0
72	0	0	749	604	861	2058	0	0	0	0
73	0	0	750	604	861	2064	0	0	0	0
74	0	0	750	604	861	2070	0	0	0	0
75	0	0	750	605	861	2070	0	0	0	0
76	0	0	749	607	860	2076	0	0	0	0
77	0	0	749	607	860	2077	0	0	0	0
78	0	0	752	606	858	2081	0	0	0	0
79	0	0	752	605	859	2086	0	0	0	0
80	0	0	752	606	858	2091	0	0	0	0
81	0	0	753	606	858	2096	0	0	0	0
82	0	0	754	606	858	2096	0	0	0	0
83	0	0	754	607	857	2100	0	0	0	0
84	0	0	755	605	856	2100	0	0	0	0
85	0	0	756	606	857	2099	0	0	0	0
86	0	0	755	603	856	2096	0	0	0	0
87	0	0	755	601	857	2109	0	0	0	0
88	0	0	755	600	858	2120	0	0	0	0
89	0	0	754	598	859	2122	0	0	0	0
90	0	0	754	596	861	2125	0	0	0	0
91	0	0	754	593	860	2129	0	0	0	0
92	0	0	753	591	862	2128	0	0	0	0
93	0	0	754	589	863	2131	0	0	0	0
94	0	0	754	587	864	2138	0	0	0	0
95	0	0	754	583	865	2145	0	0	0	0
96	0	0	754	581	866	2150	0	0	0	0
97	0	0	755	578	867	2156	0	0	0	0
98	0	0	754	575	869	2158	0	0	0	0
99	0	0	753	572	871	2163	0	0	0	0
100	0	0	752	572	873	2169	0	0	0	0
101	0	0	751	570	874	2176	0	0	0	0
102	0	0	749	567	875	2182	0	0	0	0
103	0	0	749	566	877	2188	0	0	0	0
104	0	0	749	564	878	2193	0	0	0	0
105	0	0	749	563	879	2195	0	0	0	0
106	0	0	749	561	880	2195	0	0	0	0
107	0	0	749	560	881	2198	0	0	0	0
108	0	0	749	559	883	2202	0	0	0	0
109	0	0	749	558	882	2203	0	0	0	0
110	0	0	748	558	883	2203	0	0	0	0
111	0	0	746	558	883	2204	0	0	0	0
112	0	0	747	557	883	2205	0	0	0	0
113	0	0	747	555	885	2205	0	0	0	0
114	0	0	747	554	884	2206	0	0	0	0
115	0	0	747	554	883	2206	0	0	0	0
116	0	0	748	553	884	2208	0	0	0	0
117	0	0	746	552	885	2211	0	0	0	0
118	0	0	747	551	885	2211	0	0	0	0
119	0	0	748	550	885	2208	0	0	0	0
120	0	0	747	549	884	2211	0	0	0	0
121	0	0	747	550	885	2214	0	0	0	0
122	0	0	745	549	882	2217	0	0	0	0
123	0	0	746	551	880	2219	0	0	0	0
124	0	0	745	552	878	2219	0	0	0	0
125	0	0	745	551	877	2218	0	0	0	0
126	0	0	747	551	875	2213	0	0	0	0
127	0	0	748	551	873	2207	0	0	0	0
0	0	0	750	553	871	2206	0	0	0	0
1	0	0	752	554	868	2203	0	0	0	0
2	0	0	755	554	865	2199	0	0	0	0
3	0	0	757	555	863	2199	0	0	0	0
4	0	0	756	556	859	2193	0	0	0	0
5	0	0	757	556	859	2196	0	0	0	0
6	0	0	758	555	858	2198	0	0	0	0
7	0	0	757	554	856	2196	0	0	0	0
8	0	0	756	554	856	2198	0	0	0	0
9	0	0	754	554	855	2197	0	0	0	0
10	0	0	753	554	855	2198	0	0	0	0
11	0	0	751	553	855	2198	0	0	0	0
12	0	0	750	556	855	2198	0	0	0	0
13	0	0	746	554	855	2199	0	0	0	0
14	0	0	745	553	855	2198	0	0	0	0
15	0	0	745	553	857	2200	0	0	0	0
16	0	0	744	553	857	2202	0	0	0	0
17	0	0	743	552	858	2204	0	0	0	0
18	0	0	742	550	859	2206	0	0	0	0
19	0	0	741	549	858	2208	0	0	0	0
20	0	0	740	550	860	2209	0	0	0	0
21	0	0	740	549	860	2209	0	0	0	0
22	0	0	739	548	859	2213	0	0	0	0
23	0	0	739	547	859	2215	0	0	0	0
24	0	0	740	545	859	2217	0	0	0	0
25	0	0	739	546	859	2218	0	0	0	0
26	0	0	738	545	857	2219	0	0	0	0
27	0	0	739	544	856	2222	0	0	0	0
28	0	0	739	545	856	2223	0	0	0	0
29	0	0	737	544	854	2225	0	0	0	0
30	0	0	739	543	853	2227	0	0	0	0
31	0	0	739	542	851	2226	0	0	0	0
32	0	0	741	541	850	2230	0	0	0	0
33	0	0	742	540	849	2234	0	0	0	0
34	0	0	742	538	849	2237	0	0	0	0
35	0	0	743	536	846	2238	0	0	0	0
36	0	0	744	534	844	2244	0	0	0	0
37	0	0	746	533	844	2247	0	0	0	0
38	0	0	747	531	843	2247	0	0	0	0
39	0	0	749	529	842	2250	0	0	0	0
40	0	0	749	527	842	2258	0	0	0	0
41	0	0	750	526	842	2269	0	0	0	0
42	0	0	752	525	841	2274	0	0	0	0
43	0	0	752	524	841	2279	0	0	0	0
44	0	0	755	524	841	2280	0	0	0	0
45	0	0	753	523	842	2284	0	0	0	0
46	0	0	752	521	842	2291	0	0	0	0
47	0	0	751	520	843	2293	0	0	0	0
48	0	0	751	520	845	2297	0	0	0	0
49	0	0	751	521	845	2304	0	0	0	0
50	0	0	750	519	847	2311	0	0	0	0
51	0	0	749	518	848	2317	0	0	0	0
52	0	0	750	518	849	2321	0	0	0	0
53	0	0	750	517	849	2323	0	0	0	0
54	0	0	747	518	850	2325	0	0	0	0
55	0	0	749	517	853	2325	0	0	0	0
56	0	0	748	517	852	2330	0	0	0	0
57	0	0	748	517	852	2337	0	0	0	0
58	0	0	748	516	853	2345	0	0	0	0
59	0	0	746	517	855	2353	0	0	0	0
60	0	0	747	516	855	2356	0	0	0	0
61	0	0	747	516	857	2363	0	0	0	0
62	0	0	746	515	856	2369	0	0	0	0
63	0	0	747	515	857	2370	0	0	0	0
64	0	0	748	515	858	2379	0	0	0	0
65	0	0	747	513	859	2382	0	0	0	0
66	0	0	747	513	860	2391	0	0	0	0
67	0	0	747	513	860	2399	0	0	0	0
68	0	0	747	512	861	2411	0	0	0	0
69	0	0	746	510	862	2418	0	0	0	0
70	0	0	747	508	862	2425	0	0	0	0
71	0	0	748	508	863	2434	0	0	0	0
72	0	0	748	506	864	2443	0	0	0	0
73	0	0	749	506	864	2446	0	0	0	0
74	0	0	749	504	864	2448	0	0	0	0
75	0	0	749	503	865	2450	0	0	0	0
76	0	0	748	502	866	2453	0	0	0	0
77	0	0	748	500	867	2459	0	0	0	0
78	0	0	749	499	867	2465	0	0	0	0
79	0	0	750	498	869	2470	0	0	0	0
80	0	0	750	496	869	2470	0	0	0	0
81	0	0	751	495	871	2476	0	0	0	0
82	0	0	751	494	870	2476	0	0	0	0
83	0	0	751	493	871	2476	0	0	0	0
84	0	0	750	493	873	2475	0	0	0	0
85	0	0	750	492	875	2483	0	0	0	0
86	0	0	750	491	877	2492	0	0	0	0
87	0	0	749	491	876	2492	0	0	0	0
88	0	0	750	491	877	2497	0	0	0	0
89	0	0	748	492	878	2498	0	0	0	0
90	0	0	747	492	879	2499	0	0	0	0
91	0	0	747	492	881	2501	0	0	0	0
92	0	0	749	493	881	2500	0	0	0	0
93	0	0	749	491	881	2501	0	0	0	0
94	0	0	748	495	882	2500	0	0	0	0
95	0	0	748	496	883	2504	0	0	0	0
96	0	0	748	496	883	2506	0	0	0	0
97	0	0	747	496	884	2507	0	0	0	0
98	0	0	749	496	884	2508	0	0	0	0
99	0	0	753	497	884	2510	0	0	0	0
100	0	0	751	498	884	2514	0	0	0	0
101	0	0	752	500	885	2514	0	0	0	0
102	0	0	754	501	883	2517	0	0	0	0
103	0	0	754	502	882	2520	0	0	0	0
104	0	0	755	504	883	2523	0	0	0	0
105	0	0	755	506	882	2525	0	0	0	0
106	0	0	755	507	883	2525	0	0	0	0
107	0	0	756	510	883	2524	0	0	0	0
108	0	0	757	512	882	2528	0	0	0	0
109	0	0	758	512	882	2529	0	0	0	0
110	0	0	759	513	883	2532	0	0	0	0
111	0	0	758	513	882	2533	0	0	0	0
112	0	0	759	512	882	2537	0	0	0	0
113	0	0	757	510	883	2537	0	0	0	0
114	0	0	757	509	883	2539	0	0	0	0
115	0	0	756	508	884	2540	0	0	0	0
116	0	0	755	507	886	2542	0	0	0	0
117	0	0	755	505	886	2541	0	0	0	0
118	0	0	754	505	887	2542	0	0	0	0
119	0	0	752	504	890	2543	0	0	0	0
120	0	0	751	503	889	2541	0	0	0	0
121	0	0	751	502	890	2542	0	0	0	0
122	0	0	749	501	891	2541	0	0	0	0
123	0	0	747	499	891	2541	0	0	0	0
124	0	0	746	499	892	2543	0	0	0	0
125	0	0	745	497	893	2545	0	0	0	0
126	0	0	745	497	893	2546	0	0	0	0
127	0	0	743	496	893	2548	0	0	0	0
0	0	0	744	495	893	2551	0	0	0	0
1	0	0	743	494	894	2552	0	0	0	0
2	0	0	743	494	893	2551	0	0	0	0
3	0	0	741	492	895	2552	0	0	0	0
4	0	0	741	492	894	2554	0	0	0	0
5	0	0	742	491	896	2555	0	0	0	0
6	0	0	741	489	896	2557	0	0	0	0
7	0	0	739	489	896	2561	0	0	0	0
8	0	0	740	488	896	2563	0	0	0	0
9	0	0	741	488	897	2567	0	0	0	0
10	0	0	741	488	898	2570	0	0	0	0
11	0	0	739	487	898	2571	0	0	0	0
12	0	0	740	487	899	2571	0	0	0	0
13	0	0	737	487	899	2574	0	0	0	0
14	0	0	737	486	899	2574	0	0	0	0
15	0	0	736	487	899	2576	0	0	0	0
16	0	0	737	486	900	2576	0	0	0	0
17	0	0	737	485	900	2576	0	0	0	0
18	0	0	737	485	900	2580	0	0	0	0
19	0	0	739	486	899	2586	0	0	0	0
20	0	0	739	487	898	2588	0	0	0	0
21	0	0	741	485	898	2589	0	0	0	0
22	0	0	741	485	898	2591	0	0	0	0
23	0	0	742	484	897	2593	0	0	0	0
24	0	0	742	484	897	2595	0	0	0	0
25	0	0	744	484	897	2600	0	0	0	0
26	0	0	745	484	897	2603	0	0	0	0
27	0	0	747	485	897	2603	0	0	0	0
28	0	0	748	485	897	2605	0	0	0	0
29	0	0	749	485	896	2607	0	0	0	0
30	0	0	749	485	895	2608	0	0	0	0
31	0	0	751	486	894	2609	0	0	0	0
32	0	0	752	485	894	2610	0	0	0	0
33	0	0	753	487	894	2614	0	0	0	0
34	0	0	753	486	891	2614	0	0	0	0
35	0	0	757	487	889	2617	0	0	0	0
36	0	0	757	488	890	2620	0	0	0	0
37	0	0	759	490	888	2621	0	0	0	0
38	0	0	761	490	887	2623	0	0	0	0
39	0	0	761	491	887	2625	0	0	0	0
40	0	0	760	491	885	2627	0	0	0	0
41	0	0	760	491	885	2629	0	0	0	0
42	0	0	763	491	883	2630	0	0	0	0
43	0	0	764	490	883	2635	0	0	0	0
44	0	0	765	490	883	2639	0	0	0	0
45	0	0	765	491	883	2640	0	0	0	0
46	0	0	765	488	880	2642	0	0	0	0
47	0	0	764	487	882	2644	0	0	0	0
48	0	0	765	484	882	2644	0	0	0	0
49	0	0	765	483	880	2647	0	0	0	0
50	0	0	765	482	880	2648	0	0	0	0
51	0	0	765	481	878	2650	0	0	0	0
52	0	0	766	479	877	2653	0	0	0	0
53	0	0	767	478	877	2656	0	0	0	0
54	0	0	767	476	876	2658	0	0	0	0
55	0	0	767	476	875	2661	0	0	0	0
56	0	0	767	477	875	2662	0	0	0	0
57	0	0	767	476	875	2667	0	0	0	0
58	0	0	768	474	874	2669	0	0	0	0
59	0	0	771	473	873	2672	0	0	0	0
60	0	0	771	472	873	2675	0	0	0	0
61	0	0	770	470	871	2678	0	0	0	0
62	0	0	772	472	871	2680	0	0	0	0
63	0	0	771	471	870	2683	0	0	0	0
64	0	0	770	471	870	2688	0	0	0	0
65	0	0	774	473	869	2694	0	0	0	0
66	0	0	776	471	870	2697	0	0	0	0
67	0	0	773	471	870	2700	0	0	0	0
68	0	0	774	472	869	2706	0	0	0	0
69	0	0	775	474	869	2710	0	0	0	0
70	0	0	775	474	868	2715	0	0	0	0
71	0	0	777	475	869	2721	0	0	0	0
72	0	0	778	476	868	2723	0	0	0	0
73	0	0	781	475	866	2726	0	0	0	0
74	0	0	782	477	866	2731	0	0	0	0
75	0	0	783	478	865	2736	0	0	0	0
76	0	0	782	479	866	2740	0	0	0	0
77	0	0	782	481	864	2743	0	0	0	0
78	0	0	784	482	861	2747	0	0	0	0
79	0	0	785	485	862	2752	0	0	0	0
80	0	0	786	486	861	2758	0	0	0	0
81	0	0	786	487	860	2762	0	0	0	0
82	0	0	786	488	859	2766	0	0	0	0
83	0	0	787	490	858	2769	0	0	0	0
84	0	0	789	491	857	2773	0	0	0	0
85	0	0	789	493	857	2774	0	0	0	0
86	0	0	791	496	857	2775	0	0	0	0
87	0	0	792	498	856	2775	0	0	0	0
88	0	0	793	500	855	2773	0	0	0	0
89	0	0	794	500	853	2775	0	0	0	0
90	0	0	795	501	853	2775	0	0	0	0
91	0	0	795	503	853	2775	0	0	0	0
92	0	0	796	505	853	2778	0	0	0	0
93	0	0	796	506	853	2778	0	0	0	0
94	0	0	798	508	853	2782	0	0	0	0
95	0	0	797	510	853	2786	0	0	0	0
96	0	0	798	513	852	2790	0	0	0	0
97	0	0	797	513	854	2790	0	0	0	0
98	0	0	799	515	852	2792	0	0	0	0
99	0	0	800	515	852	2794	0	0	0	0
100	0	0	800	516	853	2797	0	0	0	0
101	0	0	799	517	852	2803	0	0	0	0
102	0	0	799	519	852	2808	0	0	0	0
103	0	0	800	520	853	2816	0	0	0	0
104	0	0	799	520	853	2820	0	0	0	0
105	0	0	797	521	853	2820	0	0	0	0
106	0	0	797	522	853	2822	0	0	0	0
107	0	0	797	523	854	2826	0	0	0	0
108	0	0	794	524	852	2827	0	0	0	0
109	0	0	792	526	852	2830	0	0	0	0
110	0	0	789	527	852	2828	0	0	0	0
111	0	0	786	528	852	2829	0	0	0	0
112	0	0	784	531	851	2834	0	0	0	0
113	0	0	780	532	849	2838	0	0	0	0
114	0	0	777	534	849	2841	0	0	0	0
115	0	0	774	536	848	2843	0	0	0	0
116	0	0	771	539	846	2846	0	0	0	0
117	0	0	768	542	845	2845	0	0	0	0
118	0	0	765	545	844	2847	0	0	0	0
119	0	0	762	549	843	2852	0	0	0	0
120	0	0	758	551	840	2854	0	0	0	0
121	0	0	756	553	840	2858	0	0	0	0
122	0	0	755	556	840	2860	0	0	0	0
123	0	0	750	559	838	2862	0	0	0	0
124	0	0	750	562	838	2861	0	0	0	0
125	0	0	747	564	836	2861	0	0	0	0
126	0	0	747	567	836	2862	0	0	0	0
127	0	0	743	570	835	2867	0	0	0	0
0	0	0	741	573	833	2860	0	0	0	0
1	0	0	739	576	832	2856	0	0	0	0
2	0	0	737	578	831	2845	0	0	0	0
3	0	0	736	581	831	2837	0	0	0	0
4	0	0	734	583	831	2843	0	0	0	0
5	0	0	733	585	830	2842	0	0	0	0
6	0	0	732	588	831	2838	0	0	0	0
7	0	0	731	590	830	2834	0	0	0	0
8	0	0	731	592	830	2820	0	0	0	0
9	0	0	731	595	830	2806	0	0	0	0
10	0	0	728	598	830	2797	0	0	0	0
11	0	0	727	600	831	2791	0	0	0	0
12	0	0	726	603	831	2787	0	0	0	0
13	0	0	726	604	832	2779	0	0	0	0
14	0	0	723	606	833	2763	0	0	0	0
15	0	0	722	608	833	2746	0	0	0	0
16	0	0	720	610	833	2737	0	0	0	0
17	0	0	719	613	833	2726	0	0	0	0
18	0	0	718	615	834	2718	0	0	0	0
19	0	0	716	617	834	2704	0	0	0	0
20	0	0	714	619	834	2688	0	0	0	0
21	0	0	713	621	832	2668	0	0	0	0
22	0	0	714	624	832	2658	0	0	0	0
23	0	0	714	627	832	2634	0	0	0	0
24	0	0	716	629	832	2613	0	0	0	0
25	0	0	717	633	830	2582	0	0	0	0
26	0	0	719	637	830	2558	0	0	0	0
27	0	0	720	641	829	2518	0	0	0	0
28	0	0	723	641	829	2497	0	0	0	0
29	0	0	725	643	827	2460	0	0	0	0
30	0	0	724	645	826	2441	0	0	0	0
31	0	0	727	648	826	2390	0	0	0	0
32	0	0	728	651	824	2349	0	0	0	0
33	0	0	728	652	822	2334	0	0	0	0
34	0	0	729	655	822	2278	0	0	0	0
35	0	0	732	657	819	2197	0	0	0	0
36	0	0	734	661	818	2141	0	0	0	0
37	0	0	737	664	816	2077	0	0	0	0
38	0	0	739	665	813	2008	0	0	0	0
39	0	0	740	668	814	2002	0	0	0	0
40	0	0	742	672	813	1928	0	0	0	0
41	0	0	745	674	811	1832	0	0	0	0
42	0	0	748	676	810	1733	0	0	0	0
43	0	0	750	680	809	1598	0	0	0	0
44	0	0	751	684	806	1513	0	0	0	0
45	0	0	754	686	804	1403	0	0	0	0
46	0	0	755	689	803	1296	0	0	0	0
47	0	0	759	691	801	1105	0	0	0	0
48	0	0	760	694	800	957	0	0	0	0
49	0	0	762	696	799	836	0	0	0	0
50	0	0	765	698	798	700	0	0	0	0
51	0	0	766	702	796	629	0	0	0	0
52	0	0	767	703	798	559	0	0	0	0
53	0	0	768	705	797	490	0	0	0	0
54	0	0	769	708	796	431	0	0	0	0
55	0	0	769	712	796	427	0	0	0	0
56	0	0	770	712	796	429	0	0	0	0
57	0	0	771	716	797	427	0	0	0	0
58	0	0	770	717	799	424	0	0	0	0
59	0	0	767	719	799	387	0	0	0	0
60	0	0	766	723	802	388	0	0	0	0
61	0	0	764	727	803	385	0	0	0	0
62	0	0	762	731	806	395	0	0	0	0
63	0	0	758	733	808	391	0	0	0	0
64	0	0	756	736	811	356	0	0	0	0
65	0	0	753	740	814	322	0	0	0	0
66	0	0	749	744	815	299	0	0	0	0
67	0	0	746	747	819	299	0	0	0	0
68	0	0	747	751	821	258	0	0	0	0
69	0	0	744	756	824	250	0	0	0	0
70	0	0	742	759	827	247	0	0	0	0
71	0	0	741	764	829	245	0	0	0	0
72	0	0	741	770	832	261	0	0	0	0
73	0	0	741	774	833	272	0	0	0	0
74	0	0	741	779	836	268	0	0	0	0
75	0	0	742	786	837	272	0	0	0	0
76	0	0	744	792	839	258	0	0	0	0
77	0	0	744	798	843	262	0	0	0	0
78	0	0	745	805	845	237	0	0	0	0
79	0	0	747	812	845	214	0	0	0	0
80	0	0	748	818	847	218	0	0	0	0
81	0	0	748	824	849	174	0	0	0	0
82	0	0	748	828	851	190	0	0	0	0
83	0	0	749	834	853	172	0	0	0	0
84	0	0	750	839	857	161	0	0	0	0
85	0	0	749	844	857	145	0	0	0	0
86	0	0	751	849	858	142	0	0	0	0
87	0	0	754	854	858	134	0	0	0	0
88	0	0	754	858	860	120	0	0	0	0
89	0	0	756	863	860	113	0	0	0	0
90	0	0	756	866	859	106	0	0	0	0
91	0	0	756	871	862	99	0	0	0	0
92	0	0	755	875	862	97	0	0	0	0
93	0	0	755	880	862	94	0	0	0	0
94	0	0	756	885	860	86	0	0	0	0
95	0	0	756	887	861	121	0	0	0	0
96	0	0	754	892	859	139	0	0	0	0
97	0	0	753	896	858	117	0	0	0	0
98	0	0	752	896	857	104	0	0	0	0
99	0	0	749	899	857	82	0	0	0	0
100	0	0	742	900	855	69	0	0	0	0
101	0	0	738	901	853	71	0	0	0	0
102	0	0	735	903	852	74	0	0	0	0
103	0	0	733	906	850	60	0	0	0	0
104	0	0	734	909	848	55	0	0	0	0
105	0	0	731	912	845	52	0	0	0	0
106	0	0	729	913	844	38	0	0	0	0
107	0	0	729	915	841	43	0	0	0	0
108	0	0	729	919	840	31	0	0	0	0
109	0	0	727	920	840	43	0	0	0	0
110	0	0	727	920	840	55	0	0	0	0
111	0	0	724	922	840	56	0	0	0	0
112	0	0	721	924	840	48	0	0	0	0
113	0	0	718	925	840	61	0	0	0	0
114	0	0	715	926	839	51	0	0	0	0
115	0	0	712	928	837	67	0	0	0	0
116	0	0	710	928	835	75	0	0	0	0
117	0	0	706	929	835	73	0	0	0	0
118	0	0	702	929	834	77	0	0	0	0
119	0	0	701	929	832	75	0	0	0	0
120	0	0	700	927	828	76	0	0	0	0
121	0	0	698	928	827	79	0	0	0	0
122	0	0	698	928	825	77	0	0	0	0
123	0	0	699	928	823	72	0	0	0	0
124	0	0	700	928	822	79	0	0	0	0
125	0	0	700	927	818	119	0	0	0	0
126	0	0	703	927	815	130	0	0	0	0
127	0	0	702	926	813	141	0	0	0	0
0	0	0	704	926	810	143	0	0	0	0
1	0	0	704	926	808	123	0	0	0	0
2	0	0	703	926	805	110	0	0	0	0
3	0	0	705	925	802	100	0	0	0	0
4	0	0	705	924	799	95	0	0	0	0
5	0	0	705	923	796	65	0	0	0	0
6	0	0	706	922	792	67	0	0	0	0
7	0	0	707	920	789	60	0	0	0	0
8	0	0	709	917	785	68	0	0	0	0
9	0	0	711	913	784	68	0	0	0	0
10	0	0	713	907	781	66	0	0	0	0
11	0	0	716	903	779	54	0	0	0	0
12	0	0	717	897	777	50	0	0	0	0
13	0	0	720	894	776	49	0	0	0	0
14	0	0	723	891	777	61	0	0	0	0
15	0	0	728	888	773	59	0	0	0	0
16	0	0	733	887	773	41	0	0	0	0
17	0	0	738	885	773	41	0	0	0	0
18	0	0	744	884	771	26	0	0	0	0
19	0	0	751	880	771	33	0	0	0	0
20	0	0	760	883	771	21	0	0	0	0
21	0	0	766	883	770	23	0	0	0	0
22	0	0	771	882	770	34	0	0	0	0
23	0	0	776	883	770	35	0	0	0	0
24	0	0	782	881	770	47	0	0	0	0
25	0	0	786	878	770	55	0	0	0	0
26	0	0	792	872	771	54	0	0	0	0
27	0	0	794	870	770	28	0	0	0	0
28	0	0	801	867	770	61	0	0	0	0
29	0	0	805	865	771	63	0	0	0	0
30	0	0	810	864	770	66	0	0	0	0
31	0	0	811	864	770	64	0	0	0	0
32	0	0	813	863	770	61	0	0	0	0
33	0	0	815	864	770	65	0	0	0	0
34	0	0	816	863	770	67	0	0	0	0
35	0	0	819	861	770	60	0	0	0	0
36	0	0	818	858	771	53	0	0	0	0
37	0	0	818	854	770	31	0	0	0	0
38	0	0	819	849	770	23	0	0	0	0
39	0	0	818	844	769	42	0	0	0	0
40	0	0	820	838	768	41	0	0	0	0
41	0	0	818	834	769	45	0	0	0	0
42	0	0	818	828	767	51	0	0	0	0
43	0	0	817	824	768	52	0	0	0	0
44	0	0	819	818	768	63	0	0	0	0
45	0	0	821	813	768	69	0	0	0	0
46	0	0	820	808	769	73	0	0	0	0
47	0	0	823	801	768	37	0	0	0	0
48	0	0	822	797	768	45	0	0	0	0
49	0	0	822	794	768	54	0	0	0	0
50	0	0	822	787	767	63	0	0	0	0
51	0	0	823	782	767	72	0	0	0	0
52	0	0	822	778	767	50	0	0	0	0
53	0	0	822	773	768	72	0	0	0	0
54	0	0	824	771	768	74	0	0	0	0
55	0	0	821	766	767	56	0	0	0	0
56	0	0	822	765	767	61	0	0	0	0
57	0	0	823	761	767	65	0	0	0	0
58	0	0	823	759	767	62	0	0	0	0
59	0	0	823	757	767	59	0	0	0	0
60	0	0	821	750	767	57	0	0	0	0
61	0	0	822	749	768	67	0	0	0	0
62	0	0	821	742	769	71	0	0	0	0
63	0	0	822	741	769	82	0	0	0	0
64	0	0	822	736	770	86	0	0	0	0
65	0	0	824	731	771	90	0	0	0	0
66	0	0	823	728	771	91	0	0	0	0
67	0	0	822	727	770	84	0	0	0	0
68	0	0	821	726	769	84	0	0	0	0
69	0	0	820	725	770	95	0	0	0	0
70	0	0	819	721	771	78	0	0	0	0
71	0	0	819	720	771	97	0	0	0	0
72	0	0	817	719	770	101	0	0	0	0
73	0	0	815	719	770	104	0	0	0	0
74	0	0	814	721	771	100	0	0	0	0
75	0	0	811	718	772	85	0	0	0	0
76	0	0	809	718	773	81	0	0	0	0
77	0	0	807	719	773	81	0	0	0	0
78	0	0	803	719	773	75	0	0	0	0
79	0	0	802	720	774	73	0	0	0	0
80	0	0	800	719	775	62	0	0	0	0
81	0	0	800	719	775	62	0	0	0	0
82	0	0	797	719	776	64	0	0	0	0
83	0	0	794	718	776	63	0	0	0	0
84	0	0	793	717	777	64	0	0	0	0
85	0	0	789	716	777	69	1	0	0	0
86	0	0	786	718	777	75	0	0	0	0
87	0	0	786	719	778	73	0	0	0	0
88	0	0	783	718	778	64	0	0	0	0
89	0	0	783	717	778	51	0	0	0	0
90	0	0	781	718	779	54	0	0	0	0
91	0	0	779	718	779	72	0	0	0	0
92	0	0	777	719	778	67	0	0	0	0
93	0	0	776	720	777	70	0	0	0	0
94	0	0	776	723	777	56	0	0	0	0
95	0	0	774	725	776	49	0	0	0	0
96	0	0	773	726	775	69	0	0	0	0
97	0	0	771	726	773	64	0	0	0	0
98	0	0	769	727	773	58	0	0	0	0
99	0	0	769	730	772	55	0	0	0	0
100	0	0	768	731	771	55	0	0	0	0
101	0	0	767	732	770	47	0	0	0	0
102	0	0	766	734	769	52	0	0	0	0
103	0	0	767	735	765	55	0	0	0	0
104	0	0	768	736	767	72	0	0	0	0
105	0	0	768	737	766	79	0	0	0	0
106	0	0	767	736	765	82	0	0	0	0
107	0	0	767	736	764	83	0	0	0	0
108	0	0	768	738	763	78	0	0	0	0
109	0	0	768	738	762	84	0	0	0	0
110	0	0	770	739	760	86	0	0	0	0
111	0	0	771	742	760	87	0	0	0	0
112	0	0	771	742	758	87	0	0	0	0
113	0	0	772	745	757	110	0	0	0	0
114	0	0	774	745	754	109	0	0	0	0
115	0	0	775	746	755	102	0	0	0	0
116	0	0	775	746	754	96	0	0	0	0
117	0	0	777	748	753	98	0	0	0	0
118	0	0	779	750	753	81	0	0	0	0
119	0	0	780	750	751	98	0	0	0	0
120	0	0	783	751	749	97	0	0	0	0
121	0	0	784	752	749	98	0	0	0	0
122	0	0	786	754	747	101	0	0	0	0
123	0	0	788	756	746	101	0	0	0	0
124	0	0	790	757	745	103	0	0	0	0
125	0	0	792	758	745	106	0	0	0	0
126	0	0	795	759	745	109	0	0	0	0
127	0	0	795	761	744	107	0	0	0	0
0	0	0	798	763	743	102	0	0	0	0
1	0	0	801	764	740	101	0	0	0	0
2	0	0	801	765	741	102	0	0	0	0
3	0	0	805	767	741	104	0	0	0	0
4	0	0	805	767	740	100	0	0	0	0
5	0	0	806	769	741	101	0	0	0	0
6	0	0	808	768	741	100	0	0	0	0
7	0	0	809	771	741	105	0	0	0	0
8	0	0	811	773	741	90	0	0	0	0
9	0	0	811	774	741	92	0	0	0	0
10	0	0	813	776	741	91	0	0	0	0
11	0	0	814	775	740	91	0	0	0	0
12	0	0	814	778	740	86	0	0	0	0
13	0	0	815	779	740	87	0	0	0	0
14	0	0	816	779	739	90	0	0	0	0
15	0	0	816	781	740	87	0	0	0	0
16	0	0	816	782	740	84	0	0	0	0
17	0	0	817	783	740	93	0	0	0	0
18	0	0	818	785	740	99	0	0	0	0
19	0	0	817	784	740	97	0	0	0	0
20	0	0	816	786	740	99	0	0	0	0
21	0	0	819	786	741	101	0	0	0	0
22	0	0	818	787	741	85	0	0	0	0
23	0	0	818	788	741	80	0	0	0	0
24	0	0	818	788	743	81	0	0	0	0
25	0	0	819	789	743	85	0	0	0	0
26	0	0	819	789	743	85	0	0	0	0
27	0	0	819	790	744	79	0	0	0	0
28	0	0	818	790	744	75	0	0	0	0
29	0	0	819	790	746	73	0	0	0	0
30	0	0	818	790	746	70	0	0	0	0
31	0	0	820	790	747	67	0	0	0	0
32	0	0	820	789	749	64	0	0	0	0
33	0	0	819	789	750	67	0	0	0	0
34	0	0	820	789	750	70	0	0	0	0
35	0	0	821	788	751	68	0	0	0	0
36	0	0	822	788	751	70	0	0	0	0
37	0	0	819	788	753	73	0	0	0	0
38	0	0	821	786	755	78	0	0	0	0
39	0	0	821	786	756	79	0	0	0	0
40	0	0	821	784	757	83	0	0	0	0
41	0	0	821	783	758	84	0	0	0	0
42	0	0	821	782	759	87	0	0	0	0
43	0	0	820	781	760	85	0	0	0	0
44	0	0	821	780	761	85	0	0	0	0
45	0	0	822	780	762	89	0	0	0	0
46	0	0	822	779	763	87	0	0	0	0
47	0	0	823	778	763	83	0	0	0	0
48	0	0	823	777	765	77	0	0	0	0
49	0	0	822	777	765	75	0	0	0	0
50	0	0	822	776	766	72	0	0	0	0
51	0	0	823	776	766	70	0	0	0	0
52	0	0	822	775	767	66	0	0	0	0
53	0	0	821	777	767	67	0	0	0	0
54	0	0	820	774	768	70	0	0	0	0
55	0	0	821	775	768	69	0	0	0	0
56	0	0	820	774	769	71	0	0	0	0
57	0	0	819	773	769	74	0	0	0	0
58	0	0	818	772	770	78	0	0	0	0
59	0	0	819	772	771	78	0	0	0	0
60	0	0	818	770	770	81	0	0	0	0
61	0	0	815	771	771	82	0	0	0	0
62	0	0	815	770	772	86	0	0	0	0
63	0	0	815	769	772	83	0	0	0	0
64	0	0	814	770	772	82	0	0	0	0
65	0	0	813	769	773	87	0	0	0	0
66	0	0	811	769	773	87	0	0	0	0
67	0	0	811	771	773	82	0	0	0	0
68	0	0	807	770	773	76	0	0	0	0
69	0	0	807	771	774	73	0	0	0	0
70	0	0	806	771	774	70	0	0	0	0
71	0	0	804	772	774	65	0	0	0	0
72	0	0	802	773	773	58	0	0	0	0
73	0	0	801	772	773	54	0	0	0	0
74	0	0	800	773	774	59	0	0	0	0
75	0	0	799	773	774	66	0	0	0	0
76	0	0	796	774	774	64	0	0	0	0
77	0	0	796	775	775	69	0	0	0	0
78	0	0	793	776	775	71	0	0	0	0
79	0	0	793	776	775	68	0	0	0	0
80	0	0	792	777	775	65	0	0	0	0
81	0	0	792	778	775	67	0	0	0	0
82	0	0	790	779	775	69	0	0	0	0
83	0	0	789	779	776	69	0	0	0	0
84	0	0	787	780	775	68	0	0	0	0
85	0	0	788	781	777	73	0	0	0	0
86	0	0	787	783	776	75	0	0	0	0
87	0	0	787	783	776	67	0	0	0	0
88	0	0	786	783	777	57	0	0	0	0
89	0	0	786	783	777	58	0	0	0	0
90	0	0	786	784	777	51	0	0	0	0
91	0	0	786	785	778	48	0	0	0	0
92	0	0	786	786	778	43	0	0	0	0
93	0	0	786	785	780	44	0	0	0	0
94	0	0	786	787	780	46	0	0	0	0
95	0	0	787	788	780	46	0	0	0	0
96	0	0	789	789	781	46	0	0	0	0
97	0	0	789	791	782	50	0	0	0	0
98	0	0	789	792	782	52	0	0	0	0
99	0	0	792	793	782	53	0	0	0	0
100	0	0	793	794	781	55	0	0	0	0
101	0	0	794	795	782	54	0	0	0	0
102	0	0	796	795	783	57	0	0	0	0
103	0	0	796	797	783	55	0	0	0	0
104	0	0	799	798	783	55	0	0	0	0
105	0	0	800	797	782	57	0	0	0	0
106	0	0	803	799	782	56	0	0	0	0
107	0	0	803	800	782	51	0	0	0	0
108	0	0	805	798	782	47	0	0	0	0
109	0	0	806	800	781	44	0	0	0	0
110	0	0	806	802	781	39	0	0	0	0
111	0	0	807	802	782	36	0	0	0	0
112	0	0	808	804	782	31	0	0	0	0
113	0	0	806	803	782	30	0	0	0	0
114	0	0	807	804	782	30	0	0	0	0
115	0	0	808	804	782	28	0	0	0	0
116	0	0	808	804	782	23	0	0	0	0
117	0	0	810	805	783	19	0	0	0	0
118	0	0	806	806	783	10	0	0	0	0
119	0	0	806	806	783	4	0	0	0	0
120	0	0	805	806	782	300	0	0	0	0
121	0	0	806	807	782	654	0	0	0	0
122	0	0	808	807	783	817	0	0	0	0
123	0	0	808	807	783	970	0	0	0	0
124	0	0	807	807	784	1048	0	0	0	0
125	0	0	810	809	785	1190	0	0	0	0
126	0	0	811	808	786	1255	0	0	0	0
127	0	0	810	808	788	1270	0	0	0	0
0	0	0	807	809	789	1245	0	0	0	0
1	0	0	804	807	788	1191	0	0	0	0
2	0	0	800	806	788	1134	0	0	0	0
3	0	0	796	806	788	1126	0	0	0	0
4	0	0	791	807	787	1063	0	0	0	0
5	0	0	787	808	789	954	0	0	0	0
6	0	0	783	810	793	877	0	0	0	0
7	0	0	781	813	798	734	0	0	0	0
8	0	0	781	815	803	705	0	0	0	0
9	0	0	780	817	808	696	0	0	0	0
10	0	0	777	817	812	657	0	0	0	0
11	0	0	772	818	821	644	0	0	0	0
12	0	0	770	821	841	797	0	0	0	0
13	0	0	749	830	876	855	0	0	0	0
14	0	0	697	840	919	671	0	0	0	0
15	0	0	617	846	977	732	0	0	0	0
16	0	0	503	846	1029	716	0	0	0	0
17	0	0	373	844	1063	749	0	0	0	0
18	0	0	254	832	1083	453	0	0	0	0
19	0	0	166	814	1090	270	0	0	0	0
20	0	0	118	786	1072	188	0	0	0	0
21	0	0	152	738	1059	153	0	0	0	0
22	0	0	259	686	1052	139	0	0	0	0
23	0	0	385	649	1050	156	0	0	0	0
24	0	0	531	618	1049	128	0	0	0	0
25	0	0	653	586	1064	43	0	0	0	0
26	0	0	705	567	1102	21	0	0	0	0
27	0	0	680	570	1142	39	0	0	0	0
28	0	0	629	583	1176	37	0	0	0	0
29	0	0	597	611	1209	74	0	0	0	0
30	0	0	636	654	1242	100	0	0	0	0
31	0	0	642	705	1270	113	0	0	0	0
32	0	0	613	743	1293	149	0	0	0	0
33	0	0	590	766	1315	183	0	0	0	0
34	0	0	570	764	1324	204	0	0	0	0
35	0	0	546	726	1319	218	0	0	0	0
36	0	0	523	668	1293	344	0	0	0	0
37	0	0	491	607	1250	501	0	0	0	0
38	0	0	432	551	1199	564	0	0	0	0
39	0	0	328	498	1126	579	0	0	0	0
40	0	0	275	459	1041	639	0	0	0	0
41	0	0	294	428	954	727	0	0	0	0
42	0	0	411	394	870	814	0	0	0	0
43	0	0	588	357	784	809	0	0	0	0
44	0	0	795	323	698	878	0	0	0	0
45	0	0	1022	293	649	883	0	0	0	0
46	0	0	1201	273	612	927	0	0	0	0
47	0	0	1311	284	571	1014	0	0	0	0
48	0	0	1363	262	541	1115	0	0	0	0
49	0	0	1391	218	529	1198	0	0	0	0
50	0	0	1388	151	516	1246	0	0	0	0
51	0	0	1364	102	516	1316	0	0	0	0
52	0	0	1312	73	517	1396	0	0	0	0
53	0	0	1252	54	523	1509	0	0	0	0
54	0	0	1220	44	539	1532	0	0	0	0
55	0	0	1204	37	557	1563	0	0	0	0
56	0	0	1206	39	570	1598	0	0	0	0
57	0	0	1224	65	588	1634	0	0	0	0
58	0	0	1230	77	599	1671	0	0	0	0
59	0	0	1215	106	621	1722	0	0	0	0
60	0	0	1174	135	655	1796	0	0	0	0
61	0	0	1106	166	680	1834	0	0	0	0
62	0	0	1042	186	703	1842	0	0	0	0
63	0	0	1000	203	727	1857	0	0	0	0
64	0	0	976	221	760	1838	0	0	0	0
65	0	0	957	235	784	1904	0	0	0	0
66	0	0	932	244	809	1917	0	0	0	0
67	0	0	909	245	834	1908	0	0	0	0
68	0	0	879	243	859	1948	0	0	0	0
69	0	0	845	236	882	1948	0	0	0	0
70	0	0	806	222	905	1931	0	0	0	0
71	0	0	763	209	924	1946	0	0	0	0
72	0	0	716	186	940	1962	0	0	0	0
73	0	0	675	170	951	1962	0	0	0	0
74	0	0	642	143	956	1951	0	0	0	0
75	0	0	613	110	962	1931	0	0	0	0
76	0	0	593	75	967	1925	0	0	0	0
77	0	0	574	53	968	1930	0	0	0	0
78	0	0	563	40	981	1935	0	0	0	0
79	0	0	571	35	986	1938	0	0	0	0
80	0	0	572	30	989	1944	0	0	0	0
81	0	0	584	27	996	1947	0	0	0	0
82	0	0	615	25	1002	1943	0	0	0	0
83	0	0	650	25	1003	1942	0	0	0	0
84	0	0	694	25	1006	1938	0	0	0	0
85	0	0	744	25	1007	1935	0	0	0	0
86	0	0	791	33	1003	1930	0	0	0	0
87	0	0	834	58	1000	1929	0	0	0	0
88	0	0	873	90	996	1927	0	0	0	0
89	0	0	910	125	992	1933	0	0	0	0
90	0	0	940	158	987	1934	0	0	0	0
91	0	0	968	191	983	1934	0	0	0	0
92	0	0	991	225	979	1931	0	0	0	0
93	0	0	1005	260	974	1936	0	0	0	0
94	0	0	1017	292	968	1936	0	0	0	0
95	0	0	1020	324	962	1939	0	0	0	0
96	0	0	1016	353	954	1947	0	0	0	0
97	0	0	1002	381	944	1952	0	0	0	0
98	0	0	988	407	934	1959	0	0	0	0
99	0	0	972	429	924	1963	0	0	0	0
100	0	0	953	450	912	1963	0	0	0	0
101	0	0	937	469	901	1962	0	0	0	0
102	0	0	922	488	888	1959	0	0	0	0
103	0	0	909	505	876	1958	0	0	0	0
104	0	0	900	522	860	1955	0	0	0	0
105	0	0	893	536	849	1956	0	0	0	0
106	0	0	888	549	837	1949	0	0	0	0
107	0	0	885	560	826	1946	0	0	0	0
108	0	0	883	569	815	1940	0	0	0	0
109	0	0	882	577	805	1935	0	0	0	0
110	0	0	883	584	797	1935	0	0	0	0
111	0	0	882	588	788	1932	0	0	0	0
112	0	0	882	590	781	1929	0	0	0	0
113	0	0	882	592	773	1923	0	0	0	0
114	0	0	881	592	766	1913	0	0	0	0
115	0	0	879	593	760	1904	0	0	0	0
116	0	0	877	594	754	1894	0	0	0	0
117	0	0	874	594	749	1889	0	0	0	0
118	0	0	870	595	743	1883	0	0	0	0
119	0	0	867	597	740	1881	0	0	0	0
120	0	0	865	599	737	1876	0	0	0	0
121	0	0	862	601	734	1865	0	0	0	0
122	0	0	860	603	733	1857	0	0	0	0
123	0	0	858	606	731	1842	0	0	0	0
124	0	0	861	608	731	1834	0	0	0	0
125	0	0	859	610	732	1827	0	0	0	0
126	0	0	858	611	733	1825	0	0	0	0
127	0	0	858	613	734	1828	0	0	0	0
0	0	0	855	617	737	1823	0	0	0	0
1	0	0	856	618	738	1812	0	0	0	0
2	0	0	856	619	740	1810	0	0	0	0
3	0	0	856	619	741	1803	0	0	0	0
4	0	0	855	619	745	1798	0	0	0	0
5	0	0	853	622	747	1800	0	0	0	0
6	0	0	852	621	751	1798	0	0	0	0
7	0	0	846	623	754	1792	0	0	0	0
8	0	0	843	623	759	1782	0	0	0	0
9	0	0	839	623	765	1776	0	0	0	0
10	0	0	835	623	769	1764	0	0	0	0
11	0	0	831	624	775	1752	0	0	0	0
12	0	0	827	620	781	1743	0	0	0	0
13	0	0	822	621	785	1730	0	0	0	0
14	0	0	819	621	787	1716	0	0	0	0
15	0	0	819	619	791	1710	0	0	0	0
16	0	0	815	619	792	1714	0	0	0	0
17	0	0	812	616	794	1707	0	0	0	0
18	0	0	812	614	795	1705	0	0	0	0
19	0	0	810	611	797	1703	0	0	0	0
20	0	0	807	609	798	1698	0	0	0	0
21	0	0	806	607	798	1692	0	0	0	0
22	0	0	805	606	800	1688	0	0	0	0
23	0	0	806	603	800	1685	0	0	0	0
24	0	0	805	601	801	1683	0	0	0	0
25	0	0	805	600	802	1679	0	0	0	0
26	0	0	804	597	804	1676	0	0	0	0
27	0	0	803	594	806	1669	0	0	0	0
28	0	0	802	592	807	1662	0	0	0	0
29	0	0	802	589	811	1661	0	0	0	0
30	0	0	802	587	812	1654	0	0	0	0
31	0	0	802	583	813	1647	0	0	0	0
32	0	0	801	580	816	1641	0	0	0	0
33	0	0	799	576	820	1632	0	0	0	0
34	0	0	799	573	822	1631	0	0	0	0
35	0	0	797	568	825	1632	0	0	0	0
36	0	0	796	563	828	1633	0	0	0	0
37	0	0	794	559	831	1630	0	0	0	0
38	0	0	795	554	835	1628	0	0	0	0
39	0	0	792	550	838	1632	0	0	0	0
40	0	0	792	547	841	1629	0	0	0	0
41	0	0	789	546	845	1617	0	0	0	0
42	0	0	787	544	849	1605	0	0	0	0
43	0	0	785	543	852	1596	0	0	0	0
44	0	0	782	543	856	1587	0	0	0	0
45	0	0	781	543	860	1584	0	0	0	0
46	0	0	779	544	863	1589	0	0	0	0
47	0	0	775	543	867	1604	0	0	0	0
48	0	0	772	543	870	1602	0	0	0	0
49	0	0	769	541	873	1600	0	0	0	0
50	0	0	767	541	875	1595	0	0	0	0
51	0	0	765	539	878	1580	0	2	0	0
52	0	0	765	537	881	1580	0	0	0	0
53	0	0	763	536	882	1575	0	0	0	0
54	0	0	763	534	884	1570	0	0	0	0
55	0	0	764	534	883	1551	0	0	0	0
56	0	0	764	533	886	1547	0	0	0	0
57	0	0	765	531	887	1540	0	0	0	0
58	0	0	765	529	887	1533	0	0	0	0
59	0	0	765	528	888	1523	0	0	0	0
60	0	0	768	528	887	1513	0	0	0	0
61	0	0	768	526	887	1510	0	0	0	0
62	0	0	769	526	887	1501	0	0	0	0
63	0	0	770	526	886	1494	0	0	0	0
64	0	0	771	526	886	1489	0	0	0	0
65	0	0	772	527	886	1491	0	0	0	0
66	0	0	772	526	884	1491	0	0	0	0
67	0	0	773	527	882	1488	0	0	0	0
68	0	0	772	527	882	1488	0	0	0	0
69	0	0	773	528	880	1480	0	0	0	0
70	0	0	774	529	877	1477	0	0	0	0
71	0	0	774	531	875	1467	0	0	0	0
72	0	0	775	532	873	1452	0	0	0	0
73	0	0	775	533	870	1451	0	0	0	0
74	0	0	775	534	868	1458	0	0	0	0
75	0	0	776	537	865	1447	0	0	0	0
76	0	0	777	537	863	1431	0	0	0	0
77	0	0	778	541	860	1422	0	0	0	0
78	0	0	779	541	858	1409	0	0	0	0
79	0	0	780	543	855	1396	0	0	0	0
80	0	0	780	547	854	1383	0	0	0	0
81	0	0	782	549	853	1378	0	0	0	0
82	0	0	783	551	851	1384	0	0	0	0
83	0	0	785	554	850	1385	0	0	0	0
84	0	0	786	556	849	1374	0	0	0	0
85	0	0	789	560	848	1366	0	0	0	0
86	0	0	789	563	844	1362	0	0	0	0
87	0	0	791	566	846	1351	0	0	0	0
88	0	0	791	569	845	1343	0	0	0	0
89	0	0	788	572	846	1334	0	0	0	0
90	0	0	794	576	844	1328	0	0	0	0
91	0	0	794	581	843	1323	0	0	0	0
92	0	0	795	584	841	1318	0	0	0	0
93	0	0	797	588	839	1306	0	0	0	0
94	0	0	799	592	839	1303	0	0	0	0
95	0	0	801	595	837	1296	0	0	0	0
96	0	0	799	601	835	1289	0	0	0	0
97	0	0	801	604	834	1289	0	0	0	0
98	0	0	801	608	832	1286	0	0	0	0
99	0	0	798	612	830	1266	0	0	0	0
100	0	0	804	616	828	1261	0	0	0	0
101	0	0	804	620	826	1254	0	0	0	0
102	0	0	804	623	825	1250	0	0	0	0
103	0	0	804	627	823	1238	0	0	0	0
104	0	0	803	629	820	1229	0	0	0	0
105	0	0	803	633	820	1209	0	0	0	0
106	0	0	803	636	818	1185	0	0	0	0
107	0	0	801	638	817	1170	0	0	0	0
108	0	0	801	641	817	1165	0	0	0	0
109	0	0	800	642	816	1159	0	0	0	0
110	0	0	800	646	814	1153	0	0	0	0
111	0	0	800	649	812	1138	0	0	0	0
112	0	0	798	652	811	1116	0	0	0	0
113	0	0	798	655	810	1105	0	0	0	0
114	0	0	797	656	810	1101	0	0	0	0
115	0	0	796	659	808	1095	0	0	0	0
116	0	0	794	663	807	1080	0	0	0	0
117	0	0	794	664	806	1074	0	0	0	0
118	0	0	795	667	805	1077	0	0	0	0
119	0	0	795	670	802	1079	0	0	0	0
120	0	0	794	672	801	1078	0	0	0	0
121	0	0	794	675	800	1077	0	0	0	0
122	0	0	794	676	799	1075	0	0	0	0
123	0	0	794	678	798	1075	0	0	0	0
124	0	0	794	679	797	1073	0	0	0	0
125	0	0	795	681	796	1077	0	0	0	0
126	0	0	795	683	791	1082	0	0	0	0
127	0	0	794	685	793	1071	0	0	0	0
0	0	0	795	687	792	1060	0	0	0	0
1	0	0	796	688	791	1058	0	0	0	0
2	0	0	796	691	791	1055	0	0	0	0
3	0	0	796	691	790	1052	0	0	0	0
4	0	0	796	693	790	1048	0	0	0	0
5	0	0	795	695	791	1045	0	0	0	0
6	0	0	794	696	788	1035	0	0	0	0
7	0	0	793	699	788	1035	0	0	0	0
8	0	0	794	699	788	1044	0	0	0	0
9	0	0	794	700	788	1045	0	0	0	0
10	0	0	794	703	788	1045	0	0	0	0
11	0	0	793	704	789	1046	0	0	0	0
12	0	0	794	703	788	1023	0	0	0	0
13	0	0	794	704	789	1032	0	0	0	0
14	0	0	793	707	790	1033	0	0	0	0
15	0	0	794	707	790	1017	0	0	0	0
16	0	0	793	707	791	1004	0	0	0	0
17	0	0	792	708	791	1007	0	0	0	0
18	0	0	791	709	791	1008	0	0	0	0
19	0	0	791	710	793	996	0	0	0	0
20	0	0	791	710	793	994	0	0	0	0
21	0	0	790	712	793	987	0	0	0	0
22	0	0	790	712	793	982	0	0	0	0
23	0	0	789	713	794	977	0	0	0	0
24	0	0	788	714	793	977	0	0	0	0
25	0	0	788	715	794	979	0	0	0	0
26	0	0	787	715	795	971	0	0	0	0
27	0	0	787	716	796	967	0	0	0	0
28	0	0	787	715	797	969	0	0	0	0
29	0	0	787	717	797	956	0	0	0	0
30	0	0	787	717	798	951	0	0	0	0
31	0	0	786	719	799	953	0	0	0	0
32	0	0	787	720	798	954	0	0	0	0
33	0	0	786	721	799	943	0	0	0	0
34	0	0	786	722	799	944	0	0	0	0
35	0	0	785	722	801	923	0	0	0	0
36	0	0	785	722	801	928	0	0	0	0
37	0	0	785	722	801	923	0	0	0	0
38	0	0	785	723	802	919	0	0	0	0
39	0	0	785	723	802	921	0	0	0	0
40	0	0	786	724	803	921	0	0	0	0
41	0	0	785	725	802	922	0	0	0	0
42	0	0	785	724	801	921	0	0	0	0
43	0	0	784	725	802	916	0	0	0	0
44	0	0	782	724	801	920	0	0	0	0
45	0	0	783	727	801	948	0	0	0	0
46	0	0	783	726	802	939	0	0	0	0
47	0	0	782	728	802	931	0	0	0	0
48	0	0	784	729	803	919	0	0	0	0
49	0	0	782	728	801	909	0	0	0	0
50	0	0	784	729	801	897	0	0	0	0
51	0	0	784	729	800	897	0	0	0	0
52	0	0	784	730	799	882	0	0	0	0
53	0	0	783	730	800	884	0	0	0	0
54	0	0	783	729	799	896	0	0	0	0
55	0	0	784	730	798	900	0	0	0	0
56	0	0	785	731	797	889	0	0	0	0
57	0	0	784	732	796	896	0	0	0	0
58	0	0	785	732	794	898	0	0	0	0
59	0	0	785	733	795	893	0	0	0	0
60	0	0	785	733	794	889	0	0	0	0
61	0	0	785	732	793	883	0	0	0	0
62	0	0	787	733	790	883	0	0	0	0
63	0	0	787	734	792	858	0	0	0	0
64	0	0	787	733	792	826	0	0	0	0
65	0	0	787	732	791	819	0	0	0	0
66	0	0	785	732	790	818	0	0	0	0
67	0	0	786	732	791	819	0	0	0	0
68	0	0	787	732	790	819	0	0	0	0
69	0	0	787	731	788	827	0	0	0	0
70	0	0	788	731	790	825	0	0	0	0
71	0	0	786	731	789	821	0	0	0	0
72	0	0	788	730	790	818	0	0	0	0
73	0	0	789	730	789	820	0	0	0	0
74	0	0	789	730	789	810	0	0	0	0
75	0	0	790	730	790	808	0	0	0	0
76	0	0	790	730	791	809	0	0	0	0
77	0	0	791	729	791	815	0	0	0	0
78	0	0	790	729	793	827	0	0	0	0
79	0	0	790	730	792	823	0	0	0	0
80	0	0	788	729	793	817	0	0	0	0
81	0	0	790	728	793	811	0	0	0	0
82	0	0	790	727	794	805	0	0	0	0
83	0	0	791	727	795	804	0	0	0	0
84	0	0	791	726	796	807	0	0	0	0
85	0	0	791	725	797	797	0	0	0	0
86	0	0	792	724	797	789	0	0	0	0
87	0	0	793	724	798	791	0	0	0	0
88	0	0	793	723	800	796	0	0	0	0
89	0	0	793	722	799	789	0	0	0	0
90	0	0	794	720	798	784	0	0	0	0
91	0	0	793	719	800	788	0	0	0	0
92	0	0	794	718	800	794	0	0	0	0
93	0	0	793	718	800	791	0	0	0	0
94	0	0	793	717	800	789	0	0	0	0
95	0	0	794	716	800	785	0	0	0	0
96	0	0	793	715	801	777	0	0	0	0
97	0	0	794	716	801	779	0	0	0	0
98	0	0	793	713	802	782	0	0	0	0
99	0	0	794	712	802	814	0	0	0	0
100	0	0	793	711	802	817	0	0	0	0
101	0	0	793	711	803	815	0	0	0	0
102	0	0	793	709	804	814	0	0	0	0
103	0	0	792	707	803	811	0	0	0	0
104	0	0	793	707	804	814	0	0	0	0
105	0	0	790	705	803	821	0	0	0	0
106	0	0	790	704	805	817	0	0	0	0
107	0	0	790	702	804	807	0	0	0	0
108	0	0	790	701	804	810	0	0	0	0
109	0	0	790	698	804	810	0	0	0	0
110	0	0	789	697	806	809	0	0	0	0
111	0	0	789	696	805	806	0	0	0	0
112	0	0	788	694	806	820	0	0	0	0
113	0	0	787	692	805	817	0	0	0	0
114	0	0	786	691	806	811	0	0	0	0
115	0	0	787	689	806	819	0	0	0	0
116	0	0	785	687	806	821	0	0	0	0
117	0	0	786	685	808	812	0	0	0	0
118	0	0	784	683	808	813	0	0	0	0
119	0	0	784	680	809	822	0	0	0	0
120	0	0	782	679	808	818	0	0	0	0
121	0	0	782	676	809	820	0	0	0	0
122	0	0	782	676	809	824	0	0	0	0
123	0	0	779	672	809	825	0	0	0	0
124	0	0	779	668	810	826	0	0	0	0
125	0	0	778	667	810	823	0	0	0	0
126	0	0	777	665	810	823	0	0	0	0
127	0	0	776	663	809	832	0	0	0	0
0	0	0	776	660	810	819	0	0	0	0
1	0	0	775	657	809	819	0	0	0	0
2	0	0	773	655	809	822	0	0	0	0
3	0	0	773	653	809	823	0	0	0	0
4	0	0	772	650	810	825	0	0	0	0
5	0	0	771	648	810	828	0	0	0	0
6	0	0	770	644	810	831	0	0	0	0
7	0	0	769	642	810	833	0	0	0	0
8	0	0	767	640	810	843	0	0	0	0
9	0	0	768	637	810	843	0	0	0	0
10	0	0	768	635	810	844	0	0	0	0
11	0	0	767	633	811	839	0	0	0	0
12	0	0	766	630	811	838	0	0	0	0
13	0	0	766	629	810	834	0	0	0	0
14	0	0	766	625	811	834	0	0	0	0
15	0	0	765	624	813	823	0	0	0	0
16	0	0	766	622	812	837	0	0	0	0
17	0	0	766	619	812	833	0	0	0	0
18	0	0	767	618	812	834	0	0	0	0
19	0	0	768	617	812	839	0	0	0	0
20	0	0	767	614	811	835	0	0	0	0
21	0	0	768	612	813	833	0	0	0	0
22	0	0	767	611	812	831	0	0	0	0
23	0	0	768	610	812	843	0	0	0	0
24	0	0	769	610	813	848	0	0	0	0
25	0	0	769	608	813	840	0	0	0	0
26	0	0	770	607	812	841	0	0	0	0
27	0	0	771	606	811	850	0	0	0	0
28	0	0	771	606	812	853	0	0	0	0
29	0	0	772	605	812	858	0	0	0	0
30	0	0	772	605	811	856	0	0	0	0
31	0	0	773	604	811	855	0	0	0	0
32	0	0	773	603	809	854	0	0	0	0
33	0	0	773	603	811	856	0	0	0	0
34	0	0	774	603	812	861	0	0	0	0
35	0	0	775	603	811	859	0	0	0	0
36	0	0	776	602	810	856	0	0	0	0
37	0	0	777	602	809	863	0	0	0	0
38	0	0	778	601	810	866	0	0	0	0
39	0	0	780	600	809	864	0	0	0	0
40	0	0	780	600	809	865	0	0	0	0
41	0	0	782	599	809	870	0	0	0	0
42	0	0	782	600	810	874	0	0	0	0
43	0	0	783	599	810	878	0	0	0	0
44	0	0	782	598	810	879	0	0	0	0
45	0	0	783	597	811	882	0	0	0	0
46	0	0	783	597	811	885	0	0	0	0
47	0	0	784	598	811	881	0	0	0	0
48	0	0	783	596	810	864	0	0	0	0
49	0	0	784	596	812	866	0	0	0	0
50	0	0	784	596	812	866	0	0	0	0
51	0	0	785	596	812	869	0	0	0	0
52	0	0	786	595	813	865	0	0	0	0
53	0	0	786	594	813	875	0	0	0	0
54	0	0	786	594	814	886	0	0	0	0
55	0	0	787	594	814	872	0	0	0	0
56	0	0	788	594	815	872	0	0	0	0
57	0	0	790	594	815	876	0	0	0	0
58	0	0	789	593	815	877	0	0	0	0
59	0	0	789	595	815	878	0	0	0	0
60	0	0	790	594	817	878	0	0	0	0
61	0	0	790	595	816	875	0	0	0	0
62	0	0	790	595	816	878	0	0	0	0
63	0	0	791	595	817	889	0	0	0	0
64	0	0	791	597	817	888	0	0	0	0
65	0	0	792	597	817	889	0	0	0	0
66	0	0	791	598	816	887	0	0	0	0
67	0	0	792	599	816	884	0	0	0	0
68	0	0	792	601	817	889	0	0	0	0
69	0	0	793	601	816	891	0	0	0	0
70	0	0	794	602	816	891	0	0	0	0
71	0	0	792	603	816	892	0	0	0	0
72	0	0	792	603	816	903	0	0	0	0
73	0	0	793	605	817	898	0	0	0	0
74	0	0	791	605	817	891	0	0	0	0
75	0	0	792	607	817	893	0	0	0	0
76	0	0	790	607	816	897	0	0	0	0
77	0	0	790	608	817	898	0	0	0	0
78	0	0	792	609	816	902	0	0	0	0
79	0	0	791	609	817	903	0	0	0	0
80	0	0	791	610	817	902	0	0	0	0
81	0	0	789	610	816	899	0	0	0	0
82	0	0	789	612	817	899	0	0	0	0
83	0	0	789	613	816	903	0	0	0	0
84	0	0	790	615	816	902	0	0	0	0
85	0	0	790	615	816	902	0	0	0	0
86	0	0	788	616	815	905	0	0	0	0
87	0	0	790	619	815	904	0	0	0	0
88	0	0	789	619	814	917	0	0	0	0
89	0	0	787	619	813	933	0	0	0	0
90	0	0	789	621	814	944	0	0	0	0
91	0	0	788	622	814	933	0	0	0	0
92	0	0	788	622	812	929	0	0	0	0
93	0	0	789	624	812	927	0	0	0	0
94	0	0	788	624	810	937	0	0	0	0
95	0	0	789	625	810	939	0	0	0	0
96	0	0	790	627	808	931	0	0	0	0
97	0	0	790	628	808	939	0	0	0	0
98	0	0	791	629	807	944	0	0	0	0
99	0	0	791	629	806	942	0	0	0	0
100	0	0	792	630	806	948	0	0	0	0
101	0	0	792	630	804	959	0	0	0	0
102	0	0	793	632	803	961	0	0	0	0
103	0	0	792	633	801	968	0	0	0	0
104	0	0	791	633	801	967	0	0	0	0
105	0	0	792	633	800	968	0	0	0	0
106	0	0	794	635	800	974	0	0	0	0
107	0	0	793	635	799	977	0	0	0	0
108	0	0	793	636	800	975	0	0	0	0
109	0	0	792	638	798	975	0	0	0	0
110	0	0	792	639	798	976	0	0	0	0
111	0	0	792	639	797	975	0	0	0	0
112	0	0	792	639	796	977	0	0	0	0
113	0	0	792	640	796	977	0	0	0	0
114	0	0	791	641	795	979	0	0	0	0
115	0	0	791	641	794	977	0	0	0	0
116	0	0	792	643	793	976	0	0	0	0
117	0	0	792	644	793	975	0	0	0	0
118	0	0	792	644	794	976	0	0	0	0
119	0	0	791	645	793	975	0	0	0	0
120	0	0	792	645	791	974	0	0	0	0
121	0	0	790	646	794	968	0	0	0	0
122	0	0	791	647	793	986	0	0	0	0
123	0	0	790	647	794	988	0	0	0	0
124	0	0	790	648	794	991	0	0	0	0
125	0	0	790	649	794	990	0	0	0	0
126	0	0	790	649	793	996	0	0	0	0
127	0	0	791	649	794	998	0	0	0	0
0	0	0	790	649	793	999	0	0	0	0
1	0	0	789	649	793	999	0	0	0	0
2	0	0	790	650	794	1001	0	0	0	0
3	0	0	790	650	794	1003	0	0	0	0
4	0	0	789	651	795	1007	0	0	0	0
5	0	0	790	650	794	1009	0	0	0	0
6	0	0	788	650	794	1009	0	0	0	0
7	0	0	791	651	795	1007	0	0	0	0
8	0	0	790	651	794	1009	0	0	0	0
9	0	0	790	651	795	1009	0	0	0	0
10	0	0	792	652	795	986	0	0	0	0
11	0	0	790	651	796	982	0	0	0	0
12	0	0	789	651	797	981	0	0	0	0
13	0	0	789	650	798	983	0	0	0	0
14	0	0	789	651	797	987	0	0	0	0
15	0	0	789	653	797	991	0	0	0	0
16	0	0	789	652	799	991	0	0	0	0
17	0	0	790	652	799	998	0	0	0	0
18	0	0	789	652	799	1003	0	0	0	0
19	0	0	790	652	800	1005	0	0	0	0
20	0	0	790	651	800	1008	0	0	0	0
21	0	0	786	651	800	1012	0	0	0	0
22	0	0	790	651	801	1016	0	0	0	0
23	0	0	790	651	800	1017	0	0	0	0
24	0	0	789	651	800	1015	0	0	0	0
25	0	0	790	651	801	1023	0	0	0	0
26	0	0	790	651	802	1024	0	0	0	0
27	0	0	790	651	801	1026	0	0	0	0
28	0	0	790	650	802	1029	0	0	0	0
29	0	0	788	650	802	1031	0	0	0	0
30	0	0	789	650	803	1033	0	0	0	0
31	0	0	787	651	802	1034	0	0	0	0
32	0	0	788	650	802	1037	0	0	0	0
33	0	0	789	650	804	1041	0	0	0	0
34	0	0	789	649	804	1043	0	0	0	0
35	0	0	789	648	804	1046	0	0	0	0
36	0	0	788	648	804	1052	0	0	0	0
37	0	0	788	648	805	1051	0	0	0	0
38	0	0	788	647	805	1052	0	0	0	0
39	0	0	788	648	806	1051	0	0	0	0
40	0	0	789	648	805	1055	0	0	0	0
41	0	0	787	648	805	1049	0	0	0	0
42	0	0	786	647	806	1059	0	0	0	0
43	0	0	785	647	806	1062	0	0	0	0
44	0	0	784	646	807	1064	0	0	0	0
45	0	0	784	646	807	1071	0	0	0	0
46	0	0	784	646	807	1070	0	0	0	0
47	0	0	784	645	807	1075	0	0	0	0
48	0	0	784	645	808	1078	0	0	0	0
49	0	0	783	645	809	1079	0	0	0	0
50	0	0	782	644	809	1077	0	0	0	0
51	0	0	781	645	809	1078	0	0	0	0
52	0	0	781	645	809	1082	0	0	0	0
53	0	0	781	644	809	1090	0	0	0	0
54	0	0	781	644	810	1091	0	0	0	0
55	0	0	781	643	810	1088	0	0	0	0
56	0	0	781	643	810	1086	0	0	0	0
57	0	0	780	643	811	1086	0	0	0	0
58	0	0	779	643	811	1093	0	0	0	0
59	0	0	780	642	811	1099	0	0	0	0
60	0	0	779	642	811	1097	0	0	0	0
61	0	0	779	642	812	1103	0	0	0	0
62	0	0	778	642	812	1103	0	0	0	0
63	0	0	777	642	814	1107	0	0	0	0
64	0	0	777	642	814	1109	0	0	0	0
65	0	0	777	642	814	1115	0	0	0	0
66	0	0	777	642	814	1114	0	0	0	0
67	0	0	778	643	816	1119	0	0	0	0
68	0	0	777	642	815	1115	0	0	0	0
69	0	0	777	642	815	1121	0	0	0	0
70	0	0	776	642	814	1141	0	0	0	0
71	0	0	777	641	815	1142	0	0	0	0
72	0	0	777	641	815	1139	0	0	0	0
73	0	0	777	641	816	1138	0	0	0	0
74	0	0	776	641	815	1141	0	0	0	0
75	0	0	776	641	814	1141	0	0	0	0
76	0	0	776	642	815	1140	0	0	0	0
77	0	0	778	642	816	1139	0	0	0	0
78	0	0	777	642	815	1141	0	0	0	0
79	0	0	777	642	817	1141	0	0	0	0
80	0	0	778	641	816	1142	0	0	0	0
81	0	0	777	641	817	1140	0	0	0	0
82	0	0	777	642	816	1139	0	0	0	0
83	0	0	777	642	817	1143	0	0	0	0
84	0	0	776	641	817	1148	0	0	0	0
85	0	0	777	642	817	1152	0	0	0	0
86	0	0	778	641	817	1157	0	0	0	0
87	0	0	777	642	816	1153	0	0	0	0
88	0	0	779	642	817	1149	0	0	0	0
89	0	0	778	641	816	1148	0	0	0	0
90	0	0	778	642	816	1149	0	0	0	0
91	0	0	777	640	816	1149	0	0	0	0
92	0	0	779	641	818	1149	0	0	0	0
93	0	0	779	642	815	1151	0	0	0	0
94	0	0	779	641	817	1157	0	0	0	0
95	0	0	778	641	815	1160	0	0	0	0
96	0	0	778	640	815	1157	0	0	0	0
97	0	0	778	641	816	1157	0	0	0	0
98	0	0	780	641	816	1158	0	0	0	0
99	0	0	779	641	816	1154	0	0	0	0
100	0	0	780	641	816	1153	0	0	0	0
101	0	0	781	640	816	1157	0	0	0	0
102	0	0	780	642	816	1160	0	0	0	0
103	0	0	778	641	814	1157	0	0	0	0
104	0	0	779	640	816	1158	0	0	0	0
105	0	0	779	639	817	1165	0	0	0	0
106	0	0	779	639	817	1168	0	0	0	0
107	0	0	778	639	817	1166	0	0	0	0
108	0	0	779	639	817	1159	0	0	0	0
109	0	0	780	638	817	1164	0	0	0	0
110	0	0	779	638	816	1163	0	0	0	0
111	0	0	779	638	817	1165	0	0	0	0
112	0	0	780	637	817	1167	0	0	0	0
113	0	0	780	636	817	1161	0	0	0	0
114	0	0	781	636	816	1159	0	0	0	0
115	0	0	781	637	817	1163	0	0	0	0
116	0	0	781	636	816	1167	0	0	0	0
117	0	0	782	637	817	1164	0	0	0	0
118	0	0	782	637	816	1165	0	0	0	0
119	0	0	781	637	817	1165	0	0	0	0
120	0	0	782	637	817	1167	0	0	0	0
121	0	0	781	637	817	1172	0	0	0	0
122	0	0	780	637	817	1173	0	0	0	0
123	0	0	781	636	817	1170	0	0	0	0
124	0	0	781	636	817	1175	0	0	0	0
125	0	0	782	637	817	1169	0	0	0	0
126	0	0	782	637	817	1173	0	0	0	0
127	0	0	782	636	818	1170	0	0	0	0
0	0	0	781	636	817	1164	0	0	0	0
1	0	0	780	636	817	1162	0	0	0	0
2	0	0	780	636	817	1161	0	0	0	0
3	0	0	779	637	818	1171	0	0	0	0
4	0	0	779	636	818	1173	0	0	0	0
5	0	0	780	636	818	1171	0	0	0	0
6	0	0	780	636	818	1170	0	0	0	0
7	0	0	781	636	818	1169	0	0	0	0
8	0	0	780	635	818	1168	0	0	0	0
9	0	0	780	637	819	1164	0	0	0	0
10	0	0	780	636	819	1164	0	0	0	0
11	0	0	780	635	818	1159	0	0	0	0
12	0	0	780	636	818	1164	0	0	0	0
13	0	0	780	635	818	1169	0	0	0	0
14	0	0	779	635	817	1170	0	0	0	0
15	0	0	779	635	820	1170	0	0	0	0
16	0	0	779	635	818	1168	0	0	0	0
17	0	0	779	635	818	1169	0	0	0	0
18	0	0	779	634	818	1171	0	0	0	0
19	0	0	780	635	819	1178	0	0	0	0
20	0	0	779	635	818	1172	0	0	0	0
21	0	0	780	634	817	1171	0	0	0	0
22	0	0	779	634	818	1175	0	0	0	0
23	0	0	781	634	818	1167	0	0	0	0
24	0	0	779	634	818	1166	0	0	0	0
25	0	0	779	635	818	1167	0	0	0	0
26	0	0	780	635	817	1167	0	0	0	0
27	0	0	780	635	816	1169	0	0	0	0
28	0	0	780	635	817	1174	0	0	0	0
29	0	0	779	635	816	1176	0	0	0	0
30	0	0	780	635	815	1178	0	0	0	0
31	0	0	779	635	814	1177	0	0	0	0
32	0	0	780	637	814	1178	0	0	0	0
33	0	0	780	636	815	1178	0	0	0	0
34	0	0	780	637	815	1181	0	0	0	0
35	0	0	781	637	816	1175	0	0	0	0
36	0	0	780	637	815	1178	0	0	0	0
37	0	0	780	637	815	1184	0	0	0	0
38	0	0	782	638	815	1183	0	0	0	0
39	0	0	780	638	814	1182	0	0	0	0
40	0	0	780	638	814	1182	0	0	0	0
41	0	0	780	639	815	1179	0	0	0	0
42	0	0	780	639	814	1177	0	0	0	0
43	0	0	781	639	814	1177	0	0	0	0
44	0	0	780	639	814	1178	0	0	0	0
45	0	0	781	639	814	1183	0	0	0	0
46	0	0	781	639	815	1175	0	0	0	0
47	0	0	779	639	814	1172	0	0	0	0
48	0	0	779	640	813	1177	0	0	0	0
49	0	0	779	640	814	1176	0	0	0	0
50	0	0	780	640	814	1183	0	0	0	0
51	0	0	780	640	814	1182	0	0	0	0
52	0	0	779	640	814	1178	0	0	0	0
53	0	0	778	640	814	1181	0	0	0	0
54	0	0	778	640	814	1184	0	0	0	0
55	0	0	779	641	815	1183	0	0	0	0
56	0	0	778	640	814	1191	0	0	0	0
57	0	0	778	640	814	1183	0	0	0	0
58	0	0	778	641	815	1185	0	0	0	0
59	0	0	778	641	815	1185	0	0	0	0
60	0	0	778	641	814	1185	0	0	0	0
61	0	0	777	640	814	1183	0	0	0	0
62	0	0	778	641	814	1178	0	0	0	0
63	0	0	777	642	815	1185	0	0	0	0
64	0	0	776	641	814	1183	0	0	0	0
65	0	0	776	642	814	1181	0	0	0	0
66	0	0	777	642	814	1189	0	0	0	0
67	0	0	776	641	814	1183	0	0	0	0
68	0	0	777	641	814	1181	0	0	0	0
69	0	0	775	642	814	1179	0	0	0	0
70	0	0	777	641	815	1179	0	0	0	0
71	0	0	778	641	815	1181	0	0	0	0
72	0	0	777	641	815	1179	0	0	0	0
73	0	0	777	641	814	1171	0	0	0	0
74	0	0	777	641	814	1169	0	0	0	0
75	0	0	777	641	814	1169	0	0	0	0
76	0	0	778	641	814	1173	0	0	0	0
77	0	0	777	640	814	1173	0	0	0	0
78	0	0	778	641	814	1175	0	0	0	0
79	0	0	778	641	814	1172	0	0	0	0
80	0	0	778	641	814	1173	0	0	0	0
81	0	0	777	641	815	1173	0	0	0	0
82	0	0	778	641	814	1175	0	0	0	0
83	0	0	777	641	814	1176	0	0	0	0
84	0	0	778	640	815	1179	0	0	0	0
85	0	0	778	642	815	1176	0	0	0	0
86	0	0	778	642	815	1179	0	0	0	0
87	0	0	778	641	815	1183	0	0	0	0
88	0	0	777	640	815	1191	0	0	0	0
