# bioPlux Text File Format
# Version: 1
# StartDateTime: 2012-03-21 15:46:28
# SamplingFrequency: 1000
# SampledChannels: 1 2 3 4 5 6 7 8
# SamplingResolution: 12
# AcquiringDevice: 00:07:80:93:66:BE
# EndOfHeader
0	0	0	744	641	866	1382	0	0	0	0
1	0	0	745	641	868	1385	0	0	0	0
2	0	0	745	639	869	1375	0	0	0	0
3	0	0	746	637	870	1368	0	0	0	0
4	0	0	748	636	872	1379	0	0	0	0
5	0	0	749	637	873	1379	0	0	0	0
6	0	0	752	636	872	1387	0	0	0	0
7	0	0	752	635	875	1412	0	0	0	0
8	0	0	754	635	876	1408	0	0	0	0
9	0	0	755	634	877	1405	0	0	0	0
10	0	0	756	635	876	1413	0	0	0	0
11	0	0	757	635	877	1418	0	0	0	0
12	0	0	758	633	878	1419	0	0	0	0
13	0	0	759	633	877	1437	0	0	0	0
14	0	0	759	633	879	1440	0	0	0	0
15	0	0	759	633	879	1458	0	0	0	0
16	0	0	760	631	879	1472	0	0	0	0
17	0	0	759	629	879	1485	0	0	0	0
18	0	0	760	628	879	1489	0	0	0	0
19	0	0	758	626	879	1498	0	0	0	0
20	0	0	757	623	880	1507	0	0	0	0
21	0	0	756	621	879	1505	0	0	0	0
22	0	0	755	619	880	1520	0	0	0	0
23	0	0	753	616	881	1527	0	0	0	0
24	0	0	752	613	879	1534	0	0	0	0
25	0	0	752	611	878	1551	0	0	0	0
26	0	0	751	609	878	1558	0	0	0	0
27	0	0	749	606	878	1585	0	0	0	0
28	0	0	746	603	879	1588	0	0	0	0
29	0	0	745	602	879	1602	0	0	0	0
30	0	0	743	602	880	1634	0	0	0	0
31	0	0	741	599	878	1665	0	0	0	0
32	0	0	740	598	878	1676	0	0	0	0
33	0	0	738	597	877	1692	0	0	0	1
34	0	0	736	596	877	1711	0	0	0	0
35	0	0	735	598	875	1712	0	0	0	0
36	0	0	734	597	872	1718	0	0	0	0
37	0	0	732	596	874	1728	0	0	0	0
38	0	0	731	596	872	1735	0	0	0	0
39	0	0	730	595	872	1747	0	0	0	0
40	0	0	729	594	870	1761	0	0	0	0
41	0	0	728	595	870	1778	0	0	0	0
42	0	0	729	593	869	1798	0	0	0	0
43	0	0	729	592	868	1812	0	0	0	0
44	0	0	728	592	865	1821	0	0	0	0
45	0	0	727	591	865	1817	0	0	0	0
46	0	0	728	592	863	1819	0	0	0	0
47	0	0	727	591	862	1825	0	0	0	0
48	0	0	727	592	860	1831	0	0	0	0
49	0	0	728	592	858	1838	0	0	0	0
50	0	0	727	593	858	1850	0	0	0	0
51	0	0	726	594	856	1862	0	0	0	0
52	0	0	726	595	855	1867	0	0	0	0
53	0	0	726	596	853	1868	0	0	0	0
54	0	0	726	597	853	1871	0	0	0	0
55	0	0	725	596	851	1881	0	0	0	0
56	0	0	724	597	850	1895	0	0	0	0
57	0	0	724	597	850	1908	0	0	0	0
58	0	0	723	598	848	1917	0	0	0	0
59	0	0	721	598	848	1932	0	0	0	0
60	0	0	720	599	847	1941	0	0	0	0
61	0	0	719	598	847	1947	0	0	0	0
62	0	0	717	598	846	1949	0	0	0	0
63	0	0	716	598	845	1947	0	0	0	0
64	0	0	715	598	845	1950	0	0	0	0
65	0	0	713	598	845	1958	0	0	0	0
66	0	0	710	602	846	1967	0	0	0	0
67	0	0	707	600	846	1972	0	0	0	0
68	0	0	708	598	844	1982	0	0	0	0
69	0	0	707	598	848	1999	0	0	0	0
70	0	0	706	595	849	2009	0	0	0	0
71	0	0	706	594	849	2011	0	0	0	0
72	0	0	705	593	850	2019	0	0	0	0
73	0	0	703	592	849	2032	0	0	0	0
74	0	0	702	591	848	2044	0	0	0	0
75	0	0	703	590	847	2054	0	0	0	0
76	0	0	702	589	847	2079	0	0	0	0
77	0	0	700	587	846	2087	0	0	0	0
78	0	0	701	586	846	2094	0	0	0	0
79	0	0	703	585	845	2101	0	0	0	0
80	0	0	701	583	844	2108	0	0	0	0
81	0	0	700	582	844	2106	0	0	0	0
82	0	0	700	579	843	2109	0	0	0	0
83	0	0	701	578	843	2115	0	0	0	0
84	0	0	703	577	843	2117	0	0	0	0
85	0	0	705	574	842	2113	0	0	0	0
86	0	0	707	573	842	2118	0	0	0	0
87	0	0	707	570	842	2123	0	0	0	0
88	0	0	708	568	842	2132	0	0	0	0
89	0	0	709	566	843	2135	0	0	0	0
90	0	0	711	563	843	2144	0	0	0	0
91	0	0	713	561	845	2142	0	0	0	0
92	0	0	713	558	845	2141	0	0	0	0
93	0	0	713	557	847	2141	0	0	0	0
94	0	0	715	555	849	2144	0	0	0	0
95	0	0	715	554	849	2140	0	0	0	0
96	0	0	716	552	852	2144	0	0	0	0
97	0	0	717	552	853	2157	0	0	0	0
98	0	0	718	551	855	2164	0	0	0	0
99	0	0	719	550	856	2172	0	0	0	0
100	0	0	719	548	859	2181	0	0	0	0
101	0	0	719	546	860	2184	0	0	0	0
102	0	0	719	543	862	2181	0	0	0	0
103	0	0	719	544	864	2182	0	0	0	0
104	0	0	720	541	865	2188	0	0	0	0
105	0	0	718	540	867	2190	0	0	0	0
106	0	0	718	539	865	2193	0	0	0	0
107	0	0	717	536	866	2188	0	0	0	0
108	0	0	715	536	866	2186	0	0	0	0
109	0	0	715	534	867	2191	0	0	0	0
110	0	0	714	531	867	2192	0	0	0	0
111	0	0	714	530	868	2195	0	0	0	0
112	0	0	713	529	869	2197	0	0	0	0
113	0	0	712	527	868	2198	0	0	0	0
114	0	0	711	526	869	2201	0	0	0	0
115	0	0	709	525	870	2216	0	0	0	0
116	0	0	707	523	870	2230	0	0	0	0
117	0	0	708	523	869	2237	0	0	0	0
118	0	0	706	521	870	2247	0	0	0	0
119	0	0	706	519	870	2255	0	0	0	0
120	0	0	707	519	869	2258	0	0	0	0
121	0	0	704	518	868	2265	0	0	0	0
122	0	0	706	515	869	2270	0	0	0	0
123	0	0	707	514	868	2272	0	0	0	0
124	0	0	709	512	866	2272	0	0	0	0
125	0	0	710	509	865	2272	0	0	0	0
126	0	0	711	508	864	2269	0	0	0	0
127	0	0	711	506	862	2266	0	0	0	0
0	0	0	713	505	860	2271	0	0	0	0
1	0	0	714	503	860	2269	0	0	0	0
2	0	0	715	502	859	2277	0	0	0	0
3	0	0	716	500	858	2279	0	0	0	0
4	0	0	716	499	858	2288	0	0	0	0
5	0	0	717	499	857	2287	0	0	0	0
6	0	0	718	499	856	2291	0	0	0	0
7	0	0	717	498	856	2290	0	0	0	0
8	0	0	719	499	856	2294	0	0	0	0
9	0	0	719	498	857	2297	0	0	0	0
10	0	0	718	497	855	2295	0	0	0	0
11	0	0	719	497	856	2296	0	0	0	0
12	0	0	720	496	856	2288	0	0	0	0
13	0	0	722	496	857	2291	0	0	0	0
14	0	0	722	495	858	2292	0	0	0	0
15	0	0	722	495	858	2294	0	0	0	0
16	0	0	721	496	859	2292	0	0	0	0
17	0	0	722	495	860	2292	0	0	0	0
18	0	0	720	493	859	2291	0	0	0	0
19	0	0	721	493	859	2294	0	0	0	0
20	0	0	721	495	860	2295	0	0	0	0
21	0	0	722	496	859	2295	0	0	0	0
22	0	0	722	497	859	2297	0	0	0	0
23	0	0	722	498	858	2304	0	0	0	0
24	0	0	720	499	857	2307	0	0	0	0
25	0	0	721	500	857	2305	0	0	0	0
26	0	0	721	501	855	2311	0	0	0	0
27	0	0	720	503	854	2314	0	0	0	0
28	0	0	721	504	852	2317	0	0	0	0
29	0	0	721	506	852	2318	0	0	0	0
30	0	0	722	507	850	2321	0	0	0	0
31	0	0	720	509	850	2327	0	0	0	0
32	0	0	720	512	850	2332	0	0	0	0
33	0	0	720	513	848	2333	0	0	0	0
34	0	0	720	514	848	2340	0	0	0	0
35	0	0	718	515	848	2342	0	0	0	0
36	0	0	717	516	849	2343	0	0	0	0
37	0	0	715	516	849	2344	0	0	0	0
38	0	0	714	517	850	2341	0	0	0	0
39	0	0	713	517	849	2341	0	0	0	0
40	0	0	712	516	852	2338	0	0	0	0
41	0	0	710	516	852	2337	0	0	0	0
42	0	0	709	515	853	2338	0	0	0	0
43	0	0	709	514	854	2338	0	0	0	0
44	0	0	709	512	855	2339	0	0	0	0
45	0	0	710	513	857	2342	0	0	0	0
46	0	0	709	508	858	2345	0	0	0	0
47	0	0	707	510	860	2348	0	0	0	0
48	0	0	706	509	862	2352	0	0	0	0
49	0	0	706	508	863	2353	0	0	0	0
50	0	0	706	508	864	2351	0	0	0	0
51	0	0	705	507	865	2352	0	0	0	0
52	0	0	704	507	867	2354	0	0	0	0
53	0	0	704	507	868	2356	0	0	0	0
54	0	0	702	507	869	2358	0	0	0	0
55	0	0	703	507	872	2358	0	0	0	0
56	0	0	702	508	873	2360	0	0	0	0
57	0	0	703	508	876	2360	0	0	0	0
58	0	0	703	508	876	2360	0	0	0	0
59	0	0	704	508	877	2358	0	0	0	0
60	0	0	706	509	877	2356	0	0	0	0
61	0	0	707	510	878	2354	0	0	0	0
62	0	0	708	510	878	2355	0	0	0	0
63	0	0	709	510	879	2356	0	0	0	0
64	0	0	711	512	880	2355	0	0	0	0
65	0	0	712	512	881	2357	0	0	0	0
66	0	0	714	512	882	2356	0	0	0	0
67	0	0	715	512	883	2356	0	0	0	0
68	0	0	717	514	882	2354	0	0	0	0
69	0	0	717	514	883	2353	0	0	0	0
70	0	0	719	516	885	2353	0	0	0	0
71	0	0	721	516	884	2354	0	0	0	0
72	0	0	723	517	884	2354	0	0	0	0
73	0	0	725	517	886	2354	0	0	0	0
74	0	0	725	517	887	2355	0	0	0	0
75	0	0	725	518	886	2354	0	0	0	0
76	0	0	725	517	888	2350	0	0	0	0
77	0	0	726	518	888	2348	0	0	0	0
78	0	0	726	518	888	2346	0	0	0	0
79	0	0	726	517	889	2345	0	0	0	0
80	0	0	726	518	889	2348	0	0	0	0
81	0	0	726	516	889	2345	0	0	0	0
82	0	0	726	517	891	2346	0	0	0	0
83	0	0	727	517	892	2349	0	0	0	0
84	0	0	726	517	893	2348	0	0	0	0
85	0	0	726	517	892	2347	0	0	0	0
86	0	0	725	517	893	2349	0	0	0	0
87	0	0	725	517	893	2351	0	0	0	0
88	0	0	725	517	893	2351	0	0	0	0
89	0	0	723	516	895	2352	0	0	0	0
90	0	0	723	516	894	2354	0	0	0	0
91	0	0	723	516	896	2352	0	0	0	0
92	0	0	723	515	896	2352	0	0	0	0
93	0	0	721	515	895	2353	0	0	0	0
94	0	0	720	515	896	2353	0	0	0	0
95	0	0	720	514	897	2352	0	0	0	0
96	0	0	719	513	896	2352	0	0	0	0
97	0	0	719	512	897	2351	0	0	0	0
98	0	0	718	511	898	2350	0	0	0	0
99	0	0	717	509	897	2350	0	0	0	0
100	0	0	717	509	897	2350	0	0	0	0
101	0	0	717	507	898	2348	0	0	0	0
102	0	0	717	506	899	2350	0	0	0	0
103	0	0	717	506	899	2353	0	0	0	0
104	0	0	718	505	899	2353	0	0	0	0
105	0	0	718	505	900	2350	0	0	0	0
106	0	0	718	505	899	2351	0	0	0	0
107	0	0	719	504	901	2353	0	0	0	0
108	0	0	720	505	902	2353	0	0	0	0
109	0	0	720	503	901	2356	0	0	0	0
110	0	0	720	503	900	2356	0	0	0	0
111	0	0	720	503	902	2356	0	0	0	0
112	0	0	720	502	901	2355	0	0	0	0
113	0	0	722	502	902	2355	0	0	0	0
114	0	0	722	502	902	2358	0	0	0	0
115	0	0	723	502	901	2356	0	0	0	0
116	0	0	724	502	902	2355	0	0	0	0
117	0	0	726	502	900	2353	0	0	0	0
118	0	0	729	502	899	2353	0	0	0	0
119	0	0	729	503	898	2352	0	0	0	0
120	0	0	731	503	897	2353	0	0	0	0
121	0	0	732	504	898	2351	0	0	0	0
122	0	0	734	505	897	2352	0	0	0	0
123	0	0	734	506	897	2349	0	0	0	0
124	0	0	736	505	896	2353	0	0	0	0
125	0	0	738	506	897	2351	0	0	0	0
126	0	0	738	507	896	2351	0	0	0	0
127	0	0	739	506	896	2354	0	0	0	0
0	0	0	741	506	895	2355	0	0	0	0
1	0	0	740	503	893	2356	0	0	0	0
2	0	0	742	503	892	2358	0	0	0	0
3	0	0	742	501	891	2359	0	0	0	0
4	0	0	741	501	891	2361	0	0	0	0
5	0	0	741	501	890	2366	0	0	0	0
6	0	0	740	501	889	2368	0	0	0	0
7	0	0	739	500	888	2368	0	0	0	0
8	0	0	739	499	887	2369	0	0	0	0
9	0	0	740	499	887	2369	0	0	0	0
10	0	0	740	499	887	2368	0	0	0	0
11	0	0	740	499	886	2371	0	0	0	0
12	0	0	741	500	885	2373	0	0	0	0
13	0	0	741	500	885	2375	0	0	0	0
14	0	0	741	499	883	2380	0	0	0	0
15	0	0	742	499	883	2380	0	0	0	0
16	0	0	742	498	883	2382	0	0	0	0
17	0	0	743	497	881	2385	0	0	0	0
18	0	0	745	495	881	2388	0	0	0	0
19	0	0	746	495	879	2394	0	0	0	0
20	0	0	749	494	878	2400	0	0	0	0
21	0	0	751	493	877	2402	0	0	0	0
22	0	0	753	493	875	2406	0	0	0	0
23	0	0	754	492	873	2415	0	0	0	0
24	0	0	756	493	872	2419	0	0	0	0
25	0	0	757	492	871	2427	0	0	0	0
26	0	0	758	492	870	2435	0	0	0	0
27	0	0	759	492	869	2446	0	0	0	0
28	0	0	761	493	868	2449	0	0	0	0
29	0	0	761	494	867	2451	0	0	0	0
30	0	0	760	493	865	2462	0	0	0	0
31	0	0	760	494	863	2464	0	0	0	0
32	0	0	761	496	863	2469	0	0	0	0
33	0	0	760	497	860	2475	0	0	0	0
34	0	0	761	498	860	2481	0	0	0	0
35	0	0	762	499	859	2485	0	0	0	0
36	0	0	762	499	859	2492	0	0	0	0
37	0	0	761	501	858	2500	0	0	0	0
38	0	0	761	502	857	2508	0	0	0	0
39	0	0	760	502	857	2513	0	0	0	0
40	0	0	761	504	856	2516	0	0	0	0
41	0	0	764	505	855	2528	0	0	0	0
42	0	0	764	505	855	2536	0	0	0	0
43	0	0	766	506	854	2539	0	0	0	0
44	0	0	765	507	854	2545	0	0	0	0
45	0	0	767	508	855	2546	0	0	0	0
46	0	0	768	507	855	2550	0	0	0	0
47	0	0	770	509	854	2554	0	0	0	0
48	0	0	770	510	854	2561	0	0	0	0
49	0	0	772	512	854	2567	0	0	0	0
50	0	0	772	512	854	2573	0	0	0	0
51	0	0	771	515	854	2572	0	0	0	0
52	0	0	771	517	853	2582	0	0	0	0
53	0	0	772	517	853	2592	0	0	0	0
54	0	0	772	518	853	2607	0	0	0	0
55	0	0	773	520	852	2615	0	0	0	0
56	0	0	772	523	853	2617	0	0	0	0
57	0	0	773	525	852	2629	0	0	0	0
58	0	0	773	525	852	2636	0	0	0	0
59	0	0	774	527	853	2645	0	0	0	0
60	0	0	773	530	854	2651	0	0	0	0
61	0	0	774	531	855	2657	0	0	0	0
62	0	0	774	531	855	2665	0	0	0	0
63	0	0	773	534	856	2673	0	0	0	0
64	0	0	772	535	856	2687	0	0	0	0
65	0	0	770	535	858	2695	0	0	0	0
66	0	0	767	537	859	2702	0	0	0	0
67	0	0	765	538	859	2708	0	0	0	0
68	0	0	765	541	860	2715	0	0	0	0
69	0	0	762	540	861	2724	0	0	0	0
70	0	0	762	541	863	2725	0	0	0	0
71	0	0	760	545	863	2729	0	0	0	0
72	0	0	758	547	863	2729	0	0	0	0
73	0	0	755	549	864	2738	0	0	0	0
74	0	0	754	552	866	2754	0	0	0	0
75	0	0	752	554	864	2767	0	0	0	0
76	0	0	750	557	866	2770	0	0	0	0
77	0	0	748	559	866	2771	0	0	0	0
78	0	0	747	561	865	2775	0	0	0	0
79	0	0	741	562	867	2794	0	0	0	0
80	0	0	741	564	867	2799	0	0	0	0
81	0	0	738	566	866	2800	0	0	0	0
82	0	0	737	569	866	2805	0	0	0	0
83	0	0	735	572	866	2810	0	0	0	0
84	0	0	733	574	866	2815	0	0	0	0
85	0	0	732	576	865	2823	0	0	0	0
86	0	0	731	579	865	2833	0	0	0	0
87	0	0	729	582	864	2837	0	0	0	0
88	0	0	728	584	862	2840	0	0	0	0
89	0	0	727	586	861	2849	0	0	0	0
90	0	0	726	588	861	2854	0	0	0	0
91	0	0	725	589	859	2853	0	0	0	0
92	0	0	723	591	859	2856	0	0	0	0
93	0	0	721	592	859	2858	0	0	0	0
94	0	0	722	595	858	2864	0	0	0	0
95	0	0	721	598	858	2873	0	0	0	0
96	0	0	719	600	857	2877	0	0	0	0
97	0	0	719	603	856	2878	0	0	0	0
98	0	0	718	605	857	2879	0	0	0	0
99	0	0	718	607	856	2882	0	0	0	0
100	0	0	718	608	855	2885	0	0	0	0
101	0	0	717	611	856	2886	0	0	0	0
102	0	0	716	613	855	2883	0	0	0	0
103	0	0	714	614	854	2882	0	0	0	0
104	0	0	714	617	855	2878	0	0	0	0
105	0	0	711	619	856	2872	0	0	0	0
106	0	0	711	621	855	2872	0	0	0	0
107	0	0	710	623	854	2866	0	0	0	0
108	0	0	710	626	853	2860	0	0	0	0
109	0	0	710	629	852	2855	0	0	0	0
110	0	0	708	630	852	2847	0	0	0	0
111	0	0	706	632	852	2842	0	0	0	0
112	0	0	706	635	852	2837	0	0	0	0
113	0	0	706	638	850	2823	0	0	0	0
114	0	0	706	641	849	2821	0	0	0	0
115	0	0	706	644	849	2813	0	0	0	0
116	0	0	707	647	847	2799	0	0	0	0
117	0	0	705	648	844	2790	0	0	0	0
118	0	0	706	651	844	2763	0	0	0	0
119	0	0	708	654	843	2740	0	0	0	0
120	0	0	710	658	842	2713	0	0	0	0
121	0	0	713	660	839	2698	0	0	0	0
122	0	0	714	662	837	2681	0	0	0	0
123	0	0	717	664	835	2653	0	0	0	0
124	0	0	720	667	833	2628	0	0	0	0
125	0	0	723	671	831	2588	0	0	0	0
126	0	0	726	674	828	2536	0	0	0	0
127	0	0	728	676	825	2467	0	0	0	0
0	0	0	731	679	823	2407	0	0	0	0
1	0	0	733	681	822	2343	0	0	0	0
2	0	0	736	684	819	2283	0	0	0	0
3	0	0	738	687	816	2196	0	0	0	0
4	0	0	739	689	813	2104	0	0	0	0
5	0	0	741	692	810	1997	0	0	0	0
6	0	0	743	695	809	1927	0	0	0	0
7	0	0	745	698	806	1867	0	0	0	0
8	0	0	745	700	804	1800	0	0	0	0
9	0	0	747	703	801	1706	0	0	0	0
10	0	0	748	706	800	1574	0	0	0	0
11	0	0	750	709	799	1500	0	0	0	0
12	0	0	751	712	797	1396	0	0	0	0
13	0	0	752	714	796	1266	0	0	0	0
14	0	0	754	718	796	1178	0	0	0	0
15	0	0	754	720	794	1119	0	0	0	0
16	0	0	755	721	794	964	0	0	0	0
17	0	0	754	725	793	855	0	0	0	0
18	0	0	755	727	794	845	0	0	0	0
19	0	0	756	729	793	786	0	0	0	0
20	0	0	758	733	793	686	0	0	0	0
21	0	0	757	736	794	606	0	0	0	0
22	0	0	758	739	793	540	0	0	0	0
23	0	0	759	741	793	435	0	0	0	0
24	0	0	760	743	793	413	0	0	0	0
25	0	0	760	747	794	315	0	0	0	0
26	0	0	760	750	795	297	0	0	0	0
27	0	0	761	752	795	255	0	0	0	0
28	0	0	761	755	796	270	0	0	0	0
29	0	0	763	759	797	307	0	0	0	0
30	0	0	763	762	799	269	0	0	0	0
31	0	0	761	765	800	287	0	0	0	0
32	0	0	762	768	802	315	0	0	0	0
33	0	0	761	771	802	273	0	0	0	0
34	0	0	761	774	804	263	0	0	0	0
35	0	0	762	777	805	279	0	0	0	0
36	0	0	762	781	807	250	0	0	0	0
37	0	0	762	784	808	260	0	0	0	0
38	0	0	765	788	809	261	0	0	0	0
39	0	0	767	792	811	248	0	0	0	0
40	0	0	768	796	813	260	0	0	0	0
41	0	0	770	799	815	267	0	0	0	0
42	0	0	772	805	816	242	0	0	0	0
43	0	0	772	807	816	174	0	0	0	0
44	0	0	774	813	817	167	0	0	0	0
45	0	0	776	818	817	160	0	0	0	0
46	0	0	778	820	818	169	0	0	0	0
47	0	0	780	823	819	164	0	0	0	0
48	0	0	783	828	819	169	0	0	0	0
49	0	0	783	831	819	160	0	0	0	0
50	0	0	785	835	821	182	0	0	0	0
51	0	0	786	840	822	171	0	0	0	0
52	0	0	785	844	821	158	0	0	0	0
53	0	0	786	847	824	155	0	0	0	0
54	0	0	785	852	826	160	0	0	0	0
55	0	0	785	855	826	148	0	0	0	0
56	0	0	784	860	826	116	0	0	0	0
57	0	0	787	863	828	124	0	0	0	0
58	0	0	786	864	828	143	0	0	0	0
59	0	0	787	866	828	146	0	0	0	0
60	0	0	786	868	828	144	0	0	0	0
61	0	0	785	873	828	140	0	0	0	0
62	0	0	785	877	829	140	0	0	0	0
63	0	0	785	879	829	137	0	0	0	0
64	0	0	784	880	828	100	0	0	0	0
65	0	0	784	882	828	76	0	0	0	0
66	0	0	785	883	829	99	0	0	0	0
67	0	0	786	885	829	106	0	0	0	0
68	0	0	786	886	827	129	0	0	0	0
69	0	0	785	886	827	139	0	0	0	0
70	0	0	786	888	826	125	0	0	0	0
71	0	0	786	889	825	120	0	0	0	0
72	0	0	785	892	824	110	0	0	0	0
73	0	0	782	892	822	129	0	0	0	0
74	0	0	782	893	818	103	0	0	0	0
75	0	0	783	893	816	109	0	0	0	0
76	0	0	782	894	812	102	0	0	0	0
77	0	0	782	895	811	96	0	0	0	0
78	0	0	780	895	808	127	0	0	0	0
79	0	0	778	897	806	139	0	0	0	0
80	0	0	775	899	804	135	0	0	0	0
81	0	0	772	902	803	121	0	0	0	0
82	0	0	768	902	801	106	0	0	0	0
83	0	0	767	903	798	128	0	0	0	0
84	0	0	764	904	797	112	0	0	0	0
85	0	0	762	905	795	101	0	0	0	0
86	0	0	759	905	795	119	0	0	0	0
87	0	0	756	905	793	109	0	0	0	0
88	0	0	753	907	792	117	0	0	0	0
89	0	0	751	906	790	128	0	0	0	0
90	0	0	749	905	789	109	0	0	0	0
91	0	0	748	904	788	103	0	0	0	0
92	0	0	747	902	787	138	0	0	0	0
93	0	0	747	899	785	145	0	0	0	0
94	0	0	746	898	784	148	0	0	0	0
95	0	0	744	896	784	152	0	0	0	0
96	0	0	745	892	782	154	0	0	0	0
97	0	0	745	892	782	155	0	0	0	0
98	0	0	746	890	780	155	0	0	0	0
99	0	0	746	888	779	149	0	0	0	0
100	0	0	746	887	780	142	0	0	0	0
101	0	0	747	885	779	143	0	0	0	0
102	0	0	748	883	777	141	0	0	0	0
103	0	0	752	882	776	141	0	0	0	0
104	0	0	753	879	775	147	0	0	0	0
105	0	0	755	877	774	140	0	0	0	0
106	0	0	757	876	774	145	0	0	0	0
107	0	0	757	875	773	145	0	0	0	0
108	0	0	760	875	773	119	0	0	0	0
109	0	0	761	874	772	126	0	0	0	0
110	0	0	762	872	772	128	0	0	0	0
111	0	0	764	871	772	130	0	0	0	0
112	0	0	766	870	772	123	0	0	0	0
113	0	0	768	868	772	130	0	0	0	0
114	0	0	770	864	774	146	0	0	0	0
115	0	0	772	861	774	159	0	0	0	0
116	0	0	775	860	775	160	0	0	0	0
117	0	0	776	857	776	160	0	0	0	0
118	0	0	777	855	776	165	0	0	0	0
119	0	0	778	855	777	149	0	0	0	0
120	0	0	778	854	778	155	0	0	0	0
121	0	0	778	855	777	146	0	0	0	0
122	0	0	780	855	778	134	0	0	0	0
123	0	0	782	856	776	127	0	0	0	0
124	0	0	784	855	776	130	0	0	0	0
125	0	0	785	852	775	101	0	0	0	0
126	0	0	786	851	775	86	0	0	0	0
127	0	0	787	849	775	102	0	0	0	0
0	0	0	790	846	773	103	0	0	0	0
1	0	0	792	843	774	99	0	0	0	0
2	0	0	794	840	773	104	0	0	0	0
3	0	0	797	838	773	108	0	0	0	0
4	0	0	797	834	773	115	0	0	0	0
5	0	0	799	832	773	111	0	0	0	0
6	0	0	801	828	772	113	0	0	0	0
7	0	0	803	826	772	98	0	0	0	0
8	0	0	806	825	772	95	0	0	0	0
9	0	0	807	822	771	91	0	0	0	0
10	0	0	809	819	770	113	0	0	0	0
11	0	0	809	816	769	101	0	0	0	0
12	0	0	810	815	768	94	0	0	0	0
13	0	0	812	812	766	90	0	0	0	0
14	0	0	812	808	766	91	0	0	0	0
15	0	0	813	805	765	82	0	0	0	0
16	0	0	813	801	763	74	0	0	0	0
17	0	0	815	798	762	64	0	0	0	0
18	0	0	815	795	762	74	0	0	0	0
19	0	0	814	791	760	68	0	0	0	0
20	0	0	815	788	759	84	0	0	0	0
21	0	0	815	784	757	78	0	0	0	0
22	0	0	814	782	757	72	0	0	0	0
23	0	0	815	778	755	86	0	0	0	0
24	0	0	814	777	754	90	0	0	0	0
25	0	0	812	776	753	90	0	0	0	0
26	0	0	811	771	752	92	0	0	0	0
27	0	0	811	768	752	85	0	0	0	0
28	0	0	811	766	751	101	0	0	0	0
29	0	0	809	764	751	113	0	0	0	0
30	0	0	809	762	749	129	0	0	0	0
31	0	0	808	759	749	100	0	0	0	0
32	0	0	806	759	749	95	0	0	0	0
33	0	0	806	757	748	88	0	0	0	0
34	0	0	804	756	748	81	0	0	0	0
35	0	0	803	754	747	82	0	0	0	0
36	0	0	802	751	746	102	0	0	0	0
37	0	0	800	752	746	101	0	0	0	0
38	0	0	799	751	747	100	0	0	0	0
39	0	0	797	750	747	89	0	0	0	0
40	0	0	796	748	745	67	0	0	0	0
41	0	0	794	747	745	69	0	0	0	0
42	0	0	794	746	745	75	0	0	0	0
43	0	0	794	746	746	77	0	0	0	0
44	0	0	792	746	746	79	0	0	0	0
45	0	0	793	744	745	75	0	0	0	0
46	0	0	793	745	747	91	0	0	0	0
47	0	0	790	743	746	126	0	0	0	0
48	0	0	791	741	746	118	0	0	0	0
49	0	0	789	742	747	123	0	0	0	0
50	0	0	788	741	747	135	0	0	0	0
51	0	0	787	739	747	136	0	0	0	0
52	0	0	787	740	749	131	0	0	0	0
53	0	0	787	739	749	125	0	0	0	0
54	0	0	784	737	749	111	0	0	0	0
55	0	0	784	736	748	121	0	0	0	0
56	0	0	783	736	750	118	0	0	0	0
57	0	0	784	735	751	112	0	0	0	0
58	0	0	783	734	752	112	0	0	0	0
59	0	0	781	734	753	114	0	0	0	0
60	0	0	781	734	754	111	0	0	0	0
61	0	0	780	734	755	113	0	0	0	0
62	0	0	778	733	755	75	0	0	0	0
63	0	0	778	733	756	112	0	0	0	0
64	0	0	777	732	757	107	0	0	0	0
65	0	0	776	732	757	115	0	0	0	0
66	0	0	773	733	759	115	0	0	0	0
67	0	0	774	733	759	106	0	0	0	0
68	0	0	774	732	759	95	0	0	0	0
69	0	0	774	734	759	98	0	0	0	0
70	0	0	773	734	760	126	0	0	0	0
71	0	0	774	734	762	131	0	0	0	0
72	0	0	773	735	762	126	0	0	0	0
73	0	0	773	736	763	120	0	0	0	0
74	0	0	773	736	764	119	0	0	0	0
75	0	0	772	737	763	117	0	0	0	0
76	0	0	773	737	764	113	0	0	0	0
77	0	0	774	737	765	107	0	0	0	0
78	0	0	774	737	765	108	0	0	0	0
79	0	0	775	739	766	111	0	0	0	0
80	0	0	775	739	765	102	0	0	0	0
81	0	0	778	740	766	110	0	0	0	0
82	0	0	777	741	767	114	0	0	0	0
83	0	0	778	743	766	117	0	0	0	0
84	0	0	778	743	767	117	0	0	0	0
85	0	0	778	744	767	119	0	0	0	0
86	0	0	780	745	767	121	0	0	0	0
87	0	0	781	746	767	124	0	0	0	0
88	0	0	781	747	767	122	0	0	0	0
89	0	0	782	748	767	120	0	0	0	0
90	0	0	782	749	767	125	0	0	0	0
91	0	0	781	749	768	123	0	0	0	0
92	0	0	782	749	768	117	0	0	0	0
93	0	0	783	750	768	107	0	0	0	0
94	0	0	784	750	769	110	0	0	0	0
95	0	0	784	752	769	108	0	0	0	0
96	0	0	786	752	769	72	0	0	0	0
97	0	0	787	752	769	103	0	0	0	0
98	0	0	788	753	769	104	0	0	0	0
99	0	0	789	754	769	107	0	0	0	0
100	0	0	791	754	769	107	0	0	0	0
101	0	0	791	755	769	108	0	0	0	0
102	0	0	793	757	769	110	0	0	0	0
103	0	0	794	758	768	115	0	0	0	0
104	0	0	793	759	768	116	0	0	0	0
105	0	0	795	760	768	117	0	0	0	0
106	0	0	796	760	768	119	0	0	0	0
107	0	0	797	762	768	121	0	0	0	0
108	0	0	799	764	768	119	0	0	0	0
109	0	0	799	764	768	118	0	0	0	0
110	0	0	800	766	767	124	0	0	0	0
111	0	0	800	767	767	123	0	0	0	0
112	0	0	800	769	767	118	0	0	0	0
113	0	0	802	770	768	116	0	0	0	0
114	0	0	803	770	767	111	0	0	0	0
115	0	0	804	772	766	109	0	0	0	0
116	0	0	804	773	767	106	0	0	0	0
117	0	0	804	774	767	103	0	0	0	0
118	0	0	805	775	767	103	0	0	0	0
119	0	0	804	775	767	106	0	0	0	0
120	0	0	804	776	767	106	0	0	0	0
121	0	0	804	778	767	107	0	0	0	0
122	0	0	807	779	767	109	0	0	0	0
123	0	0	807	779	768	74	0	0	0	0
124	0	0	807	780	768	81	0	0	0	0
125	0	0	808	781	767	111	0	0	0	0
126	0	0	807	781	768	111	0	0	0	0
127	0	0	807	781	768	111	0	0	0	0
0	0	0	810	781	767	117	0	0	0	0
1	0	0	809	782	767	118	0	0	0	0
2	0	0	809	784	766	124	0	0	0	0
3	0	0	810	783	767	124	0	0	0	0
4	0	0	811	783	767	118	0	0	0	0
5	0	0	811	784	768	102	0	0	0	0
6	0	0	812	784	767	92	0	0	0	0
7	0	0	813	783	766	87	0	0	0	0
8	0	0	814	782	767	74	0	0	0	0
9	0	0	813	782	768	72	0	0	0	0
10	0	0	815	783	769	98	0	0	0	0
11	0	0	815	782	769	95	0	0	0	0
12	0	0	815	782	769	87	0	0	0	0
13	0	0	815	782	770	89	0	0	0	0
14	0	0	816	782	769	93	0	0	0	0
15	0	0	815	782	770	95	0	0	0	0
16	0	0	816	782	770	110	0	0	0	0
17	0	0	817	782	772	110	0	0	0	0
18	0	0	816	781	771	111	0	0	0	0
19	0	0	815	781	773	113	0	0	0	0
20	0	0	816	780	773	109	0	0	0	0
21	0	0	815	780	773	109	0	0	0	0
22	0	0	814	780	772	117	0	0	0	0
23	0	0	814	780	773	115	0	0	0	0
24	0	0	814	780	774	111	0	0	0	0
25	0	0	813	779	775	104	0	0	0	0
26	0	0	812	779	775	105	0	0	0	0
27	0	0	811	780	775	100	0	0	0	0
28	0	0	810	781	776	98	0	0	0	0
29	0	0	809	781	775	94	0	0	0	0
30	0	0	810	780	777	90	0	0	0	0
31	0	0	809	781	777	87	0	0	0	0
32	0	0	807	781	777	60	0	0	0	0
33	0	0	806	783	778	91	0	0	0	0
34	0	0	806	783	779	98	0	0	0	0
35	0	0	807	784	779	101	0	0	0	0
36	0	0	803	784	780	101	0	0	0	0
37	0	0	802	785	780	101	0	0	0	0
38	0	0	801	784	781	103	0	0	0	0
39	0	0	800	784	781	107	0	0	0	0
40	0	0	799	783	781	105	0	0	0	0
41	0	0	796	786	782	103	0	0	0	0
42	0	0	796	786	782	109	0	0	0	0
43	0	0	795	786	783	107	0	0	0	0
44	0	0	793	787	784	84	0	0	0	0
45	0	0	795	787	784	93	0	0	0	0
46	0	0	793	787	785	91	0	0	0	0
47	0	0	791	787	784	94	0	0	0	0
48	0	0	793	787	785	81	0	0	0	0
49	0	0	792	788	783	82	0	0	0	0
50	0	0	792	788	784	79	0	0	0	0
51	0	0	792	789	784	83	0	0	0	0
52	0	0	792	789	783	80	0	0	0	0
53	0	0	791	790	784	82	0	0	0	0
54	0	0	791	789	784	83	0	0	0	0
55	0	0	792	788	783	62	0	0	0	0
56	0	0	788	788	783	59	0	0	0	0
57	0	0	789	789	783	64	0	0	0	0
58	0	0	788	790	784	90	0	0	0	0
59	0	0	789	789	784	84	0	0	0	0
60	0	0	788	789	784	69	0	0	0	0
61	0	0	787	788	784	52	0	0	0	0
62	0	0	787	789	784	55	0	0	0	0
63	0	0	787	789	784	61	0	0	0	0
64	0	0	789	790	786	61	0	0	0	0
65	0	0	790	788	785	56	0	0	0	0
66	0	0	789	790	786	56	0	0	0	0
67	0	0	789	790	786	49	0	0	0	0
68	0	0	788	791	786	52	0	0	0	0
69	0	0	787	791	787	43	0	0	0	0
70	0	0	787	792	788	43	0	0	0	0
71	0	0	787	792	789	58	0	0	0	0
72	0	0	788	793	791	59	0	0	0	0
73	0	0	789	793	791	117	0	0	0	0
74	0	0	792	794	792	571	0	0	0	0
75	0	0	797	794	793	712	0	0	0	0
76	0	0	805	795	792	837	0	0	0	0
77	0	0	809	795	792	1147	0	0	0	0
78	0	0	810	795	791	1170	0	0	0	0
79	0	0	808	793	789	1382	0	0	0	0
80	0	0	802	792	789	1647	0	0	0	0
81	0	0	791	792	789	1613	0	0	0	0
82	0	0	786	791	789	1588	0	0	0	0
83	0	0	782	788	790	1561	0	0	0	0
84	0	0	777	787	788	1533	0	0	0	0
85	0	0	777	786	789	1482	0	0	0	0
86	0	0	776	788	791	1416	0	0	0	0
87	0	0	778	789	793	1349	0	0	0	0
88	0	0	781	791	796	1337	0	0	0	0
89	0	0	784	792	799	1355	0	0	0	0
90	0	0	786	793	803	1414	0	0	0	0
91	0	0	786	793	807	1478	0	0	0	0
92	0	0	783	791	809	1489	0	0	0	0
93	0	0	782	787	812	1526	0	0	0	0
94	0	0	778	785	814	1508	0	0	0	0
95	0	0	776	781	817	1520	0	0	0	0
96	0	0	773	778	819	1500	0	0	0	0
97	0	0	772	776	825	1501	0	0	0	0
98	0	0	764	773	828	1418	0	0	0	0
99	0	0	758	769	833	1341	0	0	0	0
100	0	0	752	769	846	1294	0	0	0	0
101	0	0	735	775	869	1253	0	0	0	0
102	0	0	694	776	897	1266	0	0	0	0
103	0	0	636	767	930	1157	0	0	0	0
104	0	0	552	751	966	1015	0	0	0	0
105	0	0	440	723	998	996	0	0	0	0
106	0	0	331	691	1028	981	0	0	0	0
107	0	0	234	663	1070	881	0	0	0	0
108	0	0	166	629	1109	822	0	0	0	0
109	0	0	142	589	1140	743	0	0	0	0
110	0	0	183	551	1168	720	0	0	0	0
111	0	0	279	525	1193	743	0	0	0	0
112	0	0	411	514	1210	707	0	0	0	0
113	0	0	546	525	1220	702	0	0	0	0
114	0	0	652	545	1224	722	0	0	0	0
115	0	0	718	574	1227	788	0	0	0	0
116	0	0	738	608	1237	839	0	0	0	0
117	0	0	721	637	1257	797	0	0	0	0
118	0	0	690	653	1280	821	0	0	0	0
119	0	0	672	649	1304	844	0	0	0	0
120	0	0	684	632	1327	848	0	0	0	0
121	0	0	682	606	1340	881	0	0	0	0
122	0	0	654	577	1340	947	0	0	0	0
123	0	0	589	557	1322	1020	0	0	0	0
124	0	0	573	545	1288	1054	0	0	0	0
125	0	0	599	545	1236	1130	0	0	0	0
126	0	0	641	540	1171	1196	0	0	0	0
127	0	0	698	531	1098	1289	0	0	0	0
0	0	0	766	502	1019	1314	0	0	0	0
1	0	0	872	451	924	1394	0	0	0	0
2	0	0	972	405	837	1463	0	0	0	0
3	0	0	1014	357	755	1542	0	0	0	0
4	0	0	1020	301	679	1615	0	0	0	0
5	0	0	1013	251	627	1730	0	0	0	0
6	0	0	952	207	589	1781	0	0	0	0
7	0	0	917	162	555	1824	0	0	0	0
8	0	0	946	141	527	1859	0	0	0	0
9	0	0	995	146	505	1924	0	0	0	0
10	0	0	998	143	493	1981	0	0	0	0
11	0	0	1027	149	498	2020	0	0	0	0
12	0	0	1063	148	501	2067	0	0	0	0
13	0	0	1099	149	515	2098	0	0	0	0
14	0	0	1136	140	534	2136	0	0	0	0
15	0	0	1154	143	555	2150	0	0	0	0
16	0	0	1149	159	579	2183	0	0	0	0
17	0	0	1130	181	604	2189	0	0	0	0
18	0	0	1103	201	629	2209	0	0	0	0
19	0	0	1064	223	655	2207	0	0	0	0
20	0	0	1014	248	684	2246	0	0	0	0
21	0	0	961	265	709	2271	0	0	0	0
22	0	0	906	282	731	2297	0	0	0	0
23	0	0	854	296	753	2333	0	0	0	0
24	0	0	816	311	773	2330	0	0	0	0
25	0	0	799	324	790	2328	0	0	0	0
26	0	0	790	331	806	2334	0	0	0	0
27	0	0	784	340	821	2348	0	0	0	0
28	0	0	780	342	832	2360	0	0	0	1
29	0	0	777	337	839	2374	0	0	0	0
30	0	0	774	326	842	2377	0	0	0	0
31	0	0	773	316	842	2379	0	0	0	0
32	0	0	773	297	841	2387	0	0	0	0
33	0	0	775	277	841	2402	0	0	0	0
34	0	0	778	256	838	2407	0	0	0	0
35	0	0	780	232	836	2411	0	0	0	0
36	0	0	781	210	837	2414	0	0	0	0
37	0	0	780	190	835	2411	0	0	0	0
38	0	0	779	177	835	2404	0	0	0	0
39	0	0	775	169	840	2400	0	0	0	0
40	0	0	767	164	844	2396	0	0	0	0
41	0	0	764	162	847	2395	0	0	0	0
42	0	0	763	159	853	2394	0	0	0	0
43	0	0	771	155	860	2393	0	0	0	0
44	0	0	783	153	865	2388	0	0	0	0
45	0	0	798	156	871	2387	0	0	0	0
46	0	0	815	162	875	2386	0	0	0	0
47	0	0	835	170	879	2390	0	0	0	0
48	0	0	855	177	882	2392	0	0	0	0
49	0	0	874	190	885	2396	0	0	0	0
50	0	0	888	205	886	2396	0	0	0	0
51	0	0	902	221	886	2391	0	0	0	0
52	0	0	914	237	887	2390	0	0	0	0
53	0	0	922	254	887	2391	0	0	0	0
54	0	0	928	275	888	2391	0	0	0	0
55	0	0	930	291	890	2391	0	0	0	0
56	0	0	928	306	891	2390	0	0	0	0
57	0	0	926	325	892	2393	0	0	0	0
58	0	0	926	340	893	2395	0	0	0	0
59	0	0	921	352	890	2391	0	0	0	0
60	0	0	916	362	887	2392	0	0	0	0
61	0	0	910	372	884	2394	0	0	0	0
62	0	0	903	381	879	2395	0	0	0	0
63	0	0	897	387	871	2397	0	0	0	0
64	0	0	888	393	864	2396	0	0	0	0
65	0	0	879	397	857	2396	0	0	0	0
66	0	0	872	401	845	2393	0	0	0	0
67	0	0	868	404	838	2392	0	0	0	0
68	0	0	863	406	829	2389	0	0	0	0
69	0	0	863	412	822	2385	0	0	0	0
70	0	0	862	418	814	2379	0	0	0	0
71	0	0	864	425	806	2370	0	0	0	0
72	0	0	866	431	799	2373	0	0	0	0
73	0	0	869	436	792	2372	0	0	0	0
74	0	0	872	441	786	2375	0	0	0	0
75	0	0	875	445	779	2372	0	0	0	0
76	0	0	876	451	773	2366	0	0	0	0
77	0	0	877	458	768	2361	0	0	0	0
78	0	0	876	464	763	2359	0	0	0	1
79	0	0	876	471	761	2357	0	0	0	0
80	0	0	874	479	760	2353	0	0	0	0
81	0	0	872	486	760	2348	0	0	0	0
82	0	0	869	493	759	2339	0	0	0	0
83	0	0	866	500	762	2329	0	0	0	0
84	0	0	863	509	766	2321	0	0	0	0
85	0	0	857	517	770	2312	0	0	0	0
86	0	0	853	524	774	2304	0	0	0	0
87	0	0	850	530	781	2299	0	0	0	0
88	0	0	845	536	786	2294	0	0	0	0
89	0	0	843	543	792	2292	0	0	0	0
90	0	0	840	549	800	2286	0	0	0	0
91	0	0	838	557	805	2281	0	0	0	0
92	0	0	836	562	811	2277	0	0	0	0
93	0	0	831	568	819	2274	0	0	0	0
94	0	0	829	573	825	2272	0	0	0	0
95	0	0	827	579	831	2268	0	0	0	0
96	0	0	826	581	836	2261	0	0	0	0
97	0	0	826	582	842	2253	0	0	0	0
98	0	0	824	587	846	2249	0	0	0	0
99	0	0	823	590	849	2244	0	0	0	0
100	0	0	823	592	854	2239	0	0	0	0
101	0	0	824	595	856	2236	0	0	0	0
102	0	0	826	599	859	2232	0	0	0	0
103	0	0	824	601	861	2232	0	0	0	0
104	0	0	825	605	863	2227	0	0	0	0
105	0	0	823	609	863	2221	0	0	0	0
106	0	0	823	611	863	2212	0	0	0	0
107	0	0	822	615	862	2205	0	0	0	0
108	0	0	820	618	861	2187	0	0	0	0
109	0	0	820	623	859	2178	0	0	0	0
110	0	0	818	625	857	2167	0	0	0	0
111	0	0	816	627	854	2160	0	0	0	0
112	0	0	814	629	853	2159	0	0	0	0
113	0	0	813	630	850	2154	0	0	0	0
114	0	0	812	630	848	2147	0	0	0	0
115	0	0	811	631	848	2137	0	0	0	0
116	0	0	810	632	846	2127	0	0	0	0
117	0	0	809	632	846	2121	0	0	0	0
118	0	0	810	631	844	2120	0	0	0	0
119	0	0	811	632	843	2117	0	0	0	0
120	0	0	810	629	844	2112	0	0	0	0
121	0	0	812	627	843	2111	0	0	0	0
122	0	0	812	622	843	2107	0	0	0	0
123	0	0	811	620	843	2104	0	0	0	0
124	0	0	811	617	843	2094	0	0	0	0
125	0	0	808	613	844	2083	0	0	0	0
126	0	0	807	610	845	2076	0	0	0	0
127	0	0	803	607	846	2072	0	0	0	0
0	0	0	800	603	847	2066	0	0	0	0
1	0	0	796	598	848	2061	0	0	0	0
2	0	0	792	592	849	2060	0	0	0	0
3	0	0	787	587	849	2058	0	0	0	0
4	0	0	782	582	849	2055	0	0	0	0
5	0	0	779	577	850	2043	0	0	0	0
6	0	0	774	572	851	2046	0	0	0	0
7	0	0	769	568	851	2042	0	0	0	0
8	0	0	766	563	852	2035	0	0	0	0
9	0	0	763	559	852	2029	0	0	0	0
10	0	0	762	557	852	2025	0	0	0	0
11	0	0	761	554	853	2020	0	0	0	0
12	0	0	760	551	853	2018	0	0	0	0
13	0	0	761	549	853	2018	0	0	0	0
14	0	0	761	548	854	2010	0	0	0	0
15	0	0	763	545	854	1991	0	0	0	0
16	0	0	765	544	853	1984	0	0	0	0
17	0	0	768	546	853	1982	0	0	0	0
18	0	0	770	545	853	1983	0	0	0	0
19	0	0	771	546	855	1979	0	0	0	0
20	0	0	773	546	854	1969	0	0	0	0
21	0	0	778	547	854	1962	0	0	0	0
22	0	0	778	547	853	1949	0	0	0	0
23	0	0	781	546	853	1932	0	0	0	0
24	0	0	784	547	853	1926	0	0	0	0
25	0	0	787	548	853	1924	0	0	0	0
26	0	0	788	548	853	1922	0	0	0	0
27	0	0	788	549	853	1909	0	0	0	0
28	0	0	791	549	854	1905	0	0	0	0
29	0	0	792	551	853	1903	0	0	0	0
30	0	0	794	550	853	1897	0	0	0	0
31	0	0	794	552	852	1888	0	0	0	0
32	0	0	795	553	852	1884	0	0	0	0
33	0	0	795	554	851	1884	0	0	0	0
34	0	0	795	555	850	1879	0	0	0	0
35	0	0	794	557	851	1866	0	0	0	0
36	0	0	793	558	849	1848	0	0	0	0
37	0	0	793	562	849	1834	0	0	0	0
38	0	0	793	563	848	1818	0	0	0	0
39	0	0	792	566	847	1814	0	0	0	0
40	0	0	790	569	845	1804	0	0	0	0
41	0	0	791	572	844	1798	0	0	0	0
42	0	0	791	576	843	1790	0	0	0	0
43	0	0	791	579	841	1775	0	0	0	0
44	0	0	789	585	839	1767	0	0	0	0
45	0	0	787	588	837	1762	0	0	0	0
46	0	0	788	592	835	1747	0	0	0	0
47	0	0	788	596	833	1730	0	0	0	0
48	0	0	788	601	832	1718	0	0	0	0
49	0	0	787	605	829	1712	0	0	0	0
50	0	0	785	608	828	1706	0	0	0	0
51	0	0	787	612	826	1700	0	0	0	0
52	0	0	787	616	825	1697	0	0	0	0
53	0	0	787	621	824	1690	0	0	0	0
54	0	0	787	623	822	1672	0	0	0	0
55	0	0	787	627	821	1645	0	0	0	0
56	0	0	787	632	819	1626	0	0	0	0
57	0	0	789	635	818	1601	0	0	0	0
58	0	0	789	638	817	1595	0	0	0	0
59	0	0	789	642	817	1571	0	0	0	0
60	0	0	789	646	815	1556	0	0	0	0
61	0	0	789	649	814	1559	0	0	0	0
62	0	0	791	653	813	1565	0	0	0	0
63	0	0	792	655	812	1554	0	0	0	0
64	0	0	793	658	812	1544	0	0	0	0
65	0	0	792	661	811	1543	0	0	0	0
66	0	0	793	664	811	1543	0	0	0	0
67	0	0	790	667	809	1540	0	0	0	0
68	0	0	793	668	809	1537	0	0	0	0
69	0	0	794	671	809	1527	0	0	0	0
70	0	0	794	675	807	1521	0	0	0	0
71	0	0	794	677	806	1517	0	0	0	0
72	0	0	794	679	806	1516	0	0	0	0
73	0	0	795	680	804	1512	0	0	0	0
74	0	0	796	683	805	1517	0	0	0	0
75	0	0	796	685	804	1508	0	0	0	0
76	0	0	796	686	803	1501	0	0	0	0
77	0	0	795	686	802	1507	0	0	0	0
78	0	0	797	689	799	1500	0	0	0	0
79	0	0	798	692	798	1493	0	0	0	0
80	0	0	799	695	797	1493	0	0	0	0
81	0	0	799	696	796	1478	0	0	0	0
82	0	0	800	696	795	1479	0	0	0	0
83	0	0	801	699	794	1476	0	0	0	0
84	0	0	798	700	793	1478	0	0	0	0
85	0	0	797	700	791	1474	0	0	0	0
86	0	0	797	702	789	1477	0	0	0	0
87	0	0	797	702	788	1475	0	0	0	0
88	0	0	797	702	786	1477	0	0	0	0
89	0	0	796	703	785	1474	0	0	0	0
90	0	0	796	704	782	1474	0	0	0	0
91	0	0	798	707	782	1474	0	0	0	0
92	0	0	795	706	780	1476	0	0	0	0
93	0	0	795	708	778	1469	0	0	0	0
94	0	0	794	708	778	1460	0	0	0	0
95	0	0	794	709	777	1464	0	0	0	0
96	0	0	795	710	777	1459	0	0	0	0
97	0	0	797	710	776	1456	0	0	0	0
98	0	0	796	711	776	1455	0	0	0	0
99	0	0	795	711	775	1457	0	0	0	0
100	0	0	796	712	776	1449	0	0	0	0
101	0	0	794	713	775	1442	0	0	0	0
102	0	0	794	714	776	1442	0	0	0	0
103	0	0	793	715	774	1434	0	0	0	0
104	0	0	794	716	775	1432	0	0	0	0
105	0	0	793	717	775	1435	0	0	0	0
106	0	0	792	718	775	1435	0	0	0	0
107	0	0	791	719	776	1439	0	0	0	0
108	0	0	790	718	777	1439	0	0	0	0
109	0	0	791	722	778	1434	0	0	0	0
110	0	0	790	721	778	1437	0	0	0	0
111	0	0	790	723	780	1433	0	0	0	0
112	0	0	790	724	782	1435	0	0	0	0
113	0	0	791	725	781	1435	0	0	0	0
114	0	0	789	726	782	1435	0	0	0	0
115	0	0	788	726	783	1439	0	0	0	0
116	0	0	788	727	784	1441	0	0	0	0
117	0	0	785	728	785	1444	0	0	0	0
118	0	0	786	729	786	1445	0	0	0	0
119	0	0	786	731	786	1446	0	0	0	0
120	0	0	784	731	789	1448	0	0	0	0
121	0	0	784	733	789	1444	0	0	0	0
122	0	0	782	734	790	1444	0	0	0	0
123	0	0	781	735	790	1446	0	0	0	0
124	0	0	780	735	791	1450	0	0	0	0
125	0	0	780	738	793	1447	0	0	0	0
126	0	0	779	738	792	1448	0	0	0	0
127	0	0	777	738	791	1449	0	0	0	0
0	0	0	777	739	793	1447	0	0	0	0
1	0	0	778	741	794	1445	0	0	0	0
2	0	0	776	741	793	1444	0	0	0	0
3	0	0	775	742	793	1445	0	0	0	0
4	0	0	774	742	795	1446	0	0	0	0
5	0	0	773	743	795	1447	0	0	0	0
6	0	0	773	743	794	1447	0	0	0	0
7	0	0	773	745	795	1447	0	0	0	0
8	0	0	771	745	795	1448	0	0	0	0
9	0	0	771	745	795	1449	0	0	0	0
10	0	0	770	746	796	1454	0	0	0	0
11	0	0	770	745	795	1452	0	0	0	0
12	0	0	769	746	797	1452	0	0	0	0
13	0	0	769	745	796	1463	0	0	0	0
14	0	0	768	744	797	1456	0	0	0	0
15	0	0	768	746	798	1460	0	0	0	0
16	0	0	769	746	799	1460	0	0	0	0
17	0	0	770	746	799	1460	0	0	0	0
18	0	0	770	745	800	1462	0	0	0	0
19	0	0	769	745	800	1462	0	0	0	0
20	0	0	769	744	801	1462	0	0	0	0
21	0	0	768	745	801	1466	0	0	0	0
22	0	0	769	744	802	1468	0	0	0	0
23	0	0	769	743	801	1468	0	0	0	0
24	0	0	770	743	802	1470	0	0	0	0
25	0	0	769	742	802	1470	0	0	0	0
26	0	0	770	741	801	1471	0	0	0	0
27	0	0	769	740	802	1474	0	0	0	0
28	0	0	770	739	803	1475	0	0	0	0
29	0	0	771	738	803	1473	0	0	0	0
30	0	0	772	738	803	1478	0	0	0	0
31	0	0	772	738	803	1483	0	0	0	0
32	0	0	773	735	803	1489	0	0	0	0
33	0	0	775	735	804	1491	0	0	0	0
34	0	0	775	733	803	1498	0	0	0	0
35	0	0	777	732	802	1503	0	0	0	0
36	0	0	777	732	801	1501	0	0	0	0
37	0	0	778	731	803	1501	0	0	0	0
38	0	0	780	729	804	1505	0	0	0	0
39	0	0	781	728	803	1503	0	0	0	0
40	0	0	782	727	804	1509	0	0	0	0
41	0	0	783	726	803	1514	0	0	0	0
42	0	0	783	725	804	1520	0	0	0	0
43	0	0	783	724	804	1523	0	0	0	0
44	0	0	783	721	803	1524	0	0	0	0
45	0	0	784	720	804	1528	0	0	0	0
46	0	0	786	719	804	1543	0	0	0	0
47	0	0	787	716	806	1558	0	0	0	0
48	0	0	788	715	806	1562	0	0	0	0
49	0	0	788	714	807	1563	0	0	0	0
50	0	0	787	712	808	1562	0	0	0	0
51	0	0	788	712	808	1562	0	0	0	0
52	0	0	789	710	810	1563	0	0	0	0
53	0	0	788	708	809	1566	0	0	0	0
54	0	0	789	705	811	1566	0	0	0	0
55	0	0	789	703	811	1567	0	0	0	0
56	0	0	789	702	812	1569	0	0	0	0
57	0	0	789	699	813	1573	0	0	0	0
58	0	0	790	699	813	1576	0	0	0	0
59	0	0	790	697	813	1575	0	0	0	0
60	0	0	791	695	813	1574	0	0	0	0
61	0	0	789	695	814	1574	0	0	0	0
62	0	0	790	693	815	1575	0	0	0	0
63	0	0	790	691	815	1590	0	0	0	0
64	0	0	790	690	815	1594	0	0	0	0
65	0	0	790	687	815	1598	0	0	0	0
66	0	0	790	687	815	1603	0	0	0	0
67	0	0	790	684	816	1608	0	0	0	0
68	0	0	789	682	815	1611	0	0	0	0
69	0	0	787	680	816	1613	0	0	0	0
70	0	0	787	679	815	1619	0	0	0	0
71	0	0	787	676	817	1626	0	0	0	0
72	0	0	787	675	817	1635	0	0	0	0
73	0	0	786	672	817	1642	0	0	0	0
74	0	0	786	670	818	1645	0	0	0	0
75	0	0	785	668	818	1649	0	0	0	0
76	0	0	784	666	818	1652	0	0	0	0
77	0	0	783	663	819	1658	0	0	0	0
78	0	0	782	661	819	1661	0	0	0	0
79	0	0	781	657	820	1661	0	0	0	0
80	0	0	779	656	820	1663	0	0	0	0
81	0	0	779	654	822	1668	0	0	0	0
82	0	0	778	650	823	1679	0	0	0	0
83	0	0	777	648	823	1685	0	0	0	0
84	0	0	777	644	824	1689	0	0	0	0
85	0	0	776	642	824	1698	0	0	0	0
86	0	0	776	638	824	1704	0	0	0	0
87	0	0	774	635	825	1708	0	0	0	0
88	0	0	773	634	824	1711	0	0	0	0
89	0	0	773	630	823	1715	0	0	0	0
90	0	0	770	628	823	1720	0	0	0	0
91	0	0	770	625	823	1729	0	0	0	0
92	0	0	769	621	823	1738	0	0	0	0
93	0	0	767	618	822	1746	0	0	0	0
94	0	0	766	614	822	1756	0	0	0	0
95	0	0	765	612	822	1761	0	0	0	0
96	0	0	765	609	822	1762	0	0	0	0
97	0	0	764	606	822	1764	0	0	0	0
98	0	0	762	604	821	1774	0	0	0	0
99	0	0	761	600	821	1775	0	0	0	0
100	0	0	760	599	821	1777	0	0	0	0
101	0	0	758	597	819	1783	0	0	0	0
102	0	0	759	595	819	1791	0	0	0	0
103	0	0	758	593	820	1798	0	0	0	0
104	0	0	757	591	818	1808	0	0	0	0
105	0	0	757	591	818	1810	0	0	0	0
106	0	0	756	590	817	1820	0	0	0	0
107	0	0	756	589	817	1827	0	0	0	0
108	0	0	755	587	817	1832	0	0	0	0
109	0	0	755	587	817	1835	0	0	0	0
110	0	0	754	587	816	1839	0	0	0	0
111	0	0	754	586	816	1843	0	0	0	0
112	0	0	755	585	817	1841	0	0	0	0
113	0	0	754	585	816	1844	0	0	0	0
114	0	0	754	585	816	1847	0	0	0	0
115	0	0	754	585	817	1847	0	0	0	0
116	0	0	755	586	813	1851	0	0	0	0
117	0	0	756	586	816	1852	0	0	0	0
118	0	0	755	586	815	1856	0	0	0	0
119	0	0	756	586	816	1860	0	0	0	0
120	0	0	756	587	816	1860	0	0	0	0
121	0	0	757	587	815	1865	0	0	0	0
122	0	0	758	588	815	1867	0	0	0	0
123	0	0	759	588	815	1873	0	0	0	0
124	0	0	759	590	815	1882	0	0	0	0
125	0	0	760	590	815	1884	0	0	0	0
126	0	0	760	591	815	1886	0	0	0	0
127	0	0	761	591	815	1894	0	0	0	0
0	0	0	763	593	815	1895	0	0	0	0
1	0	0	761	594	815	1902	0	0	0	0
2	0	0	765	595	815	1905	0	0	0	0
3	0	0	765	597	815	1907	0	0	0	0
4	0	0	766	597	816	1912	0	0	0	0
5	0	0	767	599	816	1916	0	0	0	0
6	0	0	769	600	816	1918	0	0	0	0
7	0	0	768	602	817	1921	0	0	0	0
8	0	0	769	603	817	1928	0	0	0	0
9	0	0	770	604	817	1930	0	0	0	0
10	0	0	770	605	817	1935	0	0	0	0
11	0	0	772	607	817	1939	0	0	0	0
12	0	0	774	608	817	1941	0	0	0	0
13	0	0	775	609	817	1946	0	0	0	0
14	0	0	777	611	817	1956	0	0	0	0
15	0	0	778	612	817	1963	0	0	0	0
16	0	0	779	611	816	1966	0	0	0	0
17	0	0	780	614	817	1966	0	0	0	0
18	0	0	781	615	817	1974	0	0	0	0
19	0	0	783	617	817	1976	0	0	0	0
20	0	0	785	618	818	1980	0	0	0	0
21	0	0	784	620	817	1981	0	0	0	0
22	0	0	785	621	818	1984	0	0	0	0
23	0	0	786	622	817	1987	0	0	0	0
24	0	0	786	622	818	1991	0	0	0	0
25	0	0	788	624	819	1992	0	0	0	0
26	0	0	790	625	818	1993	0	0	0	0
27	0	0	791	626	818	1994	0	0	0	0
28	0	0	791	628	818	1998	0	0	0	0
29	0	0	791	627	818	1999	0	0	0	0
30	0	0	792	630	819	2003	0	0	0	0
31	0	0	792	630	818	2005	0	0	0	0
32	0	0	793	631	818	2010	0	0	0	0
33	0	0	793	632	818	2013	0	0	0	0
34	0	0	793	633	819	2014	0	0	0	0
35	0	0	794	634	819	2021	0	0	0	0
36	0	0	793	636	818	2023	0	0	0	0
37	0	0	794	635	819	2026	0	0	0	0
38	0	0	794	636	818	2027	0	0	0	0
39	0	0	792	635	819	2030	0	0	0	0
40	0	0	793	637	819	2034	0	0	0	0
41	0	0	793	636	819	2034	0	0	0	0
42	0	0	793	636	820	2038	0	0	0	0
43	0	0	793	637	820	2038	0	0	0	0
44	0	0	792	637	820	2041	0	0	0	0
45	0	0	793	638	820	2041	0	0	0	0
46	0	0	793	639	819	2043	0	0	0	0
47	0	0	791	638	819	2045	0	0	0	0
48	0	0	793	639	820	2048	0	0	0	0
49	0	0	793	640	821	2048	0	0	0	0
50	0	0	792	640	820	2050	0	0	0	0
51	0	0	793	641	821	2051	0	0	0	0
52	0	0	792	641	819	2052	0	0	0	0
53	0	0	792	641	820	2052	0	0	0	0
54	0	0	791	642	819	2053	0	0	0	0
55	0	0	792	642	819	2052	0	0	0	0
56	0	0	793	642	819	2052	0	0	0	0
57	0	0	792	643	818	2051	0	0	0	0
58	0	0	793	643	819	2051	0	0	0	0
59	0	0	794	643	818	2052	0	0	0	0
60	0	0	793	644	818	2053	0	0	0	0
61	0	0	792	645	817	2053	0	0	0	0
62	0	0	792	645	816	2053	0	0	0	0
63	0	0	792	645	815	2055	0	0	0	0
64	0	0	791	645	815	2057	0	0	0	0
65	0	0	792	646	815	2056	0	0	0	0
66	0	0	792	647	815	2059	0	0	0	0
67	0	0	792	647	815	2058	0	0	0	0
68	0	0	791	648	815	2057	0	0	0	0
69	0	0	790	648	813	2057	0	0	0	0
70	0	0	789	648	813	2054	0	0	0	0
71	0	0	789	649	812	2055	0	0	0	0
72	0	0	789	649	812	2052	0	0	0	0
73	0	0	789	649	812	2050	0	0	0	0
74	0	0	788	650	812	2050	0	0	0	0
75	0	0	788	649	810	2048	0	0	0	0
76	0	0	787	650	810	2048	0	0	0	0
77	0	0	787	651	809	2046	0	0	0	0
78	0	0	787	650	808	2046	0	0	0	0
79	0	0	786	651	807	2045	0	0	0	0
80	0	0	786	651	808	2044	0	0	0	0
81	0	0	787	651	805	2042	0	0	0	0
82	0	0	785	652	806	2041	0	0	0	0
83	0	0	785	652	806	2042	0	0	0	0
84	0	0	784	652	805	2042	0	0	0	0
85	0	0	784	653	803	2041	0	0	0	0
86	0	0	784	653	804	2041	0	0	0	0
87	0	0	783	653	803	2041	0	0	0	0
88	0	0	782	654	803	2040	0	0	0	0
89	0	0	782	653	803	2038	0	0	0	0
90	0	0	782	654	803	2041	0	0	0	0
91	0	0	781	653	803	2039	0	0	0	0
92	0	0	783	654	804	2038	0	0	0	0
93	0	0	783	653	803	2036	0	0	0	0
94	0	0	781	652	802	2035	0	0	0	0
95	0	0	781	653	803	2034	0	0	0	0
96	0	0	781	654	802	2034	0	0	0	0
97	0	0	781	652	801	2030	0	0	0	0
98	0	0	782	651	802	2030	0	0	0	0
99	0	0	782	651	803	2030	0	0	0	0
100	0	0	781	652	802	2030	0	0	0	0
101	0	0	782	652	803	2030	0	0	0	0
102	0	0	783	652	803	2031	0	0	0	0
103	0	0	783	651	801	2030	0	0	0	0
104	0	0	783	651	802	2030	0	0	0	0
105	0	0	782	650	802	2027	0	0	0	0
106	0	0	782	649	801	2024	0	0	0	0
107	0	0	783	649	802	2022	0	0	0	0
108	0	0	783	650	802	2023	0	0	0	0
109	0	0	783	648	802	2016	0	0	0	0
110	0	0	782	649	802	2016	0	0	0	0
111	0	0	783	648	802	2015	0	0	0	0
112	0	0	781	647	801	2016	0	0	0	0
113	0	0	782	648	801	2016	0	0	0	0
114	0	0	782	647	802	2015	0	0	0	0
115	0	0	781	646	801	2012	0	0	0	0
116	0	0	780	645	801	2006	0	0	0	0
117	0	0	781	644	801	1998	0	0	0	0
118	0	0	781	645	801	1995	0	0	0	0
119	0	0	781	643	802	1990	0	0	0	0
120	0	0	781	644	801	1988	0	0	0	0
121	0	0	781	643	803	1986	0	0	0	0
122	0	0	780	642	802	1987	0	0	0	0
123	0	0	779	643	803	1984	0	0	0	0
124	0	0	779	642	803	1985	0	0	0	0
125	0	0	779	642	803	1982	0	0	0	0
126	0	0	778	642	803	1981	0	0	0	0
127	0	0	778	641	804	1976	0	0	0	0
0	0	0	777	640	804	1973	0	0	0	0
1	0	0	777	640	805	1971	0	0	0	0
2	0	0	776	640	804	1969	0	0	0	0
3	0	0	777	640	805	1967	0	0	0	0
4	0	0	777	640	805	1960	0	0	0	0
5	0	0	777	639	806	1955	0	0	0	0
6	0	0	778	639	807	1952	0	0	0	0
7	0	0	777	638	807	1950	0	0	0	0
8	0	0	777	639	808	1948	0	0	0	0
9	0	0	778	638	808	1941	0	0	0	0
10	0	0	778	638	809	1942	0	0	0	0
11	0	0	777	638	808	1944	0	0	0	0
12	0	0	775	639	809	1938	0	0	0	0
13	0	0	776	639	809	1933	0	0	0	0
14	0	0	776	638	810	1929	0	0	0	0
15	0	0	777	639	810	1928	0	0	0	0
16	0	0	777	639	811	1926	0	0	0	0
17	0	0	776	639	811	1923	0	0	0	0
18	0	0	776	640	812	1909	0	0	0	0
19	0	0	776	640	812	1906	0	0	0	0
20	0	0	776	640	813	1900	0	0	0	0
21	0	0	776	640	812	1900	0	0	0	0
22	0	0	775	641	813	1900	0	0	0	0
23	0	0	775	641	813	1898	0	0	0	0
24	0	0	774	641	814	1895	0	0	0	0
25	0	0	774	642	814	1890	0	0	0	0
26	0	0	774	640	814	1887	0	0	0	0
27	0	0	773	641	815	1886	0	0	0	0
28	0	0	774	642	815	1877	0	0	0	0
29	0	0	775	642	816	1872	0	0	0	0
30	0	0	774	641	816	1868	0	0	0	0
31	0	0	774	642	817	1863	0	0	0	0
32	0	0	775	642	817	1859	0	0	0	0
33	0	0	777	641	817	1856	0	0	0	0
34	0	0	775	642	818	1851	0	0	0	0
35	0	0	775	641	819	1840	0	0	0	0
36	0	0	775	642	819	1839	0	0	0	0
37	0	0	776	642	819	1832	0	0	0	0
38	0	0	774	641	818	1836	0	0	0	0
39	0	0	775	642	819	1834	0	0	0	0
40	0	0	775	642	819	1834	0	0	0	0
41	0	0	776	642	820	1834	0	0	0	0
42	0	0	774	641	819	1828	0	0	0	0
43	0	0	775	643	820	1824	0	0	0	0
44	0	0	775	644	819	1816	0	0	0	0
45	0	0	775	643	822	1803	0	0	0	0
46	0	0	775	644	821	1803	0	0	0	0
47	0	0	777	644	821	1798	0	0	0	0
48	0	0	775	644	821	1784	0	0	0	0
49	0	0	775	644	822	1784	0	0	0	0
50	0	0	777	645	821	1780	0	0	0	0
51	0	0	776	644	821	1768	0	0	0	0
52	0	0	775	644	821	1755	0	0	0	0
53	0	0	776	644	823	1749	0	0	0	0
54	0	0	778	644	822	1745	0	0	0	0
55	0	0	777	644	822	1741	0	0	0	0
56	0	0	777	644	822	1739	0	0	0	0
57	0	0	776	645	822	1740	0	0	0	0
58	0	0	776	645	823	1735	0	0	0	0
59	0	0	776	645	823	1730	0	0	0	0
60	0	0	776	645	822	1728	0	0	0	0
61	0	0	776	644	824	1726	0	0	0	0
62	0	0	777	645	824	1718	0	0	0	0
63	0	0	776	642	825	1705	0	0	0	0
64	0	0	777	645	825	1699	0	0	0	0
65	0	0	777	644	825	1688	0	0	0	0
66	0	0	778	645	825	1679	0	0	0	0
67	0	0	777	645	824	1668	0	0	0	0
68	0	0	778	645	825	1664	0	0	0	0
69	0	0	777	645	825	1659	0	0	0	0
70	0	0	777	645	826	1652	0	0	0	0
71	0	0	778	644	827	1649	0	0	0	0
72	0	0	778	645	826	1644	0	0	0	0
73	0	0	778	644	827	1639	0	0	0	0
74	0	0	778	644	827	1625	0	0	0	0
75	0	0	777	643	826	1615	0	0	0	0
76	0	0	777	643	826	1611	0	0	0	0
77	0	0	778	643	826	1607	0	0	0	0
78	0	0	778	643	827	1597	0	0	0	0
79	0	0	779	642	827	1584	0	0	0	0
80	0	0	778	641	827	1570	0	0	0	0
81	0	0	779	641	826	1564	0	0	0	0
82	0	0	779	642	826	1560	0	0	0	0
83	0	0	779	642	826	1557	0	0	0	0
84	0	0	779	640	825	1554	0	0	0	0
85	0	0	779	640	826	1551	0	0	0	0
86	0	0	778	641	827	1545	0	0	0	0
87	0	0	779	641	826	1544	0	0	0	0
88	0	0	778	639	826	1542	0	0	0	0
89	0	0	778	640	825	1536	0	0	0	0
90	0	0	779	639	826	1523	0	0	0	0
91	0	0	778	639	826	1516	0	0	0	0
92	0	0	778	640	826	1509	0	0	0	0
93	0	0	777	639	824	1506	0	0	0	0
94	0	0	777	639	825	1500	0	0	0	0
95	0	0	779	639	824	1485	0	0	0	0
96	0	0	779	639	824	1461	0	0	0	0
97	0	0	779	639	823	1459	0	0	0	0
98	0	0	778	639	824	1457	0	0	0	0
99	0	0	779	639	823	1452	0	0	0	0
100	0	0	779	638	823	1446	0	0	0	0
101	0	0	778	638	823	1441	0	0	0	0
102	0	0	778	637	823	1436	0	0	0	0
103	0	0	778	638	823	1431	0	0	0	0
104	0	0	778	638	822	1429	0	0	0	0
105	0	0	779	638	822	1426	0	0	0	0
106	0	0	780	638	823	1421	0	0	0	0
107	0	0	779	638	822	1418	0	0	0	0
108	0	0	779	638	822	1415	0	0	0	0
109	0	0	778	638	821	1414	0	0	0	0
110	0	0	779	638	822	1412	0	0	0	0
111	0	0	780	638	823	1412	0	0	0	0
112	0	0	780	637	822	1410	0	0	0	0
113	0	0	780	637	822	1407	0	0	0	0
114	0	0	780	638	821	1404	0	0	0	0
115	0	0	781	638	822	1401	0	0	0	0
116	0	0	780	639	822	1395	0	0	0	0
117	0	0	778	638	821	1392	0	0	0	0
118	0	0	780	639	821	1387	0	0	0	0
119	0	0	779	639	822	1389	0	0	0	0
120	0	0	779	639	822	1388	0	0	0	0
121	0	0	780	640	822	1388	0	0	0	0
122	0	0	779	640	822	1385	0	0	0	0
123	0	0	779	640	822	1385	0	0	0	0
124	0	0	779	641	822	1382	0	0	0	0
125	0	0	779	642	822	1378	0	0	0	0
126	0	0	778	640	822	1369	0	0	0	0
127	0	0	778	641	822	1372	0	0	0	0
0	0	0	778	641	822	1369	0	0	0	0
1	0	0	778	641	822	1372	0	0	0	0
2	0	0	778	642	822	1374	0	0	0	0
3	0	0	777	642	822	1379	0	0	0	0
4	0	0	777	642	823	1382	0	0	0	0
5	0	0	778	644	822	1372	0	0	0	0
6	0	0	778	644	822	1361	0	0	0	0
7	0	0	778	644	823	1361	0	0	0	0
8	0	0	778	644	822	1358	0	0	0	0
9	0	0	777	643	823	1358	0	0	0	0
10	0	0	778	643	823	1352	0	0	0	0
11	0	0	778	643	823	1349	0	0	0	0
12	0	0	778	642	823	1344	0	0	0	0
13	0	0	776	642	822	1342	0	0	0	0
14	0	0	776	642	823	1340	0	0	0	0
15	0	0	776	643	822	1341	0	0	0	0
16	0	0	776	644	821	1344	0	0	0	0
17	0	0	776	643	821	1347	0	0	0	0
18	0	0	776	644	822	1344	0	0	0	0
19	0	0	776	644	821	1343	0	0	0	0
20	0	0	776	643	820	1344	0	0	0	0
21	0	0	776	643	820	1340	0	0	0	0
22	0	0	777	643	820	1339	0	0	0	0
23	0	0	777	643	820	1337	0	0	0	0
24	0	0	777	644	820	1332	0	0	0	0
25	0	0	777	641	820	1326	0	0	0	0
26	0	0	776	644	819	1326	0	0	0	0
27	0	0	777	644	819	1324	0	0	0	0
28	0	0	777	644	819	1321	0	0	0	0
29	0	0	779	644	818	1316	0	0	0	0
30	0	0	779	643	817	1317	0	0	0	0
31	0	0	778	644	817	1322	0	0	0	0
32	0	0	778	644	818	1322	0	0	0	0
33	0	0	778	644	818	1322	0	0	0	0
34	0	0	777	644	818	1319	0	0	0	0
35	0	0	778	644	818	1319	0	0	0	0
36	0	0	776	644	817	1322	0	0	0	0
37	0	0	777	644	818	1308	0	0	0	0
38	0	0	777	645	817	1301	0	0	0	0
39	0	0	777	644	817	1297	0	0	0	0
40	0	0	777	644	818	1296	0	0	0	0
41	0	0	776	644	817	1298	0	0	0	0
42	0	0	777	644	818	1301	0	0	0	0
43	0	0	777	644	818	1301	0	0	0	0
44	0	0	777	644	817	1301	0	0	0	0
45	0	0	778	644	816	1302	0	0	0	0
46	0	0	777	644	816	1307	0	0	0	0
47	0	0	777	643	816	1305	0	0	0	0
48	0	0	776	642	817	1303	0	0	0	0
49	0	0	777	643	817	1305	0	0	0	0
50	0	0	778	642	815	1315	0	0	0	0
51	0	0	777	642	816	1311	0	0	0	0
52	0	0	778	642	816	1310	0	0	0	0
53	0	0	776	642	815	1316	0	0	0	0
54	0	0	777	643	815	1309	0	0	0	0
55	0	0	777	642	815	1311	0	0	0	0
56	0	0	776	642	815	1307	0	0	0	0
57	0	0	776	641	815	1302	0	0	0	0
58	0	0	776	641	816	1298	0	0	0	0
59	0	0	776	640	815	1297	0	0	0	0
60	0	0	777	640	815	1293	0	0	0	0
61	0	0	777	640	815	1295	0	0	0	0
62	0	0	778	640	816	1290	0	0	0	0
63	0	0	779	639	815	1290	0	0	0	0
64	0	0	779	639	816	1295	0	0	0	0
65	0	0	779	638	816	1291	0	0	0	0
66	0	0	779	639	816	1290	0	0	0	0
67	0	0	779	639	816	1290	0	0	0	0
68	0	0	778	638	815	1288	0	0	0	0
69	0	0	779	638	816	1289	0	0	0	0
70	0	0	779	637	816	1288	0	0	0	0
71	0	0	779	637	817	1288	0	0	0	0
72	0	0	779	637	817	1286	0	0	0	0
73	0	0	779	637	817	1283	0	0	0	0
74	0	0	780	637	817	1282	0	0	0	0
75	0	0	779	637	816	1282	0	0	0	0
76	0	0	780	636	817	1281	0	0	0	0
77	0	0	779	637	817	1277	0	0	0	0
78	0	0	780	636	816	1276	0	0	0	0
79	0	0	779	635	817	1274	0	0	0	0
80	0	0	780	634	817	1269	0	0	0	0
81	0	0	780	635	818	1268	0	0	0	0
82	0	0	780	635	818	1268	0	0	0	0
83	0	0	779	635	818	1267	0	0	0	0
84	0	0	780	635	819	1268	0	0	0	0
85	0	0	780	633	819	1275	0	0	0	0
86	0	0	782	634	819	1271	0	0	0	0
87	0	0	783	633	820	1270	0	0	0	0
88	0	0	783	632	820	1269	0	0	0	0
89	0	0	782	632	820	1270	0	0	0	0
90	0	0	781	631	819	1267	0	0	0	0
91	0	0	781	632	820	1268	0	0	0	0
92	0	0	780	631	820	1265	0	0	0	0
93	0	0	782	631	821	1264	0	0	0	0
94	0	0	781	631	820	1266	0	0	0	0
95	0	0	781	630	820	1267	0	0	0	0
96	0	0	781	630	822	1265	0	0	0	0
97	0	0	781	630	822	1263	0	0	0	0
98	0	0	781	630	821	1263	0	0	0	0
99	0	0	782	629	820	1266	0	0	0	0
100	0	0	781	630	820	1267	0	0	0	0
101	0	0	780	630	820	1267	0	0	0	0
102	0	0	780	631	821	1266	0	0	0	0
103	0	0	781	630	821	1265	0	0	0	0
104	0	0	780	630	821	1268	0	0	0	0
105	0	0	780	630	822	1266	0	0	0	0
106	0	0	781	630	822	1266	0	0	0	0
107	0	0	781	630	822	1266	0	0	0	0
108	0	0	781	630	822	1267	0	0	0	0
109	0	0	782	631	821	1267	0	0	0	0
110	0	0	779	631	821	1266	0	0	0	0
111	0	0	781	630	821	1267	0	0	0	0
112	0	0	782	630	822	1263	0	0	0	0
113	0	0	780	630	821	1260	0	0	0	0
114	0	0	781	630	821	1263	0	0	0	0
115	0	0	781	629	821	1262	0	0	0	0
116	0	0	781	632	820	1261	0	0	0	0
