# bioPlux Text File Format
# Version: 1
# StartDateTime: 2012-03-21 15:50:32
# SamplingFrequency: 1000
# SampledChannels: 1 2 3 4 5 6 7 8
# SamplingResolution: 12
# AcquiringDevice: 00:07:80:93:66:BE
# EndOfHeader
0	0	0	744	538	852	1688	0	0	0	0
1	0	0	745	538	851	1680	0	0	0	0
2	0	0	746	536	849	1687	0	0	0	0
3	0	0	747	536	849	1686	0	0	0	0
4	0	0	748	535	848	1700	0	0	0	0
5	0	0	748	533	848	1725	0	0	0	0
6	0	0	748	532	847	1742	0	0	0	0
7	0	0	747	529	848	1752	0	0	0	0
8	0	0	747	528	847	1758	0	0	0	0
9	0	0	747	527	847	1754	0	0	0	0
10	0	0	747	525	847	1752	0	0	0	0
11	0	0	746	523	847	1747	0	0	0	0
12	0	0	746	519	847	1763	0	0	0	0
13	0	0	745	519	847	1773	0	0	0	0
14	0	0	746	516	848	1787	0	0	0	0
15	0	0	744	514	848	1795	0	0	0	0
16	0	0	744	512	849	1814	0	0	0	0
17	0	0	743	509	850	1819	0	0	0	0
18	0	0	745	509	852	1839	0	0	0	0
19	0	0	744	506	851	1868	0	0	0	0
20	0	0	744	505	853	1887	0	0	0	0
21	0	0	746	505	854	1896	0	0	0	0
22	0	0	746	503	855	1907	0	0	0	0
23	0	0	746	502	855	1924	0	0	0	0
24	0	0	747	502	856	1921	0	0	0	0
25	0	0	747	499	857	1931	0	0	0	0
26	0	0	749	500	857	1932	0	0	0	0
27	0	0	750	499	858	1943	0	0	0	0
28	0	0	749	498	860	1950	0	0	0	0
29	0	0	750	497	861	1954	0	0	0	0
30	0	0	750	498	862	1953	0	0	0	0
31	0	0	751	498	863	1966	0	0	0	0
32	0	0	751	498	863	1982	0	0	0	0
33	0	0	753	498	864	2003	0	0	0	0
34	0	0	755	499	864	2011	0	0	0	0
35	0	0	754	499	865	2023	0	0	0	0
36	0	0	754	499	867	2031	0	0	0	0
37	0	0	755	499	868	2032	0	0	0	0
38	0	0	754	500	868	2039	0	0	0	0
39	0	0	754	500	869	2045	0	0	0	0
40	0	0	753	502	870	2066	0	0	0	0
41	0	0	753	502	871	2086	0	0	0	0
42	0	0	752	502	871	2102	0	0	0	0
43	0	0	751	504	871	2108	0	0	0	0
44	0	0	751	504	872	2112	0	0	0	0
45	0	0	751	504	874	2118	0	0	0	0
46	0	0	749	505	874	2123	0	0	0	0
47	0	0	749	506	874	2128	0	0	0	0
48	0	0	749	506	876	2129	0	0	0	0
49	0	0	750	506	876	2132	0	0	0	0
50	0	0	749	506	875	2129	0	0	0	0
51	0	0	750	506	875	2139	0	0	0	0
52	0	0	749	507	876	2145	0	0	0	0
53	0	0	749	507	876	2145	0	0	0	0
54	0	0	749	508	878	2150	0	0	0	0
55	0	0	748	508	879	2147	0	0	0	0
56	0	0	747	509	879	2152	0	0	0	0
57	0	0	748	509	879	2154	0	0	0	0
58	0	0	747	509	880	2159	0	0	0	0
59	0	0	747	509	880	2162	0	0	0	0
60	0	0	748	512	882	2164	0	0	0	0
61	0	0	746	510	883	2166	0	0	0	0
62	0	0	746	508	884	2169	0	0	0	0
63	0	0	747	508	885	2176	0	0	0	0
64	0	0	746	509	885	2178	0	0	0	0
65	0	0	746	508	885	2177	0	0	0	0
66	0	0	746	507	885	2179	0	0	0	0
67	0	0	747	507	887	2182	0	0	0	0
68	0	0	747	507	887	2184	0	0	0	0
69	0	0	748	506	887	2184	0	0	0	0
70	0	0	749	506	888	2186	0	0	0	0
71	0	0	749	505	889	2193	0	0	0	0
72	0	0	750	504	888	2200	0	0	0	0
73	0	0	751	504	889	2199	0	0	0	0
74	0	0	750	505	890	2207	0	0	0	0
75	0	0	752	504	890	2215	0	0	0	0
76	0	0	752	503	890	2214	0	0	0	0
77	0	0	753	504	891	2218	0	0	0	0
78	0	0	754	503	891	2219	0	0	0	0
79	0	0	754	503	892	2220	0	0	0	0
80	0	0	756	504	892	2219	0	0	0	0
81	0	0	759	504	891	2223	0	0	0	0
82	0	0	759	503	893	2226	0	0	0	0
83	0	0	760	503	892	2228	0	0	0	0
84	0	0	760	503	892	2230	0	0	0	0
85	0	0	760	503	892	2231	0	0	0	0
86	0	0	760	503	893	2229	0	0	0	0
87	0	0	759	502	893	2236	0	0	0	0
88	0	0	759	504	894	2238	0	0	0	0
89	0	0	757	503	894	2240	0	0	0	0
90	0	0	757	503	894	2240	0	0	0	0
91	0	0	757	503	894	2246	0	0	0	0
92	0	0	757	503	895	2248	0	0	0	0
93	0	0	756	503	894	2252	0	0	0	0
94	0	0	755	503	896	2258	0	0	0	0
95	0	0	754	501	896	2259	0	0	0	0
96	0	0	752	503	896	2263	0	0	0	0
97	0	0	751	502	896	2266	0	0	0	0
98	0	0	750	501	895	2269	0	0	0	0
99	0	0	749	500	896	2272	0	0	0	0
100	0	0	750	500	896	2273	0	0	0	0
101	0	0	748	500	896	2276	0	0	0	0
102	0	0	747	498	897	2281	0	0	0	0
103	0	0	747	498	896	2285	0	0	0	0
104	0	0	747	498	896	2288	0	0	0	0
105	0	0	746	497	896	2293	0	0	0	0
106	0	0	746	496	896	2294	0	0	0	0
107	0	0	745	497	896	2297	0	0	0	0
108	0	0	743	495	896	2297	0	0	0	0
109	0	0	742	493	896	2301	0	0	0	0
110	0	0	742	492	896	2305	0	0	0	0
111	0	0	742	491	897	2304	0	0	0	0
112	0	0	741	490	897	2304	0	0	0	0
113	0	0	741	489	896	2303	0	0	0	0
114	0	0	743	487	898	2301	0	0	0	0
115	0	0	742	486	897	2298	0	0	0	0
116	0	0	742	484	898	2297	0	0	0	0
117	0	0	743	483	898	2298	0	0	0	0
118	0	0	743	483	898	2295	0	0	0	0
119	0	0	744	481	898	2295	0	0	0	0
120	0	0	744	480	898	2297	0	0	0	0
121	0	0	746	479	898	2300	0	0	0	0
122	0	0	748	479	898	2302	0	0	0	0
123	0	0	748	477	897	2299	0	0	0	0
124	0	0	748	476	898	2301	0	0	0	0
125	0	0	750	475	897	2307	0	0	0	0
126	0	0	753	476	897	2306	0	0	0	0
127	0	0	753	474	896	2300	0	0	0	0
0	0	0	756	475	895	2303	0	0	0	0
1	0	0	758	474	895	2304	0	0	0	0
2	0	0	759	474	894	2308	0	0	0	0
3	0	0	760	475	894	2301	0	0	0	0
4	0	0	762	474	892	2294	0	0	0	0
5	0	0	764	474	891	2290	0	0	0	0
6	0	0	767	475	890	2290	0	0	0	0
7	0	0	767	475	890	2294	0	0	0	0
8	0	0	770	476	888	2296	0	0	0	0
9	0	0	770	476	888	2298	0	0	0	0
10	0	0	772	478	887	2303	0	0	0	0
11	0	0	774	478	886	2305	0	0	0	0
12	0	0	774	479	885	2310	0	0	0	0
13	0	0	774	480	884	2312	0	0	0	0
14	0	0	774	481	883	2312	0	0	0	0
15	0	0	774	483	883	2313	0	0	0	0
16	0	0	773	483	884	2317	0	0	0	0
17	0	0	774	483	883	2316	0	0	0	0
18	0	0	774	485	883	2321	0	0	0	0
19	0	0	774	484	881	2330	0	0	0	0
20	0	0	776	485	881	2332	0	0	0	0
21	0	0	775	487	880	2328	0	0	0	0
22	0	0	777	487	879	2343	0	0	0	0
23	0	0	775	487	878	2363	0	0	0	0
24	0	0	776	488	878	2381	0	0	0	0
25	0	0	776	486	876	2383	0	0	0	0
26	0	0	776	486	876	2383	0	0	0	0
27	0	0	778	487	875	2392	0	0	0	0
28	0	0	777	487	876	2401	0	0	0	0
29	0	0	778	488	874	2408	0	0	0	0
30	0	0	779	488	874	2419	0	0	0	0
31	0	0	778	488	873	2423	0	0	0	0
32	0	0	777	489	872	2426	0	0	0	0
33	0	0	778	488	870	2431	0	0	0	0
34	0	0	777	487	872	2441	0	0	0	0
35	0	0	777	488	870	2437	0	0	0	0
36	0	0	777	488	870	2428	0	0	0	0
37	0	0	778	487	869	2431	0	0	0	0
38	0	0	778	486	869	2428	0	0	0	0
39	0	0	779	487	868	2432	0	0	0	0
40	0	0	780	488	868	2438	0	0	0	0
41	0	0	780	491	867	2440	0	0	0	0
42	0	0	781	492	866	2444	0	0	0	0
43	0	0	782	493	865	2441	0	0	0	0
44	0	0	783	494	864	2438	0	0	0	0
45	0	0	784	495	864	2447	0	0	0	0
46	0	0	785	497	863	2460	0	0	0	0
47	0	0	784	498	863	2463	0	0	0	0
48	0	0	783	497	863	2476	0	0	0	0
49	0	0	783	497	863	2488	0	0	0	0
50	0	0	786	499	863	2498	0	0	0	0
51	0	0	783	499	863	2513	0	0	0	0
52	0	0	785	499	864	2526	0	0	0	0
53	0	0	787	500	864	2535	0	0	0	0
54	0	0	786	501	864	2541	0	0	0	0
55	0	0	786	502	863	2550	0	0	0	0
56	0	0	786	503	862	2552	0	0	0	0
57	0	0	787	505	863	2562	0	0	0	0
58	0	0	787	507	863	2569	0	0	0	0
59	0	0	785	508	863	2571	0	0	0	0
60	0	0	788	512	863	2577	0	0	0	0
61	0	0	787	513	863	2590	0	0	0	0
62	0	0	786	514	863	2594	0	0	0	0
63	0	0	788	517	863	2602	0	0	0	0
64	0	0	787	519	863	2607	0	0	0	0
65	0	0	786	521	863	2619	0	0	0	0
66	0	0	786	524	863	2623	0	0	0	0
67	0	0	785	526	864	2631	0	0	0	0
68	0	0	783	529	863	2644	0	0	0	0
69	0	0	783	530	864	2653	0	0	0	0
70	0	0	782	534	865	2661	0	0	0	0
71	0	0	780	536	864	2663	0	0	0	0
72	0	0	778	537	864	2668	0	0	0	0
73	0	0	777	541	865	2676	0	0	0	0
74	0	0	775	542	865	2682	0	0	0	0
75	0	0	774	546	865	2692	0	0	0	0
76	0	0	772	547	865	2699	0	0	0	0
77	0	0	770	551	866	2703	0	0	0	0
78	0	0	770	552	868	2706	0	0	0	0
79	0	0	767	555	868	2714	0	0	0	0
80	0	0	766	557	868	2718	0	0	0	0
81	0	0	765	559	869	2717	0	0	0	0
82	0	0	765	561	869	2716	0	0	0	0
83	0	0	763	563	868	2717	0	0	0	0
84	0	0	762	565	868	2719	0	0	0	0
85	0	0	761	566	867	2724	0	0	0	0
86	0	0	761	568	868	2730	0	0	0	0
87	0	0	759	571	868	2732	0	0	0	0
88	0	0	758	572	869	2732	0	0	0	0
89	0	0	758	573	869	2733	0	0	0	0
90	0	0	758	576	869	2732	0	0	0	0
91	0	0	757	578	868	2725	0	0	0	0
92	0	0	754	578	868	2720	0	0	0	0
93	0	0	754	580	867	2718	0	0	0	0
94	0	0	753	583	867	2720	0	0	0	0
95	0	0	753	585	867	2721	0	0	0	0
96	0	0	752	587	866	2718	0	0	0	0
97	0	0	750	588	867	2716	0	0	0	0
98	0	0	749	590	867	2711	0	0	0	0
99	0	0	749	592	866	2710	0	0	0	0
100	0	0	748	594	865	2707	0	0	0	0
101	0	0	748	595	865	2699	0	0	0	0
102	0	0	747	597	865	2697	0	0	0	0
103	0	0	747	598	863	2690	0	0	0	0
104	0	0	748	599	865	2684	0	0	0	0
105	0	0	748	601	865	2680	0	0	0	0
106	0	0	747	604	864	2672	0	0	0	0
107	0	0	747	606	865	2669	0	0	0	0
108	0	0	746	608	864	2659	0	0	0	0
109	0	0	749	610	864	2641	0	0	0	0
110	0	0	748	611	862	2624	0	0	0	0
111	0	0	748	614	862	2614	0	0	0	0
112	0	0	748	616	861	2602	0	0	0	0
113	0	0	750	619	860	2587	0	0	0	0
114	0	0	752	621	859	2569	0	0	0	0
115	0	0	752	623	857	2543	0	0	0	0
116	0	0	753	625	855	2523	0	0	0	0
117	0	0	755	629	855	2490	0	0	0	0
118	0	0	756	632	852	2452	0	0	0	0
119	0	0	757	634	850	2430	0	0	0	0
120	0	0	760	637	848	2403	0	0	0	0
121	0	0	762	641	846	2363	0	0	0	0
122	0	0	765	644	842	2301	0	0	0	0
123	0	0	767	647	840	2242	0	0	0	0
124	0	0	771	650	837	2182	0	0	0	0
125	0	0	772	651	835	2101	0	0	0	0
126	0	0	771	656	833	2023	0	0	0	0
127	0	0	772	659	830	1951	0	0	0	0
0	0	0	773	662	827	1830	0	0	0	0
1	0	0	773	666	825	1750	0	0	0	0
2	0	0	774	669	821	1626	0	0	0	0
3	0	0	776	671	818	1489	0	0	0	0
4	0	0	776	674	815	1406	0	0	0	0
5	0	0	775	677	813	1289	0	0	0	0
6	0	0	774	681	809	1233	0	0	0	0
7	0	0	775	685	806	1161	0	0	0	0
8	0	0	774	688	803	1080	0	0	0	0
9	0	0	773	693	800	1002	0	0	0	0
10	0	0	773	695	799	917	0	0	0	0
11	0	0	771	699	797	787	0	0	0	0
12	0	0	768	702	794	744	0	0	0	0
13	0	0	767	705	794	590	0	0	0	0
14	0	0	765	709	791	530	0	0	0	0
15	0	0	764	713	791	472	0	0	0	0
16	0	0	760	715	789	372	0	0	0	0
17	0	0	758	718	787	319	0	0	0	0
18	0	0	756	721	786	306	0	0	0	0
19	0	0	754	725	785	282	0	0	0	0
20	0	0	751	729	785	255	0	0	0	0
21	0	0	748	733	783	275	0	0	0	0
22	0	0	747	736	782	281	0	0	0	0
23	0	0	744	737	781	296	0	0	0	0
24	0	0	741	741	780	285	0	0	0	0
25	0	0	740	747	779	265	0	0	0	0
26	0	0	740	749	778	289	0	0	0	0
27	0	0	738	751	777	261	0	0	0	0
28	0	0	738	755	776	232	0	0	0	0
29	0	0	738	759	776	245	0	0	0	0
30	0	0	737	763	776	252	0	0	0	0
31	0	0	738	766	777	240	0	0	0	0
32	0	0	739	771	777	233	0	0	0	0
33	0	0	740	774	778	239	0	0	0	0
34	0	0	740	776	778	230	0	0	0	0
35	0	0	742	779	778	230	0	0	0	0
36	0	0	743	782	778	203	0	0	0	0
37	0	0	745	785	777	197	0	0	0	0
38	0	0	747	789	779	181	0	0	0	0
39	0	0	747	793	781	180	0	0	0	0
40	0	0	747	796	781	194	0	0	0	0
41	0	0	748	800	782	191	0	0	0	0
42	0	0	748	803	783	193	0	0	0	0
43	0	0	749	806	782	183	0	0	0	0
44	0	0	749	811	782	166	0	0	0	0
45	0	0	750	815	784	178	0	0	0	0
46	0	0	749	818	786	164	0	0	0	0
47	0	0	748	821	787	157	0	0	0	0
48	0	0	747	825	787	132	0	0	0	0
49	0	0	748	831	787	101	0	0	0	0
50	0	0	747	835	786	103	0	0	0	0
51	0	0	746	840	787	68	0	0	0	0
52	0	0	747	843	787	64	0	0	0	0
53	0	0	750	846	790	57	0	0	0	0
54	0	0	751	849	791	53	0	0	0	0
55	0	0	752	850	792	53	0	0	0	0
56	0	0	753	852	792	54	0	0	0	0
57	0	0	753	856	793	51	0	0	0	0
58	0	0	751	860	795	52	0	0	0	0
59	0	0	754	862	796	52	0	0	0	0
60	0	0	754	865	799	50	0	0	0	0
61	0	0	755	867	801	48	0	0	0	0
62	0	0	759	869	802	50	0	0	0	0
63	0	0	764	870	803	51	0	0	0	0
64	0	0	763	872	805	70	0	0	0	0
65	0	0	763	874	807	69	0	0	0	0
66	0	0	765	876	810	72	0	0	0	0
67	0	0	766	878	810	73	0	0	0	0
68	0	0	765	880	810	53	0	0	0	0
69	0	0	762	883	812	50	0	0	0	0
70	0	0	761	884	813	44	0	0	0	0
71	0	0	761	886	813	43	0	0	0	0
72	0	0	762	889	812	35	0	0	0	0
73	0	0	761	893	813	30	0	0	0	0
74	0	0	759	897	814	29	0	0	0	0
75	0	0	756	902	814	30	0	0	0	0
76	0	0	755	905	812	30	0	0	0	0
77	0	0	751	907	811	29	0	0	0	0
78	0	0	750	911	811	32	0	0	0	0
79	0	0	750	914	811	33	0	0	0	0
80	0	0	747	917	812	36	0	0	0	0
81	0	0	743	918	810	37	0	0	0	0
82	0	0	741	921	810	39	0	0	0	0
83	0	0	740	922	809	41	0	0	0	0
84	0	0	739	924	810	44	0	0	0	0
85	0	0	738	924	809	42	0	0	0	0
86	0	0	738	924	810	50	0	0	0	0
87	0	0	737	924	808	49	0	0	0	0
88	0	0	735	923	808	43	0	0	0	0
89	0	0	733	924	809	39	0	0	0	0
90	0	0	731	923	809	36	0	0	0	0
91	0	0	732	922	810	36	0	0	0	0
92	0	0	731	921	811	31	0	0	0	0
93	0	0	729	921	811	29	0	0	0	0
94	0	0	726	923	812	28	0	0	0	0
95	0	0	726	921	814	29	0	0	0	0
96	0	0	726	920	815	28	0	0	0	0
97	0	0	727	920	815	28	0	0	0	0
98	0	0	726	919	816	35	0	0	0	0
99	0	0	727	919	816	40	0	0	0	0
100	0	0	727	916	818	43	0	0	0	0
101	0	0	726	915	818	47	0	0	0	0
102	0	0	730	913	819	50	0	0	0	0
103	0	0	728	912	821	51	0	0	0	0
104	0	0	729	909	820	49	0	0	0	0
105	0	0	731	908	821	47	0	0	0	0
106	0	0	733	906	821	54	0	0	0	0
107	0	0	734	904	821	53	0	0	0	0
108	0	0	738	901	821	47	0	0	0	0
109	0	0	739	899	820	42	0	0	0	0
110	0	0	741	897	820	40	0	0	0	0
111	0	0	744	894	819	38	0	0	0	0
112	0	0	747	891	819	33	0	0	0	0
113	0	0	750	887	818	31	0	0	0	0
114	0	0	752	885	816	31	0	0	0	0
115	0	0	754	881	815	34	0	0	0	0
116	0	0	756	877	815	32	0	0	0	0
117	0	0	758	873	813	33	0	0	0	0
118	0	0	760	870	812	33	0	0	0	0
119	0	0	762	868	812	38	0	0	0	0
120	0	0	766	863	811	39	0	0	0	0
121	0	0	767	860	811	39	0	0	0	0
122	0	0	769	857	808	42	0	0	0	0
123	0	0	769	854	807	44	0	0	0	0
124	0	0	770	851	806	45	0	0	0	0
125	0	0	772	847	804	44	0	0	0	0
126	0	0	774	844	802	46	0	0	0	0
127	0	0	776	839	801	47	0	0	0	0
0	0	0	778	838	798	41	0	0	0	0
1	0	0	780	837	798	37	0	0	0	0
2	0	0	781	834	796	36	0	0	0	0
3	0	0	781	831	796	33	0	0	0	0
4	0	0	782	828	794	29	0	0	0	0
5	0	0	782	825	792	26	0	0	0	0
6	0	0	783	821	792	25	0	0	0	0
7	0	0	783	817	790	27	0	0	0	0
8	0	0	785	815	789	48	0	0	0	0
9	0	0	786	811	786	97	0	0	0	0
10	0	0	786	807	784	100	0	0	0	0
11	0	0	788	803	783	104	0	0	0	0
12	0	0	789	800	781	101	0	0	0	0
13	0	0	790	796	781	103	0	0	0	0
14	0	0	789	792	778	103	0	0	0	0
15	0	0	790	787	776	103	0	0	0	0
16	0	0	791	785	776	106	0	0	0	0
17	0	0	792	781	775	104	0	0	0	0
18	0	0	793	779	775	110	0	0	0	0
19	0	0	794	775	773	111	0	0	0	0
20	0	0	795	773	772	103	0	0	0	0
21	0	0	794	773	772	95	0	0	0	0
22	0	0	796	771	771	94	0	0	0	0
23	0	0	795	769	770	92	0	0	0	0
24	0	0	795	766	769	85	0	0	0	0
25	0	0	794	769	768	107	0	0	0	0
26	0	0	795	767	768	75	0	0	0	0
27	0	0	794	763	768	79	0	0	0	0
28	0	0	794	761	768	74	0	0	0	0
29	0	0	795	762	768	75	0	0	0	0
30	0	0	794	762	768	84	0	0	0	0
31	0	0	792	760	767	92	0	0	0	0
32	0	0	791	758	767	96	0	0	0	0
33	0	0	791	755	768	95	0	0	0	0
34	0	0	792	752	768	100	0	0	0	0
35	0	0	793	750	768	98	0	0	0	0
36	0	0	792	751	770	95	0	0	0	0
37	0	0	791	748	771	80	0	0	0	0
38	0	0	790	748	771	64	0	0	0	0
39	0	0	791	747	772	71	0	0	0	0
40	0	0	790	746	772	105	0	0	0	0
41	0	0	790	745	773	109	0	0	0	0
42	0	0	791	745	773	109	0	0	0	0
43	0	0	790	744	774	109	0	0	0	0
44	0	0	789	745	775	109	0	0	0	0
45	0	0	788	743	775	103	0	0	0	0
46	0	0	788	741	775	103	0	0	0	0
47	0	0	788	739	776	104	0	0	0	0
48	0	0	789	736	775	108	0	0	0	0
49	0	0	786	737	777	111	0	0	0	0
50	0	0	785	737	777	113	0	0	0	0
51	0	0	785	735	776	118	0	0	0	0
52	0	0	784	735	775	121	0	0	0	0
53	0	0	782	735	776	122	0	0	0	0
54	0	0	781	734	776	126	0	0	0	0
55	0	0	780	731	776	121	0	0	0	0
56	0	0	780	733	777	123	0	0	0	0
57	0	0	779	733	777	121	0	0	0	0
58	0	0	779	733	776	126	0	0	0	0
59	0	0	777	732	775	130	0	0	0	0
60	0	0	777	732	776	119	0	0	0	0
61	0	0	778	732	776	115	0	0	0	0
62	0	0	777	732	776	105	0	0	0	0
63	0	0	778	732	775	92	0	0	0	0
64	0	0	777	731	775	58	0	0	0	0
65	0	0	777	732	776	92	0	0	0	0
66	0	0	779	732	776	64	0	0	0	0
67	0	0	778	733	775	85	0	0	0	0
68	0	0	778	733	775	89	0	0	0	0
69	0	0	779	734	775	92	0	0	0	0
70	0	0	778	735	775	97	0	0	0	0
71	0	0	779	736	775	97	0	0	0	0
72	0	0	777	737	775	102	0	0	0	0
73	0	0	777	740	774	104	0	0	0	0
74	0	0	777	742	774	113	0	0	0	0
75	0	0	776	744	774	110	0	0	0	0
76	0	0	777	745	773	115	0	0	0	0
77	0	0	778	747	773	117	0	0	0	0
78	0	0	779	748	773	121	0	0	0	0
79	0	0	780	750	773	118	0	0	0	0
80	0	0	781	751	773	118	0	0	0	0
81	0	0	782	752	772	113	0	0	0	0
82	0	0	783	752	772	105	0	0	0	0
83	0	0	784	754	773	110	0	0	0	0
84	0	0	786	755	773	101	0	0	0	0
85	0	0	788	755	773	98	0	0	0	0
86	0	0	788	755	772	100	0	0	0	0
87	0	0	789	757	773	99	0	0	0	0
88	0	0	790	758	772	101	0	0	0	0
89	0	0	792	760	772	99	0	0	0	0
90	0	0	795	760	771	102	0	0	0	0
91	0	0	797	762	772	106	0	0	0	0
92	0	0	800	764	771	106	0	0	0	0
93	0	0	802	765	771	112	0	0	0	0
94	0	0	805	765	771	114	0	0	0	0
95	0	0	807	765	770	113	0	0	0	0
96	0	0	808	765	770	108	0	0	0	0
97	0	0	810	767	769	112	0	0	0	0
98	0	0	813	767	769	119	0	0	0	0
99	0	0	814	768	769	107	0	0	0	0
100	0	0	814	768	769	110	0	0	0	0
101	0	0	816	767	769	108	0	0	0	0
102	0	0	818	769	768	103	0	0	0	0
103	0	0	819	770	768	103	0	0	0	0
104	0	0	822	771	768	97	0	0	0	0
105	0	0	821	772	769	98	0	0	0	0
106	0	0	823	773	769	94	0	0	0	0
107	0	0	823	773	769	89	0	0	0	0
108	0	0	825	774	769	80	0	0	0	0
109	0	0	824	775	769	83	0	0	0	0
110	0	0	826	775	768	91	0	0	0	0
111	0	0	827	777	769	96	0	0	0	0
112	0	0	826	778	768	102	0	0	0	0
113	0	0	828	779	768	93	0	0	0	0
114	0	0	828	780	768	106	0	0	0	0
115	0	0	829	780	768	106	0	0	0	0
116	0	0	828	780	768	108	0	0	0	0
117	0	0	828	781	768	110	0	0	0	0
118	0	0	829	782	767	108	0	0	0	0
119	0	0	828	781	767	109	0	0	0	0
120	0	0	828	782	767	103	0	0	0	0
121	0	0	828	783	767	99	0	0	0	0
122	0	0	827	783	767	99	0	0	0	0
123	0	0	826	785	767	98	0	0	0	0
124	0	0	825	784	767	92	0	0	0	0
125	0	0	826	785	767	82	0	0	0	0
126	0	0	825	786	767	85	0	0	0	0
127	0	0	824	786	765	92	0	0	0	0
0	0	0	825	787	765	83	0	0	0	0
1	0	0	822	785	766	85	0	0	0	0
2	0	0	822	787	765	90	0	0	0	0
3	0	0	821	787	767	93	0	0	0	0
4	0	0	819	788	766	97	0	0	0	0
5	0	0	818	789	766	97	0	0	0	0
6	0	0	817	789	766	95	0	0	0	0
7	0	0	816	788	766	96	0	0	0	0
8	0	0	816	788	767	101	0	0	0	0
9	0	0	815	789	767	98	0	0	0	0
10	0	0	815	788	766	103	0	0	0	0
11	0	0	815	790	766	107	0	0	0	0
12	0	0	815	789	765	103	0	0	0	0
13	0	0	815	787	764	88	0	0	0	0
14	0	0	814	787	763	90	0	0	0	0
15	0	0	813	785	764	95	0	0	0	0
16	0	0	812	784	763	94	0	0	0	0
17	0	0	811	783	763	90	0	0	0	0
18	0	0	811	783	762	85	0	0	0	0
19	0	0	810	781	762	89	0	0	0	0
20	0	0	809	780	761	90	0	0	0	0
21	0	0	807	780	762	91	0	0	0	0
22	0	0	806	779	761	94	0	0	0	0
23	0	0	806	778	762	97	0	0	0	0
24	0	0	805	779	762	96	0	0	0	0
25	0	0	804	778	762	100	0	0	0	0
26	0	0	804	778	762	102	0	0	0	0
27	0	0	804	779	761	102	0	0	0	0
28	0	0	803	778	762	105	0	0	0	0
29	0	0	801	779	762	102	0	0	0	0
30	0	0	800	778	760	106	0	0	0	0
31	0	0	801	779	761	106	0	0	0	0
32	0	0	800	779	761	102	0	0	0	0
33	0	0	801	778	759	96	0	0	0	0
34	0	0	801	780	760	92	0	0	0	0
35	0	0	800	780	760	90	0	0	0	0
36	0	0	798	779	759	86	0	0	0	0
37	0	0	797	780	758	84	0	0	0	0
38	0	0	798	780	759	81	0	0	0	0
39	0	0	798	780	759	82	0	0	0	0
40	0	0	797	781	758	84	0	0	0	0
41	0	0	797	780	757	89	0	0	0	0
42	0	0	795	781	757	90	0	0	0	0
43	0	0	796	782	757	94	0	0	0	0
44	0	0	794	781	757	94	0	0	0	0
45	0	0	795	782	758	88	0	0	0	0
46	0	0	796	782	756	95	0	0	0	0
47	0	0	795	783	756	97	0	0	0	0
48	0	0	796	783	756	99	0	0	0	0
49	0	0	796	784	755	93	0	0	0	0
50	0	0	797	784	756	98	0	0	0	0
51	0	0	798	784	756	97	0	0	0	0
52	0	0	798	785	756	93	0	0	0	0
53	0	0	797	784	756	91	0	0	0	0
54	0	0	798	784	755	90	0	0	0	0
55	0	0	800	785	756	88	0	0	0	0
56	0	0	800	786	755	85	0	0	0	0
57	0	0	800	788	755	85	0	0	0	0
58	0	0	800	787	755	81	0	0	0	0
59	0	0	802	788	755	82	0	0	0	0
60	0	0	803	789	755	83	0	0	0	0
61	0	0	803	790	756	80	0	0	0	0
62	0	0	804	790	756	82	0	0	0	0
63	0	0	804	790	756	85	0	0	0	0
64	0	0	806	793	757	85	0	0	0	0
65	0	0	808	793	757	85	0	0	0	0
66	0	0	808	793	757	83	0	0	0	0
67	0	0	809	794	757	80	0	0	0	0
68	0	0	811	795	758	79	0	0	0	0
69	0	0	811	796	758	69	0	0	0	0
70	0	0	812	797	758	60	0	0	0	0
71	0	0	813	797	758	41	0	0	0	0
72	0	0	814	798	758	17	0	0	0	0
73	0	0	814	799	759	10	0	0	0	0
74	0	0	813	799	759	0	0	0	0	0
75	0	0	813	799	759	44	0	0	0	0
76	0	0	811	801	760	355	0	0	0	0
77	0	0	808	801	761	265	0	0	0	0
78	0	0	802	802	764	297	0	0	0	0
79	0	0	798	804	769	398	0	0	0	0
80	0	0	790	807	773	398	0	0	0	0
81	0	0	770	811	783	399	0	0	0	0
82	0	0	738	815	800	381	0	0	0	0
83	0	0	696	820	826	378	0	0	0	0
84	0	0	655	825	855	509	0	0	0	0
85	0	0	632	835	888	573	0	0	0	0
86	0	0	648	849	929	570	0	0	0	0
87	0	0	701	871	975	690	0	0	0	0
88	0	0	746	892	1016	723	0	0	0	0
89	0	0	759	894	1043	739	0	0	0	0
90	0	0	693	858	1052	813	0	0	0	0
91	0	0	522	781	1059	794	0	0	0	0
92	0	0	333	686	1065	769	0	0	0	0
93	0	0	214	614	1094	610	0	0	0	0
94	0	0	153	565	1130	478	0	0	0	0
95	0	0	175	532	1164	344	0	0	0	0
96	0	0	242	516	1206	354	0	0	0	0
97	0	0	343	516	1250	336	0	0	0	0
98	0	0	456	524	1286	311	0	0	0	0
99	0	0	565	531	1325	307	0	0	0	0
100	0	0	645	541	1361	304	0	0	0	0
101	0	0	693	557	1395	298	0	0	0	0
102	0	0	737	580	1426	326	0	0	0	0
103	0	0	809	595	1454	330	0	0	0	0
104	0	0	857	586	1470	290	0	0	0	0
105	0	0	858	528	1478	333	0	0	0	0
106	0	0	779	456	1464	334	0	0	0	0
107	0	0	623	389	1416	264	0	0	0	0
108	0	0	396	350	1327	259	0	0	0	0
109	0	0	249	340	1196	273	0	0	0	0
110	0	0	162	350	1035	271	0	0	0	0
111	0	0	111	377	874	269	0	0	0	0
112	0	0	168	378	711	264	0	0	0	0
113	0	0	416	341	570	286	0	0	0	0
114	0	0	789	296	484	293	0	0	0	0
115	0	0	1084	282	458	297	0	0	0	0
116	0	0	1249	285	447	297	0	0	0	0
117	0	0	1306	277	445	301	0	0	0	0
118	0	0	1367	246	471	295	0	0	0	0
119	0	0	1334	208	487	287	0	0	0	0
120	0	0	1301	168	504	293	0	0	0	0
121	0	0	1263	137	530	289	0	0	0	0
122	0	0	1227	115	557	353	0	0	0	0
123	0	0	1198	114	575	398	0	0	0	0
124	0	0	1161	135	584	441	0	0	0	0
125	0	0	1121	167	594	487	0	0	0	0
126	0	0	1094	202	605	580	0	0	0	0
127	0	0	1091	228	616	668	0	0	0	0
0	0	0	1099	256	624	774	0	0	0	0
1	0	0	1110	281	628	855	0	0	0	0
2	0	0	1136	309	637	899	0	0	0	0
3	0	0	1127	333	644	1006	0	0	0	0
4	0	0	1097	357	647	1074	0	0	0	0
5	0	0	1097	364	661	1141	0	0	0	0
6	0	0	1118	369	682	1194	0	0	0	0
7	0	0	1115	366	709	1408	0	0	0	0
8	0	0	1118	368	746	1508	0	0	0	0
9	0	0	1109	364	784	1539	0	0	0	0
10	0	0	1085	346	816	1611	0	0	0	0
11	0	0	1058	319	844	1671	0	0	0	0
12	0	0	1034	296	868	1674	0	0	0	0
13	0	0	1007	277	890	1673	0	0	0	0
14	0	0	973	261	914	1695	0	0	0	0
15	0	0	940	244	934	1697	0	0	0	0
16	0	0	909	222	952	1715	0	0	0	0
17	0	0	882	193	968	1742	0	0	0	0
18	0	0	865	154	979	1739	0	0	0	0
19	0	0	857	113	992	1742	0	0	0	0
20	0	0	849	83	999	1747	0	0	0	0
21	0	0	845	61	1006	1758	0	0	0	0
22	0	0	833	50	1014	1778	0	0	0	0
23	0	0	814	46	1025	1793	0	0	0	0
24	0	0	799	45	1039	1807	0	0	0	0
25	0	0	776	50	1060	1813	0	0	0	0
26	0	0	756	63	1080	1821	0	0	0	0
27	0	0	739	80	1101	1833	0	0	0	0
28	0	0	723	99	1117	1847	0	0	0	0
29	0	0	714	118	1126	1857	0	0	0	0
30	0	0	711	141	1122	1857	0	0	0	0
31	0	0	710	165	1114	1859	0	0	0	0
32	0	0	712	190	1102	1863	0	0	0	0
33	0	0	715	215	1086	1863	0	0	0	0
34	0	0	721	243	1073	1851	0	0	0	0
35	0	0	726	271	1061	1828	0	0	0	0
36	0	0	735	297	1050	1813	0	0	0	0
37	0	0	744	323	1039	1808	0	0	0	0
38	0	0	758	346	1024	1787	0	0	0	0
39	0	0	772	367	1008	1769	0	0	0	0
40	0	0	786	389	989	1753	0	0	0	0
41	0	0	799	410	967	1745	0	0	0	0
42	0	0	815	431	944	1745	0	0	0	0
43	0	0	824	453	919	1739	0	0	0	0
44	0	0	831	474	896	1729	0	0	0	0
45	0	0	838	497	871	1724	0	0	0	0
46	0	0	847	520	848	1718	0	0	0	0
47	0	0	854	540	827	1709	0	0	0	0
48	0	0	861	559	805	1702	0	0	0	0
49	0	0	869	574	784	1693	0	0	0	0
50	0	0	878	589	765	1687	0	0	0	0
51	0	0	889	601	746	1681	0	0	0	0
52	0	0	904	612	726	1674	0	0	0	0
53	0	0	916	621	707	1671	0	0	0	0
54	0	0	930	628	690	1665	0	0	0	0
55	0	0	944	635	672	1663	0	0	0	0
56	0	0	956	639	655	1659	0	0	0	0
57	0	0	964	642	643	1655	0	0	0	0
58	0	0	970	645	632	1654	0	0	0	0
59	0	0	971	648	623	1655	0	0	0	0
60	0	0	970	649	619	1653	0	0	0	0
61	0	0	968	648	616	1646	0	0	0	0
62	0	0	964	650	619	1644	0	0	0	0
63	0	0	959	651	624	1641	0	0	0	0
64	0	0	952	651	627	1638	0	0	0	0
65	0	0	945	651	635	1633	0	0	0	0
66	0	0	936	651	645	1626	0	0	0	0
67	0	0	926	648	654	1619	0	0	0	0
68	0	0	913	649	663	1614	0	0	0	0
69	0	0	901	648	675	1612	0	0	0	0
70	0	0	889	648	684	1609	0	0	0	0
71	0	0	877	646	695	1609	0	0	0	0
72	0	0	866	644	704	1608	0	0	0	0
73	0	0	856	640	714	1604	0	0	0	0
74	0	0	847	637	722	1601	0	0	0	0
75	0	0	841	634	736	1599	0	0	0	0
76	0	0	835	631	745	1599	0	0	0	0
77	0	0	830	628	753	1592	0	0	0	0
78	0	0	824	624	762	1590	0	0	0	0
79	0	0	819	622	770	1582	0	0	0	0
80	0	0	815	620	779	1582	0	0	0	0
81	0	0	809	618	786	1581	0	0	0	0
82	0	0	803	616	793	1575	0	0	0	0
83	0	0	798	614	798	1564	0	0	0	0
84	0	0	792	614	803	1552	0	0	0	0
85	0	0	790	615	807	1548	0	0	0	0
86	0	0	789	614	810	1546	0	0	0	0
87	0	0	786	614	813	1543	0	0	0	0
88	0	0	786	613	815	1539	0	0	0	0
89	0	0	788	608	817	1531	0	0	0	0
90	0	0	791	606	817	1522	0	0	0	0
91	0	0	794	602	818	1505	0	0	0	0
92	0	0	799	598	818	1501	0	0	0	0
93	0	0	805	594	818	1495	0	0	0	0
94	0	0	811	590	818	1493	0	0	0	0
95	0	0	817	585	817	1488	0	0	0	0
96	0	0	824	581	819	1485	0	0	0	0
97	0	0	832	577	818	1481	0	0	0	0
98	0	0	837	572	818	1479	0	0	0	0
99	0	0	843	569	817	1473	0	0	0	0
100	0	0	851	566	818	1469	0	0	0	0
101	0	0	856	562	818	1444	0	0	0	0
102	0	0	862	558	818	1418	0	0	0	0
103	0	0	867	554	820	1415	0	0	0	0
104	0	0	874	552	821	1412	0	0	0	0
105	0	0	879	548	821	1405	0	0	0	0
106	0	0	884	544	823	1399	0	0	0	0
107	0	0	889	541	826	1393	0	0	0	0
108	0	0	891	536	828	1383	0	0	0	0
109	0	0	892	534	832	1374	0	0	0	0
110	0	0	892	532	836	1370	0	0	0	0
111	0	0	892	532	838	1373	0	0	0	0
112	0	0	890	531	839	1358	0	0	0	0
113	0	0	887	531	842	1344	0	0	0	0
114	0	0	882	533	843	1333	0	0	0	0
115	0	0	876	533	844	1333	0	0	0	0
116	0	0	870	532	846	1331	0	0	0	0
117	0	0	862	532	846	1319	0	0	0	0
118	0	0	856	531	848	1310	0	0	0	0
119	0	0	851	531	851	1300	0	0	0	0
120	0	0	845	532	851	1284	0	0	0	0
121	0	0	838	530	854	1264	0	0	0	0
122	0	0	832	531	855	1260	0	0	0	0
123	0	0	826	532	857	1259	0	0	0	0
124	0	0	818	532	860	1249	0	0	0	0
125	0	0	814	532	862	1241	0	0	0	0
126	0	0	808	533	864	1236	0	0	0	0
127	0	0	804	532	868	1235	0	0	0	0
0	0	0	800	530	870	1245	0	0	0	0
1	0	0	796	528	873	1242	0	0	0	0
2	0	0	795	528	874	1247	0	0	0	0
3	0	0	794	528	875	1238	0	0	0	0
4	0	0	791	527	876	1235	0	0	0	0
5	0	0	790	525	878	1225	0	0	0	0
6	0	0	789	525	877	1213	0	0	0	0
7	0	0	789	524	879	1209	0	0	0	0
8	0	0	788	523	879	1206	0	0	0	0
9	0	0	787	521	879	1197	0	0	0	0
10	0	0	785	521	879	1171	0	0	0	0
11	0	0	783	519	880	1148	0	0	0	0
12	0	0	781	517	881	1135	0	0	0	0
13	0	0	780	517	882	1117	0	0	0	0
14	0	0	778	517	883	1114	0	0	0	0
15	0	0	778	517	883	1094	0	0	0	0
16	0	0	777	519	882	1061	0	0	0	0
17	0	0	774	519	883	1047	0	0	0	0
18	0	0	773	521	881	1031	0	0	0	0
19	0	0	773	523	880	1019	0	0	0	0
20	0	0	773	524	879	999	0	0	0	0
21	0	0	770	527	877	993	0	0	0	0
22	0	0	770	531	875	973	0	0	0	0
23	0	0	770	535	872	959	0	0	0	0
24	0	0	770	540	869	925	0	0	0	0
25	0	0	769	545	865	895	0	0	0	0
26	0	0	770	551	863	876	0	0	0	0
27	0	0	771	557	860	865	0	0	0	0
28	0	0	771	563	856	866	0	0	0	0
29	0	0	771	568	852	862	0	0	0	0
30	0	0	774	576	848	858	0	0	0	0
31	0	0	775	582	845	861	0	0	0	0
32	0	0	778	588	841	854	0	0	0	0
33	0	0	781	594	838	855	0	0	0	0
34	0	0	783	598	833	865	0	0	0	0
35	0	0	785	606	830	868	0	0	0	0
36	0	0	786	612	829	860	0	0	0	0
37	0	0	788	615	824	854	0	0	0	0
38	0	0	790	621	823	851	0	0	0	0
39	0	0	794	626	820	843	0	0	0	0
40	0	0	794	631	818	845	0	0	0	0
41	0	0	796	636	815	838	0	0	0	0
42	0	0	799	641	814	828	0	0	0	0
43	0	0	799	645	812	818	0	0	0	0
44	0	0	801	650	810	812	0	0	0	0
45	0	0	801	653	808	797	0	0	0	0
46	0	0	802	657	807	809	0	0	0	0
47	0	0	804	661	807	807	0	0	0	0
48	0	0	805	664	805	787	0	0	0	0
49	0	0	805	668	804	794	0	0	0	0
50	0	0	805	671	802	801	0	0	0	0
51	0	0	805	675	801	808	0	0	0	0
52	0	0	807	677	800	810	0	0	0	0
53	0	0	808	679	800	776	0	0	0	0
54	0	0	810	681	798	753	0	0	0	0
55	0	0	810	684	796	760	0	0	0	0
56	0	0	811	687	796	752	0	0	0	0
57	0	0	811	690	795	748	0	0	0	0
58	0	0	813	691	794	740	0	0	0	0
59	0	0	813	693	794	735	0	0	0	0
60	0	0	814	694	793	735	0	0	0	0
61	0	0	814	694	793	720	0	0	0	0
62	0	0	816	697	793	717	0	0	0	0
63	0	0	815	698	791	718	0	0	0	0
64	0	0	817	699	791	699	0	0	0	0
65	0	0	817	700	791	698	0	0	0	0
66	0	0	816	701	790	691	0	0	0	0
67	0	0	817	702	789	691	0	0	0	0
68	0	0	815	703	788	695	0	0	0	0
69	0	0	816	703	788	688	0	0	0	0
70	0	0	816	702	787	671	0	0	0	0
71	0	0	815	703	787	655	0	0	0	0
72	0	0	815	702	788	659	0	0	0	0
73	0	0	815	701	787	663	0	0	0	0
74	0	0	816	703	786	663	0	0	0	0
75	0	0	814	701	786	670	0	0	0	0
76	0	0	812	700	786	664	0	0	0	0
77	0	0	812	699	786	656	0	0	0	0
78	0	0	812	699	786	650	0	0	0	0
79	0	0	810	699	788	655	0	0	0	0
80	0	0	808	698	787	657	0	0	0	0
81	0	0	808	699	787	660	0	0	0	0
82	0	0	807	699	789	676	0	0	0	0
83	0	0	807	698	789	676	0	0	0	0
84	0	0	804	698	789	662	0	0	0	0
85	0	0	803	697	789	653	0	0	0	0
86	0	0	802	697	792	659	0	0	0	0
87	0	0	800	697	793	651	0	0	0	0
88	0	0	797	696	792	639	0	0	0	0
89	0	0	797	697	795	633	0	0	0	0
90	0	0	795	698	796	636	0	0	0	0
91	0	0	795	698	797	629	0	0	0	0
92	0	0	797	698	800	627	0	0	0	0
93	0	0	795	698	801	632	0	0	0	0
94	0	0	794	701	802	631	0	0	0	0
95	0	0	792	702	800	623	0	0	0	0
96	0	0	788	702	802	623	0	0	0	0
97	0	0	789	703	804	621	0	0	0	0
98	0	0	790	703	802	620	0	0	0	0
99	0	0	789	704	804	617	0	0	0	0
100	0	0	787	705	804	616	0	0	0	0
101	0	0	784	706	804	617	0	0	0	0
102	0	0	785	708	804	619	0	0	0	0
103	0	0	784	708	804	619	0	0	0	0
104	0	0	787	709	805	616	0	0	0	0
105	0	0	785	709	804	623	0	0	0	0
106	0	0	785	710	805	619	0	0	0	0
107	0	0	783	711	805	618	0	0	0	0
108	0	0	783	713	804	620	0	0	0	0
109	0	0	782	714	804	626	0	0	0	0
110	0	0	781	714	804	627	0	0	0	0
111	0	0	780	714	804	628	0	0	0	0
112	0	0	782	716	804	636	0	0	0	0
113	0	0	781	717	802	636	0	0	0	0
114	0	0	783	718	802	633	0	0	0	0
115	0	0	783	719	801	632	0	0	0	0
116	0	0	781	719	799	627	0	0	0	0
117	0	0	780	724	797	621	0	0	0	0
118	0	0	782	725	797	622	0	0	0	0
119	0	0	782	724	795	616	0	0	0	0
120	0	0	784	727	795	608	0	0	0	0
121	0	0	782	728	793	611	0	0	0	0
122	0	0	783	727	792	608	0	0	0	0
123	0	0	785	730	791	607	0	0	0	0
124	0	0	783	730	789	607	0	0	0	0
125	0	0	782	729	788	609	0	0	0	0
126	0	0	786	730	785	625	0	0	0	0
127	0	0	786	730	785	630	0	0	0	0
0	0	0	784	730	783	635	0	0	0	0
1	0	0	782	730	783	637	0	0	0	0
2	0	0	783	732	781	638	0	0	0	0
3	0	0	785	732	780	638	0	0	0	0
4	0	0	784	733	780	639	0	0	0	0
5	0	0	784	734	779	641	0	0	0	0
6	0	0	785	735	778	643	0	0	0	0
7	0	0	786	735	777	643	0	0	0	0
8	0	0	785	736	776	644	0	0	0	0
9	0	0	788	738	775	640	0	0	0	0
10	0	0	787	738	775	639	0	0	0	0
11	0	0	788	739	775	641	0	0	0	0
12	0	0	787	738	774	641	0	0	0	0
13	0	0	787	738	774	639	0	0	0	0
14	0	0	787	739	775	639	0	0	0	0
15	0	0	787	740	775	640	0	0	0	0
16	0	0	787	740	775	642	0	0	0	0
17	0	0	788	738	775	643	0	0	0	0
18	0	0	789	739	774	644	0	0	0	0
19	0	0	790	739	776	647	0	0	0	0
20	0	0	791	739	776	646	0	0	0	0
21	0	0	791	739	776	647	0	0	0	0
22	0	0	791	738	777	647	0	0	0	0
23	0	0	792	736	778	648	0	0	0	0
24	0	0	792	735	778	650	0	0	0	0
25	0	0	792	735	779	649	0	0	0	0
26	0	0	792	733	780	648	0	0	0	0
27	0	0	791	732	779	650	0	0	0	0
28	0	0	792	730	782	651	0	0	0	0
29	0	0	791	729	783	647	0	0	0	0
30	0	0	791	727	783	648	0	0	0	0
31	0	0	791	726	784	648	0	0	0	0
32	0	0	790	724	786	647	0	0	0	0
33	0	0	791	723	787	649	0	0	0	0
34	0	0	790	721	788	648	0	0	0	0
35	0	0	790	720	789	648	0	0	0	0
36	0	0	789	717	791	650	0	0	0	0
37	0	0	788	715	792	652	0	0	0	0
38	0	0	789	714	794	655	0	0	0	0
39	0	0	788	713	796	656	0	0	0	0
40	0	0	786	712	796	655	0	0	0	0
41	0	0	786	710	797	656	0	0	0	0
42	0	0	786	707	799	659	0	0	0	0
43	0	0	786	704	804	659	0	0	0	0
44	0	0	786	701	802	662	0	0	0	0
45	0	0	786	698	804	665	0	0	0	0
46	0	0	786	696	805	658	0	0	0	0
47	0	0	786	694	805	649	0	0	0	0
48	0	0	786	691	805	648	0	0	0	0
49	0	0	785	689	806	646	0	0	0	0
50	0	0	786	686	807	647	0	0	0	0
51	0	0	786	683	808	652	0	0	0	0
52	0	0	786	680	809	657	0	0	0	0
53	0	0	784	676	809	666	0	0	0	0
54	0	0	784	674	810	681	0	0	0	0
55	0	0	785	671	812	689	0	0	0	0
56	0	0	785	669	813	686	0	0	0	0
57	0	0	784	665	813	689	0	0	0	0
58	0	0	785	662	814	696	0	0	0	0
59	0	0	784	659	815	701	0	0	0	0
60	0	0	783	656	816	711	0	0	0	0
61	0	0	783	653	818	718	0	0	0	0
62	0	0	782	651	818	727	0	0	0	0
63	0	0	781	648	818	730	0	0	0	0
64	0	0	780	645	820	728	0	0	0	0
65	0	0	780	642	821	749	0	0	0	0
66	0	0	780	640	821	755	0	0	0	0
67	0	0	779	637	822	753	0	0	0	0
68	0	0	779	634	823	756	0	0	0	0
69	0	0	778	631	824	767	0	0	0	0
70	0	0	777	629	824	770	0	0	0	0
71	0	0	777	626	825	760	0	0	0	0
72	0	0	777	623	827	767	0	0	0	0
73	0	0	778	620	827	777	0	0	0	0
74	0	0	776	619	827	777	0	0	0	0
75	0	0	775	617	829	776	0	0	0	0
76	0	0	774	614	829	777	0	0	0	0
77	0	0	773	612	830	781	0	0	0	0
78	0	0	774	610	831	779	0	0	0	0
79	0	0	773	609	831	784	0	0	0	0
80	0	0	773	605	832	788	0	0	0	0
81	0	0	772	605	832	808	0	0	0	0
82	0	0	772	603	833	823	0	0	0	0
83	0	0	772	601	833	832	0	0	0	0
84	0	0	771	599	833	835	0	0	0	0
85	0	0	771	597	834	841	0	0	0	0
86	0	0	772	595	835	845	0	0	0	0
87	0	0	774	594	835	852	0	0	0	0
88	0	0	773	594	835	862	0	0	0	0
89	0	0	772	592	836	861	0	0	0	0
90	0	0	771	593	837	855	0	0	0	0
91	0	0	772	592	837	848	0	0	0	0
92	0	0	773	591	838	848	0	0	0	0
93	0	0	772	589	839	852	0	0	0	0
94	0	0	772	589	839	852	0	0	0	0
95	0	0	774	590	840	854	0	0	0	0
96	0	0	773	589	841	858	0	0	0	0
97	0	0	773	589	842	861	0	0	0	0
98	0	0	773	590	843	862	0	0	0	0
99	0	0	773	590	843	868	0	0	0	0
100	0	0	772	589	843	876	0	0	0	0
101	0	0	772	589	845	875	0	0	0	0
102	0	0	772	588	846	875	0	0	0	0
103	0	0	772	590	848	878	0	0	0	0
104	0	0	773	589	848	885	0	0	0	0
105	0	0	771	588	850	886	0	0	0	0
106	0	0	773	590	849	892	0	0	0	0
107	0	0	772	590	851	895	0	0	0	0
108	0	0	774	590	851	893	0	0	0	0
109	0	0	774	591	852	900	0	0	0	0
110	0	0	774	591	851	906	0	0	0	0
111	0	0	774	591	852	911	0	0	0	0
112	0	0	776	591	853	921	0	0	0	0
113	0	0	775	593	853	924	0	0	0	0
114	0	0	776	593	854	926	0	0	0	0
115	0	0	776	593	854	929	0	0	0	0
116	0	0	777	595	853	930	0	0	0	0
117	0	0	778	596	854	931	0	0	0	0
118	0	0	778	598	853	931	0	0	0	0
119	0	0	779	600	854	936	0	0	0	0
120	0	0	780	602	853	939	0	0	0	0
121	0	0	779	604	853	943	0	0	0	0
122	0	0	780	605	853	948	0	0	0	0
123	0	0	781	606	852	957	0	0	0	0
124	0	0	781	607	852	963	0	0	0	0
125	0	0	784	609	852	961	0	0	0	0
126	0	0	783	610	851	968	0	0	0	0
127	0	0	783	612	851	972	0	0	0	0
0	0	0	784	614	851	975	0	0	0	0
1	0	0	786	616	850	974	0	1	0	0
2	0	0	788	616	851	977	0	0	0	0
3	0	0	788	618	850	979	0	0	0	0
4	0	0	789	619	850	984	0	0	0	0
5	0	0	791	622	849	991	0	0	0	0
6	0	0	792	622	849	991	0	0	0	0
7	0	0	792	625	848	996	0	0	0	0
8	0	0	792	625	847	1002	0	0	0	0
9	0	0	793	626	847	1005	0	0	0	0
10	0	0	793	629	846	1008	0	0	0	0
11	0	0	794	630	845	1007	0	2	0	0
12	0	0	794	631	845	1008	0	0	0	0
13	0	0	795	631	844	1009	0	0	0	0
14	0	0	796	631	842	1012	0	0	0	0
15	0	0	796	633	841	1011	0	0	0	0
16	0	0	797	634	840	1010	0	0	0	0
17	0	0	797	634	839	1010	0	0	0	0
18	0	0	797	635	837	1011	0	0	0	0
19	0	0	798	636	835	1015	0	0	0	0
20	0	0	797	638	835	1017	0	0	0	0
21	0	0	797	638	833	1018	0	0	0	0
22	0	0	797	641	832	1016	0	0	0	0
23	0	0	797	640	830	1013	0	0	0	0
24	0	0	796	641	828	1011	0	0	0	0
25	0	0	796	642	827	1012	0	0	0	0
26	0	0	796	642	826	1011	0	0	0	0
27	0	0	797	643	824	1012	0	0	0	0
28	0	0	796	643	822	1010	0	0	0	0
29	0	0	794	643	820	1011	0	0	0	0
30	0	0	795	644	819	1011	0	0	0	0
31	0	0	797	646	818	1012	0	0	0	0
32	0	0	795	646	815	1012	0	0	0	0
33	0	0	795	647	815	1016	0	0	0	0
34	0	0	794	647	813	1017	0	0	0	0
35	0	0	793	646	811	1017	0	0	0	0
36	0	0	794	648	810	1015	0	0	0	0
37	0	0	793	649	809	1015	0	0	0	0
38	0	0	793	649	807	1015	0	0	0	0
39	0	0	793	648	806	1015	0	0	0	0
40	0	0	793	651	803	1016	0	0	0	0
41	0	0	792	650	803	1016	0	0	0	0
42	0	0	792	651	802	1013	0	0	0	0
43	0	0	791	651	801	1013	0	0	0	0
44	0	0	792	650	801	1007	0	0	0	0
45	0	0	793	651	800	1007	0	0	0	0
46	0	0	792	653	796	1007	0	0	0	0
47	0	0	792	652	797	1006	0	0	0	0
48	0	0	790	652	796	1006	0	0	0	0
49	0	0	790	652	795	1007	0	0	0	0
50	0	0	789	651	795	1006	0	0	0	0
51	0	0	790	651	794	1009	0	0	0	0
52	0	0	791	653	793	1009	0	0	0	0
53	0	0	791	655	792	1007	0	0	0	0
54	0	0	791	655	791	1007	0	0	0	0
55	0	0	790	654	791	1010	0	0	0	0
56	0	0	791	653	790	1005	0	0	0	0
57	0	0	789	654	790	1001	0	0	0	0
58	0	0	789	654	790	993	0	0	0	0
59	0	0	789	653	789	988	0	0	0	0
60	0	0	791	654	789	982	0	0	0	0
61	0	0	790	654	788	979	0	0	0	0
62	0	0	790	653	788	977	0	0	0	0
63	0	0	791	655	788	977	0	0	0	0
64	0	0	789	655	788	975	0	0	0	0
65	0	0	791	655	788	975	0	0	0	0
66	0	0	792	656	787	974	0	0	0	0
67	0	0	791	656	787	974	0	0	0	0
68	0	0	790	657	787	972	0	0	0	0
69	0	0	789	657	786	972	0	0	0	0
70	0	0	790	657	787	970	0	0	0	0
71	0	0	790	658	788	972	0	0	0	0
72	0	0	789	657	788	971	0	0	0	0
73	0	0	789	657	788	973	0	0	0	0
74	0	0	789	658	788	972	0	0	0	0
75	0	0	788	658	789	970	0	0	0	0
76	0	0	787	658	789	973	0	0	0	0
77	0	0	788	658	790	973	0	0	0	0
78	0	0	787	657	790	968	0	0	0	0
79	0	0	787	658	791	966	0	0	0	0
80	0	0	786	657	792	966	0	0	0	0
81	0	0	787	657	793	962	0	0	0	0
82	0	0	787	658	793	959	0	0	0	0
83	0	0	787	658	794	962	0	0	0	0
84	0	0	786	658	793	958	0	0	0	0
85	0	0	787	659	793	958	0	0	0	0
86	0	0	787	659	795	955	0	0	0	0
87	0	0	786	659	795	952	0	0	0	0
88	0	0	787	658	797	948	0	0	0	0
89	0	0	786	658	798	947	0	0	0	0
90	0	0	786	657	799	946	0	0	0	0
91	0	0	786	658	800	948	0	0	0	0
92	0	0	786	658	800	947	0	0	0	0
93	0	0	785	657	800	946	0	0	0	0
94	0	0	785	657	803	948	0	0	0	0
95	0	0	784	657	803	949	0	0	0	0
96	0	0	785	657	804	948	0	0	0	0
97	0	0	785	656	803	946	0	0	0	0
98	0	0	785	657	804	946	0	0	0	0
99	0	0	785	656	805	946	0	0	0	0
100	0	0	786	657	806	944	0	0	0	0
101	0	0	786	656	807	944	0	0	0	0
102	0	0	786	655	808	946	0	0	0	0
103	0	0	786	655	808	947	0	0	0	0
104	0	0	784	655	808	945	0	0	0	0
105	0	0	786	653	808	945	0	0	0	0
106	0	0	786	654	809	945	0	0	0	0
107	0	0	785	653	810	943	0	0	0	0
108	0	0	785	653	811	942	0	0	0	0
109	0	0	785	653	811	944	0	0	0	0
110	0	0	785	652	812	947	0	0	0	0
111	0	0	785	652	814	946	0	0	0	0
112	0	0	785	651	813	945	0	0	0	0
113	0	0	785	650	813	947	0	0	0	0
114	0	0	786	649	814	946	0	0	0	0
115	0	0	785	649	815	945	0	0	0	0
116	0	0	785	648	815	944	0	0	0	0
117	0	0	785	649	816	946	0	0	0	0
118	0	0	786	647	816	946	0	0	0	0
119	0	0	786	646	816	946	0	0	0	0
120	0	0	787	646	816	946	0	0	0	0
121	0	0	787	646	817	947	0	0	0	0
122	0	0	785	645	816	946	0	0	0	0
123	0	0	786	646	817	947	0	0	0	0
124	0	0	785	645	817	945	0	0	0	0
125	0	0	786	645	818	941	0	0	0	0
126	0	0	788	645	818	941	0	0	0	0
127	0	0	787	643	819	943	0	0	0	0
0	0	0	788	642	819	943	0	0	0	0
1	0	0	787	643	818	945	0	0	0	0
2	0	0	787	642	820	947	0	0	0	0
3	0	0	786	642	819	950	0	0	0	0
4	0	0	787	642	820	951	0	0	0	0
5	0	0	787	641	819	950	0	0	0	0
6	0	0	785	640	819	950	0	0	0	0
7	0	0	786	639	820	949	0	0	0	0
8	0	0	786	640	820	953	0	0	0	0
9	0	0	787	638	820	953	0	0	0	0
10	0	0	786	639	821	951	0	0	0	0
11	0	0	786	639	820	952	0	0	0	0
12	0	0	786	639	821	955	0	0	0	0
13	0	0	786	638	821	960	0	0	0	0
14	0	0	785	637	821	962	0	0	0	0
15	0	0	786	637	821	962	0	0	0	0
16	0	0	786	636	822	958	0	0	0	0
17	0	0	787	637	822	959	0	0	0	0
18	0	0	788	635	823	959	0	0	0	0
19	0	0	787	636	823	961	0	0	0	0
20	0	0	787	635	823	961	0	0	0	0
21	0	0	788	634	824	963	0	0	0	0
22	0	0	788	633	825	966	0	0	0	0
23	0	0	787	632	824	970	0	0	0	0
24	0	0	788	631	825	975	0	0	0	0
25	0	0	788	631	824	979	0	0	0	0
26	0	0	787	631	825	985	0	0	0	0
27	0	0	788	631	825	991	0	0	0	0
28	0	0	788	630	824	996	0	0	0	0
29	0	0	788	630	825	993	0	0	0	0
30	0	0	787	629	825	997	0	0	0	0
31	0	0	787	630	825	999	0	0	0	0
32	0	0	787	629	826	1003	0	0	0	0
33	0	0	787	628	826	1004	0	0	0	0
34	0	0	787	627	826	1000	0	0	0	0
35	0	0	788	628	827	1008	0	0	0	0
36	0	0	788	628	827	1011	0	0	0	0
37	0	0	788	628	826	1014	0	0	0	0
38	0	0	788	627	826	1026	0	0	0	0
39	0	0	789	627	827	1031	0	0	0	0
40	0	0	788	626	827	1035	0	0	0	0
41	0	0	789	626	824	1035	0	0	0	0
42	0	0	790	627	827	1041	0	0	0	0
43	0	0	789	627	827	1054	0	0	0	0
44	0	0	788	627	827	1064	0	0	0	0
45	0	0	790	627	827	1073	0	0	0	0
46	0	0	789	626	827	1081	0	0	0	0
47	0	0	788	626	826	1084	0	0	0	0
