# bioPlux Text File Format
# Version: 1
# StartDateTime: 2012-03-21 15:55:50
# SamplingFrequency: 1000
# SampledChannels: 1 2 3 4 5 6 7 8
# SamplingResolution: 12
# AcquiringDevice: 00:07:80:93:66:BE
# EndOfHeader
0	0	0	765	650	822	1395	0	0	0	0
1	0	0	766	650	822	1388	0	0	0	0
2	0	0	766	650	822	1385	0	0	0	0
3	0	0	766	650	823	1382	0	0	0	0
4	0	0	766	650	822	1379	0	0	0	0
5	0	0	765	650	822	1376	0	0	0	0
6	0	0	764	651	823	1374	0	0	0	0
7	0	0	764	651	823	1372	0	0	0	0
8	0	0	765	651	823	1368	0	0	0	0
9	0	0	764	651	823	1361	0	0	0	0
10	0	0	765	651	823	1356	0	0	0	0
11	0	0	765	652	823	1349	0	0	0	0
12	0	0	765	651	824	1344	0	0	0	0
13	0	0	765	652	824	1341	0	0	0	0
14	0	0	766	651	823	1336	0	0	0	0
15	0	0	765	652	823	1332	0	0	0	0
16	0	0	764	652	823	1328	0	0	0	0
17	0	0	765	653	823	1327	0	0	0	0
18	0	0	764	654	824	1320	0	0	0	0
19	0	0	765	652	823	1316	0	0	0	0
20	0	0	764	654	823	1310	0	0	0	0
21	0	0	765	653	823	1294	0	0	0	0
22	0	0	764	654	823	1287	0	0	0	0
23	0	0	764	653	823	1282	0	0	0	0
24	0	0	763	654	823	1279	0	0	0	0
25	0	0	763	655	823	1277	0	0	0	0
26	0	0	763	655	823	1259	0	0	0	0
27	0	0	763	654	823	1249	0	0	0	0
28	0	0	762	654	823	1245	0	0	0	0
29	0	0	762	654	824	1241	0	0	0	0
30	0	0	762	656	823	1241	0	0	0	0
31	0	0	762	656	823	1238	0	0	0	0
32	0	0	763	657	823	1231	0	0	0	0
33	0	0	762	657	822	1229	0	0	0	0
34	0	0	763	658	823	1220	0	0	0	0
35	0	0	762	660	823	1214	0	0	0	0
36	0	0	763	659	822	1208	0	0	0	0
37	0	0	761	661	824	1191	0	0	0	0
38	0	0	761	660	824	1180	0	0	0	0
39	0	0	761	660	824	1175	0	0	0	0
40	0	0	761	662	823	1172	0	0	0	0
41	0	0	761	661	824	1170	0	0	0	0
42	0	0	759	661	823	1168	0	0	0	0
43	0	0	759	662	824	1158	0	0	0	0
44	0	0	761	662	824	1153	0	0	0	0
45	0	0	757	663	825	1153	0	0	0	0
46	0	0	758	664	824	1148	0	0	0	0
47	0	0	759	665	823	1149	0	0	0	0
48	0	0	757	665	824	1141	0	0	0	0
49	0	0	758	667	824	1138	0	0	0	0
50	0	0	758	668	823	1139	0	0	0	0
51	0	0	758	668	824	1130	0	0	0	0
52	0	0	757	669	824	1130	0	0	0	0
53	0	0	758	669	824	1131	0	0	0	0
54	0	0	758	670	823	1124	0	0	0	0
55	0	0	758	671	823	1116	0	0	0	0
56	0	0	759	672	823	1103	0	0	0	0
57	0	0	759	671	822	1090	0	0	0	0
58	0	0	759	674	823	1076	0	0	0	0
59	0	0	759	675	822	1061	0	0	0	0
60	0	0	760	675	822	1054	0	0	0	0
61	0	0	759	676	821	1048	0	0	0	0
62	0	0	759	679	821	1031	0	0	0	0
63	0	0	760	679	821	1025	0	0	0	0
64	0	0	760	680	821	1016	0	0	0	0
65	0	0	760	681	821	1014	0	0	0	0
66	0	0	760	682	822	1010	0	0	0	0
67	0	0	761	682	821	1007	0	0	0	0
68	0	0	761	683	821	1006	0	0	0	0
69	0	0	760	683	821	1007	0	0	0	0
70	0	0	761	685	819	1007	0	0	0	0
71	0	0	762	685	819	1004	0	0	0	0
72	0	0	762	686	819	1003	0	0	0	0
73	0	0	761	686	819	1001	0	0	0	0
74	0	0	761	687	820	1002	0	0	0	0
75	0	0	762	688	819	1003	0	0	0	0
76	0	0	763	688	819	999	0	0	0	0
77	0	0	760	689	819	997	0	0	0	0
78	0	0	760	690	821	1007	0	0	0	0
79	0	0	763	689	820	1007	0	0	0	0
80	0	0	766	690	818	1006	0	0	0	0
81	0	0	766	692	817	1004	0	0	0	0
82	0	0	765	693	816	999	0	0	0	0
83	0	0	765	694	817	994	0	0	0	0
84	0	0	766	694	817	990	0	0	0	0
85	0	0	764	695	817	987	0	0	0	0
86	0	0	766	697	817	972	0	0	0	0
87	0	0	766	697	816	967	0	0	0	0
88	0	0	768	698	816	964	0	0	0	0
89	0	0	770	699	816	967	0	0	0	0
90	0	0	771	699	816	974	0	0	0	0
91	0	0	771	701	815	972	0	0	0	0
92	0	0	771	702	815	969	0	0	0	0
93	0	0	773	701	816	968	0	0	0	0
94	0	0	772	702	815	968	0	0	0	0
95	0	0	773	703	815	966	0	0	0	0
96	0	0	773	704	816	963	0	0	0	0
97	0	0	773	703	815	962	0	0	0	0
98	0	0	775	705	815	963	0	0	0	0
99	0	0	775	704	815	961	0	0	0	0
100	0	0	776	705	814	961	0	0	0	0
101	0	0	776	707	814	963	0	0	0	0
102	0	0	775	706	813	963	0	0	0	0
103	0	0	776	708	812	960	0	0	0	0
104	0	0	775	707	811	957	0	0	0	0
105	0	0	776	708	810	958	0	0	0	0
106	0	0	775	708	810	958	0	0	0	0
107	0	0	774	708	810	955	0	0	0	0
108	0	0	774	708	810	954	0	0	0	0
109	0	0	773	708	808	955	0	0	0	0
110	0	0	772	708	808	960	0	0	0	0
111	0	0	772	709	808	959	0	0	0	0
112	0	0	772	707	807	962	0	0	0	0
113	0	0	771	709	807	959	0	0	0	0
114	0	0	771	708	806	954	0	0	0	0
115	0	0	770	708	805	952	0	0	0	0
116	0	0	769	707	805	934	0	0	0	0
117	0	0	770	707	805	938	0	0	0	0
118	0	0	770	707	806	941	0	0	0	0
119	0	0	770	706	806	938	0	0	0	0
120	0	0	770	706	806	933	0	0	0	0
121	0	0	770	705	807	937	0	0	0	0
122	0	0	771	705	807	940	0	0	0	0
123	0	0	771	705	807	926	0	0	0	0
124	0	0	771	702	805	921	0	0	0	0
125	0	0	773	702	805	921	0	0	0	0
126	0	0	773	701	806	917	0	0	0	0
127	0	0	772	701	805	916	0	0	0	0
0	0	0	773	701	805	910	0	0	0	0
1	0	0	774	699	802	901	0	0	0	0
2	0	0	774	700	804	882	0	0	0	0
3	0	0	775	700	804	889	0	0	0	0
4	0	0	774	699	803	885	0	0	0	0
5	0	0	774	700	803	866	0	0	0	0
6	0	0	774	700	802	849	0	0	0	0
7	0	0	774	699	801	850	0	0	0	0
8	0	0	775	698	800	837	0	0	0	0
9	0	0	775	699	800	836	0	0	0	0
10	0	0	777	699	799	838	0	0	0	0
11	0	0	775	699	797	827	0	0	0	0
12	0	0	777	697	797	804	0	0	0	0
13	0	0	776	697	796	797	0	0	0	0
14	0	0	776	697	796	784	0	0	0	0
15	0	0	776	696	795	773	0	0	0	0
16	0	0	778	696	795	767	0	0	0	0
17	0	0	778	695	793	764	0	0	0	0
18	0	0	780	695	792	766	0	0	0	0
19	0	0	781	694	791	767	0	0	0	0
20	0	0	781	693	791	762	0	0	0	0
21	0	0	782	692	790	765	0	0	0	0
22	0	0	783	691	789	762	0	0	0	0
23	0	0	783	691	789	756	0	0	0	0
24	0	0	785	689	789	758	0	0	0	0
25	0	0	785	688	788	756	0	0	0	0
26	0	0	785	688	788	751	0	0	0	0
27	0	0	786	687	786	745	0	0	0	0
28	0	0	786	686	787	734	0	0	0	0
29	0	0	787	686	786	725	0	0	0	0
30	0	0	788	685	785	719	0	0	0	0
31	0	0	787	684	785	716	0	0	0	0
32	0	0	789	684	786	707	0	0	0	0
33	0	0	789	684	784	698	0	0	0	0
34	0	0	788	683	784	709	0	0	0	0
35	0	0	789	683	786	714	0	0	0	0
36	0	0	787	682	786	712	0	0	0	0
37	0	0	787	681	787	698	0	0	0	0
38	0	0	787	679	788	692	0	0	0	0
39	0	0	786	678	788	690	0	0	0	0
40	0	0	785	678	789	679	0	0	0	0
41	0	0	782	678	789	675	0	0	0	0
42	0	0	783	677	790	675	0	0	0	0
43	0	0	781	675	792	673	0	0	0	0
44	0	0	780	674	792	686	0	0	0	0
45	0	0	779	673	793	673	0	0	0	0
46	0	0	778	672	794	680	0	0	0	0
47	0	0	777	671	796	668	0	0	0	0
48	0	0	776	671	798	661	0	0	0	0
49	0	0	775	670	799	656	0	0	0	0
50	0	0	774	669	800	654	0	0	0	0
51	0	0	773	668	801	658	0	0	0	0
52	0	0	771	666	803	662	0	0	0	0
53	0	0	771	665	804	655	0	0	0	0
54	0	0	772	664	804	652	0	0	0	0
55	0	0	771	663	807	650	0	0	0	0
56	0	0	772	662	807	646	0	0	0	0
57	0	0	769	662	809	647	0	0	0	0
58	0	0	770	662	809	651	0	0	0	0
59	0	0	770	661	812	640	0	0	0	0
60	0	0	769	661	813	644	0	0	0	0
61	0	0	768	662	814	654	0	0	0	0
62	0	0	770	663	815	652	0	0	0	0
63	0	0	770	662	816	651	0	0	0	0
64	0	0	770	663	817	645	0	0	0	0
65	0	0	771	662	818	645	0	0	0	0
66	0	0	772	663	819	646	0	0	0	0
67	0	0	773	664	820	645	0	0	0	0
68	0	0	773	664	821	649	0	0	0	0
69	0	0	774	665	822	655	0	0	0	0
70	0	0	775	665	821	651	0	0	0	0
71	0	0	777	667	822	645	0	0	0	0
72	0	0	779	668	823	640	0	0	0	0
73	0	0	780	669	824	645	0	0	0	0
74	0	0	782	671	824	646	0	0	0	0
75	0	0	783	672	825	647	0	0	0	0
76	0	0	784	674	825	649	0	0	0	0
77	0	0	787	676	825	658	0	0	0	0
78	0	0	787	678	826	658	0	0	0	0
79	0	0	789	679	826	652	0	0	0	0
80	0	0	790	680	826	650	0	0	0	0
81	0	0	792	682	826	649	0	0	0	0
82	0	0	793	685	827	649	0	0	0	0
83	0	0	793	686	827	647	0	0	0	0
84	0	0	795	688	826	647	0	0	0	0
85	0	0	795	690	827	650	0	0	0	0
86	0	0	795	690	826	648	0	0	0	0
87	0	0	796	692	826	651	0	0	0	0
88	0	0	796	693	827	658	0	0	0	0
89	0	0	797	694	826	660	0	0	0	0
90	0	0	798	695	827	663	0	0	0	0
91	0	0	798	697	827	661	0	0	0	0
92	0	0	798	698	826	659	0	0	0	0
93	0	0	798	700	826	659	0	0	0	0
94	0	0	798	701	825	660	0	0	0	0
95	0	0	798	701	824	658	0	0	0	0
96	0	0	797	703	823	656	0	0	0	0
97	0	0	797	704	822	656	0	0	0	0
98	0	0	795	706	821	649	0	0	0	0
99	0	0	795	707	820	648	0	0	0	0
100	0	0	795	707	820	647	0	0	0	0
101	0	0	795	708	820	646	0	0	0	0
102	0	0	794	707	819	649	0	0	0	0
103	0	0	794	707	818	651	0	0	0	0
104	0	0	792	706	818	653	0	0	0	0
105	0	0	790	707	817	658	0	0	0	0
106	0	0	788	708	818	664	0	0	0	0
107	0	0	788	709	817	670	0	0	0	0
108	0	0	788	709	817	670	0	0	0	0
109	0	0	788	708	817	671	0	0	0	0
110	0	0	787	708	815	671	0	0	0	0
111	0	0	788	708	814	668	0	0	0	0
112	0	0	786	709	814	669	0	0	0	0
113	0	0	787	708	813	675	0	0	0	0
114	0	0	786	708	812	679	0	0	0	0
115	0	0	785	708	811	683	0	0	0	0
116	0	0	786	707	810	683	0	0	0	0
117	0	0	786	706	810	685	0	0	0	0
118	0	0	787	706	810	690	0	0	0	0
119	0	0	786	705	809	692	0	0	0	0
120	0	0	785	704	807	692	0	0	0	0
121	0	0	784	703	808	691	0	0	0	0
122	0	0	784	701	808	690	0	0	0	0
123	0	0	785	701	808	692	0	0	0	0
124	0	0	786	700	806	696	0	0	0	0
125	0	0	785	700	804	702	0	0	0	0
126	0	0	786	699	805	702	0	0	0	0
127	0	0	786	698	803	695	0	0	0	0
0	0	0	786	697	803	695	0	0	0	0
1	0	0	786	695	803	696	0	0	0	0
2	0	0	786	693	803	697	0	0	0	0
3	0	0	786	693	803	697	0	0	0	0
4	0	0	785	692	803	697	0	0	0	0
5	0	0	786	690	801	698	0	0	0	0
6	0	0	785	689	801	702	0	0	0	0
7	0	0	784	687	801	709	0	0	0	0
8	0	0	785	687	802	720	0	0	0	0
9	0	0	784	685	800	727	0	0	0	0
10	0	0	784	684	800	746	0	0	0	0
11	0	0	783	683	799	758	0	0	0	0
12	0	0	783	682	799	773	0	0	0	0
13	0	0	783	681	799	812	0	0	0	0
14	0	0	781	680	799	824	0	0	0	0
15	0	0	781	679	799	844	0	0	0	0
16	0	0	779	678	798	850	0	0	0	0
17	0	0	780	676	799	846	0	0	0	0
18	0	0	778	675	798	856	0	0	0	0
19	0	0	777	675	797	865	0	0	0	0
20	0	0	778	676	798	869	0	0	0	0
21	0	0	777	675	796	880	0	0	0	0
22	0	0	777	676	796	889	0	0	0	0
23	0	0	776	674	796	880	0	0	0	0
24	0	0	775	674	795	873	0	0	0	0
25	0	0	774	674	795	877	0	0	0	0
26	0	0	775	675	794	892	0	0	0	0
27	0	0	775	674	793	908	0	0	0	0
28	0	0	774	673	792	914	0	0	0	0
29	0	0	774	675	792	912	0	0	0	0
30	0	0	772	672	791	916	0	0	0	0
31	0	0	771	673	792	923	0	0	0	0
32	0	0	771	673	791	946	0	0	0	0
33	0	0	771	674	792	968	0	0	0	0
34	0	0	770	674	793	988	0	0	0	0
35	0	0	771	673	792	997	0	0	0	0
36	0	0	771	674	791	1021	0	0	0	0
37	0	0	771	674	791	1038	0	0	0	0
38	0	0	769	675	792	1055	0	0	0	0
39	0	0	768	677	791	1074	0	0	0	0
40	0	0	767	675	793	1081	0	0	0	0
41	0	0	768	675	795	1091	0	0	0	0
42	0	0	767	674	794	1097	0	0	0	0
43	0	0	765	675	795	1100	0	0	0	0
44	0	0	765	676	796	1102	0	0	0	0
45	0	0	765	677	796	1121	0	0	0	0
46	0	0	765	675	796	1143	0	0	0	0
47	0	0	766	675	798	1157	0	0	0	0
48	0	0	764	673	799	1165	0	0	0	0
49	0	0	764	671	800	1170	0	0	0	0
50	0	0	763	669	801	1178	0	0	0	0
51	0	0	764	669	802	1190	0	0	0	0
52	0	0	764	667	803	1211	0	0	0	0
53	0	0	764	667	804	1222	0	0	0	0
54	0	0	764	666	805	1231	0	0	0	0
55	0	0	763	666	807	1231	0	0	0	0
56	0	0	763	664	808	1238	0	0	0	0
57	0	0	763	661	808	1247	0	0	0	0
58	0	0	764	660	810	1267	0	0	0	0
59	0	0	763	659	810	1311	0	0	0	0
60	0	0	762	659	812	1342	0	0	0	0
61	0	0	761	657	814	1354	0	0	0	0
62	0	0	761	656	816	1363	0	0	0	0
63	0	0	761	655	817	1371	0	0	0	0
64	0	0	761	654	819	1383	0	0	0	0
65	0	0	763	653	822	1407	0	0	0	0
66	0	0	764	651	822	1430	0	0	0	0
67	0	0	764	650	824	1449	0	0	0	0
68	0	0	765	650	826	1469	0	0	0	0
69	0	0	765	649	829	1502	0	0	0	0
70	0	0	766	647	831	1531	0	0	0	0
71	0	0	766	646	833	1548	0	0	0	0
72	0	0	767	646	834	1563	0	0	0	0
73	0	0	767	644	838	1578	0	0	0	0
74	0	0	770	641	844	1589	0	0	0	0
75	0	0	774	637	846	1603	0	0	0	0
76	0	0	773	636	848	1610	0	0	0	0
77	0	0	772	634	848	1613	0	0	0	0
78	0	0	775	632	851	1622	0	0	0	0
79	0	0	777	629	853	1620	0	0	0	0
80	0	0	775	627	853	1627	0	0	0	0
81	0	0	773	627	853	1645	0	0	0	0
82	0	0	769	627	854	1662	0	0	0	0
83	0	0	765	625	854	1672	0	0	0	0
84	0	0	762	627	853	1681	0	0	0	0
85	0	0	762	626	853	1690	0	0	0	0
86	0	0	759	628	851	1697	0	0	0	0
87	0	0	759	629	851	1703	0	0	0	0
88	0	0	759	627	852	1717	0	0	0	0
89	0	0	760	627	852	1737	0	0	0	0
90	0	0	761	627	853	1759	0	0	0	0
91	0	0	761	627	853	1772	0	0	0	0
92	0	0	762	627	853	1777	0	0	0	0
93	0	0	762	627	854	1786	0	0	0	0
94	0	0	763	628	853	1795	0	0	0	0
95	0	0	764	628	856	1800	0	0	0	0
96	0	0	763	626	856	1804	0	0	0	0
97	0	0	765	625	856	1810	0	0	0	0
98	0	0	765	624	857	1807	0	0	0	0
99	0	0	764	623	856	1808	0	0	0	0
100	0	0	763	623	856	1810	0	0	0	0
101	0	0	763	622	857	1817	0	0	0	0
102	0	0	761	621	858	1823	0	0	0	0
103	0	0	761	622	859	1835	0	0	0	0
104	0	0	760	619	860	1846	0	0	0	0
105	0	0	760	617	860	1852	0	0	0	0
106	0	0	760	616	860	1854	0	0	0	0
107	0	0	760	615	860	1855	0	0	0	0
108	0	0	760	614	860	1855	0	0	0	0
109	0	0	759	613	860	1860	0	0	0	0
110	0	0	758	612	860	1865	0	0	0	0
111	0	0	757	612	860	1866	0	0	0	0
112	0	0	756	612	860	1873	0	0	0	0
113	0	0	753	609	861	1886	0	0	0	0
114	0	0	751	609	860	1894	0	0	0	0
115	0	0	750	607	859	1901	0	0	0	0
116	0	0	749	607	861	1905	0	0	0	0
117	0	0	748	607	860	1908	0	0	0	0
118	0	0	746	607	860	1906	0	0	0	0
119	0	0	745	608	862	1914	0	0	0	0
120	0	0	744	607	861	1915	0	0	0	0
121	0	0	740	607	860	1910	0	0	0	0
122	0	0	738	608	859	1909	0	0	0	0
123	0	0	736	608	859	1927	0	0	0	0
124	0	0	734	608	859	1937	0	0	0	0
125	0	0	734	609	858	1941	0	0	0	0
126	0	0	732	610	856	1951	0	0	0	0
127	0	0	731	611	855	1952	0	0	0	0
0	0	0	732	612	855	1952	0	0	0	0
1	0	0	732	614	855	1963	0	0	0	0
2	0	0	729	615	854	1964	0	0	0	0
3	0	0	730	615	854	1967	0	0	0	0
4	0	0	731	617	855	1967	0	0	0	0
5	0	0	729	616	853	1971	0	0	0	0
6	0	0	729	616	854	1980	0	0	0	0
7	0	0	730	616	854	1988	0	0	0	0
8	0	0	730	616	853	2004	0	0	0	0
9	0	0	731	615	853	2015	0	0	0	0
10	0	0	732	615	852	2020	0	0	0	0
11	0	0	734	615	851	2022	0	0	0	0
12	0	0	733	616	850	2026	0	0	0	0
13	0	0	734	616	848	2039	0	0	0	0
14	0	0	735	616	847	2043	0	0	0	0
15	0	0	736	616	845	2048	0	0	0	0
16	0	0	738	616	843	2046	0	0	0	0
17	0	0	739	616	842	2046	0	0	0	0
18	0	0	741	615	842	2051	0	0	0	0
19	0	0	739	614	840	2053	0	0	0	0
20	0	0	740	615	838	2057	0	0	0	0
21	0	0	739	617	836	2060	0	0	0	0
22	0	0	741	618	834	2062	0	0	0	0
23	0	0	740	617	832	2065	0	0	0	0
24	0	0	739	617	831	2068	0	0	0	0
25	0	0	739	619	830	2073	0	0	0	0
26	0	0	739	617	829	2077	0	0	0	0
27	0	0	738	618	829	2077	0	0	0	0
28	0	0	734	619	828	2081	0	0	0	0
29	0	0	730	618	827	2084	0	0	0	0
30	0	0	729	617	827	2086	0	0	0	0
31	0	0	730	618	827	2087	0	0	0	0
32	0	0	726	616	829	2087	0	0	0	0
33	0	0	725	616	830	2093	0	0	0	0
34	0	0	725	615	829	2100	0	0	0	0
35	0	0	723	616	832	2106	0	0	0	0
36	0	0	722	615	833	2111	0	0	0	0
37	0	0	722	615	834	2113	0	0	0	0
38	0	0	722	616	836	2120	0	0	0	0
39	0	0	720	617	836	2126	0	0	0	0
40	0	0	720	616	837	2134	0	0	0	0
41	0	0	720	616	839	2142	0	0	0	0
42	0	0	720	615	841	2148	0	0	0	0
43	0	0	719	615	842	2151	0	0	0	0
44	0	0	720	616	842	2161	0	0	0	0
45	0	0	721	614	843	2173	0	0	0	0
46	0	0	722	612	843	2185	0	0	0	0
47	0	0	723	609	842	2196	0	0	0	0
48	0	0	726	607	842	2200	0	0	0	0
49	0	0	728	608	842	2207	0	0	0	0
50	0	0	728	607	843	2212	0	0	0	0
51	0	0	728	605	843	2216	0	0	0	0
52	0	0	730	604	843	2220	0	0	0	0
53	0	0	731	604	843	2227	0	0	0	0
54	0	0	732	602	843	2232	0	0	0	0
55	0	0	732	602	844	2235	0	0	0	0
56	0	0	732	600	845	2241	0	0	0	0
57	0	0	731	597	847	2250	0	0	0	0
58	0	0	732	595	848	2261	0	0	0	0
59	0	0	731	594	847	2269	0	0	0	0
60	0	0	731	593	848	2274	0	0	0	0
61	0	0	732	590	849	2286	0	0	0	0
62	0	0	731	587	851	2299	0	0	0	0
63	0	0	733	585	853	2302	0	0	0	0
64	0	0	733	583	854	2305	0	0	0	0
65	0	0	732	581	856	2313	0	0	0	0
66	0	0	733	578	856	2319	0	0	0	0
67	0	0	733	576	858	2322	0	0	0	0
68	0	0	732	572	860	2326	0	0	0	0
69	0	0	733	570	861	2335	0	0	0	0
70	0	0	732	569	862	2342	0	0	0	0
71	0	0	733	566	863	2351	0	0	0	0
72	0	0	733	564	866	2360	0	0	0	0
73	0	0	732	562	867	2367	0	0	0	0
74	0	0	731	560	868	2378	0	0	0	0
75	0	0	730	558	869	2384	0	0	0	0
76	0	0	730	556	871	2389	0	0	0	0
77	0	0	730	555	872	2394	0	0	0	0
78	0	0	729	554	872	2401	0	0	0	0
79	0	0	729	552	874	2404	0	0	0	0
80	0	0	729	551	875	2407	0	0	0	0
81	0	0	727	549	876	2411	0	0	0	0
82	0	0	727	548	879	2419	0	0	0	0
83	0	0	728	548	881	2426	0	0	0	0
84	0	0	729	546	882	2426	0	0	0	0
85	0	0	728	546	884	2426	0	0	0	0
86	0	0	728	545	886	2433	0	0	0	0
87	0	0	728	543	887	2432	0	0	0	0
88	0	0	727	543	888	2429	0	0	0	0
89	0	0	727	543	890	2430	0	0	0	0
90	0	0	726	542	893	2432	0	0	0	0
91	0	0	726	542	893	2430	0	0	0	0
92	0	0	726	541	894	2432	0	0	0	0
93	0	0	726	541	895	2436	0	0	0	0
94	0	0	726	542	896	2442	0	0	0	0
95	0	0	726	542	895	2451	0	0	0	0
96	0	0	724	543	894	2459	0	0	0	0
97	0	0	727	543	894	2470	0	0	0	0
98	0	0	728	543	894	2474	0	0	0	0
99	0	0	729	543	893	2483	0	0	0	0
100	0	0	731	545	892	2488	0	0	0	0
101	0	0	731	543	891	2496	0	0	0	0
102	0	0	732	544	890	2503	0	0	0	0
103	0	0	732	544	889	2510	0	0	0	0
104	0	0	732	545	889	2524	0	0	0	0
105	0	0	732	545	887	2527	0	0	0	0
106	0	0	733	545	886	2527	0	0	0	0
107	0	0	734	546	885	2530	0	0	0	0
108	0	0	733	546	885	2537	0	0	0	0
109	0	0	733	546	882	2542	0	0	0	0
110	0	0	733	545	879	2550	0	0	0	0
111	0	0	732	545	879	2552	0	0	0	0
112	0	0	733	546	878	2553	0	0	0	0
113	0	0	732	545	876	2556	0	0	0	0
114	0	0	732	545	876	2558	0	0	0	0
115	0	0	734	543	874	2561	0	0	0	0
116	0	0	734	543	873	2565	0	0	0	0
117	0	0	737	541	872	2568	0	0	0	0
118	0	0	735	541	873	2574	0	0	0	0
119	0	0	735	541	870	2583	0	0	0	0
120	0	0	735	541	870	2593	0	0	0	0
121	0	0	736	539	869	2597	0	0	0	0
122	0	0	735	539	869	2601	0	0	0	0
123	0	0	734	538	867	2606	0	0	0	0
124	0	0	734	538	866	2611	0	0	0	0
125	0	0	736	538	866	2615	0	0	0	0
126	0	0	735	539	865	2615	0	0	0	0
127	0	0	737	539	863	2608	0	0	0	0
0	0	0	737	539	861	2607	0	0	0	0
1	0	0	738	540	860	2614	0	0	0	0
2	0	0	738	540	858	2616	0	0	0	0
3	0	0	739	540	858	2617	0	0	0	0
4	0	0	739	540	856	2622	0	0	0	0
5	0	0	740	539	856	2626	0	0	0	0
6	0	0	740	540	854	2630	0	0	0	0
7	0	0	742	538	853	2631	0	0	0	0
8	0	0	742	538	852	2631	0	0	0	0
9	0	0	742	538	852	2628	0	0	0	0
10	0	0	741	538	851	2626	0	0	0	0
11	0	0	742	539	852	2627	0	0	0	0
12	0	0	738	537	851	2628	0	0	0	0
13	0	0	738	538	851	2631	0	0	0	0
14	0	0	737	536	852	2633	0	0	0	0
15	0	0	733	536	851	2637	0	0	0	0
16	0	0	732	536	853	2637	0	0	0	0
17	0	0	730	536	853	2638	0	0	0	0
18	0	0	729	534	854	2642	0	0	0	0
19	0	0	728	533	855	2645	0	0	0	0
20	0	0	725	532	857	2646	0	0	0	0
21	0	0	724	531	857	2648	0	0	0	0
22	0	0	723	530	857	2650	0	0	0	0
23	0	0	721	529	858	2652	0	0	0	0
24	0	0	719	529	860	2650	0	0	0	0
25	0	0	718	526	861	2647	0	0	0	0
26	0	0	718	525	863	2646	0	0	0	0
27	0	0	716	524	864	2649	0	0	0	0
28	0	0	716	523	865	2653	0	0	0	0
29	0	0	715	521	867	2655	0	0	0	0
30	0	0	715	521	869	2654	0	0	0	0
31	0	0	715	520	870	2652	0	0	0	0
32	0	0	715	519	872	2649	0	0	0	0
33	0	0	713	518	875	2651	0	0	0	0
34	0	0	713	517	877	2652	0	0	0	0
35	0	0	712	516	879	2653	0	0	0	0
36	0	0	713	515	882	2656	0	0	0	0
37	0	0	711	513	883	2659	0	0	0	0
38	0	0	712	513	886	2662	0	0	0	0
39	0	0	711	513	887	2664	0	0	0	0
40	0	0	710	512	888	2666	0	0	0	0
41	0	0	710	513	889	2668	0	0	0	0
42	0	0	709	512	891	2670	0	0	0	0
43	0	0	708	512	892	2677	0	0	0	0
44	0	0	707	513	894	2678	0	0	0	0
45	0	0	706	512	894	2683	0	0	0	0
46	0	0	705	514	895	2686	0	0	0	0
47	0	0	705	514	895	2685	0	0	0	0
48	0	0	703	514	897	2683	0	0	0	0
49	0	0	702	515	898	2684	0	0	0	0
50	0	0	703	515	898	2686	0	0	0	0
51	0	0	703	515	897	2689	0	0	0	0
52	0	0	703	515	898	2692	0	0	0	0
53	0	0	706	515	899	2690	0	0	0	0
54	0	0	705	516	900	2693	0	0	0	0
55	0	0	706	515	899	2694	0	0	0	0
56	0	0	706	515	900	2694	0	0	0	0
57	0	0	708	516	900	2694	0	0	0	0
58	0	0	708	517	900	2695	0	0	0	0
59	0	0	712	519	900	2695	0	0	0	0
60	0	0	715	520	899	2698	0	0	0	0
61	0	0	717	522	897	2705	0	0	0	0
62	0	0	718	522	898	2709	0	0	0	0
63	0	0	719	523	899	2712	0	0	0	0
64	0	0	721	523	898	2716	0	0	0	0
65	0	0	721	524	898	2719	0	0	0	0
66	0	0	721	523	898	2720	0	0	0	0
67	0	0	722	523	899	2722	0	0	0	0
68	0	0	723	522	900	2724	0	0	0	0
69	0	0	722	519	900	2725	0	0	0	0
70	0	0	722	519	900	2728	0	0	0	0
71	0	0	722	519	902	2730	0	0	0	0
72	0	0	722	520	901	2732	0	0	0	0
73	0	0	723	520	903	2735	0	0	0	0
74	0	0	722	521	903	2737	0	0	0	0
75	0	0	722	521	902	2738	0	0	0	0
76	0	0	722	521	903	2741	0	0	0	0
77	0	0	722	523	904	2741	0	0	0	0
78	0	0	721	521	904	2744	0	0	0	0
79	0	0	721	521	905	2746	0	0	0	0
80	0	0	719	521	906	2749	0	0	0	0
81	0	0	718	521	908	2752	0	0	0	0
82	0	0	717	521	907	2752	0	0	0	0
83	0	0	716	519	908	2756	0	0	0	0
84	0	0	715	520	909	2757	0	0	0	0
85	0	0	713	521	909	2761	0	0	0	0
86	0	0	712	520	911	2765	0	0	0	0
87	0	0	711	519	911	2766	0	0	0	0
88	0	0	708	519	912	2766	0	0	0	0
89	0	0	709	518	912	2767	0	0	0	0
90	0	0	709	518	912	2771	0	0	0	0
91	0	0	707	517	913	2773	0	0	0	0
92	0	0	706	515	914	2775	0	0	0	0
93	0	0	706	515	915	2777	0	0	0	0
94	0	0	706	513	915	2780	0	0	0	0
95	0	0	705	513	914	2785	0	0	0	0
96	0	0	707	512	914	2785	0	0	0	0
97	0	0	705	512	915	2786	0	0	0	0
98	0	0	707	509	914	2788	0	0	0	0
99	0	0	706	508	912	2791	0	0	0	0
100	0	0	708	507	911	2794	0	0	0	0
101	0	0	709	507	912	2795	0	0	0	0
102	0	0	707	507	910	2796	0	0	0	0
103	0	0	709	506	910	2795	0	0	0	0
104	0	0	710	506	910	2796	0	0	0	0
105	0	0	711	507	910	2795	0	0	0	0
106	0	0	713	506	909	2794	0	0	0	0
107	0	0	712	508	909	2797	0	0	0	0
108	0	0	714	509	908	2797	0	0	0	0
109	0	0	715	509	908	2800	0	0	0	0
110	0	0	718	509	908	2805	0	0	0	0
111	0	0	721	509	907	2806	0	0	0	0
112	0	0	724	510	907	2808	0	0	0	0
113	0	0	727	512	907	2810	0	0	0	0
114	0	0	729	512	907	2811	0	0	0	0
115	0	0	732	513	906	2813	0	0	0	0
116	0	0	733	513	904	2813	0	0	0	0
117	0	0	736	512	904	2812	0	0	0	0
118	0	0	738	512	902	2815	0	0	0	0
119	0	0	741	512	902	2815	0	0	0	0
120	0	0	744	510	901	2816	0	0	0	0
121	0	0	747	509	899	2818	0	0	0	0
122	0	0	748	512	899	2817	0	0	0	0
123	0	0	751	509	897	2819	0	0	0	0
124	0	0	753	508	897	2821	0	0	0	0
125	0	0	753	509	893	2822	0	0	0	0
126	0	0	755	509	893	2822	0	0	0	0
127	0	0	757	509	892	2823	0	0	0	0
0	0	0	759	510	891	2821	0	0	0	0
1	0	0	760	510	890	2823	0	0	0	0
2	0	0	760	512	889	2825	0	0	0	0
3	0	0	762	509	889	2826	0	0	0	0
4	0	0	763	510	888	2830	0	0	0	0
5	0	0	764	508	888	2832	0	0	0	0
6	0	0	765	506	886	2834	0	0	0	0
7	0	0	765	505	886	2834	0	0	0	0
8	0	0	763	504	885	2834	0	0	0	0
9	0	0	763	505	885	2837	0	0	0	0
10	0	0	762	504	884	2840	0	0	0	0
11	0	0	760	503	884	2843	0	0	0	0
12	0	0	762	502	884	2843	0	0	0	0
13	0	0	760	500	883	2846	0	0	0	0
14	0	0	758	500	884	2850	0	0	0	0
15	0	0	758	498	883	2852	0	0	0	0
16	0	0	757	498	884	2856	0	0	0	0
17	0	0	756	498	883	2862	0	0	0	0
18	0	0	755	498	881	2866	0	0	0	0
19	0	0	756	498	881	2867	0	0	0	0
20	0	0	757	497	881	2873	0	0	0	0
21	0	0	756	498	880	2879	0	0	0	0
22	0	0	756	497	880	2883	0	0	0	0
23	0	0	757	497	879	2887	0	0	0	0
24	0	0	755	499	880	2890	0	0	0	0
25	0	0	757	498	879	2890	0	0	0	0
26	0	0	757	499	879	2895	0	0	0	0
27	0	0	757	500	878	2900	0	0	0	0
28	0	0	758	501	878	2902	0	0	0	0
29	0	0	760	500	877	2903	0	0	0	0
30	0	0	760	502	879	2902	0	0	0	0
31	0	0	759	503	879	2901	0	0	0	0
32	0	0	761	503	879	2901	0	0	0	0
33	0	0	761	504	879	2900	0	0	0	0
34	0	0	760	506	879	2899	0	0	0	0
35	0	0	761	508	881	2896	0	0	0	0
36	0	0	761	508	880	2895	0	0	0	0
37	0	0	760	508	880	2897	0	0	0	0
38	0	0	760	509	881	2898	0	0	0	0
39	0	0	760	509	882	2901	0	0	0	0
40	0	0	762	512	883	2898	0	0	0	0
41	0	0	763	512	884	2900	0	0	0	0
42	0	0	764	512	883	2902	0	0	0	0
43	0	0	764	513	884	2904	0	0	0	0
44	0	0	765	514	884	2907	0	0	0	0
45	0	0	766	515	886	2906	0	0	0	0
46	0	0	767	517	886	2909	0	0	0	0
47	0	0	767	518	886	2911	0	0	0	0
48	0	0	767	519	888	2911	0	0	0	0
49	0	0	767	519	888	2910	0	0	0	0
50	0	0	766	521	888	2915	0	0	0	0
51	0	0	769	523	889	2917	0	0	0	0
52	0	0	770	524	889	2917	0	0	0	0
53	0	0	772	525	889	2920	0	0	0	0
54	0	0	774	526	888	2920	0	0	0	0
55	0	0	774	529	889	2918	0	0	0	0
56	0	0	775	532	888	2917	0	0	0	0
57	0	0	774	535	888	2922	0	0	0	0
58	0	0	774	537	889	2924	0	0	0	0
59	0	0	773	541	888	2925	0	0	0	0
60	0	0	773	543	888	2922	0	0	0	0
61	0	0	773	545	888	2920	0	0	0	0
62	0	0	772	546	888	2918	0	0	0	0
63	0	0	771	547	888	2921	0	0	0	0
64	0	0	771	549	891	2916	0	0	0	0
65	0	0	769	551	890	2913	0	0	0	0
66	0	0	767	555	889	2903	0	0	0	0
67	0	0	768	557	889	2888	0	0	0	0
68	0	0	766	558	888	2887	0	0	0	0
69	0	0	765	559	887	2886	0	0	0	0
70	0	0	765	562	886	2877	0	0	0	0
71	0	0	765	564	886	2876	0	0	0	0
72	0	0	763	566	886	2875	0	0	0	0
73	0	0	763	567	885	2872	0	0	0	0
74	0	0	763	569	885	2873	0	0	0	0
75	0	0	762	571	883	2864	0	0	0	0
76	0	0	764	572	882	2863	0	0	0	0
77	0	0	763	574	882	2859	0	0	0	0
78	0	0	763	576	878	2861	0	0	0	0
79	0	0	762	579	878	2848	0	0	0	0
80	0	0	762	581	875	2833	0	0	0	0
81	0	0	761	582	873	2823	0	0	0	0
82	0	0	761	584	870	2816	0	0	0	0
83	0	0	760	585	869	2809	0	0	0	0
84	0	0	760	586	866	2803	0	0	0	0
85	0	0	759	587	865	2788	0	0	0	0
86	0	0	758	590	862	2776	0	0	0	0
87	0	0	758	591	859	2764	0	0	0	0
88	0	0	758	593	858	2751	0	0	0	0
89	0	0	758	595	856	2740	0	0	0	0
90	0	0	758	595	855	2722	0	0	0	0
91	0	0	755	598	852	2711	0	0	0	0
92	0	0	755	599	850	2703	0	0	0	0
93	0	0	757	599	847	2683	0	0	0	0
94	0	0	758	600	845	2661	0	0	0	0
95	0	0	758	602	843	2662	0	0	0	0
96	0	0	758	603	841	2648	0	0	0	0
97	0	0	759	605	839	2634	0	0	0	0
98	0	0	760	606	837	2616	0	0	0	0
99	0	0	761	607	835	2589	0	0	0	0
100	0	0	760	605	833	2577	0	0	0	0
101	0	0	761	609	830	2549	0	0	0	0
102	0	0	762	610	828	2525	0	0	0	0
103	0	0	764	612	826	2517	0	0	0	0
104	0	0	765	614	824	2487	0	0	0	0
105	0	0	765	616	823	2462	0	0	0	0
106	0	0	767	619	820	2457	0	0	0	0
107	0	0	767	621	818	2422	0	0	0	0
108	0	0	768	622	816	2381	0	0	0	0
109	0	0	767	624	814	2340	0	0	0	0
110	0	0	768	626	812	2258	0	0	0	0
111	0	0	766	629	809	2221	0	0	0	0
112	0	0	766	629	808	2194	0	0	0	0
113	0	0	765	633	806	2155	0	0	0	0
114	0	0	766	636	803	2108	0	0	0	0
115	0	0	766	639	802	2057	0	0	0	0
116	0	0	767	643	799	2006	0	0	0	0
117	0	0	767	647	796	1970	0	0	0	0
118	0	0	767	649	795	1931	0	0	0	0
119	0	0	766	651	792	1864	0	0	0	0
120	0	0	767	655	791	1725	0	0	0	0
121	0	0	766	657	789	1637	0	0	0	0
122	0	0	767	661	787	1588	0	0	0	0
123	0	0	769	666	786	1468	0	0	0	0
124	0	0	768	668	784	1418	0	0	0	0
125	0	0	769	671	784	1335	0	0	0	0
126	0	0	770	675	782	1176	0	0	0	0
127	0	0	771	678	780	1076	0	0	0	0
0	0	0	771	682	779	1026	0	0	0	0
1	0	0	770	684	778	857	0	0	0	0
2	0	0	769	686	777	763	0	0	0	0
3	0	0	770	690	776	620	0	0	0	0
4	0	0	771	694	774	464	0	0	0	0
5	0	0	771	698	773	385	0	0	0	0
6	0	0	771	700	773	375	0	0	0	0
7	0	0	771	702	773	332	0	0	0	0
8	0	0	771	707	773	279	0	0	0	0
9	0	0	771	710	773	270	0	0	0	0
10	0	0	769	713	773	286	0	0	0	0
11	0	0	768	715	774	232	0	0	0	0
12	0	0	765	717	775	176	0	0	0	0
13	0	0	765	721	776	180	0	0	0	0
14	0	0	763	724	777	201	0	0	0	0
15	0	0	762	725	778	207	0	0	0	0
16	0	0	761	729	779	179	0	0	0	0
17	0	0	758	733	781	180	1	0	0	0
18	0	0	755	735	783	191	0	0	0	0
19	0	0	752	737	784	192	0	0	0	0
20	0	0	750	739	786	197	0	0	0	0
21	0	0	749	742	786	209	0	0	0	0
22	0	0	747	744	788	230	0	0	0	0
23	0	0	744	745	790	234	0	0	0	0
24	0	0	744	747	792	229	0	0	0	0
25	0	0	742	751	794	213	0	0	0	0
26	0	0	741	754	796	222	0	0	0	0
27	0	0	740	757	798	219	0	0	0	0
28	0	0	740	760	798	199	0	0	0	0
29	0	0	740	764	800	199	0	0	0	0
30	0	0	740	766	800	197	0	0	0	0
31	0	0	741	770	802	199	0	0	0	0
32	0	0	741	774	804	193	0	0	0	0
33	0	0	742	776	806	189	0	0	0	0
34	0	0	742	780	807	198	0	0	0	0
35	0	0	742	785	810	196	0	0	0	0
36	0	0	745	788	812	208	0	0	0	0
37	0	0	745	793	812	204	0	0	0	0
38	0	0	748	798	815	205	0	0	0	0
39	0	0	749	804	815	203	0	0	0	0
40	0	0	752	808	815	208	0	0	0	0
41	0	0	754	813	814	209	0	0	0	0
42	0	0	755	820	815	207	0	0	0	0
43	0	0	757	825	817	209	0	0	0	0
44	0	0	755	829	818	206	0	0	0	0
45	0	0	754	833	820	198	0	0	0	0
46	0	0	757	836	821	197	0	0	0	0
47	0	0	758	838	824	196	0	0	0	0
48	0	0	758	844	827	189	0	0	0	0
49	0	0	758	849	827	186	0	0	0	0
50	0	0	758	856	833	179	0	0	0	0
51	0	0	758	861	835	173	0	0	0	0
52	0	0	758	865	836	176	0	0	0	0
53	0	0	758	870	838	169	0	0	0	0
54	0	0	756	875	840	171	0	0	0	0
55	0	0	758	879	840	158	0	0	0	0
56	0	0	758	883	841	152	0	0	0	0
57	0	0	759	889	842	154	0	0	0	0
58	0	0	757	893	842	167	0	0	0	0
59	0	0	757	900	844	158	0	0	0	0
60	0	0	755	907	843	152	0	0	0	0
61	0	0	754	913	843	155	0	0	0	0
62	0	0	755	919	842	164	0	0	0	0
63	0	0	756	925	840	132	0	0	0	0
64	0	0	754	930	838	133	0	0	0	0
65	0	0	752	933	835	138	0	0	0	0
66	0	0	750	935	834	138	0	0	0	0
67	0	0	749	938	830	136	0	0	0	0
68	0	0	747	941	828	118	0	0	0	0
69	0	0	745	944	827	103	0	0	0	0
70	0	0	744	948	826	107	0	0	0	0
71	0	0	743	953	825	97	0	0	0	0
72	0	0	740	956	825	98	0	0	0	0
73	0	0	741	960	825	86	0	0	0	0
74	0	0	740	961	825	99	0	0	0	0
75	0	0	740	961	824	101	0	0	0	0
76	0	0	739	962	824	102	0	0	0	0
77	0	0	736	963	824	114	0	0	0	0
78	0	0	736	961	824	113	0	0	0	0
79	0	0	736	959	823	117	0	0	0	0
80	0	0	734	958	824	107	0	0	0	0
81	0	0	733	957	826	96	0	0	0	0
82	0	0	730	955	823	104	0	0	0	0
83	0	0	728	954	821	112	0	0	0	0
84	0	0	725	953	821	112	0	0	0	0
85	0	0	723	949	819	116	0	0	0	0
86	0	0	722	944	818	117	0	0	0	0
87	0	0	721	940	817	113	0	0	0	0
88	0	0	719	938	815	99	0	0	0	0
89	0	0	718	936	813	99	0	0	0	0
90	0	0	716	932	811	97	0	0	0	0
91	0	0	715	928	809	89	0	0	0	0
92	0	0	712	926	808	85	0	0	0	0
93	0	0	711	923	806	81	0	0	0	0
94	0	0	712	920	803	82	0	0	0	0
95	0	0	713	918	800	80	0	0	0	0
96	0	0	711	917	797	82	0	0	0	0
97	0	0	712	913	795	88	0	0	0	0
98	0	0	712	910	792	93	0	0	0	0
99	0	0	714	908	791	93	0	0	0	0
100	0	0	715	904	790	91	0	0	0	0
101	0	0	717	900	789	94	0	0	0	0
102	0	0	719	895	787	95	0	0	0	0
103	0	0	722	889	786	95	0	0	0	0
104	0	0	724	885	786	92	0	0	0	0
105	0	0	727	881	784	95	0	0	0	0
106	0	0	731	877	784	96	0	0	0	0
107	0	0	736	874	785	87	0	0	0	0
108	0	0	739	869	783	85	0	0	0	0
109	0	0	743	867	784	78	0	0	0	0
110	0	0	748	865	784	78	0	0	0	0
111	0	0	753	862	783	74	0	0	0	0
112	0	0	760	863	783	68	0	0	0	0
113	0	0	762	862	782	66	0	0	0	0
114	0	0	765	860	781	64	0	0	0	0
115	0	0	770	859	781	65	0	0	0	0
116	0	0	773	857	779	77	0	0	0	0
117	0	0	777	854	779	82	0	0	0	0
118	0	0	782	852	780	89	0	0	0	0
119	0	0	787	849	779	89	0	0	0	0
120	0	0	794	844	777	87	0	0	0	0
121	0	0	797	841	777	88	0	0	0	0
122	0	0	798	842	775	95	0	0	0	0
123	0	0	799	841	773	99	0	0	0	0
124	0	0	802	839	772	92	0	0	0	0
125	0	0	801	835	771	98	0	0	0	0
126	0	0	802	834	771	95	0	0	0	0
127	0	0	802	828	770	95	0	0	0	0
0	0	0	802	826	770	87	0	0	0	0
1	0	0	803	816	768	82	0	0	0	0
2	0	0	805	812	768	82	0	0	0	0
3	0	0	810	808	768	76	0	0	0	0
4	0	0	812	801	768	71	0	0	0	0
5	0	0	814	796	770	72	0	0	0	0
6	0	0	814	789	769	73	0	0	0	0
7	0	0	812	785	770	72	0	0	0	0
8	0	0	810	783	767	75	0	0	0	0
9	0	0	809	782	767	80	0	0	0	0
10	0	0	810	780	766	84	0	0	0	0
11	0	0	808	781	764	86	0	0	0	0
12	0	0	807	779	764	85	0	0	0	0
13	0	0	807	778	762	90	0	0	0	0
14	0	0	809	773	760	93	0	0	0	0
15	0	0	808	771	761	94	0	0	0	0
16	0	0	808	764	760	91	0	0	0	0
17	0	0	807	758	760	97	0	0	0	0
18	0	0	809	754	761	89	0	0	0	0
19	0	0	811	750	761	83	0	0	0	0
20	0	0	811	746	761	78	0	0	0	0
21	0	0	812	743	761	77	0	0	0	0
22	0	0	813	739	763	75	0	0	0	0
23	0	0	810	736	763	70	0	0	0	0
24	0	0	809	735	763	66	0	0	0	0
25	0	0	810	733	765	64	0	0	0	0
26	0	0	811	731	764	66	0	0	0	0
27	0	0	810	732	765	68	0	0	0	0
28	0	0	807	730	765	71	0	0	0	0
29	0	0	807	728	767	73	0	0	0	0
30	0	0	806	726	768	76	0	0	0	0
31	0	0	807	725	769	79	0	0	0	0
32	0	0	805	724	770	80	0	0	0	0
33	0	0	804	723	771	83	0	0	0	0
34	0	0	803	721	773	85	0	0	0	0
35	0	0	801	719	774	84	0	0	0	0
36	0	0	799	716	774	82	0	0	0	0
37	0	0	798	714	776	87	0	0	0	0
38	0	0	797	713	777	92	0	0	0	0
39	0	0	798	711	778	83	0	0	0	0
40	0	0	799	712	779	78	0	0	0	0
41	0	0	799	711	781	75	0	0	0	0
42	0	0	797	713	782	75	0	0	0	0
43	0	0	797	712	782	68	0	0	0	0
44	0	0	796	712	784	67	0	0	0	0
45	0	0	795	712	784	63	0	0	0	0
46	0	0	795	711	785	63	0	0	0	0
47	0	0	795	712	785	62	0	0	0	0
48	0	0	794	712	787	61	0	0	0	0
49	0	0	792	711	786	64	0	0	0	0
50	0	0	790	712	788	69	0	0	0	0
51	0	0	793	711	789	70	0	0	0	0
52	0	0	791	712	788	72	0	0	0	0
53	0	0	792	712	788	74	0	0	0	0
54	0	0	792	712	790	76	0	0	0	0
55	0	0	792	714	789	77	0	0	0	0
56	0	0	792	714	789	77	0	0	0	0
57	0	0	791	714	790	82	0	0	0	0
58	0	0	790	715	789	82	0	0	0	0
59	0	0	790	715	789	78	0	0	0	0
60	0	0	789	716	789	72	0	0	0	0
61	0	0	790	718	789	69	0	0	0	0
62	0	0	789	719	789	69	0	0	0	0
63	0	0	789	719	789	64	0	0	0	0
64	0	0	789	721	789	62	0	0	0	0
65	0	0	788	722	789	63	0	0	0	0
66	0	0	788	723	788	62	0	0	0	0
67	0	0	788	724	787	64	0	0	0	0
68	0	0	788	725	787	63	0	0	0	0
69	0	0	789	727	788	66	0	0	0	0
70	0	0	789	729	786	71	0	0	0	0
71	0	0	788	729	785	73	0	0	0	0
72	0	0	789	731	785	77	0	0	0	0
73	0	0	789	732	784	78	0	0	0	0
74	0	0	789	734	784	80	0	0	0	0
75	0	0	789	735	783	81	0	0	0	0
76	0	0	790	736	783	79	0	0	0	0
77	0	0	789	737	782	85	0	0	0	0
78	0	0	789	740	782	86	0	0	0	0
79	0	0	790	740	782	80	0	0	0	0
80	0	0	789	742	782	73	0	0	0	0
81	0	0	789	743	781	70	0	0	0	0
82	0	0	790	745	781	70	0	0	0	0
83	0	0	791	747	780	65	0	0	0	0
84	0	0	791	749	781	62	0	0	0	0
85	0	0	791	751	780	62	0	0	0	0
86	0	0	792	753	779	63	0	0	0	0
87	0	0	793	757	779	63	0	0	0	0
88	0	0	794	758	778	65	0	0	0	0
89	0	0	795	759	778	68	0	0	0	0
90	0	0	796	761	777	71	0	0	0	0
91	0	0	798	762	776	73	0	0	0	0
92	0	0	798	763	775	69	0	0	0	0
93	0	0	799	766	774	71	0	0	0	0
94	0	0	799	768	775	71	0	0	0	0
95	0	0	800	770	773	71	0	0	0	0
96	0	0	800	771	773	71	0	0	0	0
97	0	0	801	773	772	75	0	0	0	0
98	0	0	801	773	771	77	0	0	0	0
99	0	0	802	777	771	74	0	0	0	0
100	0	0	802	778	771	71	0	0	0	0
101	0	0	803	779	771	69	0	0	0	0
102	0	0	804	781	771	67	0	0	0	0
103	0	0	805	782	770	61	0	0	0	0
104	0	0	805	783	770	55	0	0	0	0
105	0	0	806	784	770	54	0	0	0	0
106	0	0	806	784	770	58	0	0	0	0
107	0	0	806	785	770	60	0	0	0	0
108	0	0	807	786	769	60	0	0	0	0
109	0	0	807	788	770	62	0	0	0	0
110	0	0	807	789	768	66	0	0	0	0
111	0	0	808	790	767	64	0	0	0	0
112	0	0	809	790	767	68	0	0	0	0
113	0	0	809	790	766	72	0	0	0	0
114	0	0	810	792	767	75	0	0	0	0
115	0	0	808	792	767	75	0	0	0	0
116	0	0	810	793	767	76	0	0	0	0
117	0	0	810	793	766	83	0	0	0	0
118	0	0	811	794	765	80	0	0	0	0
119	0	0	812	794	765	74	0	0	0	0
120	0	0	812	795	764	70	0	0	0	0
121	0	0	814	794	764	68	0	0	0	0
122	0	0	815	795	764	66	0	0	0	0
123	0	0	815	796	765	62	0	0	0	0
124	0	0	815	797	764	60	0	0	0	0
125	0	0	815	795	764	59	0	0	0	0
126	0	0	817	795	764	60	0	0	0	0
127	0	0	817	795	764	60	0	0	0	0
0	0	0	816	795	764	58	0	0	0	0
1	0	0	816	795	764	59	0	0	0	0
2	0	0	816	796	764	68	0	0	0	0
3	0	0	815	795	764	66	0	0	0	0
4	0	0	816	795	764	67	0	0	0	0
5	0	0	816	794	765	71	0	0	0	0
6	0	0	816	794	764	71	0	0	0	0
7	0	0	816	794	764	70	0	0	0	0
8	0	0	815	794	765	69	0	0	0	0
9	0	0	815	793	765	74	0	0	0	0
10	0	0	815	794	766	73	0	0	0	0
11	0	0	815	793	766	65	0	0	0	0
12	0	0	815	793	766	63	0	0	0	0
13	0	0	815	793	766	59	0	0	0	0
14	0	0	814	792	766	58	0	0	0	0
15	0	0	814	793	767	55	0	0	0	0
16	0	0	813	793	766	52	0	0	0	0
17	0	0	813	793	767	54	0	0	0	0
18	0	0	814	793	767	50	0	0	0	0
19	0	0	812	792	767	57	0	0	0	0
20	0	0	813	792	768	58	0	0	0	0
21	0	0	813	791	767	58	0	0	0	0
22	0	0	812	791	767	65	0	0	0	0
23	0	0	811	792	767	60	0	0	0	0
24	0	0	811	791	766	75	0	0	0	0
25	0	0	810	791	766	66	0	0	0	0
26	0	0	808	789	767	65	0	0	0	0
27	0	0	805	788	766	64	0	0	0	0
28	0	0	804	788	765	64	0	0	0	0
29	0	0	803	788	766	75	0	0	0	0
30	0	0	802	789	765	90	0	0	0	0
31	0	0	801	789	763	67	0	0	0	0
32	0	0	800	789	765	59	0	0	0	0
33	0	0	800	790	763	55	0	0	0	0
34	0	0	799	790	765	53	0	0	0	0
35	0	0	799	791	763	48	0	0	0	0
36	0	0	798	790	764	48	0	0	0	0
37	0	0	797	791	764	46	0	0	0	0
38	0	0	796	790	765	52	0	0	0	0
39	0	0	795	791	764	51	0	0	0	0
40	0	0	795	791	765	51	0	0	0	0
41	0	0	793	793	764	58	0	0	0	0
42	0	0	792	793	764	60	0	0	0	0
43	0	0	793	794	765	58	0	0	0	0
44	0	0	792	794	764	62	0	0	0	0
45	0	0	791	795	764	62	0	0	0	0
46	0	0	792	794	765	64	0	0	0	0
47	0	0	792	794	766	63	0	0	0	0
48	0	0	790	795	766	65	0	0	0	0
49	0	0	789	795	766	65	0	0	0	0
50	0	0	791	796	765	67	0	0	0	0
51	0	0	790	796	766	65	0	0	0	0
52	0	0	789	797	767	58	0	0	0	0
53	0	0	788	797	767	54	0	0	0	0
54	0	0	789	798	767	52	0	0	0	0
55	0	0	789	802	766	50	0	0	0	0
56	0	0	788	799	768	45	0	0	0	0
57	0	0	789	801	767	43	0	0	0	0
58	0	0	788	801	768	47	0	0	0	0
59	0	0	789	803	767	49	0	0	0	0
60	0	0	788	801	767	47	0	0	0	0
61	0	0	787	804	769	48	0	0	0	0
62	0	0	786	803	770	49	0	0	0	0
63	0	0	785	802	770	51	0	0	0	0
64	0	0	785	801	771	52	0	0	0	0
65	0	0	785	801	770	52	0	0	0	0
66	0	0	786	802	770	55	0	0	0	0
67	0	0	786	801	770	56	0	0	0	0
68	0	0	785	801	771	51	0	0	0	0
69	0	0	785	802	771	53	0	0	0	0
70	0	0	784	802	771	56	0	0	0	0
71	0	0	785	803	770	53	0	0	0	0
72	0	0	783	803	771	45	0	0	0	0
73	0	0	783	801	771	41	0	0	0	0
74	0	0	783	801	771	43	0	0	0	0
75	0	0	783	801	772	36	0	0	0	0
76	0	0	783	800	772	30	0	0	0	0
77	0	0	784	799	772	23	0	0	0	0
78	0	0	786	800	772	12	0	0	0	0
79	0	0	786	800	773	0	0	0	0	0
80	0	0	789	799	774	0	0	0	0	0
81	0	0	793	799	772	0	0	0	0	0
82	0	0	795	798	773	0	0	0	0	0
83	0	0	797	798	773	0	0	0	0	0
84	0	0	801	797	772	36	0	0	0	0
85	0	0	800	798	773	184	0	0	0	0
86	0	0	799	798	773	647	0	0	0	0
87	0	0	796	799	775	893	0	0	0	0
88	0	0	791	799	778	940	0	0	0	0
89	0	0	792	799	783	1152	0	0	0	0
90	0	0	800	802	786	1462	0	0	0	0
91	0	0	814	800	788	1721	0	0	0	0
92	0	0	825	801	788	1917	0	0	0	0
93	0	0	830	801	784	2026	0	0	0	0
94	0	0	823	798	782	2110	0	0	0	0
95	0	0	809	796	780	2151	0	0	0	0
96	0	0	797	793	777	2149	0	0	0	0
97	0	0	788	790	777	2132	0	0	0	0
98	0	0	781	785	778	2113	0	0	0	0
99	0	0	778	783	780	2122	0	0	0	0
100	0	0	778	783	784	2152	0	0	0	0
101	0	0	782	783	786	2189	0	0	0	0
102	0	0	789	783	791	2210	0	0	0	0
103	0	0	791	783	793	2147	0	0	0	0
104	0	0	789	783	796	2160	0	0	0	0
105	0	0	787	783	800	2151	0	0	0	0
106	0	0	782	782	800	2113	0	0	0	0
107	0	0	779	780	804	2053	0	0	0	0
108	0	0	770	777	806	1961	0	0	0	0
109	0	0	760	772	810	1852	0	0	0	0
110	0	0	752	767	813	1789	0	0	0	0
111	0	0	747	764	817	1651	0	0	0	0
112	0	0	744	760	824	1583	0	0	0	0
113	0	0	739	755	830	1431	0	0	0	0
114	0	0	732	752	840	1286	0	0	0	0
115	0	0	723	754	856	1292	0	0	0	0
116	0	0	702	756	879	1235	0	0	0	0
117	0	0	660	753	905	1014	0	0	0	0
118	0	0	597	744	935	835	0	0	0	0
119	0	0	513	724	970	760	0	0	0	0
120	0	0	406	698	1006	700	0	0	0	0
121	0	0	299	668	1034	635	0	0	0	0
122	0	0	216	641	1063	572	0	0	0	0
123	0	0	174	615	1086	598	0	0	0	0
124	0	0	192	589	1097	473	0	0	0	0
125	0	0	281	562	1098	387	0	0	0	0
126	0	0	406	543	1094	299	0	0	0	0
127	0	0	520	541	1094	429	0	0	0	0
0	0	0	602	554	1098	371	0	0	0	0
1	0	0	646	573	1112	301	0	0	0	0
2	0	0	662	595	1140	250	0	0	0	0
3	0	0	686	612	1175	286	0	0	0	0
4	0	0	721	615	1219	339	0	0	0	0
5	0	0	736	609	1269	429	0	0	0	0
6	0	0	723	586	1313	483	0	0	0	0
7	0	0	675	556	1341	569	0	0	0	0
8	0	0	631	519	1349	613	0	0	0	0
9	0	0	589	476	1355	687	0	0	0	0
10	0	0	561	432	1337	764	0	0	0	0
11	0	0	537	371	1302	898	0	0	0	0
12	0	0	553	288	1243	1046	0	0	0	0
13	0	0	660	212	1174	1239	0	0	0	0
14	0	0	744	148	1083	1361	0	0	0	0
15	0	0	788	98	972	1518	0	0	0	0
16	0	0	948	69	871	1672	0	0	0	0
17	0	0	1035	51	775	1781	0	0	0	0
18	0	0	1093	40	709	1849	0	0	0	0
19	0	0	1107	33	670	1870	0	0	0	0
20	0	0	1142	30	656	1923	0	0	0	0
21	0	0	1146	28	654	1955	0	0	0	0
22	0	0	1219	27	650	1979	0	0	0	0
23	0	0	1302	26	662	1993	0	0	0	0
24	0	0	1330	24	677	2018	0	0	0	0
25	0	0	1336	24	683	2015	0	0	0	0
26	0	0	1340	25	706	2017	0	0	0	0
27	0	0	1315	26	743	1982	0	0	0	0
28	0	0	1264	50	768	1998	0	0	0	0
29	0	0	1216	86	785	2026	0	0	0	0
30	0	0	1166	116	792	2039	0	0	0	0
31	0	0	1110	143	790	2064	0	0	0	0
32	0	0	1049	176	791	2093	0	0	0	0
33	0	0	995	208	795	2128	0	0	0	0
34	0	0	946	226	790	2103	0	0	0	0
35	0	0	900	221	782	2127	0	0	0	0
36	0	0	862	200	778	2165	0	0	0	0
37	0	0	822	177	781	2141	0	0	0	0
38	0	0	784	155	783	2159	0	0	0	0
39	0	0	757	130	793	2186	0	0	0	0
40	0	0	740	105	807	2227	0	0	0	0
41	0	0	735	82	828	2239	0	0	0	0
42	0	0	738	70	842	2225	0	0	0	0
43	0	0	744	63	848	2202	0	0	0	0
44	0	0	756	65	851	2180	0	0	0	0
45	0	0	767	77	848	2164	0	0	0	0
46	0	0	782	94	848	2152	0	0	0	0
47	0	0	796	117	846	2149	0	0	0	0
48	0	0	811	141	848	2149	0	0	0	0
49	0	0	826	167	850	2144	0	0	0	0
50	0	0	843	192	849	2142	0	0	0	0
51	0	0	863	217	848	2125	0	0	0	0
52	0	0	885	246	847	2121	0	0	0	0
53	0	0	909	272	845	2118	0	0	0	0
54	0	0	933	296	841	2118	0	0	0	0
55	0	0	954	319	839	2118	0	0	0	0
56	0	0	974	340	838	2116	0	0	0	0
57	0	0	989	357	839	2117	0	0	0	0
58	0	0	1000	373	841	2120	0	0	0	0
59	0	0	1008	386	841	2122	0	0	0	0
60	0	0	1010	400	843	2124	0	0	0	0
61	0	0	1005	411	843	2127	0	0	0	0
62	0	0	997	420	845	2127	0	0	0	0
63	0	0	985	425	847	2132	0	0	0	0
64	0	0	969	429	844	2129	0	0	0	0
65	0	0	950	437	845	2127	0	0	0	0
66	0	0	928	444	843	2126	0	0	0	0
67	0	0	905	449	841	2123	0	0	0	0
68	0	0	885	454	838	2118	0	0	0	0
69	0	0	863	455	837	2110	0	0	0	0
70	0	0	843	455	835	2108	0	0	0	0
71	0	0	826	453	829	2107	0	0	0	0
72	0	0	812	453	825	2107	0	0	0	0
73	0	0	800	457	820	2109	0	0	0	0
74	0	0	790	462	815	2104	0	0	0	0
75	0	0	785	466	811	2103	0	0	0	0
76	0	0	782	469	809	2097	0	0	0	0
77	0	0	783	473	806	2092	0	0	0	0
78	0	0	786	478	803	2088	0	0	0	0
79	0	0	790	482	797	2086	0	0	0	0
80	0	0	795	488	793	2074	0	0	0	0
81	0	0	802	493	787	2063	0	0	0	0
82	0	0	813	497	780	2058	0	0	0	0
83	0	0	821	505	772	2041	0	0	0	0
84	0	0	829	512	765	2031	0	0	0	0
85	0	0	839	520	757	2024	0	0	0	0
86	0	0	849	527	750	2021	0	0	0	0
87	0	0	858	535	743	2017	0	0	0	0
88	0	0	865	542	736	2011	0	0	0	0
89	0	0	874	549	731	2008	0	0	0	0
90	0	0	880	556	726	2003	0	0	0	0
91	0	0	885	561	722	2003	0	0	0	0
92	0	0	889	567	718	1990	0	0	0	0
93	0	0	891	575	716	1976	0	0	0	0
94	0	0	892	580	714	1970	0	0	0	0
95	0	0	891	585	714	1967	0	0	0	0
96	0	0	889	590	715	1961	0	0	0	0
97	0	0	886	595	715	1969	0	0	0	0
98	0	0	882	600	716	1957	0	0	0	0
99	0	0	876	603	717	1935	0	0	0	0
100	0	0	871	608	718	1927	0	0	0	0
101	0	0	865	612	721	1912	0	0	0	0
102	0	0	858	614	722	1899	0	0	0	0
103	0	0	850	616	725	1883	0	0	0	0
104	0	0	845	617	727	1876	0	0	0	0
105	0	0	841	621	731	1870	0	0	0	0
106	0	0	838	623	734	1864	0	0	0	0
107	0	0	832	624	739	1859	0	0	0	0
108	0	0	829	625	742	1843	0	0	0	0
109	0	0	827	625	747	1823	0	0	0	0
110	0	0	825	625	751	1797	0	0	0	0
111	0	0	823	626	756	1779	0	0	0	0
112	0	0	821	625	760	1768	0	0	0	0
113	0	0	819	626	765	1752	0	0	0	0
114	0	0	820	626	768	1743	0	0	0	0
115	0	0	818	627	770	1745	0	0	0	0
116	0	0	818	626	775	1744	0	0	0	0
117	0	0	819	625	778	1746	0	0	0	0
118	0	0	821	621	782	1748	0	0	0	0
119	0	0	825	619	783	1723	0	0	0	0
120	0	0	826	617	787	1713	0	0	0	0
121	0	0	826	613	789	1698	0	0	0	0
122	0	0	828	609	791	1685	0	0	0	0
123	0	0	829	607	795	1662	0	0	0	0
124	0	0	829	605	797	1660	0	0	0	0
125	0	0	829	604	799	1652	0	0	0	0
126	0	0	827	604	802	1647	0	0	0	0
127	0	0	826	603	806	1632	0	0	0	0
0	0	0	823	602	807	1628	0	0	0	0
1	0	0	820	601	808	1628	0	0	0	0
2	0	0	819	602	810	1623	0	0	0	0
3	0	0	816	601	811	1609	0	0	0	0
4	0	0	812	600	814	1595	0	0	0	0
5	0	0	810	600	816	1588	0	0	0	0
6	0	0	805	599	819	1581	0	0	0	0
7	0	0	800	599	822	1579	0	0	0	0
8	0	0	794	598	825	1574	0	0	0	0
9	0	0	788	597	828	1566	0	0	0	0
10	0	0	782	594	832	1562	0	0	0	0
11	0	0	775	591	836	1559	0	0	0	0
12	0	0	767	590	839	1562	0	0	0	0
13	0	0	762	587	842	1562	0	0	0	0
14	0	0	758	583	846	1565	0	0	0	0
15	0	0	754	579	849	1555	0	0	0	0
16	0	0	750	576	851	1553	0	0	0	0
17	0	0	747	572	852	1545	0	0	0	0
18	0	0	744	570	855	1543	0	0	0	0
19	0	0	744	569	857	1544	0	0	0	0
20	0	0	743	569	857	1551	0	0	0	0
21	0	0	743	566	858	1546	0	0	0	0
22	0	0	745	567	860	1542	0	0	0	0
23	0	0	747	567	859	1542	0	0	0	0
24	0	0	748	566	860	1541	0	0	0	0
25	0	0	749	566	858	1539	0	0	0	0
26	0	0	751	566	861	1534	0	0	0	0
27	0	0	754	566	860	1532	0	0	0	0
28	0	0	756	566	863	1531	0	0	0	0
29	0	0	759	565	862	1530	0	0	0	0
30	0	0	761	564	864	1522	0	0	0	0
31	0	0	763	566	864	1511	0	0	0	0
32	0	0	763	566	864	1500	0	0	0	0
33	0	0	764	567	865	1498	0	0	0	0
34	0	0	765	569	865	1505	0	0	0	0
35	0	0	766	571	864	1508	0	0	0	0
36	0	0	766	572	863	1499	0	0	0	0
37	0	0	766	575	864	1493	0	0	0	0
38	0	0	766	577	864	1493	0	0	0	0
39	0	0	766	579	864	1496	0	0	0	0
40	0	0	765	580	864	1485	0	0	0	0
41	0	0	764	581	862	1481	0	0	0	0
42	0	0	763	585	859	1483	0	0	0	0
43	0	0	763	590	857	1484	0	0	0	0
44	0	0	763	593	855	1488	0	0	0	0
45	0	0	761	596	853	1473	0	0	0	0
46	0	0	760	598	852	1470	0	0	0	0
47	0	0	761	602	851	1468	0	0	0	0
48	0	0	760	606	850	1480	0	0	0	0
49	0	0	762	611	849	1484	0	0	0	0
50	0	0	762	617	847	1479	0	0	0	0
51	0	0	763	623	847	1473	0	0	0	0
52	0	0	765	629	844	1466	0	0	0	0
53	0	0	766	635	844	1476	0	0	0	0
54	0	0	766	640	843	1470	0	0	0	0
55	0	0	767	646	842	1469	0	0	0	0
56	0	0	769	651	842	1471	0	0	0	0
57	0	0	769	656	840	1468	0	0	0	0
58	0	0	770	662	840	1465	0	0	0	0
59	0	0	772	667	839	1453	0	0	0	0
60	0	0	773	671	839	1451	0	0	0	0
61	0	0	776	677	838	1451	0	0	0	0
62	0	0	778	683	839	1451	0	0	0	0
63	0	0	780	687	838	1447	0	0	0	0
64	0	0	781	693	838	1446	0	0	0	0
65	0	0	781	696	839	1450	0	0	0	0
66	0	0	782	699	837	1452	0	0	0	0
67	0	0	784	705	837	1460	0	0	0	0
68	0	0	784	706	836	1454	0	0	0	0
69	0	0	784	712	835	1454	0	0	0	0
70	0	0	785	716	835	1459	0	0	0	0
71	0	0	786	716	833	1458	0	0	0	0
72	0	0	786	719	833	1458	0	0	0	0
73	0	0	787	719	830	1459	0	0	0	0
74	0	0	786	723	831	1460	0	0	0	0
75	0	0	786	723	830	1460	0	0	0	0
76	0	0	786	726	829	1462	0	0	0	0
77	0	0	786	728	828	1460	0	0	0	0
78	0	0	786	728	827	1457	0	0	0	0
79	0	0	787	727	827	1466	0	0	0	0
80	0	0	786	728	828	1469	0	0	0	0
81	0	0	786	727	825	1476	0	0	0	0
82	0	0	786	726	824	1478	0	0	0	0
83	0	0	787	726	824	1486	0	0	0	0
84	0	0	785	726	821	1488	0	0	0	0
85	0	0	787	726	817	1486	0	0	0	0
86	0	0	787	726	818	1490	0	0	0	0
87	0	0	788	727	816	1495	0	0	0	0
88	0	0	787	727	814	1496	0	0	0	0
89	0	0	786	728	812	1497	0	0	0	0
90	0	0	787	727	811	1503	0	0	0	0
91	0	0	788	726	809	1509	0	0	0	0
92	0	0	787	727	807	1515	0	0	0	0
93	0	0	787	729	806	1520	0	0	0	0
94	0	0	787	727	806	1515	0	0	0	0
95	0	0	789	726	806	1511	0	0	0	0
96	0	0	790	725	803	1512	0	0	0	0
97	0	0	789	725	801	1511	0	0	0	0
98	0	0	789	724	800	1510	0	0	0	0
99	0	0	788	724	799	1509	0	0	0	0
100	0	0	790	724	798	1514	0	0	0	0
101	0	0	789	724	798	1520	0	0	0	0
102	0	0	789	723	796	1519	0	0	0	0
103	0	0	787	722	796	1519	0	0	0	0
104	0	0	786	721	795	1513	0	0	0	0
105	0	0	786	720	794	1513	0	0	0	0
106	0	0	786	719	794	1515	0	0	0	0
107	0	0	784	718	792	1515	0	0	0	0
108	0	0	785	718	792	1512	0	0	0	0
109	0	0	784	718	791	1514	0	0	0	0
110	0	0	783	717	790	1512	0	0	0	0
111	0	0	780	718	789	1511	0	0	0	0
112	0	0	782	719	789	1512	0	0	0	0
113	0	0	782	718	788	1514	0	0	0	0
114	0	0	782	720	787	1510	0	0	0	0
115	0	0	780	721	787	1510	0	0	0	0
116	0	0	778	721	787	1508	0	0	0	0
117	0	0	777	722	786	1509	0	0	0	0
118	0	0	777	722	786	1510	0	0	0	0
119	0	0	776	722	786	1509	0	0	0	0
120	0	0	773	722	786	1510	0	0	0	0
121	0	0	773	722	786	1509	0	0	0	0
122	0	0	770	721	786	1510	0	0	0	0
123	0	0	770	721	786	1513	0	0	0	0
124	0	0	767	722	786	1515	0	0	0	0
125	0	0	766	721	784	1518	0	0	0	0
126	0	0	767	720	787	1522	0	0	0	0
127	0	0	767	719	783	1526	0	0	0	0
0	0	0	767	722	787	1533	0	0	0	0
1	0	0	770	716	786	1544	0	0	0	0
2	0	0	765	715	787	1550	0	0	0	0
3	0	0	762	710	788	1555	0	0	0	0
4	0	0	766	710	786	1566	0	0	0	0
5	0	0	770	714	785	1573	0	0	0	0
6	0	0	769	715	785	1580	0	0	0	0
7	0	0	770	716	784	1582	0	0	0	0
8	0	0	770	713	786	1583	0	0	0	0
9	0	0	769	714	786	1579	0	0	0	0
10	0	0	769	709	786	1584	0	0	0	0
11	0	0	766	707	783	1584	0	0	0	0
12	0	0	767	707	785	1586	0	0	0	0
13	0	0	768	707	783	1587	0	0	0	0
14	0	0	769	705	783	1601	0	0	0	0
15	0	0	770	702	783	1604	0	0	0	0
16	0	0	771	699	783	1608	0	0	0	0
17	0	0	770	697	783	1610	0	0	0	0
18	0	0	771	696	782	1612	0	0	0	0
19	0	0	772	696	782	1613	0	0	0	0
20	0	0	774	697	782	1613	0	0	0	0
21	0	0	775	697	782	1617	0	0	0	0
22	0	0	778	696	782	1617	0	0	0	0
23	0	0	777	695	782	1620	0	0	0	0
24	0	0	778	695	782	1621	0	0	0	0
25	0	0	780	694	781	1626	0	0	0	0
26	0	0	780	694	782	1629	0	0	0	0
27	0	0	781	694	782	1630	0	0	0	0
28	0	0	781	694	782	1639	0	0	0	0
29	0	0	782	695	782	1648	0	0	0	0
30	0	0	781	692	783	1660	0	0	0	0
31	0	0	782	692	782	1674	0	0	0	0
32	0	0	784	692	784	1681	0	0	0	0
33	0	0	785	691	784	1686	0	0	0	0
34	0	0	786	691	785	1689	0	0	0	0
35	0	0	788	691	787	1693	0	0	0	0
36	0	0	788	692	787	1695	0	0	0	0
37	0	0	788	693	787	1699	0	0	0	0
38	0	0	791	694	787	1704	0	0	0	0
39	0	0	790	694	788	1706	0	0	0	0
40	0	0	792	694	790	1707	0	0	0	0
41	0	0	792	695	791	1716	0	0	0	0
42	0	0	792	694	792	1716	0	0	0	0
43	0	0	792	700	791	1723	0	0	0	0
44	0	0	793	697	795	1726	0	0	0	0
45	0	0	793	697	795	1732	0	0	0	0
46	0	0	792	699	795	1741	0	0	0	0
47	0	0	793	697	798	1744	0	0	0	0
48	0	0	793	698	798	1743	0	0	0	0
49	0	0	792	697	799	1742	0	0	0	0
50	0	0	792	697	800	1744	0	0	0	0
51	0	0	793	697	798	1750	0	0	0	0
52	0	0	794	698	800	1756	0	0	0	0
53	0	0	794	699	801	1760	0	0	0	0
54	0	0	796	700	802	1766	0	0	0	0
55	0	0	794	700	803	1772	0	0	0	0
56	0	0	793	699	803	1777	0	0	0	0
57	0	0	793	700	804	1782	0	0	0	0
58	0	0	792	700	806	1787	0	0	0	0
59	0	0	790	700	806	1790	0	0	0	0
60	0	0	789	701	806	1793	0	0	0	0
61	0	0	788	701	808	1795	0	0	0	0
62	0	0	787	700	809	1800	0	0	0	0
63	0	0	786	701	809	1805	0	0	0	0
64	0	0	784	699	810	1808	0	0	0	0
65	0	0	783	699	812	1813	0	0	0	0
66	0	0	781	699	811	1818	0	0	0	0
67	0	0	780	698	813	1822	0	0	0	0
68	0	0	780	695	815	1828	0	0	0	0
69	0	0	777	694	814	1836	0	0	0	0
70	0	0	777	693	815	1844	0	0	0	0
71	0	0	775	691	817	1854	0	0	0	0
72	0	0	775	690	818	1858	0	0	0	0
73	0	0	774	689	819	1861	0	0	0	0
74	0	0	772	686	821	1865	0	0	0	0
75	0	0	771	685	821	1867	0	0	0	0
76	0	0	771	683	823	1870	0	0	0	0
77	0	0	770	681	824	1870	0	0	0	0
78	0	0	769	679	825	1876	0	0	0	0
79	0	0	768	675	827	1885	0	0	0	0
80	0	0	767	673	828	1891	0	0	0	0
81	0	0	767	671	828	1899	0	0	0	0
82	0	0	767	668	829	1904	0	0	0	0
83	0	0	766	664	829	1913	0	0	0	0
84	0	0	766	662	830	1918	0	0	0	0
85	0	0	765	659	832	1923	0	0	0	0
86	0	0	764	655	833	1924	0	0	0	0
87	0	0	765	653	835	1927	0	0	0	0
88	0	0	763	651	834	1931	0	0	0	0
89	0	0	763	647	834	1933	0	0	0	0
90	0	0	762	646	834	1941	0	0	0	0
91	0	0	763	643	836	1948	0	0	0	0
92	0	0	762	642	836	1952	0	0	0	0
93	0	0	762	638	836	1957	0	0	0	0
94	0	0	762	635	837	1967	0	0	0	0
95	0	0	763	633	837	1969	0	0	0	0
96	0	0	763	630	837	1979	0	0	0	0
97	0	0	764	628	837	1983	0	0	0	0
98	0	0	766	625	837	1988	0	0	0	0
99	0	0	767	622	837	1993	0	0	0	0
100	0	0	768	620	837	1996	0	0	0	0
101	0	0	766	618	836	1998	0	0	0	0
102	0	0	770	616	837	1999	0	0	0	0
103	0	0	770	614	837	2002	0	0	0	0
104	0	0	771	612	836	2005	0	0	0	0
105	0	0	772	611	835	2007	0	0	0	0
106	0	0	774	610	835	2010	0	0	0	0
107	0	0	775	608	834	2011	0	0	0	0
108	0	0	776	607	834	2011	0	0	0	0
109	0	0	778	605	833	2013	0	0	0	0
110	0	0	778	604	832	2016	0	0	0	0
111	0	0	779	602	832	2019	0	0	0	0
112	0	0	780	599	830	2024	0	0	0	0
113	0	0	782	598	830	2026	0	0	0	0
114	0	0	783	596	830	2027	0	0	0	0
115	0	0	784	594	829	2030	0	0	0	0
116	0	0	785	592	829	2031	0	0	0	0
