# bioPlux Text File Format
# Version: 1
# StartDateTime: 2012-03-21 16:04:49
# SamplingFrequency: 1000
# SampledChannels: 1 2 3 4 5 6 7 8
# SamplingResolution: 12
# AcquiringDevice: 00:07:80:93:66:BE
# EndOfHeader
0	0	0	744	527	862	2714	0	0	0	0
1	0	0	742	528	862	2718	0	0	0	0
2	0	0	742	529	863	2722	0	0	0	0
3	0	0	743	529	863	2728	0	0	0	0
4	0	0	743	530	863	2730	0	0	0	0
5	0	0	745	529	863	2732	0	0	0	0
6	0	0	745	530	863	2734	0	0	0	0
7	0	0	746	530	864	2740	0	0	0	0
8	0	0	746	530	864	2743	0	0	0	0
9	0	0	746	530	866	2748	0	0	0	0
10	0	0	746	530	866	2748	0	0	0	0
11	0	0	747	531	867	2749	0	1	0	0
12	0	0	746	530	868	2749	0	0	0	0
13	0	0	746	531	869	2750	0	0	0	0
14	0	0	746	531	869	2752	0	0	0	0
15	0	0	747	531	870	2753	0	0	0	0
16	0	0	748	529	871	2755	0	0	0	0
17	0	0	747	529	872	2759	0	0	0	0
18	0	0	747	529	873	2760	0	0	0	0
19	0	0	749	528	874	2762	0	0	0	0
20	0	0	751	527	874	2762	0	0	0	0
21	0	0	752	527	876	2767	0	0	0	0
22	0	0	752	526	878	2771	0	0	0	0
23	0	0	752	525	878	2773	0	0	0	0
24	0	0	754	525	879	2776	0	0	0	0
25	0	0	755	524	881	2775	0	0	0	0
26	0	0	755	523	882	2777	0	0	0	0
27	0	0	756	522	883	2777	0	0	0	0
28	0	0	757	522	883	2779	0	0	0	0
29	0	0	756	522	884	2777	0	0	0	0
30	0	0	758	521	884	2781	0	0	0	0
31	0	0	758	520	883	2783	0	0	0	0
32	0	0	757	519	885	2785	0	0	0	0
33	0	0	757	520	885	2788	0	0	0	0
34	0	0	755	519	885	2787	0	0	0	0
35	0	0	758	519	886	2786	0	0	0	0
36	0	0	758	519	889	2786	0	0	0	0
37	0	0	759	518	886	2787	0	0	0	0
38	0	0	760	517	887	2786	0	0	0	0
39	0	0	758	518	887	2784	0	0	0	0
40	0	0	760	517	889	2784	0	0	0	0
41	0	0	760	517	889	2785	0	0	0	0
42	0	0	760	515	889	2785	0	0	0	0
43	0	0	760	517	889	2786	0	0	0	0
44	0	0	759	515	890	2787	0	0	0	0
45	0	0	760	515	891	2788	0	0	0	0
46	0	0	761	515	890	2789	0	0	0	0
47	0	0	761	514	893	2792	0	0	0	0
48	0	0	760	514	893	2793	0	0	0	0
49	0	0	758	513	895	2793	0	0	0	0
50	0	0	758	513	897	2792	0	0	0	0
51	0	0	756	512	897	2793	0	0	0	0
52	0	0	756	510	899	2798	0	0	0	0
53	0	0	756	510	899	2800	0	0	0	0
54	0	0	756	510	900	2801	0	0	0	0
55	0	0	757	509	901	2803	0	0	0	0
56	0	0	756	509	901	2804	0	0	0	0
57	0	0	757	509	903	2803	0	0	0	0
58	0	0	757	509	901	2801	0	0	0	0
59	0	0	756	509	903	2803	0	0	0	0
60	0	0	759	509	903	2805	0	0	0	0
61	0	0	758	509	903	2806	0	0	0	0
62	0	0	758	508	903	2808	0	0	0	0
63	0	0	760	508	903	2808	0	0	0	0
64	0	0	761	509	903	2809	0	0	0	0
65	0	0	760	509	902	2811	0	0	0	0
66	0	0	760	510	903	2813	0	0	0	0
67	0	0	761	510	904	2816	0	0	0	0
68	0	0	762	510	903	2818	0	0	0	0
69	0	0	761	510	902	2821	0	0	0	0
70	0	0	761	509	903	2828	0	0	0	0
71	0	0	761	510	904	2835	0	0	0	0
72	0	0	762	510	903	2839	0	0	0	0
73	0	0	762	510	904	2844	0	0	0	0
74	0	0	762	512	904	2849	0	0	0	0
75	0	0	762	513	904	2852	0	0	0	0
76	0	0	760	513	903	2857	0	0	0	0
77	0	0	760	512	905	2860	0	0	0	0
78	0	0	761	512	904	2864	0	0	0	0
79	0	0	762	512	905	2867	0	0	0	0
80	0	0	760	509	903	2871	0	0	0	0
81	0	0	762	510	903	2876	0	0	0	0
82	0	0	761	509	902	2876	0	0	0	0
83	0	0	761	509	901	2878	0	0	0	0
84	0	0	762	507	901	2883	0	0	0	0
85	0	0	762	508	901	2886	0	0	0	0
86	0	0	763	507	900	2887	0	0	0	0
87	0	0	762	506	899	2886	0	0	0	0
88	0	0	763	507	898	2889	0	0	0	0
89	0	0	762	506	898	2891	0	0	0	0
90	0	0	763	507	897	2889	0	0	0	0
91	0	0	763	507	897	2889	0	0	0	0
92	0	0	764	508	895	2891	0	0	0	0
93	0	0	766	506	894	2895	0	0	0	0
94	0	0	766	507	893	2896	0	0	0	0
95	0	0	767	508	893	2897	0	0	0	0
96	0	0	767	509	892	2896	0	0	0	0
97	0	0	767	508	891	2895	0	0	0	0
98	0	0	767	508	890	2897	0	0	0	0
99	0	0	767	509	888	2896	0	0	0	0
100	0	0	767	509	888	2896	0	0	0	0
101	0	0	767	510	887	2899	0	0	0	0
102	0	0	765	509	887	2903	0	0	0	0
103	0	0	765	509	886	2902	0	0	0	0
104	0	0	765	512	885	2902	0	0	0	0
105	0	0	765	512	885	2906	0	0	0	0
106	0	0	763	513	883	2909	0	0	0	0
107	0	0	763	514	883	2910	0	0	0	0
108	0	0	762	514	881	2914	0	0	0	0
109	0	0	759	514	882	2913	0	0	0	0
110	0	0	761	514	882	2913	0	0	0	0
111	0	0	760	515	882	2913	0	0	0	0
112	0	0	759	515	881	2910	0	0	0	0
113	0	0	760	517	882	2907	0	0	0	0
114	0	0	760	517	881	2902	0	0	0	0
115	0	0	759	517	882	2899	0	0	0	0
116	0	0	761	519	882	2897	0	0	0	0
117	0	0	761	519	882	2894	0	0	0	0
118	0	0	762	521	882	2893	0	0	0	0
119	0	0	762	521	882	2888	0	0	0	0
120	0	0	762	522	883	2883	0	0	0	0
121	0	0	761	522	884	2870	0	0	0	0
122	0	0	760	523	884	2864	0	0	0	0
123	0	0	761	522	885	2862	0	0	0	0
124	0	0	762	524	885	2857	0	0	0	0
125	0	0	762	526	885	2852	0	0	0	0
126	0	0	761	527	886	2844	0	0	0	0
127	0	0	760	527	886	2835	0	0	0	0
0	0	0	760	529	887	2831	0	0	0	0
1	0	0	760	529	889	2820	0	0	0	0
2	0	0	760	530	889	2798	0	0	0	0
3	0	0	760	531	890	2785	0	0	0	0
4	0	0	759	532	892	2767	0	0	0	0
5	0	0	759	533	891	2746	0	0	0	0
6	0	0	759	533	892	2730	0	0	0	0
7	0	0	760	535	893	2709	0	0	0	0
8	0	0	759	535	893	2694	0	0	0	0
9	0	0	760	536	893	2693	0	0	0	0
10	0	0	761	536	893	2689	0	0	0	0
11	0	0	762	536	892	2682	0	0	0	0
12	0	0	764	538	893	2665	0	0	0	0
13	0	0	765	539	893	2649	0	0	0	0
14	0	0	766	540	891	2629	0	0	0	0
15	0	0	767	540	892	2596	0	0	0	0
16	0	0	769	542	892	2585	0	0	0	0
17	0	0	771	543	891	2573	0	0	0	0
18	0	0	771	544	892	2553	0	0	0	0
19	0	0	773	546	891	2513	0	0	0	0
20	0	0	772	547	890	2511	0	0	0	0
21	0	0	773	549	890	2482	0	0	0	0
22	0	0	775	550	890	2490	0	0	0	0
23	0	0	774	552	889	2477	0	0	0	0
24	0	0	775	554	888	2444	0	0	0	0
25	0	0	775	556	887	2411	0	0	0	0
26	0	0	774	557	886	2387	0	0	0	0
27	0	0	774	559	885	2350	0	0	0	0
28	0	0	774	562	884	2328	0	0	0	0
29	0	0	774	563	884	2307	0	0	0	0
30	0	0	774	563	883	2280	0	0	0	0
31	0	0	774	566	883	2285	0	0	0	0
32	0	0	773	568	882	2257	0	0	0	0
33	0	0	773	569	882	2252	0	0	0	0
34	0	0	773	571	880	2192	0	0	0	0
35	0	0	773	573	880	2110	0	0	0	0
36	0	0	771	575	879	2065	0	0	0	0
37	0	0	773	577	879	2051	0	0	0	0
38	0	0	772	579	879	2040	0	0	0	0
39	0	0	773	581	877	1991	0	0	0	0
40	0	0	774	583	875	1972	0	0	0	0
41	0	0	774	588	874	1957	0	0	0	0
42	0	0	776	588	873	1926	0	0	0	0
43	0	0	778	591	872	1904	0	0	0	0
44	0	0	777	592	870	1882	0	0	0	0
45	0	0	778	596	868	1857	0	0	0	0
46	0	0	778	599	868	1851	0	0	0	0
47	0	0	780	601	867	1838	0	0	0	0
48	0	0	781	603	864	1830	0	0	0	0
49	0	0	783	605	863	1800	0	0	0	0
50	0	0	785	608	861	1774	0	0	0	0
51	0	0	786	611	860	1750	0	0	0	0
52	0	0	788	614	858	1725	0	0	0	0
53	0	0	788	617	856	1683	0	0	0	0
54	0	0	789	617	854	1635	0	0	0	0
55	0	0	790	622	853	1602	0	0	0	0
56	0	0	791	622	851	1552	0	0	0	0
57	0	0	791	627	849	1492	0	0	0	0
58	0	0	793	628	847	1437	0	0	0	0
59	0	0	794	630	846	1387	0	0	0	0
60	0	0	795	633	845	1311	0	0	0	0
61	0	0	797	637	842	1284	0	0	0	0
62	0	0	798	639	841	1202	0	0	0	0
63	0	0	799	641	838	1158	0	0	0	0
64	0	0	801	643	836	1041	0	0	0	0
65	0	0	802	645	834	970	0	0	0	0
66	0	0	804	646	833	898	0	0	0	0
67	0	0	803	649	829	823	0	0	0	0
68	0	0	805	653	826	745	0	0	0	0
69	0	0	804	654	826	678	0	0	0	0
70	0	0	803	656	825	657	0	0	0	0
71	0	0	803	658	822	671	0	0	0	0
72	0	0	805	661	820	625	0	0	0	0
73	0	0	807	663	818	540	0	0	0	0
74	0	0	807	666	817	523	0	0	0	0
75	0	0	809	669	815	409	0	0	0	0
76	0	0	809	671	812	368	0	0	0	0
77	0	0	809	674	810	341	0	0	0	0
78	0	0	809	676	808	307	0	0	0	0
79	0	0	809	678	805	273	0	0	0	0
80	0	0	811	681	804	278	0	0	0	0
81	0	0	810	683	803	273	0	0	0	0
82	0	0	809	686	801	288	0	0	0	0
83	0	0	810	688	800	271	0	0	0	0
84	0	0	810	690	798	249	0	0	0	0
85	0	0	808	690	798	264	0	0	0	0
86	0	0	809	694	796	266	0	0	0	0
87	0	0	807	695	795	244	0	0	0	0
88	0	0	805	697	794	206	0	0	0	0
89	0	0	805	699	793	208	0	0	0	0
90	0	0	804	700	792	199	0	0	0	0
91	0	0	802	701	790	197	0	0	0	0
92	0	0	800	704	791	195	0	0	0	0
93	0	0	800	705	788	199	0	0	0	0
94	0	0	798	705	789	177	0	0	0	0
95	0	0	796	706	789	169	0	0	0	0
96	0	0	792	707	788	147	0	0	0	0
97	0	0	790	709	787	140	0	0	0	0
98	0	0	788	710	787	146	0	0	0	0
99	0	0	785	711	787	155	0	0	0	0
100	0	0	781	714	785	152	0	0	0	0
101	0	0	780	715	785	153	0	0	0	0
102	0	0	779	716	786	162	0	0	0	0
103	0	0	776	716	785	174	0	0	0	0
104	0	0	773	718	782	181	0	0	0	0
105	0	0	771	719	783	195	0	0	0	0
106	0	0	770	721	784	199	0	0	0	0
107	0	0	769	722	784	207	0	0	0	0
108	0	0	768	723	785	208	0	0	0	0
109	0	0	764	725	784	208	0	0	0	0
110	0	0	764	727	784	205	0	0	0	0
111	0	0	763	729	785	201	0	0	0	0
112	0	0	761	730	786	196	0	0	0	0
113	0	0	758	732	786	199	0	0	0	0
114	0	0	756	730	786	206	0	0	0	0
115	0	0	755	734	787	217	0	0	0	0
116	0	0	751	736	789	220	0	0	0	0
117	0	0	747	737	789	217	0	0	0	0
118	0	0	745	740	791	224	0	0	0	0
119	0	0	743	741	792	236	0	0	0	0
120	0	0	742	747	793	242	0	0	0	0
121	0	0	742	748	795	240	0	0	0	0
122	0	0	740	751	794	247	0	0	0	0
123	0	0	740	755	795	246	0	0	0	0
124	0	0	739	758	796	244	0	0	0	0
125	0	0	740	760	796	248	0	0	0	0
126	0	0	740	763	798	245	0	0	0	0
127	0	0	739	767	798	241	0	0	0	0
0	0	0	741	772	799	232	0	0	0	0
1	0	0	741	776	800	225	0	0	0	0
2	0	0	742	782	801	221	0	0	0	0
3	0	0	741	787	802	222	0	0	0	0
4	0	0	740	793	802	217	0	0	0	0
5	0	0	741	799	801	214	0	0	0	0
6	0	0	742	805	802	217	0	0	0	0
7	0	0	741	809	801	208	0	0	0	0
8	0	0	742	816	800	199	0	0	0	0
9	0	0	743	820	800	198	0	0	0	0
10	0	0	744	826	800	200	0	0	0	0
11	0	0	745	830	800	200	0	0	0	0
12	0	0	745	836	800	200	0	0	0	0
13	0	0	747	841	798	201	0	0	0	0
14	0	0	747	847	800	195	0	0	0	0
15	0	0	751	852	800	192	0	0	0	0
16	0	0	751	857	801	192	0	0	0	0
17	0	0	752	863	801	192	0	0	0	0
18	0	0	754	867	799	180	0	0	0	0
19	0	0	756	871	798	167	0	0	0	0
20	0	0	757	874	801	157	0	0	0	0
21	0	0	757	876	801	155	0	0	0	0
22	0	0	758	879	803	152	0	0	0	0
23	0	0	757	879	802	144	0	0	0	0
24	0	0	757	880	802	138	0	0	0	0
25	0	0	756	884	803	135	0	0	0	0
26	0	0	757	885	804	131	0	0	0	0
27	0	0	757	885	803	134	0	0	0	0
28	0	0	759	887	803	134	0	0	0	0
29	0	0	759	889	802	138	0	0	0	0
30	0	0	759	891	804	141	0	0	0	0
31	0	0	757	891	804	138	0	0	0	0
32	0	0	758	893	803	143	0	0	0	0
33	0	0	759	893	802	146	0	0	0	0
34	0	0	758	892	802	144	0	0	0	0
35	0	0	759	895	804	140	0	0	0	0
36	0	0	757	898	804	142	0	0	0	0
37	0	0	755	901	803	145	0	0	0	0
38	0	0	756	905	803	146	0	0	0	0
39	0	0	756	908	802	137	0	0	0	0
40	0	0	754	911	803	139	0	0	0	0
41	0	0	752	914	804	137	0	0	0	0
42	0	0	751	916	804	131	0	0	0	0
43	0	0	750	916	805	121	0	0	0	0
44	0	0	746	917	806	108	0	0	0	0
45	0	0	747	917	807	108	0	0	0	0
46	0	0	745	917	806	118	0	0	0	0
47	0	0	745	919	807	117	0	0	0	0
48	0	0	745	920	806	116	0	0	0	0
49	0	0	743	921	805	100	0	0	0	0
50	0	0	744	921	804	96	0	0	0	0
51	0	0	743	920	803	97	0	0	0	0
52	0	0	745	919	802	100	0	0	0	0
53	0	0	747	915	800	98	0	0	0	0
54	0	0	747	913	798	87	0	0	0	0
55	0	0	750	911	797	90	0	0	0	0
56	0	0	751	910	795	87	0	0	0	0
57	0	0	752	908	794	100	0	0	0	0
58	0	0	751	904	793	97	0	0	0	0
59	0	0	750	903	792	99	0	0	0	0
60	0	0	750	902	792	92	0	0	0	0
61	0	0	748	900	793	87	0	0	0	0
62	0	0	746	896	793	87	0	0	0	0
63	0	0	744	891	793	83	0	0	0	0
64	0	0	744	887	794	80	0	0	0	0
65	0	0	745	884	794	86	0	0	0	0
66	0	0	745	881	796	86	0	0	0	0
67	0	0	743	876	796	72	0	0	0	0
68	0	0	743	875	795	81	0	0	0	0
69	0	0	740	871	797	85	0	0	0	0
70	0	0	744	868	797	85	0	0	0	0
71	0	0	743	864	797	86	0	0	0	0
72	0	0	744	862	797	87	0	0	0	0
73	0	0	745	861	797	84	0	0	0	0
74	0	0	747	861	798	96	0	0	0	0
75	0	0	746	862	798	96	0	0	0	0
76	0	0	749	857	799	95	0	0	0	0
77	0	0	750	852	798	97	0	0	0	0
78	0	0	750	850	798	99	0	0	0	0
79	0	0	750	846	799	93	0	0	0	0
80	0	0	751	843	798	86	0	0	0	0
81	0	0	750	838	797	85	0	0	0	0
82	0	0	753	836	796	63	0	0	0	0
83	0	0	755	836	795	59	0	0	0	0
84	0	0	756	832	797	65	0	0	0	0
85	0	0	756	830	797	76	0	0	0	0
86	0	0	755	829	797	76	0	0	0	0
87	0	0	756	827	797	82	0	0	0	0
88	0	0	758	824	797	79	0	0	0	0
89	0	0	759	822	797	88	0	0	0	0
90	0	0	760	820	797	98	0	0	0	0
91	0	0	762	817	796	82	0	0	0	0
92	0	0	763	815	797	81	0	0	0	0
93	0	0	764	814	796	100	0	0	0	0
94	0	0	767	811	796	103	0	0	0	0
95	0	0	768	808	796	96	0	0	0	0
96	0	0	769	806	795	98	0	0	0	0
97	0	0	772	804	793	97	0	0	0	0
98	0	0	774	803	791	87	0	0	0	0
99	0	0	774	800	791	102	0	0	0	0
100	0	0	775	797	791	95	0	0	0	0
101	0	0	776	794	790	90	0	0	0	0
102	0	0	777	793	789	84	0	0	0	0
103	0	0	778	790	789	79	0	0	0	0
104	0	0	779	790	787	71	0	0	0	0
105	0	0	780	786	786	84	0	0	0	0
106	0	0	781	784	784	85	0	0	0	0
107	0	0	781	785	785	84	0	0	0	0
108	0	0	783	781	783	70	0	0	0	0
109	0	0	784	778	782	91	0	0	0	0
110	0	0	786	779	782	91	0	0	0	0
111	0	0	788	779	781	96	0	0	0	0
112	0	0	785	775	781	83	0	0	0	0
113	0	0	787	772	781	95	0	0	0	0
114	0	0	788	770	781	101	0	0	0	0
115	0	0	788	767	782	101	0	0	0	0
116	0	0	789	764	780	101	0	0	0	0
117	0	0	789	762	781	105	0	0	0	0
118	0	0	789	757	780	98	0	0	0	0
119	0	0	790	757	781	86	0	0	0	0
120	0	0	789	755	783	91	0	0	0	0
121	0	0	788	753	782	91	0	0	0	0
122	0	0	787	752	782	80	0	0	0	0
123	0	0	785	752	782	73	0	0	0	0
124	0	0	784	750	782	68	0	0	0	0
125	0	0	783	749	782	80	0	0	0	0
126	0	0	783	749	782	84	0	0	0	0
127	0	0	782	748	782	84	0	0	0	0
0	0	0	781	746	781	86	0	0	0	0
1	0	0	782	744	781	88	0	0	0	0
2	0	0	781	743	781	91	0	0	0	0
3	0	0	781	741	780	91	0	0	0	0
4	0	0	782	739	779	86	0	0	0	0
5	0	0	782	738	779	86	0	0	0	0
6	0	0	783	735	779	97	0	0	0	0
7	0	0	783	733	780	97	0	0	0	0
8	0	0	783	733	780	99	0	0	0	0
9	0	0	781	732	779	102	0	0	0	0
10	0	0	780	730	779	99	0	0	0	0
11	0	0	781	731	780	97	0	0	0	0
12	0	0	781	731	780	90	0	0	0	0
13	0	0	783	731	780	86	0	0	0	0
14	0	0	783	730	781	81	0	0	0	0
15	0	0	784	730	781	77	0	0	0	0
16	0	0	785	730	780	74	0	0	0	0
17	0	0	785	729	780	69	0	0	0	0
18	0	0	785	729	781	74	0	0	0	0
19	0	0	784	730	781	73	0	0	0	0
20	0	0	786	731	781	69	0	0	0	0
21	0	0	788	730	781	87	0	0	0	0
22	0	0	788	731	781	94	0	0	0	0
23	0	0	789	733	782	93	0	0	0	0
24	0	0	788	733	782	94	0	0	0	0
25	0	0	787	733	783	91	0	0	0	0
26	0	0	787	736	782	94	0	0	0	0
27	0	0	786	737	783	93	0	0	0	0
28	0	0	788	738	783	95	0	0	0	0
29	0	0	788	739	782	97	0	0	0	0
30	0	0	788	740	783	98	0	0	0	0
31	0	0	787	740	782	91	0	0	0	0
32	0	0	788	740	783	85	0	0	0	0
33	0	0	789	741	782	69	0	0	0	0
34	0	0	790	742	782	65	0	0	0	0
35	0	0	789	743	782	65	0	0	0	0
36	0	0	789	744	781	71	0	0	0	0
37	0	0	788	745	781	72	0	0	0	0
38	0	0	788	748	780	75	0	0	0	0
39	0	0	789	750	780	76	0	0	0	0
40	0	0	790	751	779	75	0	0	0	0
41	0	0	790	753	778	79	0	0	0	0
42	0	0	790	754	777	83	0	0	0	0
43	0	0	791	754	777	84	0	0	0	0
44	0	0	791	755	775	87	0	0	0	0
45	0	0	792	756	773	88	0	0	0	0
46	0	0	792	757	773	87	0	0	0	0
47	0	0	793	758	771	87	0	0	0	0
48	0	0	793	760	771	84	0	0	0	0
49	0	0	793	762	768	101	0	0	0	0
50	0	0	795	762	768	100	0	0	0	0
51	0	0	795	764	767	95	0	0	0	0
52	0	0	796	765	766	87	0	0	0	0
53	0	0	799	765	765	85	0	0	0	0
54	0	0	798	766	762	81	0	0	0	0
55	0	0	800	767	762	76	0	0	0	0
56	0	0	801	768	760	72	0	0	0	0
57	0	0	802	769	759	71	0	0	0	0
58	0	0	804	771	758	79	0	0	0	0
59	0	0	804	772	756	77	0	0	0	0
60	0	0	804	773	755	77	0	0	0	0
61	0	0	805	775	754	80	0	0	0	0
62	0	0	806	774	754	85	0	0	0	0
63	0	0	807	776	754	86	0	0	0	0
64	0	0	808	776	752	87	0	0	0	0
65	0	0	807	777	751	87	0	0	0	0
66	0	0	808	778	751	85	0	0	0	0
67	0	0	809	779	751	85	0	0	0	0
68	0	0	810	780	750	93	0	0	0	0
69	0	0	810	781	750	97	0	0	0	0
70	0	0	811	782	749	96	0	0	0	0
71	0	0	812	782	748	90	0	0	0	0
72	0	0	811	784	749	83	0	0	0	0
73	0	0	811	784	748	79	0	0	0	0
74	0	0	810	784	747	68	0	0	0	0
75	0	0	812	785	747	74	0	0	0	0
76	0	0	813	786	747	65	0	0	0	0
77	0	0	813	786	747	65	0	0	0	0
78	0	0	813	786	748	67	0	0	0	0
79	0	0	814	785	746	61	0	0	0	0
80	0	0	815	786	746	63	0	0	0	0
81	0	0	816	785	746	54	0	0	0	0
82	0	0	814	785	747	57	0	0	1	0
83	0	0	815	785	747	59	0	0	0	0
84	0	0	815	785	748	62	0	0	0	0
85	0	0	816	787	748	63	0	0	0	0
86	0	0	816	787	749	66	0	0	0	0
87	0	0	815	787	748	65	0	0	0	0
88	0	0	814	786	749	65	0	0	0	0
89	0	0	814	787	749	71	0	0	0	0
90	0	0	815	787	749	70	0	0	0	0
91	0	0	815	787	750	64	0	0	0	0
92	0	0	817	787	750	58	0	0	0	0
93	0	0	818	786	749	57	0	0	0	0
94	0	0	819	786	750	55	0	0	0	0
95	0	0	819	786	749	62	0	0	0	0
96	0	0	819	787	750	59	0	0	0	0
97	0	0	819	787	749	60	0	0	0	0
98	0	0	819	786	749	63	0	0	0	0
99	0	0	820	786	750	62	0	0	0	0
100	0	0	820	785	750	63	0	0	0	0
101	0	0	819	785	749	64	0	0	0	0
102	0	0	820	785	750	69	0	0	0	0
103	0	0	820	785	750	71	0	0	0	0
104	0	0	819	785	750	72	0	0	0	0
105	0	0	819	786	750	75	0	0	0	0
106	0	0	819	785	750	77	0	0	0	0
107	0	0	818	786	750	77	0	0	0	0
108	0	0	817	785	751	77	0	0	0	0
109	0	0	816	785	751	81	0	0	0	0
110	0	0	815	785	751	80	0	0	0	0
111	0	0	815	786	752	77	0	0	0	0
112	0	0	813	784	752	72	0	0	0	0
113	0	0	813	785	752	69	0	0	0	0
114	0	0	812	785	753	65	0	0	0	0
115	0	0	810	786	753	63	0	0	0	0
116	0	0	810	786	753	58	0	0	0	0
117	0	0	809	787	754	59	0	0	0	0
118	0	0	808	787	754	60	0	0	0	0
119	0	0	807	787	755	59	0	0	0	0
120	0	0	806	787	755	60	0	0	0	0
121	0	0	809	789	756	63	0	0	0	0
122	0	0	805	788	758	67	0	0	0	0
123	0	0	804	788	757	69	0	0	0	0
124	0	0	804	788	758	71	0	0	0	0
125	0	0	803	789	758	71	0	0	0	0
126	0	0	804	786	758	75	0	0	0	0
127	0	0	804	788	759	73	0	0	0	0
0	0	0	804	786	759	70	0	0	0	0
1	0	0	804	786	760	75	0	0	0	0
2	0	0	804	786	761	75	0	0	0	0
3	0	0	803	786	761	70	0	0	0	0
4	0	0	802	786	762	65	0	0	0	0
5	0	0	802	786	762	61	0	0	0	0
6	0	0	803	786	763	59	0	0	0	0
7	0	0	803	787	763	52	0	0	0	0
8	0	0	803	787	763	48	0	0	0	0
9	0	0	803	787	763	48	0	0	0	0
10	0	0	802	787	762	49	0	0	0	0
11	0	0	803	786	763	51	0	0	0	0
12	0	0	803	786	764	49	0	0	0	0
13	0	0	804	786	764	50	0	0	0	0
14	0	0	803	786	763	52	0	0	0	0
15	0	0	804	786	764	50	0	0	0	0
16	0	0	804	786	764	48	0	0	0	0
17	0	0	804	786	765	41	0	0	0	0
18	0	0	804	786	765	39	0	0	0	0
19	0	0	803	785	766	29	0	0	0	0
20	0	0	803	785	766	16	0	0	0	0
21	0	0	802	785	767	0	0	0	0	0
22	0	0	802	785	767	0	0	0	0	0
23	0	0	803	786	767	92	0	0	0	0
24	0	0	803	787	767	822	0	0	0	0
25	0	0	802	788	768	1008	0	0	0	0
26	0	0	803	789	768	1281	0	0	0	0
27	0	0	801	790	769	1379	0	0	0	0
28	0	0	802	790	773	1330	0	0	0	0
29	0	0	802	790	773	1325	0	0	0	0
30	0	0	800	791	776	1363	0	0	0	0
31	0	0	797	791	778	1334	0	0	0	0
32	0	0	793	790	778	1280	0	0	0	0
33	0	0	790	790	780	1168	0	0	0	0
34	0	0	789	788	778	1050	0	0	0	0
35	0	0	790	787	776	993	0	0	0	0
36	0	0	789	786	774	1019	0	0	0	0
37	0	0	788	786	772	1045	0	0	0	0
38	0	0	787	786	773	1065	0	0	0	0
39	0	0	786	785	774	1165	0	0	0	0
40	0	0	789	787	776	1279	0	0	0	0
41	0	0	792	788	780	1339	0	0	0	0
42	0	0	793	788	784	1390	0	0	0	0
43	0	0	794	787	786	1447	0	0	0	0
44	0	0	791	785	789	1423	0	0	0	0
45	0	0	785	783	791	1411	0	0	0	0
46	0	0	781	782	796	1331	0	0	0	0
47	0	0	775	780	802	1291	0	0	0	0
48	0	0	767	778	806	1181	0	0	0	0
49	0	0	764	777	821	1134	0	0	0	0
50	0	0	753	781	846	1122	0	0	0	0
51	0	0	727	782	874	1069	0	0	0	0
52	0	0	675	776	915	1015	0	0	0	0
53	0	0	584	763	961	961	0	0	0	0
54	0	0	446	742	1003	959	0	0	0	0
55	0	0	296	714	1045	946	0	0	0	0
56	0	0	192	683	1086	901	0	0	0	0
57	0	0	132	651	1103	856	0	0	0	0
58	0	0	140	601	1108	780	0	0	0	0
59	0	0	236	548	1103	702	0	0	0	0
60	0	0	389	517	1096	585	0	0	0	0
61	0	0	546	526	1088	542	0	0	0	0
62	0	0	619	555	1100	516	0	0	0	0
63	0	0	656	572	1133	447	0	0	0	0
64	0	0	686	581	1177	453	0	0	0	0
65	0	0	703	601	1231	452	0	0	0	0
66	0	0	700	633	1292	476	0	0	0	0
67	0	0	724	661	1350	475	0	0	0	0
68	0	0	728	665	1400	481	0	0	0	0
69	0	0	712	642	1438	545	0	0	0	0
70	0	0	688	597	1459	564	0	0	0	0
71	0	0	651	532	1454	633	0	0	0	0
72	0	0	595	456	1438	680	0	0	0	0
73	0	0	502	372	1399	718	0	0	0	0
74	0	0	428	289	1337	790	0	0	0	0
75	0	0	432	200	1241	908	0	0	0	0
76	0	0	512	138	1125	1003	0	0	0	0
77	0	0	587	94	965	1072	0	0	0	0
78	0	0	689	66	829	1139	0	0	0	0
79	0	0	899	50	716	1225	0	0	0	0
80	0	0	1054	40	629	1251	0	0	0	0
81	0	0	1114	34	546	1303	0	0	0	0
82	0	0	1121	30	490	1340	0	0	0	0
83	0	0	1144	28	450	1409	0	0	0	0
84	0	0	1153	27	432	1469	0	0	0	0
85	0	0	1195	25	442	1526	0	0	0	0
86	0	0	1232	25	453	1582	0	0	0	0
87	0	0	1270	27	472	1651	0	0	0	0
88	0	0	1274	52	481	1721	0	0	0	0
89	0	0	1279	74	499	1747	0	0	0	0
90	0	0	1265	97	533	1770	0	0	0	0
91	0	0	1264	126	569	1804	0	0	0	0
92	0	0	1238	160	613	1818	0	0	0	0
93	0	0	1190	205	652	1862	0	0	0	0
94	0	0	1136	248	682	1895	0	0	0	0
95	0	0	1090	283	708	1920	0	0	0	0
96	0	0	1036	317	730	1952	0	0	0	0
97	0	0	980	347	756	1989	0	0	0	0
98	0	0	925	375	784	2019	0	0	0	0
99	0	0	879	391	810	2060	0	0	0	0
100	0	0	850	392	835	2052	0	0	0	0
101	0	0	832	374	853	2063	0	0	0	0
102	0	0	818	351	866	2071	0	0	0	0
103	0	0	805	320	880	2083	0	0	0	0
104	0	0	796	292	891	2090	0	0	0	0
105	0	0	780	266	896	2084	0	0	0	0
106	0	0	766	243	903	2085	0	0	0	0
107	0	0	758	216	907	2083	0	0	0	0
108	0	0	757	185	913	2084	0	0	0	0
109	0	0	760	155	922	2084	0	0	0	0
110	0	0	763	127	927	2080	0	0	0	0
111	0	0	776	106	938	2077	0	0	0	0
112	0	0	784	90	943	2071	0	0	0	0
113	0	0	791	80	948	2063	0	0	0	0
114	0	0	807	79	948	2056	0	0	0	0
115	0	0	825	86	946	2056	0	0	0	0
116	0	0	842	103	947	2051	0	0	0	0
117	0	0	856	122	949	2049	0	0	0	0
118	0	0	875	144	955	2053	0	0	0	0
119	0	0	889	171	961	2054	0	0	0	0
120	0	0	907	196	968	2057	0	0	0	0
121	0	0	923	221	972	2060	0	0	0	0
122	0	0	940	247	974	2059	0	0	0	0
123	0	0	954	270	977	2063	0	0	0	0
124	0	0	968	297	979	2065	0	0	0	0
125	0	0	972	321	979	2067	0	0	0	0
126	0	0	976	345	981	2070	0	0	0	0
127	0	0	978	368	983	2070	0	0	0	0
0	0	0	975	390	984	2069	0	0	0	0
1	0	0	969	411	985	2074	0	0	0	0
2	0	0	958	429	984	2071	0	0	0	0
3	0	0	945	446	983	2076	0	0	0	0
4	0	0	932	462	980	2085	0	0	0	0
5	0	0	919	477	973	2088	0	0	0	0
6	0	0	907	491	964	2084	0	0	0	0
7	0	0	893	500	953	2083	0	0	0	0
8	0	0	886	510	938	2079	0	0	0	0
9	0	0	879	518	923	2075	0	0	0	0
10	0	0	873	526	907	2071	0	0	0	0
11	0	0	868	532	890	2051	0	0	0	0
12	0	0	865	533	876	2043	0	0	0	0
13	0	0	864	531	860	2038	0	0	0	0
14	0	0	866	531	843	2035	0	0	0	0
15	0	0	870	535	827	2031	0	0	0	0
16	0	0	872	540	809	2021	0	0	0	0
17	0	0	874	545	792	2017	0	0	0	0
18	0	0	875	548	779	2008	0	0	0	0
19	0	0	878	549	766	2000	0	0	0	0
20	0	0	880	550	753	1990	0	0	0	0
21	0	0	881	552	741	1978	0	0	0	0
22	0	0	883	554	734	1971	0	0	0	0
23	0	0	886	557	728	1967	0	0	0	0
24	0	0	889	559	723	1962	0	0	0	0
25	0	0	890	558	718	1954	0	0	0	0
26	0	0	893	562	717	1942	0	0	0	0
27	0	0	895	565	714	1930	0	0	0	0
28	0	0	894	568	713	1917	0	0	0	0
29	0	0	892	572	712	1908	0	0	0	0
30	0	0	889	574	713	1897	0	0	0	0
31	0	0	884	577	715	1880	0	0	0	0
32	0	0	882	580	716	1858	0	0	0	0
33	0	0	876	583	717	1851	0	0	0	0
34	0	0	869	587	718	1842	0	0	0	0
35	0	0	862	590	722	1834	0	0	0	0
36	0	0	855	595	726	1829	0	0	0	0
37	0	0	848	598	729	1811	0	0	0	0
38	0	0	842	602	732	1790	0	0	0	0
39	0	0	836	606	735	1781	0	0	0	0
40	0	0	830	609	740	1767	0	0	0	0
41	0	0	825	612	744	1763	0	0	0	0
42	0	0	820	614	750	1762	0	0	0	0
43	0	0	814	616	753	1759	0	0	0	0
44	0	0	810	619	757	1757	0	0	0	0
45	0	0	809	621	763	1753	0	0	0	0
46	0	0	805	623	768	1748	0	0	0	0
47	0	0	803	623	772	1736	0	0	0	0
48	0	0	800	624	777	1732	0	0	0	0
49	0	0	801	625	782	1730	0	0	0	0
50	0	0	801	627	786	1730	0	0	0	0
51	0	0	801	627	791	1729	0	0	0	0
52	0	0	802	627	793	1728	0	0	0	0
53	0	0	807	625	795	1727	0	0	0	0
54	0	0	809	623	796	1725	0	0	0	0
55	0	0	814	621	796	1728	0	0	0	0
56	0	0	818	618	794	1724	0	0	0	0
57	0	0	822	616	793	1725	0	0	0	0
58	0	0	826	613	792	1719	0	0	0	0
59	0	0	828	611	790	1709	0	0	0	0
60	0	0	830	608	789	1705	0	0	0	0
61	0	0	832	608	788	1699	0	0	0	0
62	0	0	834	606	789	1700	0	0	0	0
63	0	0	836	606	789	1705	0	0	0	0
64	0	0	838	605	790	1700	0	0	0	0
65	0	0	838	609	793	1695	0	0	0	0
66	0	0	838	612	795	1691	0	0	0	0
67	0	0	835	613	797	1690	0	0	0	0
68	0	0	830	615	800	1683	0	0	0	0
69	0	0	826	616	804	1680	0	0	0	0
70	0	0	820	617	809	1680	0	0	0	0
71	0	0	813	615	814	1678	0	0	0	0
72	0	0	807	612	819	1678	0	0	0	0
73	0	0	802	609	825	1679	0	0	0	0
74	0	0	798	603	829	1680	0	0	0	0
75	0	0	794	600	834	1679	0	0	0	0
76	0	0	790	594	838	1677	0	0	0	0
77	0	0	788	588	842	1677	0	0	0	0
78	0	0	784	581	847	1672	0	0	0	0
79	0	0	782	572	850	1672	0	0	0	0
80	0	0	781	565	852	1674	0	0	0	0
81	0	0	780	557	855	1673	0	0	0	0
82	0	0	778	550	858	1672	0	0	0	0
83	0	0	777	545	858	1673	0	0	0	0
84	0	0	775	539	859	1670	0	0	0	0
85	0	0	775	536	858	1669	0	0	0	0
86	0	0	774	533	858	1666	0	0	0	0
87	0	0	775	531	857	1668	0	0	0	0
88	0	0	774	530	855	1667	0	0	0	0
89	0	0	771	530	854	1670	0	0	0	0
90	0	0	770	531	851	1667	0	0	0	0
91	0	0	767	532	848	1667	0	0	0	0
92	0	0	766	534	846	1665	0	0	0	0
93	0	0	763	537	843	1664	0	0	0	0
94	0	0	761	540	841	1660	0	0	0	0
95	0	0	761	543	839	1655	0	0	0	0
96	0	0	762	547	837	1651	0	0	0	0
97	0	0	760	551	836	1635	0	0	0	0
98	0	0	760	555	835	1622	0	0	0	0
99	0	0	761	558	834	1612	0	0	0	0
100	0	0	762	563	835	1601	0	0	0	0
101	0	0	762	565	836	1595	0	0	0	0
102	0	0	764	568	836	1588	0	0	0	0
103	0	0	765	571	837	1582	0	0	0	0
104	0	0	766	574	838	1575	0	0	0	0
105	0	0	766	576	837	1564	0	0	0	0
106	0	0	767	577	837	1548	0	0	0	0
107	0	0	766	579	837	1549	0	0	0	0
108	0	0	766	580	836	1543	0	0	0	0
109	0	0	767	581	836	1530	0	0	0	0
110	0	0	765	582	836	1514	0	0	0	0
111	0	0	765	582	835	1487	0	0	0	0
112	0	0	766	585	834	1485	0	0	0	0
113	0	0	765	589	833	1487	0	0	0	0
114	0	0	768	592	831	1487	0	0	0	0
115	0	0	767	594	830	1479	0	0	0	0
116	0	0	768	597	829	1463	0	0	0	0
117	0	0	769	602	828	1458	0	0	0	0
118	0	0	770	607	827	1455	0	0	0	0
119	0	0	772	612	826	1451	0	0	0	0
120	0	0	772	616	825	1449	0	0	0	0
121	0	0	775	621	824	1436	0	0	0	0
122	0	0	776	626	824	1423	0	0	0	0
123	0	0	776	631	821	1414	0	0	0	0
124	0	0	777	638	821	1423	0	0	0	0
125	0	0	778	644	821	1429	0	0	0	0
126	0	0	778	648	819	1429	0	0	0	0
127	0	0	779	652	819	1414	0	0	0	0
0	0	0	779	657	819	1406	0	0	0	0
1	0	0	781	662	819	1406	0	0	0	0
2	0	0	783	666	819	1396	0	0	0	0
3	0	0	783	670	817	1387	0	0	0	0
4	0	0	784	675	816	1369	0	0	0	0
5	0	0	785	680	816	1356	0	0	0	0
6	0	0	786	683	815	1346	0	0	0	0
7	0	0	788	688	812	1342	0	0	0	0
8	0	0	788	691	814	1335	0	0	0	0
9	0	0	789	695	813	1327	0	0	0	0
10	0	0	789	699	812	1317	0	0	0	0
11	0	0	791	701	812	1308	0	0	0	0
12	0	0	792	706	812	1298	0	0	0	0
13	0	0	792	708	811	1291	0	0	0	0
14	0	0	794	711	810	1286	0	0	0	0
15	0	0	795	714	809	1283	0	0	0	0
16	0	0	795	716	809	1277	0	0	0	0
17	0	0	796	718	808	1272	0	0	0	0
18	0	0	796	722	806	1264	0	0	0	0
19	0	0	797	722	806	1254	0	0	0	0
20	0	0	797	723	804	1249	0	0	0	0
21	0	0	796	724	803	1252	0	0	0	0
22	0	0	796	724	803	1263	0	0	0	0
23	0	0	795	725	803	1260	0	0	0	0
24	0	0	795	725	802	1267	0	0	0	0
25	0	0	796	725	801	1270	0	0	0	0
26	0	0	796	726	800	1273	0	0	0	0
27	0	0	795	728	800	1271	0	0	0	0
28	0	0	795	728	800	1270	0	0	0	0
29	0	0	795	728	798	1273	0	0	0	0
30	0	0	795	730	798	1283	0	0	0	0
31	0	0	794	731	797	1291	0	0	0	0
32	0	0	794	732	797	1307	0	0	0	0
33	0	0	793	733	796	1306	0	0	0	0
34	0	0	793	733	796	1307	0	0	0	0
35	0	0	793	732	793	1304	0	0	0	0
36	0	0	793	731	792	1302	0	0	0	0
37	0	0	794	730	792	1306	0	0	0	0
38	0	0	794	728	792	1299	0	0	0	0
39	0	0	793	727	790	1297	0	0	0	0
40	0	0	792	727	789	1295	0	0	0	0
41	0	0	793	724	788	1299	0	0	0	0
42	0	0	792	723	788	1298	0	0	0	0
43	0	0	792	721	788	1294	0	0	0	0
44	0	0	791	720	786	1295	0	0	0	0
45	0	0	792	718	787	1303	0	0	0	0
46	0	0	791	717	785	1306	0	0	0	0
47	0	0	790	717	784	1309	0	0	0	0
48	0	0	789	716	784	1315	0	0	0	0
49	0	0	790	717	784	1321	0	0	0	0
50	0	0	790	715	783	1323	0	0	0	0
51	0	0	788	715	780	1323	0	0	0	0
52	0	0	788	716	784	1324	0	0	0	0
53	0	0	788	714	784	1326	0	0	0	0
54	0	0	786	714	784	1333	0	0	0	0
55	0	0	785	714	784	1333	0	0	0	0
56	0	0	784	714	784	1339	0	0	0	0
57	0	0	783	713	785	1330	0	0	0	0
58	0	0	782	714	786	1332	0	0	0	0
59	0	0	781	714	787	1337	0	0	0	0
60	0	0	780	714	787	1346	0	0	0	0
61	0	0	778	714	788	1347	0	0	0	0
62	0	0	777	714	789	1355	0	0	0	0
63	0	0	775	713	791	1351	0	0	0	0
64	0	0	775	713	792	1359	0	0	0	0
65	0	0	774	712	793	1363	0	0	0	0
66	0	0	774	711	795	1363	0	0	0	0
67	0	0	773	711	796	1361	0	0	0	0
68	0	0	771	710	797	1361	0	0	0	0
69	0	0	767	711	799	1359	0	0	0	0
70	0	0	770	710	800	1361	0	0	0	0
71	0	0	769	708	801	1367	0	0	0	0
72	0	0	769	711	801	1379	0	0	0	0
73	0	0	770	711	802	1388	0	0	0	0
74	0	0	768	711	803	1391	0	0	0	0
75	0	0	766	709	805	1397	0	0	0	0
76	0	0	767	709	806	1403	0	0	0	0
77	0	0	769	711	805	1414	0	0	0	0
78	0	0	768	713	808	1421	0	0	0	0
79	0	0	768	714	810	1430	0	0	0	0
80	0	0	767	712	810	1435	0	0	0	0
81	0	0	764	713	811	1447	0	0	0	0
82	0	0	764	711	813	1456	0	0	0	0
83	0	0	761	711	814	1459	0	0	0	0
84	0	0	761	711	816	1462	0	0	0	0
85	0	0	761	711	817	1464	0	0	0	0
86	0	0	763	711	820	1466	0	0	0	0
87	0	0	764	711	819	1469	0	0	0	0
88	0	0	765	710	819	1480	0	0	0	0
89	0	0	764	709	820	1486	0	0	0	0
90	0	0	764	709	821	1487	0	0	0	0
91	0	0	766	709	822	1489	0	0	0	0
92	0	0	767	710	821	1493	0	0	0	0
93	0	0	769	709	822	1497	0	0	0	0
94	0	0	771	708	822	1503	0	0	0	0
95	0	0	771	706	822	1507	0	0	0	0
96	0	0	772	705	822	1513	0	0	0	0
97	0	0	774	705	821	1521	0	0	0	0
98	0	0	774	703	820	1531	0	0	0	0
99	0	0	776	703	821	1547	0	0	0	0
100	0	0	778	702	820	1562	0	0	0	0
101	0	0	780	701	820	1579	0	0	0	0
102	0	0	782	701	820	1587	0	0	0	0
103	0	0	783	700	819	1593	0	0	0	0
104	0	0	784	700	819	1610	0	0	0	0
105	0	0	785	699	820	1619	0	0	0	0
106	0	0	787	698	817	1619	0	0	0	0
107	0	0	788	698	817	1625	0	0	0	0
108	0	0	789	696	818	1634	0	0	0	0
109	0	0	790	695	817	1640	0	0	0	0
110	0	0	792	694	817	1650	0	0	0	0
111	0	0	793	693	818	1653	0	0	0	0
112	0	0	794	689	817	1657	0	0	0	0
113	0	0	794	690	817	1664	0	0	0	0
114	0	0	795	689	817	1669	0	0	0	0
115	0	0	795	687	818	1674	0	0	0	0
116	0	0	798	686	819	1676	0	0	0	0
117	0	0	798	684	819	1680	0	0	0	0
118	0	0	799	684	820	1683	0	0	0	0
119	0	0	799	683	819	1689	0	0	0	0
120	0	0	800	681	820	1694	0	0	0	0
121	0	0	800	680	821	1698	0	0	0	0
122	0	0	801	679	820	1705	0	0	0	0
123	0	0	802	677	821	1705	0	0	0	0
124	0	0	802	675	822	1706	0	0	0	0
125	0	0	802	673	821	1705	0	0	0	0
126	0	0	802	672	822	1707	0	0	0	0
127	0	0	804	671	822	1707	0	0	0	0
0	0	0	803	670	822	1707	0	0	0	0
1	0	0	803	667	822	1718	0	0	0	0
2	0	0	803	666	822	1716	0	0	0	0
3	0	0	803	664	822	1720	0	0	0	0
4	0	0	803	661	821	1722	0	0	0	0
5	0	0	802	660	820	1729	0	0	0	0
6	0	0	803	658	819	1733	0	0	0	0
7	0	0	804	655	818	1738	0	0	0	0
8	0	0	804	652	817	1747	0	0	0	0
9	0	0	803	649	817	1747	0	0	0	0
10	0	0	803	646	815	1751	0	0	0	0
11	0	0	804	644	814	1753	0	0	0	0
12	0	0	804	641	813	1760	0	0	0	0
13	0	0	804	638	811	1765	0	0	0	0
14	0	0	803	635	810	1771	0	0	0	0
15	0	0	803	632	810	1773	0	0	0	0
16	0	0	803	629	808	1775	0	0	0	0
17	0	0	803	628	806	1779	0	0	0	0
18	0	0	802	625	805	1781	0	0	0	0
19	0	0	800	623	805	1777	0	0	0	0
20	0	0	800	622	804	1777	0	0	0	0
21	0	0	798	621	802	1778	0	0	0	0
22	0	0	797	621	802	1782	0	0	0	0
23	0	0	798	619	801	1788	0	0	0	0
24	0	0	796	618	801	1794	0	0	0	0
25	0	0	793	618	801	1799	0	0	0	0
26	0	0	793	618	801	1798	0	0	0	0
27	0	0	792	617	800	1796	0	0	0	0
28	0	0	790	617	800	1798	0	0	0	0
29	0	0	788	617	799	1802	0	0	0	0
30	0	0	787	617	799	1809	0	0	0	0
31	0	0	785	615	798	1814	0	0	0	0
32	0	0	784	615	798	1821	0	0	0	0
33	0	0	784	615	799	1823	0	0	0	0
34	0	0	784	615	798	1824	0	0	0	0
35	0	0	783	614	795	1827	0	0	0	0
36	0	0	783	613	794	1832	0	0	0	0
37	0	0	784	612	794	1837	0	0	0	0
38	0	0	784	611	793	1835	0	0	0	0
39	0	0	781	611	792	1839	0	0	0	0
40	0	0	781	610	792	1836	0	0	0	0
41	0	0	781	608	790	1835	0	0	0	0
42	0	0	781	608	790	1834	0	0	0	0
43	0	0	781	607	790	1843	0	0	0	0
44	0	0	780	607	790	1844	0	0	0	0
45	0	0	779	606	790	1844	0	0	0	0
46	0	0	779	606	787	1843	0	0	0	0
47	0	0	779	605	787	1842	0	0	0	0
48	0	0	781	604	787	1845	0	0	0	0
49	0	0	781	603	786	1848	0	0	0	0
50	0	0	782	602	784	1846	0	0	0	0
51	0	0	783	600	784	1844	0	0	0	0
52	0	0	784	599	783	1849	0	0	0	0
53	0	0	785	598	782	1851	0	0	0	0
54	0	0	785	598	782	1854	0	0	0	0
55	0	0	785	596	782	1854	0	0	0	0
56	0	0	787	596	783	1856	0	0	0	0
57	0	0	787	596	782	1854	0	0	0	0
58	0	0	787	596	782	1852	0	0	0	0
59	0	0	788	596	783	1854	0	0	0	0
60	0	0	788	597	782	1853	0	0	0	0
61	0	0	787	597	782	1851	0	0	0	0
62	0	0	787	596	783	1851	0	0	0	0
63	0	0	787	597	783	1852	0	0	0	0
64	0	0	787	599	782	1853	0	0	0	0
65	0	0	788	599	783	1855	0	0	0	0
66	0	0	787	600	783	1853	0	0	0	0
67	0	0	787	601	784	1849	0	0	0	0
68	0	0	788	602	785	1848	0	0	0	0
69	0	0	788	602	785	1849	0	0	0	0
70	0	0	788	603	786	1848	0	0	0	0
71	0	0	788	604	786	1848	0	0	0	0
72	0	0	789	604	787	1849	0	0	0	0
73	0	0	790	606	788	1847	0	0	0	0
74	0	0	790	606	788	1849	0	0	0	0
75	0	0	789	607	788	1849	0	0	0	0
76	0	0	789	607	789	1849	0	0	0	0
77	0	0	790	607	789	1852	0	0	0	0
78	0	0	791	608	790	1850	0	0	0	0
79	0	0	791	609	790	1850	0	0	0	0
80	0	0	792	609	790	1849	0	0	0	0
81	0	0	791	610	791	1850	0	0	0	0
82	0	0	790	611	792	1849	0	0	0	0
83	0	0	790	611	792	1850	0	0	0	0
84	0	0	790	611	793	1851	0	0	0	0
85	0	0	791	611	793	1849	0	0	0	0
86	0	0	790	611	794	1850	0	0	0	0
87	0	0	791	612	794	1851	0	0	0	0
88	0	0	792	613	795	1849	0	0	0	0
89	0	0	791	612	795	1848	0	0	0	0
90	0	0	791	613	795	1845	0	0	0	0
91	0	0	792	614	796	1844	0	0	0	0
92	0	0	792	614	797	1845	0	0	0	0
93	0	0	793	615	797	1845	0	0	0	0
94	0	0	792	615	796	1845	0	0	0	0
95	0	0	791	615	798	1843	0	0	0	0
96	0	0	791	617	797	1843	0	0	0	0
97	0	0	791	617	798	1841	0	0	0	0
98	0	0	792	618	798	1838	0	0	0	0
99	0	0	792	619	799	1836	0	0	0	0
100	0	0	791	619	799	1833	0	0	0	0
101	0	0	792	620	800	1830	0	0	0	0
102	0	0	792	619	800	1827	0	0	0	0
103	0	0	792	620	800	1824	0	0	0	0
104	0	0	793	621	801	1823	0	0	0	0
105	0	0	792	621	802	1820	0	0	0	0
106	0	0	792	622	802	1820	0	0	0	0
107	0	0	792	623	802	1821	0	0	0	0
108	0	0	791	624	802	1819	0	0	0	0
109	0	0	791	624	804	1821	0	0	0	0
110	0	0	791	624	804	1820	0	0	0	0
111	0	0	791	624	805	1819	0	0	0	0
112	0	0	792	625	804	1821	0	0	0	0
113	0	0	792	626	804	1819	0	0	0	0
114	0	0	790	627	805	1820	0	0	0	0
115	0	0	789	628	805	1816	0	0	0	0
116	0	0	790	628	806	1813	0	0	0	0
117	0	0	790	628	807	1807	0	0	0	0
118	0	0	790	629	804	1805	0	0	0	0
119	0	0	790	630	806	1804	0	0	0	0
120	0	0	790	631	807	1800	0	0	0	0
121	0	0	790	631	807	1796	0	0	0	0
122	0	0	791	632	808	1796	0	0	0	0
123	0	0	792	633	808	1792	0	0	0	0
124	0	0	793	634	809	1785	0	0	0	0
125	0	0	791	635	809	1782	0	0	0	0
126	0	0	792	636	809	1784	0	0	0	0
127	0	0	791	636	808	1784	0	0	0	0
0	0	0	791	638	809	1781	0	0	0	0
1	0	0	791	639	809	1779	0	0	0	0
2	0	0	791	638	809	1778	0	0	0	0
3	0	0	793	640	809	1775	0	0	0	0
4	0	0	793	639	809	1774	0	0	0	0
5	0	0	791	641	808	1772	0	0	0	0
6	0	0	791	643	809	1774	0	0	0	0
7	0	0	791	645	808	1769	0	0	0	0
8	0	0	792	645	809	1767	0	0	0	0
9	0	0	790	645	808	1766	0	0	0	0
10	0	0	790	645	808	1758	0	0	0	0
11	0	0	790	646	808	1758	0	0	0	0
12	0	0	790	646	809	1757	0	0	0	0
13	0	0	790	647	809	1754	0	0	0	0
14	0	0	790	648	808	1752	0	0	0	0
15	0	0	789	647	808	1753	0	0	0	0
16	0	0	789	647	808	1752	0	0	0	0
17	0	0	789	649	809	1750	0	0	0	0
18	0	0	790	649	808	1750	0	0	0	0
19	0	0	790	648	808	1748	0	0	0	0
20	0	0	790	650	808	1744	0	0	0	0
21	0	0	791	651	808	1742	0	0	0	0
22	0	0	790	652	808	1740	0	0	0	0
23	0	0	790	652	808	1738	0	0	0	0
24	0	0	790	651	808	1737	0	0	0	0
25	0	0	790	651	808	1735	0	0	0	0
26	0	0	791	652	807	1735	0	0	0	0
27	0	0	791	651	808	1735	0	0	0	0
28	0	0	791	652	809	1733	0	0	0	0
29	0	0	792	652	809	1733	0	0	0	0
30	0	0	792	652	811	1733	0	0	0	0
31	0	0	793	654	809	1730	0	0	0	0
32	0	0	793	655	809	1729	0	0	0	0
33	0	0	793	655	809	1728	0	0	0	0
34	0	0	794	654	809	1727	0	0	0	0
35	0	0	792	654	809	1728	0	0	0	0
36	0	0	793	653	808	1729	0	0	0	0
37	0	0	793	654	809	1728	0	0	0	0
38	0	0	793	654	809	1730	0	0	0	0
39	0	0	793	654	810	1728	0	0	0	0
40	0	0	795	655	811	1729	0	0	0	0
41	0	0	796	655	810	1729	0	0	0	0
42	0	0	797	654	810	1731	0	0	0	0
43	0	0	795	655	809	1731	0	0	0	0
44	0	0	795	655	810	1732	0	0	0	0
45	0	0	796	655	810	1732	0	0	0	0
46	0	0	796	655	810	1733	0	0	0	0
47	0	0	795	656	809	1736	0	0	0	0
48	0	0	795	655	810	1737	0	0	0	0
49	0	0	797	655	809	1738	0	0	0	0
50	0	0	797	654	809	1737	0	0	0	0
