# bioPlux Text File Format
# Version: 1
# StartDateTime: 2012-03-21 16:05:02
# SamplingFrequency: 1000
# SampledChannels: 1 2 3 4 5 6 7 8
# SamplingResolution: 12
# AcquiringDevice: 00:07:80:93:66:BE
# EndOfHeader
0	0	0	764	546	860	2909	0	0	0	0
1	0	0	763	548	859	2912	0	0	0	0
2	0	0	761	549	859	2916	0	0	0	0
3	0	0	761	551	857	2915	0	0	0	0
4	0	0	760	552	855	2918	0	0	0	0
5	0	0	760	554	854	2922	0	0	0	0
6	0	0	758	555	852	2923	0	0	0	0
7	0	0	757	556	851	2926	0	0	0	0
8	0	0	756	558	850	2932	0	0	0	0
9	0	0	756	559	849	2934	0	0	0	0
10	0	0	754	559	847	2938	0	0	0	0
11	0	0	754	563	845	2940	0	0	0	0
12	0	0	750	562	844	2945	0	0	0	0
13	0	0	751	563	843	2949	0	0	0	0
14	0	0	750	564	841	2953	0	0	0	0
15	0	0	749	565	841	2957	0	0	0	0
16	0	0	747	568	840	2961	0	0	0	0
17	0	0	748	568	839	2968	0	0	0	0
18	0	0	746	570	839	2971	0	0	0	0
19	0	0	743	573	840	2977	0	0	0	0
20	0	0	742	574	839	2980	0	0	0	0
21	0	0	739	577	839	2984	0	0	0	0
22	0	0	738	579	839	2987	0	0	0	0
23	0	0	736	579	838	2988	0	0	0	0
24	0	0	734	581	839	2989	0	0	0	0
25	0	0	733	585	840	2990	0	0	0	0
26	0	0	733	587	840	2987	0	0	0	0
27	0	0	731	588	841	2987	0	0	0	0
28	0	0	731	590	841	2985	0	0	0	0
29	0	0	730	593	840	2980	0	0	0	0
30	0	0	729	594	841	2975	0	0	0	0
31	0	0	729	600	841	2973	0	0	0	0
32	0	0	729	603	841	2968	0	0	0	0
33	0	0	728	607	841	2963	0	0	0	0
34	0	0	726	611	842	2959	0	0	0	0
35	0	0	725	615	840	2947	0	0	0	0
36	0	0	726	620	841	2942	0	0	0	0
37	0	0	726	624	840	2936	0	0	0	0
38	0	0	726	628	840	2927	0	0	0	0
39	0	0	727	630	839	2919	0	0	0	0
40	0	0	728	633	840	2906	0	0	0	0
41	0	0	730	638	838	2901	0	0	0	0
42	0	0	730	641	837	2889	0	0	0	0
43	0	0	733	645	836	2872	0	0	0	0
44	0	0	732	648	834	2846	0	0	0	0
45	0	0	735	651	834	2826	0	0	0	0
46	0	0	736	655	833	2810	0	0	0	0
47	0	0	737	659	831	2778	0	0	0	0
48	0	0	739	663	830	2729	0	0	0	0
49	0	0	740	667	828	2689	0	0	0	0
50	0	0	741	671	826	2628	0	0	0	0
51	0	0	742	674	825	2577	0	0	0	0
52	0	0	743	677	824	2532	0	0	0	0
53	0	0	741	681	822	2444	0	0	0	0
54	0	0	742	684	821	2368	0	0	0	0
55	0	0	743	687	820	2287	0	0	0	0
56	0	0	742	690	819	2243	0	0	0	0
57	0	0	742	693	816	2194	0	0	0	0
58	0	0	743	697	816	2091	0	0	0	0
59	0	0	745	699	814	1991	0	0	0	0
60	0	0	743	704	813	1831	0	0	0	0
61	0	0	743	708	810	1762	0	0	0	0
62	0	0	742	711	810	1675	0	0	0	0
63	0	0	742	715	808	1588	0	0	0	0
64	0	0	743	719	808	1426	0	0	0	0
65	0	0	742	724	806	1288	0	0	0	0
66	0	0	742	727	805	1237	0	0	0	0
67	0	0	742	729	804	1143	0	0	0	0
68	0	0	742	733	803	1007	0	0	0	0
69	0	0	741	736	802	866	0	0	0	0
70	0	0	740	737	803	747	0	0	0	0
71	0	0	739	742	803	669	0	0	0	0
72	0	0	737	744	803	618	0	0	0	0
73	0	0	737	748	804	501	0	0	0	0
74	0	0	736	751	805	436	0	0	0	0
75	0	0	734	755	807	393	0	0	0	0
76	0	0	733	759	807	428	0	0	0	0
77	0	0	732	763	808	423	0	0	0	0
78	0	0	731	766	810	436	0	0	0	0
79	0	0	730	769	811	396	0	0	0	0
80	0	0	729	773	812	335	0	0	0	0
81	0	0	728	778	814	324	0	0	0	0
82	0	0	728	781	815	287	0	0	0	0
83	0	0	729	785	815	238	0	0	0	0
84	0	0	730	788	815	215	0	0	0	0
85	0	0	732	793	817	219	0	0	0	0
86	0	0	732	798	817	229	0	0	0	0
87	0	0	731	802	818	228	0	0	0	0
88	0	0	732	809	818	228	0	0	0	0
89	0	0	728	814	817	241	0	0	0	0
90	0	0	725	818	818	246	0	0	0	0
91	0	0	725	821	818	248	0	0	0	0
92	0	0	724	825	819	206	0	0	0	0
93	0	0	726	829	817	186	0	0	0	0
94	0	0	728	833	820	184	0	0	0	0
95	0	0	731	837	819	189	0	0	0	0
96	0	0	734	841	819	209	0	0	0	0
97	0	0	735	845	820	235	0	0	0	0
98	0	0	737	848	818	220	0	0	0	0
99	0	0	737	854	820	206	0	0	0	0
100	0	0	738	857	821	145	0	0	0	0
101	0	0	738	859	821	144	0	0	0	0
102	0	0	739	863	820	127	0	0	0	0
103	0	0	739	867	819	119	0	0	0	0
104	0	0	741	871	818	109	0	0	0	0
105	0	0	742	876	819	115	0	0	0	0
106	0	0	742	882	817	93	0	0	0	0
107	0	0	743	887	815	89	0	0	0	0
108	0	0	744	891	812	84	0	0	0	0
109	0	0	744	896	812	82	0	0	0	0
110	0	0	746	901	810	86	0	0	0	0
111	0	0	745	904	809	87	0	0	0	0
112	0	0	744	907	809	77	0	0	0	0
113	0	0	744	912	807	77	0	0	0	0
114	0	0	744	916	809	76	0	0	0	0
115	0	0	748	917	809	77	0	0	0	0
116	0	0	752	916	808	75	0	0	0	0
117	0	0	754	917	809	79	0	0	0	0
118	0	0	755	916	808	65	0	0	0	0
119	0	0	755	916	808	51	0	0	0	0
120	0	0	754	917	808	43	0	0	0	0
121	0	0	753	917	809	49	0	0	0	0
122	0	0	754	916	808	53	0	0	0	0
123	0	0	755	919	808	58	0	0	0	0
124	0	0	753	920	807	49	0	0	0	0
125	0	0	752	919	807	39	0	0	0	0
126	0	0	753	918	807	50	0	0	0	0
127	0	0	752	918	806	55	0	0	0	0
0	0	0	752	919	805	49	0	0	0	0
1	0	0	751	919	804	59	0	0	0	0
2	0	0	748	917	802	68	0	0	0	0
3	0	0	749	915	800	60	0	0	0	0
4	0	0	748	912	800	49	0	0	0	0
5	0	0	747	911	799	60	0	0	0	0
6	0	0	745	906	798	68	0	0	0	0
7	0	0	744	905	796	71	0	0	0	0
8	0	0	745	900	797	45	0	0	0	0
9	0	0	743	895	795	49	0	0	0	0
10	0	0	744	892	796	50	0	0	0	0
11	0	0	743	889	794	47	0	0	0	0
12	0	0	744	887	793	40	0	0	0	0
13	0	0	747	884	793	36	0	0	0	0
14	0	0	745	881	791	36	0	0	0	0
15	0	0	748	878	790	26	0	0	0	0
16	0	0	750	876	789	21	0	0	0	0
17	0	0	752	874	788	22	0	0	0	0
18	0	0	753	871	787	27	0	0	0	0
19	0	0	756	870	784	27	0	0	0	0
20	0	0	758	868	783	29	0	0	0	0
21	0	0	760	866	782	36	0	0	0	0
22	0	0	760	865	779	28	0	0	0	0
23	0	0	761	863	778	27	0	0	0	0
24	0	0	762	862	775	27	0	0	0	0
25	0	0	762	860	774	33	0	0	0	0
26	0	0	763	860	773	35	0	0	0	0
27	0	0	763	858	771	37	0	0	0	0
28	0	0	764	859	770	39	0	0	0	0
29	0	0	764	857	771	46	0	0	0	0
30	0	0	765	852	769	44	0	0	0	0
31	0	0	766	852	769	43	0	0	0	0
32	0	0	767	849	767	33	0	0	0	0
33	0	0	769	847	766	28	0	0	0	0
34	0	0	771	846	765	43	0	0	0	0
35	0	0	773	843	765	33	0	0	0	0
36	0	0	773	840	765	41	0	0	0	0
37	0	0	773	836	765	21	0	0	0	0
38	0	0	775	833	765	18	0	0	0	0
39	0	0	775	829	764	14	0	0	0	0
40	0	0	777	827	764	25	0	0	0	0
41	0	0	778	824	765	49	0	0	0	0
42	0	0	780	824	763	65	0	0	0	0
43	0	0	782	820	765	58	0	0	0	0
44	0	0	783	816	763	43	0	0	0	0
45	0	0	784	814	763	47	0	0	0	0
46	0	0	787	813	764	43	0	0	0	0
47	0	0	788	812	764	48	0	0	0	0
48	0	0	788	807	765	64	0	0	0	0
49	0	0	788	803	765	83	0	0	0	0
50	0	0	788	802	764	80	0	0	0	0
51	0	0	789	801	765	65	0	0	0	0
52	0	0	791	799	765	59	0	0	0	0
53	0	0	793	797	764	49	0	0	0	0
54	0	0	794	795	763	58	0	0	0	0
55	0	0	794	794	762	51	0	0	0	0
56	0	0	796	791	763	39	0	0	0	0
57	0	0	796	788	763	43	0	0	0	0
58	0	0	797	786	762	52	0	0	0	0
59	0	0	798	784	763	52	0	0	0	0
60	0	0	797	783	763	31	0	0	0	0
61	0	0	797	780	763	43	0	0	0	0
62	0	0	797	777	763	49	0	0	0	0
63	0	0	797	776	764	66	0	0	0	0
64	0	0	797	775	763	64	0	0	0	0
65	0	0	797	774	764	65	0	0	0	0
66	0	0	797	770	766	52	0	0	0	0
67	0	0	796	768	766	52	0	0	0	0
68	0	0	796	767	766	57	0	0	0	0
69	0	0	795	766	766	53	0	0	0	0
70	0	0	796	766	767	66	0	0	0	0
71	0	0	797	763	768	56	0	0	0	0
72	0	0	795	761	769	55	0	0	0	0
73	0	0	797	761	770	42	0	0	0	0
74	0	0	796	760	772	46	0	0	0	0
75	0	0	798	758	773	34	0	0	0	0
76	0	0	796	758	774	57	0	0	0	0
77	0	0	796	758	775	29	0	0	0	0
78	0	0	798	759	777	48	0	0	0	0
79	0	0	798	759	779	49	0	0	0	0
80	0	0	798	757	779	49	0	0	0	0
81	0	0	798	757	780	53	0	0	0	0
82	0	0	799	758	781	46	0	0	0	0
83	0	0	799	757	783	56	0	0	0	0
84	0	0	799	757	783	45	0	0	0	0
85	0	0	800	756	784	52	0	0	0	0
86	0	0	799	756	785	68	0	0	0	0
87	0	0	799	756	786	60	0	0	0	0
88	0	0	799	756	787	61	0	0	0	0
89	0	0	799	757	787	66	0	0	0	0
90	0	0	801	756	789	77	0	0	0	0
91	0	0	800	754	789	77	0	0	0	0
92	0	0	800	755	789	71	0	0	0	0
93	0	0	802	755	790	72	0	0	0	0
94	0	0	802	755	791	64	0	0	0	0
95	0	0	802	756	790	51	0	0	0	0
96	0	0	803	755	791	49	0	0	0	0
97	0	0	803	755	791	41	0	0	0	0
98	0	0	803	756	791	48	0	0	0	0
99	0	0	803	755	790	65	0	0	0	0
100	0	0	804	754	790	73	0	0	0	0
101	0	0	803	753	790	77	0	0	0	0
102	0	0	801	753	790	91	0	0	0	0
103	0	0	802	753	790	89	0	0	0	0
104	0	0	802	754	789	93	0	0	0	0
105	0	0	803	754	788	104	0	0	0	0
106	0	0	803	754	790	100	0	0	0	0
107	0	0	806	753	789	105	0	0	0	0
108	0	0	803	753	788	103	0	0	0	0
109	0	0	803	753	788	111	0	0	0	0
110	0	0	804	752	786	120	0	0	0	0
111	0	0	804	752	787	120	0	0	0	0
112	0	0	803	751	788	108	0	0	0	0
113	0	0	804	753	787	106	0	0	0	0
114	0	0	804	752	787	97	0	0	0	0
115	0	0	804	751	787	91	0	0	0	0
116	0	0	805	752	787	81	0	0	0	0
117	0	0	806	752	787	83	0	0	0	0
118	0	0	805	753	787	83	0	0	0	0
119	0	0	807	754	786	81	0	0	0	0
120	0	0	806	753	785	86	0	0	0	0
121	0	0	807	754	784	91	0	0	0	0
122	0	0	807	755	785	99	0	0	0	0
123	0	0	807	755	783	97	0	0	0	0
124	0	0	807	755	783	95	0	0	0	0
125	0	0	808	754	783	103	0	0	0	0
126	0	0	807	753	781	105	0	0	0	0
127	0	0	806	753	781	100	0	0	0	0
0	0	0	806	755	782	84	0	0	0	0
1	0	0	806	755	780	79	0	0	0	0
2	0	0	807	757	780	90	0	0	0	0
3	0	0	807	754	779	96	0	0	0	0
4	0	0	806	754	778	95	0	0	0	0
5	0	0	807	756	779	90	0	0	0	0
6	0	0	808	755	777	91	0	0	0	0
7	0	0	809	755	777	91	0	0	0	0
8	0	0	810	756	777	90	0	0	0	0
9	0	0	810	756	776	83	0	0	0	0
10	0	0	810	757	775	82	0	0	0	0
11	0	0	812	758	775	78	0	0	0	0
12	0	0	811	758	775	78	0	0	0	0
13	0	0	811	761	774	80	0	0	0	0
14	0	0	813	759	774	77	0	0	0	0
15	0	0	814	760	773	75	0	0	0	0
16	0	0	814	762	772	79	0	0	0	0
17	0	0	813	762	772	76	0	0	0	0
18	0	0	814	762	770	90	0	0	0	0
19	0	0	814	763	772	89	0	0	0	0
20	0	0	815	764	771	83	0	0	0	0
21	0	0	814	765	771	87	0	0	0	0
22	0	0	814	765	771	89	0	0	0	0
23	0	0	814	765	770	91	0	0	0	0
24	0	0	813	765	771	90	0	0	0	0
25	0	0	813	766	771	80	0	0	0	0
26	0	0	813	766	771	77	0	0	0	0
27	0	0	813	766	771	76	0	0	0	0
28	0	0	813	767	771	77	0	0	0	0
29	0	0	813	768	771	81	0	0	0	0
30	0	0	812	768	771	81	0	0	0	0
31	0	0	813	767	771	88	0	0	0	0
32	0	0	810	768	771	90	0	0	0	0
33	0	0	811	768	771	99	0	0	0	0
34	0	0	811	768	772	103	0	0	0	0
35	0	0	811	768	771	102	0	0	0	0
36	0	0	811	769	772	93	0	0	0	0
37	0	0	811	770	771	101	0	0	0	0
38	0	0	812	771	771	98	0	0	0	0
39	0	0	813	770	771	114	0	0	0	0
40	0	0	812	771	771	102	0	0	0	0
41	0	0	813	770	771	101	0	0	0	0
42	0	0	813	770	770	106	0	0	0	0
43	0	0	814	771	771	99	0	0	0	0
44	0	0	814	772	772	106	0	0	0	0
45	0	0	813	771	770	101	0	0	0	0
46	0	0	814	774	770	94	0	0	0	0
47	0	0	815	773	769	78	0	0	0	0
48	0	0	816	773	767	76	0	0	0	0
49	0	0	816	773	768	73	0	0	0	0
50	0	0	815	775	767	77	0	0	0	0
51	0	0	815	774	768	78	0	0	0	0
52	0	0	815	774	767	78	0	0	0	0
53	0	0	814	774	767	81	0	0	0	0
54	0	0	814	774	766	83	0	0	0	0
55	0	0	814	774	766	85	0	0	0	0
56	0	0	812	774	766	86	0	0	0	0
57	0	0	812	774	765	90	0	0	0	0
58	0	0	812	776	765	90	0	0	0	0
59	0	0	811	775	766	94	0	0	0	0
60	0	0	811	775	766	92	0	0	0	0
61	0	0	811	774	764	97	0	0	0	0
62	0	0	810	774	765	97	0	0	0	0
63	0	0	809	774	764	91	0	0	0	0
64	0	0	808	774	764	86	0	0	0	0
65	0	0	806	773	764	82	0	0	0	0
66	0	0	805	774	764	83	0	0	0	0
67	0	0	804	773	764	79	0	0	0	0
68	0	0	803	774	764	74	0	0	0	0
69	0	0	803	774	765	71	0	0	0	0
70	0	0	802	774	765	72	0	0	0	0
71	0	0	801	775	765	74	0	0	0	0
72	0	0	801	776	765	72	0	0	0	0
73	0	0	801	777	765	76	0	0	0	0
74	0	0	799	777	764	82	0	0	0	0
75	0	0	798	778	766	85	0	0	0	0
76	0	0	799	778	764	85	0	0	0	0
77	0	0	798	778	764	89	0	0	0	0
78	0	0	798	779	764	92	0	0	0	0
79	0	0	796	780	764	91	0	0	0	0
80	0	0	796	780	765	89	0	0	0	0
81	0	0	797	781	764	97	0	0	0	0
82	0	0	796	782	763	97	0	0	0	0
83	0	0	796	783	763	92	0	0	0	0
84	0	0	795	783	762	85	0	0	0	0
85	0	0	795	783	762	81	0	0	0	0
86	0	0	795	784	764	81	0	0	0	0
87	0	0	794	783	763	75	0	0	0	0
88	0	0	794	784	763	72	0	0	0	0
89	0	0	793	783	763	68	0	0	0	0
90	0	0	793	784	763	73	0	0	0	0
91	0	0	793	784	762	74	0	0	0	0
92	0	0	793	784	762	74	0	0	0	0
93	0	0	793	784	761	75	0	0	0	0
94	0	0	793	785	761	79	0	0	0	0
95	0	0	794	784	761	81	0	0	0	0
96	0	0	794	784	761	81	0	0	0	0
97	0	0	795	785	761	85	0	0	0	0
98	0	0	794	785	759	85	0	0	0	0
99	0	0	794	786	759	85	0	0	0	0
100	0	0	792	787	759	84	0	0	0	0
101	0	0	791	787	759	91	0	0	0	0
102	0	0	791	786	758	90	0	0	0	0
103	0	0	790	787	757	87	0	0	0	0
104	0	0	792	786	757	81	0	0	0	0
105	0	0	791	786	757	76	0	0	0	0
106	0	0	791	786	756	73	0	0	0	0
107	0	0	790	786	756	68	0	0	0	0
108	0	0	791	786	754	66	0	0	0	0
109	0	0	790	786	755	60	0	0	0	0
110	0	0	793	786	755	62	0	0	0	0
111	0	0	792	785	755	62	0	0	0	0
112	0	0	791	785	754	62	0	0	0	0
113	0	0	791	785	753	65	0	0	0	0
114	0	0	790	785	754	71	0	0	0	0
115	0	0	791	785	753	70	0	0	0	0
116	0	0	790	783	752	70	0	0	0	0
117	0	0	791	784	752	73	0	0	0	0
118	0	0	789	782	752	78	0	0	0	0
119	0	0	791	783	752	79	0	0	0	0
120	0	0	791	782	752	76	0	0	0	0
121	0	0	792	782	753	77	0	0	0	0
122	0	0	791	781	752	76	0	0	0	0
123	0	0	792	781	752	64	0	0	0	0
124	0	0	794	781	753	46	0	0	0	0
125	0	0	793	780	753	22	0	0	0	0
126	0	0	793	779	754	24	0	0	0	0
127	0	0	793	779	753	21	0	0	0	0
0	0	0	792	777	753	24	0	0	0	0
1	0	0	793	778	754	24	0	0	0	0
2	0	0	793	778	755	27	0	0	0	0
3	0	0	791	779	755	29	0	0	0	0
4	0	0	790	778	757	32	0	0	0	0
5	0	0	787	777	759	38	0	0	0	0
6	0	0	787	778	763	43	0	0	0	0
7	0	0	787	777	764	47	0	0	0	0
8	0	0	786	777	767	48	0	0	0	0
9	0	0	788	778	768	53	0	0	0	0
10	0	0	792	778	769	55	0	0	0	0
11	0	0	800	779	771	54	0	0	0	0
12	0	0	811	779	770	55	0	0	0	0
13	0	0	820	779	767	57	0	0	0	0
14	0	0	826	778	764	61	0	0	0	0
15	0	0	826	778	760	101	0	0	0	0
16	0	0	823	777	760	463	0	0	0	0
17	0	0	817	776	760	1087	0	0	0	0
18	0	0	812	775	763	1240	0	0	0	0
19	0	0	808	772	767	1351	0	0	0	0
20	0	0	806	771	771	1426	0	0	0	0
21	0	0	805	768	776	1537	0	0	0	0
22	0	0	801	765	778	1696	0	0	0	0
23	0	0	795	764	783	1728	0	0	0	0
24	0	0	790	762	784	1744	0	0	0	0
25	0	0	788	763	786	1745	0	0	0	0
26	0	0	788	762	786	1685	0	0	0	0
27	0	0	787	763	786	1645	0	0	0	0
28	0	0	785	763	788	1649	0	0	0	0
29	0	0	782	765	791	1691	0	0	0	0
30	0	0	779	766	793	1733	0	0	0	0
31	0	0	781	767	798	1803	0	0	0	0
32	0	0	784	767	803	1850	0	0	0	0
33	0	0	786	767	806	1938	0	0	0	0
34	0	0	786	765	809	2045	0	0	0	0
35	0	0	782	762	811	2128	0	0	0	0
36	0	0	779	759	813	2146	0	0	0	0
37	0	0	775	758	818	2171	0	0	0	0
38	0	0	770	759	822	2166	0	0	0	0
39	0	0	764	760	828	2078	0	0	0	0
40	0	0	761	763	841	2087	0	0	0	0
41	0	0	743	769	869	2113	0	0	0	0
42	0	0	699	767	899	2036	0	0	0	0
43	0	0	638	754	940	1904	0	0	0	0
44	0	0	540	735	984	1889	0	0	0	0
45	0	0	414	710	1030	1840	0	0	0	0
46	0	0	297	686	1077	1790	0	0	0	0
47	0	0	219	663	1109	1691	0	0	0	0
48	0	0	193	641	1124	1649	0	0	0	0
49	0	0	220	614	1124	1611	0	0	0	0
50	0	0	309	584	1122	1559	0	0	0	0
51	0	0	460	563	1123	1465	0	0	0	0
52	0	0	622	570	1120	1351	0	0	0	0
53	0	0	732	592	1125	1327	0	0	0	0
54	0	0	770	613	1137	1332	0	0	0	0
55	0	0	744	628	1164	1337	0	0	0	0
56	0	0	684	642	1198	1356	0	0	0	0
57	0	0	630	663	1236	1381	0	0	0	0
58	0	0	614	679	1268	1395	0	0	0	0
59	0	0	623	685	1297	1419	0	0	0	0
60	0	0	631	679	1316	1440	0	0	0	0
61	0	0	628	660	1310	1473	0	0	0	0
62	0	0	605	634	1295	1511	0	0	0	0
63	0	0	575	599	1284	1563	0	0	0	0
64	0	0	550	549	1243	1623	0	0	0	0
65	0	0	541	480	1171	1687	0	0	0	0
66	0	0	571	403	1055	1734	0	0	0	0
67	0	0	636	337	901	1820	0	0	0	0
68	0	0	725	288	750	1864	0	0	0	0
69	0	0	811	225	607	1890	0	0	0	0
70	0	0	905	157	492	1938	0	0	0	0
71	0	0	988	104	414	1979	0	0	0	0
72	0	0	1043	73	382	1986	0	0	0	0
73	0	0	1087	55	361	2030	0	0	0	0
74	0	0	1125	43	359	2081	0	0	0	0
75	0	0	1218	36	400	2116	0	0	0	0
76	0	0	1287	31	444	2139	0	0	0	0
77	0	0	1307	29	506	2177	0	0	0	0
78	0	0	1278	28	568	2207	0	0	0	0
79	0	0	1230	29	633	2243	0	0	0	0
80	0	0	1186	39	693	2264	0	0	0	0
81	0	0	1155	58	737	2297	0	0	0	0
82	0	0	1136	78	770	2349	0	0	0	0
83	0	0	1119	95	795	2370	0	0	0	0
84	0	0	1100	115	811	2403	0	0	0	0
85	0	0	1078	137	821	2440	0	0	0	0
86	0	0	1051	159	831	2470	0	0	0	0
87	0	0	1023	181	841	2487	0	0	0	0
88	0	0	994	204	852	2510	0	0	0	0
89	0	0	970	218	863	2537	0	0	0	0
90	0	0	947	227	877	2551	0	0	0	0
91	0	0	930	231	890	2555	0	0	0	0
92	0	0	911	221	899	2557	0	0	0	0
93	0	0	899	202	910	2584	0	0	0	0
94	0	0	891	182	919	2581	0	0	0	0
95	0	0	887	164	934	2577	0	0	0	0
96	0	0	873	148	945	2575	0	0	0	0
97	0	0	865	131	955	2566	0	0	0	0
98	0	0	860	106	965	2564	0	0	0	0
99	0	0	858	78	971	2569	0	0	0	0
100	0	0	863	56	979	2576	0	0	0	0
101	0	0	874	44	987	2578	0	0	0	0
102	0	0	881	43	988	2579	0	0	0	0
103	0	0	885	35	989	2578	0	0	0	0
104	0	0	886	31	991	2577	0	0	0	0
105	0	0	882	32	988	2576	0	0	0	0
106	0	0	879	41	985	2573	0	0	0	0
107	0	0	873	60	984	2570	0	0	0	0
108	0	0	868	84	980	2573	0	0	0	0
109	0	0	862	107	976	2570	0	0	0	0
110	0	0	861	129	974	2567	0	0	0	0
111	0	0	866	145	969	2566	0	0	0	0
112	0	0	874	164	969	2567	0	0	0	0
113	0	0	879	177	959	2572	0	0	0	0
114	0	0	889	192	953	2571	0	0	0	0
115	0	0	894	214	950	2570	0	0	0	0
116	0	0	895	234	945	2567	0	0	0	0
117	0	0	897	250	939	2568	0	0	0	0
118	0	0	896	264	933	2571	0	0	0	0
119	0	0	897	279	931	2571	0	0	0	0
120	0	0	894	294	927	2572	0	0	0	0
121	0	0	891	309	924	2571	0	0	0	0
122	0	0	888	327	921	2571	0	0	0	0
123	0	0	884	342	915	2569	0	0	0	0
124	0	0	880	356	910	2570	0	0	0	0
125	0	0	875	372	902	2568	0	0	0	0
126	0	0	870	386	894	2568	0	0	0	0
127	0	0	862	401	885	2568	0	0	0	0
0	0	0	856	415	873	2565	0	0	0	0
1	0	0	849	430	860	2563	0	0	0	0
2	0	0	844	443	846	2564	0	0	0	0
3	0	0	837	453	831	2561	0	0	0	0
4	0	0	834	462	813	2555	0	0	0	0
5	0	0	832	471	794	2554	0	0	0	0
6	0	0	832	480	777	2554	0	0	0	0
7	0	0	833	490	760	2552	0	0	0	0
8	0	0	836	501	743	2551	0	0	0	0
9	0	0	839	513	728	2548	0	0	0	0
10	0	0	843	526	715	2542	0	0	0	0
11	0	0	848	537	705	2537	0	0	0	0
12	0	0	856	547	699	2535	0	0	0	0
13	0	0	860	557	693	2532	0	0	0	0
14	0	0	865	568	693	2532	0	0	0	0
15	0	0	869	579	692	2531	0	0	0	0
16	0	0	872	589	697	2529	0	0	0	0
17	0	0	872	598	701	2527	0	0	0	0
18	0	0	872	605	707	2527	0	0	0	0
19	0	0	871	613	714	2527	0	0	0	0
20	0	0	866	618	722	2527	0	0	0	0
21	0	0	862	623	730	2523	0	0	0	0
22	0	0	856	625	738	2520	0	0	0	0
23	0	0	851	628	747	2517	0	0	0	0
24	0	0	845	629	755	2513	0	0	0	0
25	0	0	838	629	763	2510	0	0	0	0
26	0	0	833	630	771	2507	0	0	0	0
27	0	0	826	632	779	2506	0	0	0	0
28	0	0	821	633	786	2507	0	0	0	0
29	0	0	815	636	791	2507	0	0	0	0
30	0	0	811	637	796	2505	0	0	0	0
31	0	0	808	640	801	2503	0	0	0	0
32	0	0	804	643	806	2499	0	0	0	0
33	0	0	802	647	809	2497	0	0	0	0
34	0	0	802	649	810	2496	0	0	0	0
35	0	0	801	650	811	2496	0	0	0	0
36	0	0	802	652	809	2494	0	0	0	0
37	0	0	803	655	807	2491	0	0	0	0
38	0	0	804	659	804	2488	0	0	0	0
39	0	0	807	663	801	2483	0	0	0	0
40	0	0	809	666	795	2481	0	0	0	0
41	0	0	812	669	792	2475	0	0	0	0
42	0	0	814	670	788	2473	0	0	0	0
43	0	0	816	670	783	2473	0	0	0	0
44	0	0	819	670	778	2470	0	0	0	0
45	0	0	823	669	773	2472	0	0	0	0
46	0	0	824	667	771	2470	0	0	0	0
47	0	0	828	664	769	2465	0	0	0	0
48	0	0	828	662	768	2462	0	0	0	0
49	0	0	831	660	768	2459	0	0	0	0
50	0	0	834	659	769	2455	0	0	0	0
51	0	0	837	656	770	2454	0	0	0	0
52	0	0	839	656	772	2456	0	0	0	0
53	0	0	843	654	776	2455	0	0	0	0
54	0	0	846	650	779	2454	0	0	0	0
55	0	0	848	646	785	2456	0	0	0	0
56	0	0	848	639	792	2451	0	0	0	0
57	0	0	849	630	797	2447	0	0	0	0
58	0	0	852	626	803	2446	0	0	0	0
59	0	0	854	625	810	2443	0	0	0	0
60	0	0	852	616	816	2438	0	0	0	0
61	0	0	851	608	823	2434	0	0	0	0
62	0	0	850	599	828	2431	0	0	0	0
63	0	0	846	588	834	2430	0	0	0	0
64	0	0	844	579	839	2425	0	0	0	0
65	0	0	839	571	845	2425	0	0	0	0
66	0	0	835	564	849	2422	0	0	0	0
67	0	0	827	556	854	2420	0	0	0	0
68	0	0	822	549	859	2420	0	0	0	0
69	0	0	815	541	862	2419	0	0	0	0
70	0	0	809	534	864	2422	0	0	0	0
71	0	0	803	528	868	2418	0	0	0	0
72	0	0	798	524	872	2417	0	0	0	0
73	0	0	794	519	874	2414	0	0	0	0
74	0	0	789	515	876	2414	0	0	0	0
75	0	0	785	509	878	2412	0	0	0	0
76	0	0	780	506	881	2410	0	0	0	0
77	0	0	778	504	881	2410	0	0	0	0
78	0	0	775	499	883	2409	0	0	0	0
79	0	0	772	500	885	2406	0	0	0	0
80	0	0	767	499	886	2405	0	0	0	0
81	0	0	764	500	887	2402	0	0	0	0
82	0	0	762	500	887	2397	0	0	0	0
83	0	0	760	502	887	2391	0	0	0	0
84	0	0	758	503	888	2387	0	0	0	0
85	0	0	758	508	890	2382	0	0	0	0
86	0	0	761	506	888	2374	0	0	0	0
87	0	0	755	507	892	2366	0	0	0	0
88	0	0	757	515	893	2358	0	0	0	0
89	0	0	756	516	897	2354	0	0	0	0
90	0	0	752	513	900	2348	0	0	0	0
91	0	0	751	515	900	2343	0	0	0	0
92	0	0	755	516	900	2333	0	0	0	0
93	0	0	757	519	900	2328	0	0	0	0
94	0	0	761	524	900	2323	0	0	0	0
95	0	0	761	527	901	2310	0	0	0	0
96	0	0	761	530	901	2307	0	0	0	0
97	0	0	760	535	899	2299	0	0	0	0
98	0	0	761	540	899	2291	0	0	0	0
99	0	0	760	545	897	2285	0	0	0	0
100	0	0	757	548	894	2279	0	0	0	0
101	0	0	755	552	892	2273	0	0	0	0
102	0	0	755	555	890	2260	0	0	0	0
103	0	0	754	560	887	2251	0	0	0	0
104	0	0	755	565	884	2235	0	0	0	0
105	0	0	754	570	880	2227	0	0	0	0
106	0	0	754	574	879	2224	0	0	0	0
107	0	0	756	578	876	2216	0	0	0	0
108	0	0	757	583	874	2200	0	0	0	0
109	0	0	757	588	872	2194	0	0	0	0
110	0	0	759	592	869	2187	0	0	0	0
111	0	0	761	599	867	2181	0	0	0	0
112	0	0	763	604	865	2178	0	0	0	0
113	0	0	767	611	863	2178	0	0	0	0
114	0	0	766	618	860	2164	0	0	0	0
115	0	0	769	624	859	2152	0	0	0	0
116	0	0	770	630	855	2150	0	0	0	0
117	0	0	774	637	852	2148	0	0	0	0
118	0	0	774	642	850	2142	0	0	0	0
119	0	0	776	650	848	2136	0	0	0	0
120	0	0	778	657	846	2124	0	0	0	0
121	0	0	779	663	844	2112	0	0	0	0
122	0	0	780	670	842	2099	0	0	0	0
123	0	0	780	676	840	2100	0	0	0	0
124	0	0	781	682	839	2099	0	0	0	0
125	0	0	782	687	836	2104	0	0	0	0
126	0	0	782	691	834	2102	0	0	0	0
127	0	0	783	695	834	2100	0	0	0	0
0	0	0	782	698	832	2095	0	0	0	0
1	0	0	780	700	831	2083	0	0	0	0
2	0	0	780	703	829	2080	0	0	0	0
3	0	0	781	705	827	2074	0	0	0	0
4	0	0	780	708	826	2066	0	0	0	0
5	0	0	781	710	825	2059	0	0	0	0
6	0	0	783	714	824	2055	0	0	0	0
7	0	0	783	716	822	2045	0	0	0	0
8	0	0	783	717	820	2038	0	0	0	0
9	0	0	784	718	819	2027	0	0	0	0
10	0	0	784	720	818	2022	0	0	0	0
11	0	0	786	723	818	2020	0	0	0	0
12	0	0	787	724	815	2020	0	0	0	0
13	0	0	788	726	813	2011	0	0	0	0
14	0	0	788	727	812	2003	0	0	0	0
15	0	0	789	728	810	1991	0	0	0	0
16	0	0	789	725	809	1968	0	0	0	0
17	0	0	789	725	807	1956	0	0	0	0
18	0	0	789	722	804	1955	0	0	0	0
19	0	0	789	721	802	1948	0	0	0	0
20	0	0	789	720	801	1930	0	0	0	0
21	0	0	787	718	798	1915	0	0	0	0
22	0	0	790	717	795	1885	0	0	0	0
23	0	0	792	718	793	1871	0	0	0	0
24	0	0	793	719	789	1853	0	0	0	0
25	0	0	797	720	787	1847	0	0	0	0
26	0	0	795	719	786	1851	0	0	0	0
27	0	0	794	720	785	1841	0	0	0	0
28	0	0	793	721	783	1845	0	0	0	0
29	0	0	795	720	782	1841	0	0	0	0
30	0	0	793	720	781	1839	0	0	0	0
31	0	0	793	720	779	1834	0	0	0	0
32	0	0	794	721	778	1825	0	0	0	0
33	0	0	793	719	776	1816	0	0	0	0
34	0	0	793	721	776	1812	0	0	0	0
35	0	0	793	721	774	1815	0	0	0	0
36	0	0	792	719	774	1806	0	0	0	0
37	0	0	791	719	773	1810	0	0	0	0
38	0	0	790	719	772	1793	0	0	0	0
39	0	0	791	718	771	1786	0	0	0	0
40	0	0	793	717	771	1774	0	0	0	0
41	0	0	794	717	770	1763	0	0	0	0
42	0	0	792	717	768	1753	0	0	0	0
43	0	0	793	717	768	1751	0	0	0	0
44	0	0	792	717	767	1746	0	0	0	0
45	0	0	793	717	767	1742	0	0	0	0
46	0	0	794	719	765	1741	0	0	0	0
47	0	0	793	720	765	1737	0	0	0	0
48	0	0	792	721	764	1738	0	0	0	0
49	0	0	792	722	762	1726	0	0	0	0
50	0	0	792	723	762	1721	0	0	0	0
51	0	0	790	723	762	1725	0	0	0	0
52	0	0	789	723	761	1730	0	0	0	0
53	0	0	788	723	760	1739	0	0	0	0
54	0	0	788	724	761	1748	0	0	0	0
55	0	0	787	725	760	1751	0	0	0	0
56	0	0	786	727	760	1755	0	0	0	0
57	0	0	786	726	761	1757	0	0	0	0
58	0	0	785	727	761	1760	0	0	0	0
59	0	0	785	728	760	1764	0	0	0	0
60	0	0	782	728	761	1760	0	0	0	0
61	0	0	782	730	762	1764	0	0	0	0
62	0	0	780	731	761	1763	0	0	0	0
63	0	0	780	733	761	1762	0	0	0	0
64	0	0	778	736	761	1766	0	0	0	0
65	0	0	778	735	761	1772	0	0	0	0
66	0	0	778	736	762	1777	0	0	0	0
67	0	0	778	737	762	1782	0	0	0	0
68	0	0	777	740	764	1784	0	0	0	0
69	0	0	777	741	763	1789	0	0	0	0
70	0	0	777	742	763	1793	0	0	0	0
71	0	0	777	743	763	1796	0	0	0	0
72	0	0	778	745	764	1799	0	0	0	0
73	0	0	777	746	765	1806	0	0	0	0
74	0	0	778	748	765	1811	0	0	0	0
75	0	0	778	748	765	1814	0	0	0	0
76	0	0	779	748	764	1818	0	0	0	0
77	0	0	780	750	766	1819	0	0	0	0
78	0	0	781	750	767	1821	0	0	0	0
79	0	0	779	750	767	1820	0	0	0	0
80	0	0	781	749	768	1822	0	0	0	0
81	0	0	783	750	767	1828	0	0	0	0
82	0	0	783	751	767	1830	0	0	0	0
83	0	0	784	752	768	1834	0	0	0	0
84	0	0	784	751	767	1843	0	0	0	0
85	0	0	785	752	769	1849	0	0	0	0
86	0	0	785	751	769	1858	0	0	0	0
87	0	0	786	751	770	1860	0	0	0	0
88	0	0	785	749	771	1864	0	0	0	0
89	0	0	785	749	771	1869	0	0	0	0
90	0	0	785	747	771	1875	0	0	0	0
91	0	0	785	746	773	1879	0	0	0	0
92	0	0	785	747	774	1882	0	0	0	0
93	0	0	786	747	775	1887	0	0	0	0
94	0	0	786	746	775	1903	0	0	0	0
95	0	0	788	746	777	1910	0	0	0	0
96	0	0	788	747	778	1916	0	0	0	0
97	0	0	786	745	778	1921	0	0	0	0
98	0	0	786	746	779	1924	0	0	0	0
99	0	0	787	745	780	1927	0	0	0	0
100	0	0	787	746	781	1929	0	0	0	0
101	0	0	788	746	782	1933	0	0	0	0
102	0	0	790	746	784	1939	0	0	0	0
103	0	0	790	745	784	1944	0	0	0	0
104	0	0	790	745	786	1949	0	0	0	0
105	0	0	790	748	787	1955	0	0	0	0
106	0	0	790	745	789	1966	0	0	0	0
107	0	0	791	744	790	1973	0	0	0	0
108	0	0	791	743	791	1980	0	0	0	0
109	0	0	790	742	793	1988	0	0	0	0
110	0	0	790	742	793	2006	0	0	0	0
111	0	0	790	741	795	2016	0	0	0	0
112	0	0	789	742	794	2023	0	0	0	0
113	0	0	791	740	796	2041	0	0	0	0
114	0	0	790	740	797	2061	0	0	0	0
115	0	0	790	738	798	2073	0	0	0	0
116	0	0	788	736	800	2084	0	0	0	0
117	0	0	790	740	799	2094	0	0	0	0
118	0	0	790	737	800	2098	0	0	0	0
119	0	0	789	740	796	2105	0	0	0	0
120	0	0	790	736	802	2110	0	0	0	0
121	0	0	787	736	801	2113	0	0	0	0
122	0	0	790	736	802	2115	0	0	0	0
123	0	0	788	735	803	2119	0	0	0	0
124	0	0	787	732	803	2123	0	0	0	0
125	0	0	790	732	803	2138	0	0	0	0
126	0	0	789	734	804	2149	0	0	0	1
127	0	0	789	732	804	2160	0	0	0	0
0	0	0	789	731	806	2178	0	0	0	0
1	0	0	789	729	805	2192	0	0	0	0
2	0	0	789	728	804	2201	0	0	0	0
3	0	0	790	726	804	2210	0	0	0	0
4	0	0	790	724	805	2220	0	0	0	0
5	0	0	790	723	804	2238	0	0	0	0
6	0	0	790	721	804	2252	0	0	0	0
7	0	0	791	720	803	2258	0	0	0	0
8	0	0	789	719	804	2265	0	0	0	0
9	0	0	791	718	803	2272	0	0	0	0
10	0	0	791	714	804	2278	0	0	0	0
11	0	0	789	712	803	2285	0	0	0	0
12	0	0	790	711	803	2288	0	0	0	0
13	0	0	790	708	804	2297	0	0	0	0
14	0	0	791	705	804	2300	0	0	0	0
15	0	0	791	702	806	2305	0	0	0	0
16	0	0	790	699	806	2311	0	0	0	0
17	0	0	790	697	807	2321	0	0	0	0
18	0	0	791	694	807	2325	0	0	0	0
19	0	0	790	691	809	2337	0	0	0	0
20	0	0	790	687	809	2344	0	0	0	0
21	0	0	790	685	810	2348	0	0	0	0
22	0	0	790	682	811	2353	0	0	0	0
23	0	0	788	678	813	2358	0	0	0	0
24	0	0	789	674	814	2365	0	0	0	0
25	0	0	789	670	815	2370	0	0	0	0
26	0	0	787	667	815	2374	0	0	0	0
27	0	0	787	665	816	2379	0	0	0	0
28	0	0	787	660	818	2382	0	0	0	0
29	0	0	785	656	818	2387	0	0	0	0
30	0	0	786	652	818	2392	0	0	0	0
31	0	0	783	648	820	2397	0	0	0	0
32	0	0	783	644	820	2399	0	0	0	0
33	0	0	782	640	821	2404	0	0	0	0
34	0	0	781	636	822	2404	0	0	0	0
35	0	0	780	632	823	2407	0	0	0	0
36	0	0	778	628	825	2411	0	0	0	0
37	0	0	778	625	824	2411	0	0	0	0
38	0	0	776	621	825	2414	0	0	0	0
39	0	0	775	616	826	2418	0	0	0	0
40	0	0	774	613	825	2417	0	0	0	0
41	0	0	774	610	827	2421	0	0	0	0
42	0	0	774	608	827	2422	0	0	0	0
43	0	0	772	605	827	2425	0	0	0	0
44	0	0	772	602	827	2425	0	0	0	0
45	0	0	773	599	827	2425	0	0	0	0
46	0	0	772	596	828	2426	0	0	0	0
47	0	0	772	594	829	2427	0	0	0	0
48	0	0	772	590	830	2430	0	0	0	0
49	0	0	774	588	829	2431	0	0	0	0
50	0	0	774	587	831	2432	0	0	0	0
51	0	0	774	584	831	2433	0	0	0	0
52	0	0	774	581	830	2432	0	0	0	0
53	0	0	774	578	831	2434	0	0	0	0
54	0	0	774	575	830	2438	0	0	0	0
55	0	0	773	572	831	2441	0	0	0	0
56	0	0	774	569	832	2442	0	0	0	0
57	0	0	775	567	831	2444	0	0	0	0
58	0	0	773	562	833	2446	0	0	0	0
59	0	0	773	561	832	2446	0	0	0	0
60	0	0	775	559	833	2447	0	0	0	0
61	0	0	773	555	833	2449	0	0	0	0
62	0	0	773	554	833	2452	0	0	0	0
63	0	0	772	551	834	2455	0	0	0	0
64	0	0	771	548	833	2455	0	0	0	0
65	0	0	771	546	834	2458	0	0	0	0
66	0	0	770	545	835	2461	0	0	0	0
67	0	0	770	542	834	2463	0	0	0	0
68	0	0	770	540	834	2466	0	0	0	0
69	0	0	770	537	834	2468	0	0	0	0
70	0	0	768	536	834	2471	0	0	0	0
71	0	0	768	533	833	2471	0	0	0	0
72	0	0	767	533	833	2473	0	0	0	0
73	0	0	767	530	833	2475	0	0	0	0
74	0	0	768	530	835	2474	0	0	0	0
75	0	0	768	529	835	2475	0	0	0	0
76	0	0	768	527	835	2476	0	0	0	0
77	0	0	767	527	836	2478	0	0	0	0
78	0	0	765	526	835	2478	0	0	0	0
79	0	0	767	526	836	2479	0	0	0	0
80	0	0	768	526	836	2483	0	0	0	0
81	0	0	767	526	836	2482	0	0	0	0
82	0	0	767	527	835	2485	0	0	0	0
83	0	0	770	527	836	2486	0	0	0	0
84	0	0	769	527	836	2486	0	0	0	0
85	0	0	770	528	838	2486	0	0	0	0
86	0	0	771	528	839	2488	0	0	0	0
87	0	0	771	529	839	2485	0	0	0	0
88	0	0	771	530	840	2488	0	0	0	0
89	0	0	772	531	841	2488	0	0	0	0
90	0	0	772	532	841	2489	0	0	0	0
91	0	0	773	535	842	2488	0	0	0	0
92	0	0	774	536	843	2488	0	0	0	0
93	0	0	774	539	843	2489	0	0	0	0
94	0	0	775	541	843	2490	0	0	0	0
95	0	0	775	544	844	2489	0	0	0	0
96	0	0	776	547	846	2489	0	0	0	0
97	0	0	778	549	846	2492	0	0	0	0
98	0	0	778	551	847	2493	0	0	0	0
99	0	0	780	554	848	2494	0	0	0	0
100	0	0	779	558	848	2496	0	0	0	0
101	0	0	781	561	847	2495	0	0	0	0
102	0	0	783	565	848	2496	0	0	0	0
103	0	0	784	569	848	2498	0	0	0	0
104	0	0	787	573	848	2497	0	0	0	0
105	0	0	788	576	848	2498	0	0	0	0
106	0	0	790	580	848	2500	0	0	0	0
107	0	0	792	585	848	2500	0	0	0	0
108	0	0	794	588	848	2502	0	0	0	0
109	0	0	795	592	847	2504	0	0	0	0
110	0	0	796	596	846	2503	0	0	0	0
111	0	0	798	600	846	2502	0	0	0	0
112	0	0	799	603	847	2502	0	0	0	0
113	0	0	800	606	847	2501	0	0	0	0
114	0	0	801	610	845	2501	0	0	0	0
115	0	0	802	614	845	2499	0	0	0	0
116	0	0	803	614	844	2498	0	0	0	0
117	0	0	804	619	842	2498	0	0	0	0
118	0	0	805	622	841	2501	0	0	0	0
119	0	0	806	624	840	2499	0	0	0	0
120	0	0	806	627	838	2500	0	0	0	0
121	0	0	805	628	837	2501	0	0	0	0
122	0	0	805	631	836	2502	0	0	0	0
123	0	0	804	633	834	2500	0	0	0	0
124	0	0	804	635	832	2501	0	0	0	0
125	0	0	804	637	830	2498	0	0	0	0
126	0	0	803	639	830	2499	0	0	0	0
127	0	0	802	642	828	2498	0	0	0	0
0	0	0	802	644	826	2495	0	0	0	0
1	0	0	801	645	825	2495	0	0	0	0
2	0	0	800	647	823	2493	0	0	0	0
3	0	0	799	649	822	2492	0	0	0	0
4	0	0	798	651	820	2489	0	0	0	0
5	0	0	796	653	820	2488	0	0	0	0
6	0	0	797	654	818	2488	0	0	0	0
7	0	0	794	655	816	2484	0	0	0	0
8	0	0	795	657	815	2481	0	0	0	0
9	0	0	794	659	814	2480	0	0	0	0
10	0	0	793	660	813	2479	0	0	0	0
11	0	0	791	662	810	2477	0	0	0	0
12	0	0	791	663	810	2478	0	0	0	0
13	0	0	789	665	808	2477	0	0	0	0
14	0	0	789	665	807	2480	0	0	0	0
15	0	0	790	667	805	2480	0	0	0	0
16	0	0	789	668	805	2480	0	0	0	0
17	0	0	788	669	803	2480	0	0	0	0
18	0	0	787	669	802	2478	0	0	0	0
19	0	0	788	671	800	2478	0	0	0	0
20	0	0	787	672	799	2477	0	0	0	0
21	0	0	787	672	799	2476	0	0	0	0
22	0	0	786	673	799	2475	0	0	0	0
23	0	0	786	673	797	2474	0	0	0	0
24	0	0	787	674	797	2473	0	0	0	0
25	0	0	787	674	796	2472	0	0	0	0
26	0	0	787	674	794	2468	0	0	0	0
27	0	0	787	674	793	2466	0	0	0	0
28	0	0	787	674	793	2466	0	0	0	0
29	0	0	788	674	792	2467	0	0	0	0
30	0	0	787	674	791	2466	0	0	0	0
31	0	0	787	674	790	2467	0	0	0	0
32	0	0	787	674	788	2465	0	0	0	0
33	0	0	786	674	787	2463	0	0	0	0
34	0	0	788	673	787	2463	0	0	0	0
35	0	0	787	673	786	2463	0	0	0	0
36	0	0	787	673	784	2464	0	0	0	0
37	0	0	786	672	785	2464	0	0	0	0
38	0	0	786	672	785	2463	0	0	0	0
39	0	0	786	672	784	2464	0	0	0	0
40	0	0	785	672	784	2463	0	0	0	0
41	0	0	786	672	784	2463	0	0	0	0
42	0	0	786	671	783	2463	0	0	0	0
43	0	0	786	671	784	2462	0	0	0	0
44	0	0	787	671	783	2460	0	0	0	0
45	0	0	788	671	782	2461	0	0	0	0
46	0	0	787	669	783	2461	0	0	0	0
47	0	0	786	670	782	2460	0	0	0	0
48	0	0	786	670	782	2460	0	0	0	0
49	0	0	786	670	782	2460	0	0	0	0
50	0	0	786	669	783	2461	0	0	0	0
51	0	0	785	669	783	2460	0	0	0	0
52	0	0	786	668	783	2459	0	0	0	0
53	0	0	787	668	783	2458	0	0	0	0
54	0	0	786	668	782	2457	0	0	0	0
55	0	0	786	667	783	2457	0	0	0	0
56	0	0	785	667	782	2455	0	0	0	0
57	0	0	786	667	783	2451	0	0	0	0
58	0	0	785	667	782	2454	0	0	0	0
59	0	0	786	668	784	2454	0	0	0	0
60	0	0	785	665	785	2455	0	0	0	0
61	0	0	784	665	785	2455	0	0	0	0
62	0	0	784	664	785	2454	0	0	0	0
63	0	0	783	664	786	2452	0	0	0	0
64	0	0	783	665	786	2453	0	0	0	0
65	0	0	783	664	786	2451	0	0	0	0
66	0	0	783	665	788	2452	0	0	0	0
67	0	0	781	665	788	2451	0	0	0	0
68	0	0	783	664	789	2453	0	0	0	0
69	0	0	782	665	789	2453	0	0	0	0
70	0	0	782	664	791	2453	0	0	0	0
71	0	0	781	663	791	2454	0	0	0	0
72	0	0	782	663	792	2455	0	0	0	0
73	0	0	782	663	794	2456	0	0	0	0
74	0	0	783	662	794	2456	0	0	0	0
75	0	0	783	662	796	2457	0	0	0	0
76	0	0	782	663	796	2457	0	0	0	0
77	0	0	782	663	797	2457	0	0	0	0
78	0	0	781	663	797	2459	0	0	0	0
79	0	0	781	664	799	2459	0	0	0	0
80	0	0	781	663	800	2458	0	0	0	0
81	0	0	780	663	801	2459	0	0	0	0
82	0	0	779	663	802	2460	0	0	0	0
83	0	0	781	663	803	2461	0	0	0	0
84	0	0	781	663	805	2460	0	0	0	0
85	0	0	779	662	806	2460	0	0	0	0
86	0	0	778	662	808	2459	0	0	0	0
87	0	0	779	661	809	2460	0	0	0	0
88	0	0	779	661	811	2459	0	0	0	0
89	0	0	779	660	811	2460	0	0	0	0
90	0	0	779	660	812	2461	0	0	0	0
91	0	0	779	659	813	2462	0	0	0	0
92	0	0	779	659	815	2462	0	0	0	0
93	0	0	778	659	815	2466	0	0	0	0
94	0	0	779	657	816	2466	0	0	0	0
95	0	0	779	657	818	2466	0	0	0	0
96	0	0	777	656	819	2465	0	0	0	0
97	0	0	779	655	821	2466	0	0	0	0
98	0	0	780	655	821	2466	0	0	0	0
99	0	0	779	654	822	2465	0	0	0	0
100	0	0	778	653	823	2466	0	0	0	0
101	0	0	778	654	823	2466	0	0	0	0
102	0	0	779	653	824	2468	0	0	0	0
103	0	0	778	652	826	2468	0	0	0	0
104	0	0	779	651	827	2468	0	0	0	0
105	0	0	778	651	827	2470	0	0	0	0
106	0	0	778	650	827	2469	0	0	0	0
107	0	0	781	650	829	2471	0	0	0	0
108	0	0	779	649	830	2474	0	0	0	0
109	0	0	779	648	830	2476	0	0	0	0
110	0	0	778	648	831	2477	0	0	0	0
111	0	0	779	647	831	2478	0	0	0	0
112	0	0	778	647	831	2479	0	0	0	0
113	0	0	778	647	833	2479	0	0	0	0
114	0	0	779	646	832	2481	0	0	0	0
115	0	0	778	645	833	2482	0	0	0	0
116	0	0	779	646	833	2484	0	0	0	0
117	0	0	778	645	833	2485	0	0	0	0
118	0	0	779	644	833	2486	0	0	0	0
119	0	0	778	644	833	2486	0	0	0	0
120	0	0	778	644	833	2486	0	0	0	0
121	0	0	780	644	833	2486	0	0	0	0
122	0	0	780	642	834	2490	0	0	0	0
123	0	0	779	642	834	2490	0	0	0	0
124	0	0	778	641	832	2489	0	0	0	0
125	0	0	778	641	833	2489	0	0	0	0
126	0	0	778	639	835	2487	0	0	0	0
127	0	0	778	638	834	2487	0	0	0	0
0	0	0	779	637	834	2488	0	0	0	0
1	0	0	779	637	834	2490	0	0	0	0
2	0	0	778	634	834	2491	0	0	0	0
3	0	0	779	634	834	2491	0	0	0	0
4	0	0	779	633	834	2492	0	0	0	0
5	0	0	779	633	835	2493	0	0	0	0
6	0	0	779	631	834	2495	0	0	0	0
7	0	0	778	630	835	2497	0	0	0	0
8	0	0	779	628	835	2498	0	0	0	0
9	0	0	778	628	834	2498	0	0	0	0
10	0	0	780	627	835	2499	0	0	0	0
11	0	0	781	626	834	2501	0	0	0	0
12	0	0	781	626	835	2502	0	0	0	0
13	0	0	781	625	835	2503	0	0	0	0
14	0	0	780	624	834	2501	0	0	0	0
15	0	0	780	624	834	2501	0	0	0	0
16	0	0	781	623	835	2502	0	0	0	0
17	0	0	781	621	834	2504	0	0	0	0
18	0	0	780	621	834	2505	0	0	0	0
19	0	0	779	619	833	2507	0	0	0	0
20	0	0	779	621	833	2507	0	0	0	0
21	0	0	780	619	833	2508	0	0	0	0
22	0	0	780	619	833	2511	0	0	0	0
23	0	0	779	619	833	2511	0	0	0	0
24	0	0	779	617	833	2511	0	0	0	0
25	0	0	779	617	833	2513	0	0	0	0
26	0	0	779	617	832	2515	0	0	0	0
27	0	0	778	617	831	2515	0	0	0	0
28	0	0	780	616	831	2516	0	0	0	0
29	0	0	779	615	830	2517	0	0	0	0
30	0	0	779	615	829	2518	0	0	0	0
31	0	0	780	615	830	2517	0	0	0	0
32	0	0	779	616	829	2517	0	0	0	0
33	0	0	779	616	829	2519	0	0	0	0
34	0	0	780	616	829	2519	0	0	0	0
35	0	0	780	615	828	2514	0	0	0	0
36	0	0	781	616	829	2515	0	0	0	0
37	0	0	780	614	827	2519	0	0	0	0
38	0	0	779	615	828	2519	0	0	0	0
39	0	0	779	616	826	2520	0	0	0	0
40	0	0	780	616	826	2519	0	0	0	0
41	0	0	780	617	823	2520	0	0	0	0
42	0	0	781	617	825	2521	0	0	0	0
43	0	0	782	617	825	2520	0	0	0	0
44	0	0	782	618	824	2520	0	0	0	0
45	0	0	782	620	824	2522	0	0	0	0
46	0	0	783	621	824	2523	0	0	0	0
47	0	0	783	622	823	2524	0	0	0	0
48	0	0	784	621	822	2521	0	0	0	0
49	0	0	783	622	821	2520	0	0	0	0
50	0	0	783	622	821	2517	0	0	0	0
