# bioPlux Text File Format
# Version: 1
# StartDateTime: 2012-03-21 16:05:56
# SamplingFrequency: 1000
# SampledChannels: 1 2 3 4 5 6 7 8
# SamplingResolution: 12
# AcquiringDevice: 00:07:80:93:66:BE
# EndOfHeader
0	0	0	782	676	803	771	0	0	0	0
1	0	0	782	676	803	772	0	0	0	0
2	0	0	782	677	802	775	0	0	0	0
3	0	0	783	677	802	779	0	0	0	0
4	0	0	783	678	802	783	0	0	0	0
5	0	0	780	679	802	804	0	0	0	0
6	0	0	781	678	802	816	0	0	0	0
7	0	0	780	678	802	823	0	0	0	0
8	0	0	780	678	801	828	0	0	0	0
9	0	0	781	679	801	832	0	0	0	0
10	0	0	780	680	801	840	0	0	0	0
11	0	0	781	680	802	840	0	0	0	0
12	0	0	780	680	802	855	0	0	0	0
13	0	0	781	680	802	857	0	0	0	0
14	0	0	781	680	803	863	0	0	0	0
15	0	0	781	681	804	871	0	0	0	0
16	0	0	781	682	803	875	0	0	0	0
17	0	0	782	682	803	886	0	0	0	0
18	0	0	782	684	802	888	0	0	0	0
19	0	0	782	684	802	891	0	0	0	0
20	0	0	783	685	803	894	0	0	0	0
21	0	0	782	685	803	897	0	0	0	0
22	0	0	783	685	804	899	0	0	0	0
23	0	0	784	685	803	903	0	0	0	0
24	0	0	785	685	803	913	0	0	0	0
25	0	0	785	686	803	921	0	0	0	0
26	0	0	784	685	804	928	0	0	0	0
27	0	0	785	685	804	933	0	0	0	0
28	0	0	786	687	803	940	0	0	0	0
29	0	0	787	687	804	941	0	0	0	0
30	0	0	787	686	804	953	0	0	0	0
31	0	0	785	685	804	957	0	0	0	0
32	0	0	785	685	804	962	0	0	0	0
33	0	0	784	685	805	967	0	0	0	0
34	0	0	785	684	806	970	0	0	0	0
35	0	0	784	684	806	977	0	0	0	0
36	0	0	785	683	807	983	0	0	0	0
37	0	0	783	682	807	991	0	0	0	0
38	0	0	784	683	808	999	0	0	0	0
39	0	0	783	683	808	1012	0	0	0	0
40	0	0	783	683	808	1013	0	0	0	0
41	0	0	782	682	808	1015	0	0	0	0
42	0	0	783	681	808	1019	0	0	0	0
43	0	0	783	681	809	1031	0	0	0	0
44	0	0	782	681	809	1029	0	0	0	0
45	0	0	779	680	810	1033	0	0	0	0
46	0	0	781	680	810	1041	0	0	0	0
47	0	0	780	679	811	1036	0	0	0	0
48	0	0	779	679	813	1048	0	0	0	0
49	0	0	779	678	813	1054	0	0	0	0
50	0	0	777	679	813	1054	0	0	0	0
51	0	0	777	677	814	1065	0	0	0	0
52	0	0	776	677	815	1080	0	0	0	0
53	0	0	775	676	816	1081	0	0	0	0
54	0	0	774	676	816	1100	0	0	0	0
55	0	0	775	676	815	1108	0	0	0	0
56	0	0	775	678	816	1117	0	0	0	0
57	0	0	774	677	817	1121	0	0	0	0
58	0	0	773	676	818	1125	0	0	0	0
59	0	0	773	675	818	1132	0	0	0	0
60	0	0	773	674	819	1142	0	0	0	0
61	0	0	774	673	819	1151	0	0	0	0
62	0	0	774	673	819	1167	0	0	0	0
63	0	0	775	671	819	1182	0	0	0	0
64	0	0	775	670	819	1192	0	0	0	0
65	0	0	775	669	820	1196	0	0	0	0
66	0	0	776	669	819	1203	0	0	0	0
67	0	0	775	669	820	1210	0	0	0	0
68	0	0	775	667	820	1213	0	0	0	0
69	0	0	774	667	820	1215	0	0	0	0
70	0	0	773	663	820	1222	0	0	0	0
71	0	0	774	663	819	1229	0	0	0	0
72	0	0	774	661	819	1238	0	0	0	0
73	0	0	773	659	820	1254	0	0	0	0
74	0	0	773	657	821	1270	0	0	0	0
75	0	0	773	656	820	1283	0	0	0	0
76	0	0	772	653	821	1287	0	0	0	0
77	0	0	771	651	821	1295	0	0	0	0
78	0	0	771	649	822	1303	0	0	0	0
79	0	0	771	646	823	1321	0	0	0	0
80	0	0	771	644	823	1338	0	0	0	0
81	0	0	772	642	825	1344	0	0	0	0
82	0	0	772	640	825	1356	0	0	0	0
83	0	0	770	638	826	1370	0	0	0	0
84	0	0	769	637	827	1386	0	0	0	0
85	0	0	768	635	828	1386	0	0	0	0
86	0	0	769	633	830	1393	0	0	0	0
87	0	0	767	631	831	1399	0	0	0	0
88	0	0	767	632	831	1421	0	0	0	0
89	0	0	767	631	832	1431	0	0	0	0
90	0	0	767	630	834	1443	0	0	0	0
91	0	0	766	630	835	1454	0	0	0	0
92	0	0	765	630	836	1466	0	0	0	0
93	0	0	765	628	837	1468	0	0	0	0
94	0	0	765	627	838	1480	0	0	0	0
95	0	0	764	626	839	1496	0	0	0	0
96	0	0	764	627	840	1516	0	0	0	0
97	0	0	763	629	840	1542	0	0	0	0
98	0	0	763	629	841	1563	0	0	0	0
99	0	0	763	627	841	1570	0	0	0	0
100	0	0	764	627	842	1573	0	0	0	0
101	0	0	764	627	841	1559	0	0	0	0
102	0	0	765	627	841	1569	0	0	0	0
103	0	0	765	628	841	1560	0	0	0	0
104	0	0	765	628	841	1565	0	0	0	0
105	0	0	765	628	841	1569	0	0	0	0
106	0	0	766	628	843	1587	0	0	0	0
107	0	0	769	628	844	1592	0	0	0	0
108	0	0	772	627	844	1596	0	0	0	0
109	0	0	772	626	844	1603	0	0	0	0
110	0	0	776	623	845	1610	0	0	0	0
111	0	0	777	621	843	1622	0	0	0	0
112	0	0	778	620	843	1644	0	0	0	0
113	0	0	777	618	841	1655	0	0	0	0
114	0	0	774	618	840	1651	0	0	0	0
115	0	0	773	617	840	1654	0	0	0	0
116	0	0	770	618	838	1661	0	0	0	0
117	0	0	769	619	836	1660	0	0	0	0
118	0	0	767	621	835	1664	0	0	0	0
119	0	0	768	621	833	1673	0	0	0	0
120	0	0	770	623	834	1683	0	0	0	0
121	0	0	769	624	834	1685	0	0	0	0
122	0	0	769	624	836	1694	0	0	0	0
123	0	0	769	624	836	1696	0	0	0	0
124	0	0	770	625	835	1709	0	0	0	0
125	0	0	769	626	836	1709	0	0	0	0
126	0	0	769	626	839	1722	0	0	0	0
127	0	0	770	623	840	1737	0	0	0	0
0	0	0	770	621	841	1744	0	0	0	0
1	0	0	771	619	844	1751	0	0	0	0
2	0	0	770	620	844	1758	0	0	0	0
3	0	0	767	620	846	1766	0	0	0	0
4	0	0	765	620	846	1771	0	0	0	0
5	0	0	764	619	846	1776	0	0	0	0
6	0	0	762	620	847	1794	0	0	0	0
7	0	0	760	620	850	1812	0	0	0	0
8	0	0	759	622	850	1839	0	0	0	0
9	0	0	759	622	852	1846	0	0	0	0
10	0	0	758	621	851	1849	0	0	0	0
11	0	0	757	621	852	1839	0	0	0	0
12	0	0	757	622	853	1839	0	0	0	0
13	0	0	756	622	854	1842	0	0	0	0
14	0	0	753	623	855	1847	0	0	0	0
15	0	0	752	623	856	1849	0	0	0	0
16	0	0	750	622	857	1856	0	0	0	0
17	0	0	749	622	857	1860	0	0	0	0
18	0	0	748	622	857	1865	0	0	0	0
19	0	0	747	622	858	1878	0	0	0	0
20	0	0	746	621	859	1882	0	0	0	0
21	0	0	745	621	858	1878	0	0	0	0
22	0	0	745	621	858	1886	0	0	0	0
23	0	0	744	621	860	1890	0	0	0	0
24	0	0	744	620	860	1896	0	0	0	0
25	0	0	744	621	859	1894	0	0	0	0
26	0	0	743	619	860	1894	0	0	0	0
27	0	0	743	620	860	1902	0	0	0	0
28	0	0	744	621	860	1900	0	0	0	0
29	0	0	744	619	860	1903	0	0	0	0
30	0	0	745	620	858	1909	0	0	0	0
31	0	0	745	619	857	1916	0	0	0	0
32	0	0	744	620	858	1920	0	0	0	0
33	0	0	744	621	858	1923	0	0	0	0
34	0	0	744	620	858	1925	0	0	0	0
35	0	0	744	619	856	1925	0	0	0	0
36	0	0	744	617	855	1932	0	0	0	0
37	0	0	745	616	855	1935	0	0	0	0
38	0	0	744	614	855	1938	0	0	0	0
39	0	0	743	612	854	1939	0	0	0	0
40	0	0	744	612	857	1938	0	0	0	0
41	0	0	742	611	858	1937	0	0	0	0
42	0	0	742	607	858	1937	0	0	0	0
43	0	0	742	606	857	1940	0	0	0	0
44	0	0	742	604	857	1941	0	0	0	0
45	0	0	740	602	858	1939	0	0	0	0
46	0	0	742	600	859	1940	0	0	0	0
47	0	0	742	600	859	1944	0	0	0	0
48	0	0	740	599	861	1942	0	0	0	0
49	0	0	741	597	861	1945	0	0	0	0
50	0	0	740	597	860	1944	0	0	0	0
51	0	0	740	597	860	1947	0	0	0	0
52	0	0	741	597	860	1945	0	0	0	0
53	0	0	739	597	861	1946	0	0	0	0
54	0	0	739	597	861	1945	0	0	0	0
55	0	0	738	598	861	1941	0	0	0	0
56	0	0	736	598	860	1947	0	0	0	0
57	0	0	735	597	861	1936	0	0	0	0
58	0	0	734	598	860	1932	0	0	0	0
59	0	0	734	599	860	1939	0	0	0	0
60	0	0	733	600	860	1937	0	0	0	0
61	0	0	733	600	857	1943	0	0	0	0
62	0	0	732	602	859	1941	0	0	0	0
63	0	0	734	604	858	1934	0	0	0	0
64	0	0	732	604	857	1933	0	0	0	0
65	0	0	732	605	856	1930	0	0	0	0
66	0	0	733	605	853	1929	0	0	0	0
67	0	0	733	606	855	1930	0	0	0	0
68	0	0	732	607	854	1930	0	0	0	0
69	0	0	732	608	852	1926	0	0	0	0
70	0	0	734	609	851	1923	0	0	0	0
71	0	0	736	611	850	1927	0	0	0	0
72	0	0	737	611	850	1928	0	0	0	0
73	0	0	739	613	848	1926	0	0	0	0
74	0	0	740	615	848	1927	0	0	0	0
75	0	0	742	615	847	1928	0	0	0	0
76	0	0	742	616	844	1927	0	0	0	0
77	0	0	744	617	843	1927	0	0	0	0
78	0	0	746	617	843	1927	0	0	0	0
79	0	0	748	619	842	1927	0	0	0	0
80	0	0	749	619	843	1928	0	0	0	0
81	0	0	749	617	842	1930	0	0	0	0
82	0	0	751	617	841	1931	0	0	0	0
83	0	0	751	615	840	1930	0	0	0	0
84	0	0	752	615	841	1931	0	0	0	0
85	0	0	752	614	841	1928	0	0	0	0
86	0	0	752	612	840	1929	0	0	0	0
87	0	0	754	612	841	1930	0	0	0	0
88	0	0	752	610	840	1928	0	0	0	0
89	0	0	752	609	839	1927	0	0	0	0
90	0	0	751	609	840	1928	0	0	0	0
91	0	0	750	608	840	1930	0	0	0	0
92	0	0	749	606	840	1934	0	0	0	0
93	0	0	748	606	841	1936	0	0	0	0
94	0	0	748	605	839	1937	0	0	0	0
95	0	0	748	605	840	1937	0	0	0	0
96	0	0	746	605	838	1940	0	0	0	0
97	0	0	744	604	839	1946	0	0	0	0
98	0	0	743	605	838	1954	0	0	0	0
99	0	0	744	604	838	1954	0	0	0	0
100	0	0	742	603	838	1954	0	0	0	0
101	0	0	742	603	836	1954	0	0	0	0
102	0	0	742	604	836	1961	0	0	0	0
103	0	0	740	603	836	1970	0	0	0	0
104	0	0	738	602	835	1971	0	0	0	0
105	0	0	738	603	835	1977	0	0	0	0
106	0	0	737	601	834	1979	0	0	0	0
107	0	0	736	600	833	1980	0	0	0	0
108	0	0	734	600	834	1983	0	0	0	0
109	0	0	733	599	833	1985	0	0	0	0
110	0	0	733	597	835	1988	0	0	0	0
111	0	0	732	596	834	1988	0	0	0	0
112	0	0	731	594	834	1989	0	0	0	0
113	0	0	730	593	836	1993	0	0	0	0
114	0	0	730	592	835	1991	0	0	0	0
115	0	0	730	591	836	1995	0	0	0	0
116	0	0	728	588	837	1997	0	0	0	0
117	0	0	728	586	837	2001	0	0	0	0
118	0	0	727	585	837	2004	0	0	0	0
119	0	0	728	583	837	2008	0	0	0	0
120	0	0	726	581	837	2012	0	0	0	0
121	0	0	726	579	839	2019	0	0	0	0
122	0	0	727	577	838	2028	0	0	0	0
123	0	0	725	575	839	2034	0	0	0	0
124	0	0	726	573	839	2038	0	0	0	0
125	0	0	727	571	839	2044	0	0	0	0
126	0	0	726	569	839	2051	0	0	0	0
127	0	0	727	570	840	2054	0	0	0	0
0	0	0	728	567	840	2054	0	0	0	0
1	0	0	726	564	840	2057	0	0	0	0
2	0	0	725	563	841	2059	0	0	0	0
3	0	0	725	561	842	2065	0	0	0	0
4	0	0	726	559	843	2066	0	0	0	0
5	0	0	725	556	843	2070	0	0	0	0
6	0	0	725	555	844	2072	0	0	0	0
7	0	0	725	554	844	2076	0	0	0	0
8	0	0	725	552	846	2079	0	0	0	0
9	0	0	726	551	846	2087	0	0	0	0
10	0	0	726	550	848	2095	0	0	0	0
11	0	0	726	549	848	2098	0	0	0	0
12	0	0	728	548	849	2100	0	0	0	0
13	0	0	727	548	851	2105	0	0	0	0
14	0	0	726	547	851	2108	0	0	0	0
15	0	0	726	546	852	2110	0	0	0	0
16	0	0	726	545	853	2112	0	0	0	0
17	0	0	727	544	856	2113	0	0	0	0
18	0	0	727	543	857	2114	0	0	0	0
19	0	0	727	544	858	2120	0	0	0	0
20	0	0	728	544	860	2128	0	0	0	0
21	0	0	728	544	859	2133	0	0	0	0
22	0	0	728	544	861	2135	0	0	0	0
23	0	0	728	544	861	2137	0	0	0	0
24	0	0	728	544	864	2140	0	0	0	0
25	0	0	728	544	864	2145	0	0	0	0
26	0	0	728	544	863	2151	0	0	0	0
27	0	0	728	545	865	2155	0	0	0	0
28	0	0	727	546	866	2155	0	0	0	0
29	0	0	728	546	866	2155	0	0	0	0
30	0	0	729	546	867	2153	0	0	0	0
31	0	0	730	546	867	2155	0	0	0	0
32	0	0	730	545	866	2155	0	0	0	0
33	0	0	731	548	867	2152	0	0	0	0
34	0	0	729	548	865	2150	0	0	0	0
35	0	0	731	548	865	2151	0	0	0	0
36	0	0	732	549	864	2154	0	0	0	0
37	0	0	734	548	864	2158	0	0	0	0
38	0	0	734	548	863	2162	0	0	0	0
39	0	0	736	549	863	2169	0	0	0	0
40	0	0	737	549	861	2172	0	0	0	0
41	0	0	739	549	860	2181	0	0	0	0
42	0	0	740	549	859	2186	0	0	0	0
43	0	0	740	549	858	2194	0	0	0	0
44	0	0	742	550	856	2195	0	0	0	0
45	0	0	742	550	856	2195	0	0	0	0
46	0	0	743	549	855	2191	0	0	0	0
47	0	0	743	549	855	2192	0	0	0	0
48	0	0	743	548	855	2196	0	0	0	0
49	0	0	744	548	854	2199	0	0	0	0
50	0	0	744	547	853	2203	0	0	0	0
51	0	0	746	547	854	2208	0	0	0	0
52	0	0	746	547	853	2212	0	0	0	0
53	0	0	746	545	852	2215	0	0	0	0
54	0	0	747	544	852	2216	0	0	0	0
55	0	0	749	544	852	2216	0	0	0	0
56	0	0	748	542	852	2215	0	0	0	0
57	0	0	749	543	851	2214	0	0	0	0
58	0	0	747	543	850	2219	0	0	0	0
59	0	0	745	541	850	2222	0	0	0	0
60	0	0	745	542	850	2227	0	0	0	0
61	0	0	745	542	851	2228	0	0	0	0
62	0	0	745	542	849	2234	0	0	0	0
63	0	0	744	541	851	2235	0	0	0	0
64	0	0	744	541	850	2244	0	0	0	0
65	0	0	743	540	852	2251	0	0	0	0
66	0	0	741	539	852	2261	0	0	0	0
67	0	0	741	539	853	2262	0	0	0	0
68	0	0	739	538	855	2265	0	0	0	0
69	0	0	737	537	856	2268	0	0	0	0
70	0	0	735	536	857	2273	0	0	0	0
71	0	0	734	535	859	2281	0	0	0	0
72	0	0	732	535	860	2284	0	0	0	0
73	0	0	730	534	862	2284	0	0	0	0
74	0	0	729	533	864	2291	0	0	0	0
75	0	0	727	532	866	2296	0	0	0	0
76	0	0	725	531	868	2299	0	0	0	0
77	0	0	723	531	869	2303	0	0	0	0
78	0	0	724	530	870	2301	0	0	0	0
79	0	0	724	531	871	2304	0	0	0	0
80	0	0	721	531	872	2305	0	0	0	0
81	0	0	719	530	873	2307	0	0	0	0
82	0	0	719	529	875	2306	0	0	0	0
83	0	0	717	529	876	2307	0	0	0	0
84	0	0	718	528	878	2309	0	0	0	0
85	0	0	718	528	878	2313	0	0	0	0
86	0	0	719	527	879	2315	0	0	0	0
87	0	0	719	526	879	2318	0	0	0	0
88	0	0	719	525	880	2320	0	0	0	0
89	0	0	721	525	879	2320	0	0	0	0
90	0	0	722	525	879	2320	0	0	0	0
91	0	0	721	525	880	2319	0	0	0	0
92	0	0	720	524	881	2319	0	0	0	0
93	0	0	721	524	881	2318	0	0	0	0
94	0	0	721	524	882	2325	0	0	0	0
95	0	0	720	523	881	2333	0	0	0	0
96	0	0	721	523	881	2342	0	0	0	0
97	0	0	721	523	881	2348	0	0	0	0
98	0	0	722	523	881	2350	0	0	0	0
99	0	0	722	523	881	2355	0	0	0	0
100	0	0	720	523	881	2360	0	0	0	0
101	0	0	720	523	881	2358	0	0	0	0
102	0	0	721	524	882	2357	0	0	0	0
103	0	0	719	524	882	2368	0	0	0	0
104	0	0	718	525	883	2376	0	0	0	0
105	0	0	719	526	882	2378	0	0	0	0
106	0	0	719	526	883	2378	0	0	0	0
107	0	0	718	527	884	2379	0	0	0	0
108	0	0	719	527	885	2391	0	0	0	0
109	0	0	718	528	885	2395	0	0	0	0
110	0	0	719	529	886	2401	0	0	0	0
111	0	0	717	529	888	2402	0	0	0	0
112	0	0	717	530	888	2402	0	0	0	0
113	0	0	716	528	889	2405	0	0	0	0
114	0	0	716	528	891	2405	0	0	0	0
115	0	0	714	528	892	2398	0	0	0	0
116	0	0	715	526	892	2401	0	0	0	0
117	0	0	715	524	894	2403	0	0	0	0
118	0	0	716	523	895	2409	0	0	0	0
119	0	0	716	521	896	2416	0	0	0	0
120	0	0	716	522	898	2428	0	0	0	0
121	0	0	716	521	899	2432	0	0	0	0
122	0	0	715	520	900	2430	0	0	0	0
123	0	0	716	519	902	2427	0	0	0	0
124	0	0	715	519	903	2428	0	0	0	0
125	0	0	716	519	905	2429	0	0	0	0
126	0	0	717	518	905	2436	0	0	0	0
127	0	0	717	517	907	2449	0	0	0	0
0	0	0	719	518	909	2463	0	0	0	0
1	0	0	722	518	910	2470	0	0	0	0
2	0	0	723	518	911	2477	0	0	0	0
3	0	0	724	518	911	2485	0	0	0	0
4	0	0	725	518	913	2489	0	0	0	0
5	0	0	727	517	914	2490	0	0	0	0
6	0	0	726	515	915	2493	0	0	0	0
7	0	0	729	517	914	2500	0	0	0	0
8	0	0	728	517	914	2505	0	0	0	0
9	0	0	729	518	916	2511	0	0	0	0
10	0	0	731	517	915	2520	0	0	0	0
11	0	0	733	518	914	2529	0	0	0	0
12	0	0	735	519	915	2543	0	0	0	0
13	0	0	736	520	912	2553	0	0	0	0
14	0	0	737	522	913	2566	0	0	0	0
15	0	0	741	522	913	2576	0	0	0	0
16	0	0	740	523	912	2583	0	0	0	0
17	0	0	742	525	912	2591	0	0	0	0
18	0	0	743	527	912	2600	0	0	0	0
19	0	0	744	528	910	2601	0	0	0	0
20	0	0	746	527	910	2609	0	0	0	0
21	0	0	747	525	910	2607	0	0	0	0
22	0	0	751	527	911	2609	0	0	0	0
23	0	0	751	525	910	2620	0	0	0	0
24	0	0	752	526	909	2622	0	0	0	0
25	0	0	754	524	911	2625	0	0	0	0
26	0	0	755	523	910	2633	0	0	0	0
27	0	0	755	522	910	2637	0	0	0	0
28	0	0	754	521	908	2648	0	0	0	0
29	0	0	754	520	909	2660	0	0	0	0
30	0	0	756	518	908	2660	0	0	0	0
31	0	0	756	516	909	2671	0	0	0	0
32	0	0	757	516	910	2685	0	0	0	0
33	0	0	756	516	910	2692	0	0	0	0
34	0	0	755	515	911	2698	0	0	0	0
35	0	0	757	516	911	2699	0	0	0	0
36	0	0	756	513	911	2717	0	0	0	0
37	0	0	757	513	911	2726	0	0	0	0
38	0	0	756	512	911	2734	0	0	0	0
39	0	0	756	510	909	2733	0	0	0	0
40	0	0	756	510	909	2737	0	0	0	0
41	0	0	756	509	907	2742	0	0	0	0
42	0	0	757	509	904	2752	0	0	0	0
43	0	0	758	508	905	2753	0	0	0	0
44	0	0	759	507	904	2752	0	0	0	0
45	0	0	758	507	903	2757	0	0	0	0
46	0	0	759	504	902	2760	0	0	0	0
47	0	0	759	505	901	2771	0	0	0	0
48	0	0	759	503	899	2778	0	0	0	0
49	0	0	758	501	898	2775	0	0	0	0
50	0	0	758	500	897	2781	0	0	0	0
51	0	0	757	500	897	2784	0	0	0	0
52	0	0	754	499	896	2787	0	0	0	0
53	0	0	754	498	896	2791	0	0	0	0
54	0	0	750	494	896	2805	0	0	0	0
55	0	0	748	495	896	2818	0	0	0	0
56	0	0	748	495	895	2826	0	0	0	0
57	0	0	748	495	895	2827	0	0	0	0
58	0	0	746	495	894	2830	0	0	0	0
59	0	0	743	495	893	2832	0	0	0	0
60	0	0	742	493	893	2837	0	0	0	0
61	0	0	742	493	893	2841	0	0	0	0
62	0	0	742	494	893	2845	0	0	0	0
63	0	0	741	494	893	2843	0	0	0	0
64	0	0	741	492	893	2844	0	0	0	0
65	0	0	741	492	893	2848	0	0	0	0
66	0	0	740	492	893	2852	0	0	0	0
67	0	0	739	493	893	2859	0	0	0	0
68	0	0	739	492	893	2862	0	0	0	0
69	0	0	742	494	893	2867	0	0	0	0
70	0	0	744	494	893	2873	0	0	0	0
71	0	0	745	495	893	2876	0	0	0	0
72	0	0	745	496	893	2875	0	0	0	0
73	0	0	746	497	892	2876	0	0	0	0
74	0	0	747	497	892	2879	0	0	0	0
75	0	0	749	496	892	2889	0	0	0	0
76	0	0	751	498	893	2897	0	0	0	0
77	0	0	752	502	892	2901	0	0	0	0
78	0	0	755	503	891	2905	0	0	0	0
79	0	0	758	504	891	2909	0	0	0	0
80	0	0	761	507	891	2915	0	0	0	0
81	0	0	764	508	892	2915	0	0	0	0
82	0	0	767	508	892	2920	0	0	0	0
83	0	0	770	509	893	2923	0	0	0	0
84	0	0	772	514	893	2926	0	0	0	0
85	0	0	773	516	893	2929	0	0	0	0
86	0	0	775	517	893	2930	0	0	0	0
87	0	0	775	518	894	2929	0	0	0	0
88	0	0	778	521	894	2931	0	0	0	0
89	0	0	779	523	895	2932	0	0	0	0
90	0	0	781	524	897	2935	0	0	0	0
91	0	0	783	527	897	2934	0	0	0	0
92	0	0	784	529	898	2933	0	0	0	0
93	0	0	785	531	899	2928	0	0	0	0
94	0	0	785	532	898	2927	0	0	0	0
95	0	0	786	534	899	2926	0	0	0	0
96	0	0	787	535	900	2927	0	0	0	0
97	0	0	788	537	900	2931	0	0	0	0
98	0	0	787	536	900	2929	0	0	0	0
99	0	0	787	539	902	2930	0	0	0	0
100	0	0	788	542	900	2928	0	0	0	0
101	0	0	790	546	900	2928	0	0	0	0
102	0	0	791	549	902	2929	0	0	0	0
103	0	0	789	553	901	2928	0	0	0	0
104	0	0	790	556	901	2924	0	0	0	0
105	0	0	790	558	901	2925	0	0	0	0
106	0	0	790	561	899	2911	0	0	0	0
107	0	0	790	565	899	2901	0	0	0	0
108	0	0	790	570	897	2896	0	0	0	0
109	0	0	789	573	897	2888	0	0	0	0
110	0	0	788	576	896	2886	0	0	0	0
111	0	0	788	577	894	2876	0	0	0	0
112	0	0	786	581	893	2875	0	0	0	0
113	0	0	785	584	890	2856	0	0	0	0
114	0	0	783	587	888	2841	0	0	0	0
115	0	0	782	589	886	2833	0	0	0	0
116	0	0	781	593	884	2827	0	0	0	0
117	0	0	781	597	883	2804	0	0	0	0
118	0	0	778	599	880	2787	0	0	0	0
119	0	0	777	603	879	2781	0	0	0	0
120	0	0	778	604	879	2769	0	0	0	0
121	0	0	778	607	877	2750	0	0	0	0
122	0	0	775	610	874	2731	0	0	0	0
123	0	0	776	613	873	2713	0	0	0	0
124	0	0	775	614	871	2694	0	0	0	0
125	0	0	774	616	869	2668	0	0	0	0
126	0	0	774	619	867	2658	0	0	0	0
127	0	0	772	622	867	2638	0	0	0	0
0	0	0	771	623	865	2606	0	0	0	0
1	0	0	772	625	864	2584	0	0	0	0
2	0	0	773	627	862	2543	0	0	0	0
3	0	0	772	629	861	2515	0	0	0	0
4	0	0	772	630	858	2489	0	0	0	0
5	0	0	771	633	857	2458	0	0	0	0
6	0	0	771	635	854	2425	0	0	0	0
7	0	0	771	639	852	2374	0	0	0	0
8	0	0	770	640	850	2331	0	0	0	0
9	0	0	768	643	847	2298	0	0	0	0
10	0	0	769	645	845	2277	0	0	0	0
11	0	0	769	647	844	2203	0	0	0	0
12	0	0	769	649	843	2156	0	0	0	0
13	0	0	770	652	838	2076	0	0	0	0
14	0	0	771	655	837	2073	0	0	0	0
15	0	0	770	657	833	2022	0	0	0	0
16	0	0	771	659	831	1946	0	0	0	0
17	0	0	772	661	829	1894	0	0	0	0
18	0	0	774	663	826	1741	0	0	0	0
19	0	0	775	666	825	1675	0	0	0	0
20	0	0	777	668	821	1600	0	0	0	0
21	0	0	778	669	819	1511	0	0	0	0
22	0	0	780	674	817	1409	0	0	0	0
23	0	0	781	677	814	1287	0	0	0	0
24	0	0	779	679	811	1182	0	0	0	0
25	0	0	781	682	808	1074	0	0	0	0
26	0	0	782	684	807	960	0	0	0	0
27	0	0	782	687	805	818	0	0	0	0
28	0	0	781	689	803	687	0	0	0	0
29	0	0	781	690	802	588	0	0	0	0
30	0	0	779	693	799	452	0	0	0	0
31	0	0	779	696	798	438	0	0	0	0
32	0	0	778	700	796	432	0	0	0	0
33	0	0	779	702	794	362	0	0	0	0
34	0	0	777	703	793	297	0	0	0	0
35	0	0	776	706	791	286	0	0	0	0
36	0	0	775	708	790	280	0	0	0	0
37	0	0	773	711	789	273	0	0	0	0
38	0	0	772	712	788	238	0	0	0	0
39	0	0	769	714	787	297	0	0	0	0
40	0	0	768	717	787	264	0	0	0	0
41	0	0	765	719	786	223	0	0	0	0
42	0	0	763	722	786	213	0	0	0	0
43	0	0	761	723	785	173	0	0	0	0
44	0	0	758	726	785	151	0	0	0	0
45	0	0	756	729	784	147	0	0	0	0
46	0	0	754	732	784	152	0	0	0	0
47	0	0	753	734	785	132	0	0	0	0
48	0	0	752	736	784	130	0	0	0	0
49	0	0	749	737	785	164	0	0	0	0
50	0	0	749	739	785	165	0	0	0	0
51	0	0	748	741	786	168	0	0	0	0
52	0	0	748	743	787	183	0	0	0	0
53	0	0	750	746	787	189	0	0	0	0
54	0	0	749	747	788	192	0	0	0	0
55	0	0	749	749	789	194	0	0	0	0
56	0	0	750	751	788	203	0	0	0	0
57	0	0	751	753	788	207	0	0	0	0
58	0	0	752	756	788	209	0	0	0	0
59	0	0	751	758	790	212	0	0	0	0
60	0	0	753	760	792	216	0	0	0	0
61	0	0	752	762	791	212	0	0	0	0
62	0	0	753	764	791	209	0	0	0	0
63	0	0	754	766	793	206	0	0	0	0
64	0	0	754	768	794	201	0	0	0	0
65	0	0	753	770	794	204	0	0	0	0
66	0	0	753	773	794	204	0	0	0	0
67	0	0	754	775	795	203	0	0	0	0
68	0	0	755	778	796	205	0	0	0	0
69	0	0	757	782	797	203	0	0	0	0
70	0	0	756	785	799	205	0	0	0	0
71	0	0	755	788	799	201	0	0	0	0
72	0	0	754	791	800	203	0	0	0	0
73	0	0	754	794	801	207	0	0	0	0
74	0	0	753	798	801	210	0	0	0	0
75	0	0	753	802	803	216	0	0	0	0
76	0	0	752	806	804	221	0	0	0	0
77	0	0	753	812	803	223	0	0	0	0
78	0	0	754	818	804	224	0	0	0	0
79	0	0	754	823	805	226	0	0	0	0
80	0	0	754	827	805	223	0	0	0	0
81	0	0	753	833	806	220	0	0	0	0
82	0	0	754	837	805	216	0	0	0	0
83	0	0	754	839	807	212	0	0	0	0
84	0	0	753	846	807	189	0	0	0	0
85	0	0	755	851	806	177	0	0	0	0
86	0	0	755	856	807	171	0	0	0	0
87	0	0	758	862	806	171	0	0	0	0
88	0	0	758	866	806	175	0	0	0	0
89	0	0	757	871	806	185	0	0	0	0
90	0	0	756	875	804	188	0	0	0	0
91	0	0	756	881	804	175	0	0	0	0
92	0	0	755	884	805	176	0	0	0	0
93	0	0	755	887	803	179	0	0	0	0
94	0	0	755	889	804	180	0	0	0	0
95	0	0	755	892	804	179	0	0	0	0
96	0	0	753	895	801	183	0	0	0	0
97	0	0	754	896	801	168	0	0	0	0
98	0	0	754	897	800	162	0	0	0	0
99	0	0	754	897	799	161	0	0	0	0
100	0	0	756	896	798	158	0	0	0	0
101	0	0	757	895	796	152	0	0	0	0
102	0	0	760	894	795	143	0	0	0	0
103	0	0	760	894	795	141	0	0	0	0
104	0	0	764	893	793	134	0	0	0	0
105	0	0	764	892	792	131	0	0	0	0
106	0	0	767	892	791	126	0	0	0	0
107	0	0	767	892	792	130	0	0	0	0
108	0	0	770	890	792	128	0	0	0	0
109	0	0	770	891	792	125	0	0	0	0
110	0	0	772	891	792	131	0	0	0	0
111	0	0	771	890	791	130	0	0	0	0
112	0	0	770	890	790	137	0	0	0	0
113	0	0	772	889	791	138	0	0	0	0
114	0	0	772	889	791	133	0	0	0	0
115	0	0	770	890	791	132	0	0	0	0
116	0	0	769	891	791	135	0	0	0	0
117	0	0	768	892	791	132	0	0	0	0
118	0	0	766	892	791	135	0	0	0	0
119	0	0	765	892	790	135	0	0	0	0
120	0	0	765	891	791	147	0	0	0	0
121	0	0	763	888	790	146	0	0	0	0
122	0	0	764	887	789	144	0	0	0	0
123	0	0	764	886	790	143	0	0	0	0
124	0	0	761	885	790	140	0	0	0	0
125	0	0	761	884	790	137	0	0	0	0
126	0	0	760	879	790	133	0	0	0	0
127	0	0	761	878	790	135	0	0	0	0
0	0	0	761	875	790	137	0	0	0	0
1	0	0	759	873	791	134	0	0	0	0
2	0	0	759	872	791	136	0	0	0	0
3	0	0	759	869	790	138	0	0	0	0
4	0	0	759	867	790	140	0	0	0	0
5	0	0	759	866	790	140	0	0	0	0
6	0	0	759	863	791	144	0	0	0	0
7	0	0	758	862	790	143	0	0	0	0
8	0	0	758	862	791	146	0	0	0	0
9	0	0	759	860	788	145	0	0	0	0
10	0	0	760	858	788	146	0	0	0	0
11	0	0	761	857	788	151	0	0	0	0
12	0	0	763	855	788	148	0	0	0	0
13	0	0	764	854	789	144	0	0	0	0
14	0	0	765	852	788	141	0	0	0	0
15	0	0	766	851	788	139	0	0	0	0
16	0	0	768	849	786	129	0	0	0	0
17	0	0	770	850	787	127	0	0	0	0
18	0	0	771	850	786	122	0	0	0	0
19	0	0	774	850	786	124	0	0	0	0
20	0	0	774	847	785	126	0	0	0	0
21	0	0	774	846	785	127	0	0	0	0
22	0	0	776	843	783	128	0	0	0	0
23	0	0	777	843	784	131	0	0	0	0
24	0	0	779	841	783	134	0	0	0	0
25	0	0	780	839	782	136	0	0	0	0
26	0	0	780	837	781	137	0	0	0	0
27	0	0	782	834	781	138	0	0	0	0
28	0	0	783	832	780	140	0	0	0	0
29	0	0	783	830	780	139	0	0	0	0
30	0	0	783	828	778	139	0	0	0	0
31	0	0	784	826	777	140	0	0	0	0
32	0	0	782	823	775	136	0	0	0	0
33	0	0	784	823	775	134	0	0	0	0
34	0	0	784	821	775	129	0	0	0	0
35	0	0	784	818	773	129	0	0	0	0
36	0	0	784	815	772	124	0	0	0	0
37	0	0	785	814	771	116	0	0	0	0
38	0	0	786	808	770	109	0	0	0	0
39	0	0	786	808	769	112	0	0	0	0
40	0	0	785	803	769	111	0	0	0	0
41	0	0	786	802	769	111	0	0	0	0
42	0	0	789	799	768	111	0	0	0	0
43	0	0	787	794	766	115	0	0	0	0
44	0	0	787	790	766	119	0	0	0	0
45	0	0	788	790	764	119	0	0	0	0
46	0	0	787	789	763	123	0	0	0	0
47	0	0	787	785	761	123	0	0	0	0
48	0	0	788	783	760	127	0	0	0	0
49	0	0	788	781	759	124	0	0	0	0
50	0	0	790	782	759	127	0	0	0	0
51	0	0	788	779	758	132	0	0	0	0
52	0	0	789	776	757	128	0	0	0	0
53	0	0	789	773	756	125	0	0	0	0
54	0	0	790	771	757	120	0	0	0	0
55	0	0	790	768	758	117	0	0	0	0
56	0	0	791	767	758	112	0	0	0	0
57	0	0	787	763	757	111	0	0	0	0
58	0	0	788	762	758	104	0	0	0	0
59	0	0	790	760	759	108	0	0	0	0
60	0	0	788	759	758	109	0	0	0	0
61	0	0	788	757	759	111	0	0	0	0
62	0	0	786	755	760	112	0	0	0	0
63	0	0	786	754	761	120	0	0	0	0
64	0	0	786	753	760	124	0	0	0	0
65	0	0	786	751	762	124	0	0	0	0
66	0	0	785	750	762	126	0	0	0	0
67	0	0	784	748	763	123	0	0	0	0
68	0	0	783	747	765	127	0	0	0	0
69	0	0	783	747	765	125	0	0	0	0
70	0	0	782	745	766	127	0	0	0	0
71	0	0	783	744	766	130	0	0	0	0
72	0	0	782	744	767	128	0	0	0	0
73	0	0	782	743	768	122	0	0	0	0
74	0	0	781	742	768	119	0	0	0	0
75	0	0	781	740	769	115	0	0	0	0
76	0	0	781	740	768	112	0	0	0	0
77	0	0	779	740	770	109	0	0	0	0
78	0	0	778	740	771	105	0	0	0	0
79	0	0	780	739	771	106	0	0	0	0
80	0	0	780	739	772	110	0	0	0	0
81	0	0	779	739	772	108	0	0	0	0
82	0	0	780	737	773	107	0	0	0	0
83	0	0	780	737	773	113	0	0	0	0
84	0	0	779	737	773	117	0	0	0	0
85	0	0	779	737	774	118	0	0	0	0
86	0	0	780	735	774	121	0	0	0	0
87	0	0	781	735	773	121	0	0	0	0
88	0	0	781	735	774	125	0	0	0	0
89	0	0	782	734	774	122	0	0	0	0
90	0	0	782	733	773	125	0	0	0	0
91	0	0	782	733	774	129	0	0	0	0
92	0	0	783	733	774	128	0	0	0	0
93	0	0	783	733	776	124	0	0	0	0
94	0	0	785	732	775	118	0	0	0	0
95	0	0	786	733	775	118	0	0	0	0
96	0	0	786	733	775	111	0	0	0	0
97	0	0	786	734	775	109	0	0	0	0
98	0	0	786	734	775	104	0	0	0	0
99	0	0	786	735	774	106	0	0	0	0
100	0	0	787	736	774	108	0	0	0	0
101	0	0	786	735	774	107	0	0	0	0
102	0	0	787	737	775	108	0	0	0	0
103	0	0	788	738	775	112	0	0	0	0
104	0	0	787	738	775	117	0	0	0	0
105	0	0	787	738	774	118	0	0	0	0
106	0	0	787	741	774	121	0	0	0	0
107	0	0	788	742	774	122	0	0	0	0
108	0	0	789	743	774	125	0	0	0	0
109	0	0	789	744	774	123	0	0	0	0
110	0	0	790	745	774	125	0	0	0	0
111	0	0	789	746	774	128	0	0	0	0
112	0	0	790	747	775	127	0	0	0	0
113	0	0	789	747	776	120	0	0	0	0
114	0	0	790	748	776	114	0	0	0	0
115	0	0	790	750	775	112	0	0	0	0
116	0	0	790	751	775	108	0	0	0	0
117	0	0	791	751	775	106	0	0	0	0
118	0	0	791	752	776	100	0	0	0	0
119	0	0	792	754	775	102	0	0	0	0
120	0	0	793	755	777	107	0	0	0	0
121	0	0	794	757	776	104	0	0	0	0
122	0	0	795	757	776	105	0	0	0	0
123	0	0	795	758	776	109	0	0	0	0
124	0	0	796	759	779	114	0	0	0	0
125	0	0	795	760	778	115	0	0	0	0
126	0	0	795	761	778	119	0	0	0	0
127	0	0	798	762	778	119	0	0	0	0
0	0	0	798	763	778	123	0	0	0	0
1	0	0	800	765	779	121	0	0	0	0
2	0	0	800	766	779	124	0	0	0	0
3	0	0	802	766	779	125	0	0	0	0
4	0	0	804	767	780	124	0	0	0	0
5	0	0	805	768	781	119	0	0	0	0
6	0	0	806	770	780	116	0	0	0	0
7	0	0	806	771	780	113	0	0	0	0
8	0	0	807	773	781	108	0	0	0	0
9	0	0	807	774	780	107	0	0	0	0
10	0	0	808	774	782	102	0	0	0	0
11	0	0	810	775	781	105	0	0	0	0
12	0	0	810	775	780	107	0	0	0	0
13	0	0	811	776	781	106	0	0	0	0
14	0	0	812	778	781	106	0	0	0	0
15	0	0	814	778	781	111	0	0	0	0
16	0	0	814	778	782	115	0	0	0	0
17	0	0	814	780	782	117	0	0	0	0
18	0	0	814	780	781	125	0	0	0	0
19	0	0	814	781	782	124	0	0	0	0
20	0	0	815	781	781	128	0	0	0	0
21	0	0	816	782	783	125	0	0	0	0
22	0	0	816	783	781	127	0	0	0	0
23	0	0	815	782	782	131	0	0	0	0
24	0	0	815	783	781	129	0	0	0	0
25	0	0	817	783	781	122	0	0	0	0
26	0	0	817	783	781	117	0	0	0	0
27	0	0	817	784	781	117	0	0	0	0
28	0	0	817	784	781	111	0	0	0	0
29	0	0	817	785	781	110	0	0	0	0
30	0	0	818	785	780	104	0	0	0	0
31	0	0	818	786	780	105	0	0	0	0
32	0	0	819	787	780	109	0	0	0	0
33	0	0	819	787	780	108	0	0	0	0
34	0	0	818	787	779	108	0	0	0	0
35	0	0	818	787	778	112	0	0	0	0
36	0	0	817	787	777	115	0	0	0	0
37	0	0	817	788	777	117	0	0	0	0
38	0	0	817	789	776	120	0	0	0	0
39	0	0	816	789	776	122	0	0	0	0
40	0	0	817	789	776	125	0	0	0	0
41	0	0	815	789	775	120	0	0	0	0
42	0	0	814	791	774	123	0	0	0	0
43	0	0	812	792	774	125	0	0	0	0
44	0	0	811	791	774	123	0	0	0	0
45	0	0	811	790	774	119	0	0	0	0
46	0	0	811	792	773	116	0	0	0	0
47	0	0	810	792	773	114	0	0	0	0
48	0	0	809	793	772	105	0	0	0	0
49	0	0	808	792	772	109	0	0	0	0
50	0	0	807	793	773	106	0	0	0	0
51	0	0	807	793	773	108	0	0	0	0
52	0	0	806	793	772	118	0	0	0	0
53	0	0	805	794	772	119	0	0	0	0
54	0	0	805	794	772	121	0	0	0	0
55	0	0	805	793	771	123	0	0	0	0
56	0	0	804	794	771	127	0	0	0	0
57	0	0	804	794	772	132	0	0	0	0
58	0	0	803	794	771	135	0	0	0	0
59	0	0	804	795	770	137	0	0	0	0
60	0	0	804	795	769	140	0	0	0	0
61	0	0	804	794	769	137	0	0	0	0
62	0	0	805	796	768	139	0	0	0	0
63	0	0	804	795	767	144	0	0	0	0
64	0	0	804	794	767	143	0	0	0	0
65	0	0	806	794	766	139	0	0	0	0
66	0	0	804	795	765	134	0	0	0	0
67	0	0	804	795	765	133	0	0	0	0
68	0	0	803	795	764	128	0	0	0	0
69	0	0	803	794	762	125	0	0	0	0
70	0	0	803	793	762	120	0	0	0	0
71	0	0	802	793	762	122	0	0	0	0
72	0	0	801	792	761	125	0	2	0	0
73	0	0	800	792	761	125	0	0	0	0
74	0	0	802	793	761	125	0	0	0	0
75	0	0	801	791	760	128	0	0	0	0
76	0	0	800	792	759	130	0	0	0	0
77	0	0	800	792	759	131	0	0	0	0
78	0	0	799	791	758	134	0	0	0	0
79	0	0	798	793	758	134	0	0	0	0
80	0	0	798	794	757	141	0	0	0	0
81	0	0	796	794	757	137	0	0	0	0
82	0	0	797	793	757	139	0	0	0	0
83	0	0	797	795	757	143	0	0	0	0
84	0	0	797	795	757	141	0	0	0	0
85	0	0	795	795	756	138	0	0	0	0
86	0	0	794	795	755	134	0	0	0	0
87	0	0	794	796	755	132	0	0	0	0
88	0	0	792	796	755	126	0	0	0	0
89	0	0	790	796	755	124	0	0	0	0
90	0	0	791	796	756	118	0	0	0	0
91	0	0	790	796	755	120	0	0	0	0
92	0	0	789	796	753	119	0	0	0	0
93	0	0	789	796	754	118	0	0	0	0
94	0	0	788	796	754	120	0	0	0	0
95	0	0	787	796	755	120	0	0	0	0
96	0	0	788	797	755	118	0	0	0	0
97	0	0	787	797	755	113	0	0	0	0
98	0	0	787	797	755	111	0	0	0	0
99	0	0	786	797	754	102	0	0	0	0
100	0	0	786	797	755	93	0	0	0	0
101	0	0	786	796	754	72	0	0	0	0
102	0	0	785	796	754	62	0	0	0	0
103	0	0	784	797	755	70	0	0	0	0
104	0	0	785	796	755	79	0	0	0	0
105	0	0	783	795	755	85	0	0	0	0
106	0	0	784	795	756	85	0	0	0	0
107	0	0	782	795	757	88	0	0	0	0
108	0	0	779	795	758	88	0	0	0	0
109	0	0	774	796	761	90	0	0	0	0
110	0	0	772	795	763	92	0	0	0	0
111	0	0	771	795	764	95	0	0	0	0
112	0	0	779	795	766	95	0	0	0	0
113	0	0	790	796	766	90	0	0	0	0
114	0	0	802	796	764	131	0	0	0	0
115	0	0	811	797	761	706	0	0	0	0
116	0	0	815	796	759	995	0	0	0	0
117	0	0	817	795	755	1199	0	0	0	0
118	0	0	816	793	755	1371	0	0	0	0
119	0	0	812	792	756	1657	0	0	0	0
120	0	0	804	790	758	1875	0	0	0	0
121	0	0	800	787	761	2035	0	0	0	0
122	0	0	793	784	766	2119	0	0	0	0
123	0	0	789	778	768	2132	0	0	0	0
124	0	0	787	775	771	2164	0	0	0	0
125	0	0	787	771	774	2177	0	0	0	0
126	0	0	787	769	774	2177	0	0	0	0
127	0	0	787	769	777	2165	0	0	0	0
0	0	0	788	770	778	2140	0	0	0	0
1	0	0	790	774	780	2128	0	0	0	0
2	0	0	792	776	784	2118	0	0	0	0
3	0	0	794	777	789	2102	0	0	0	0
4	0	0	792	778	795	2110	0	0	0	0
5	0	0	787	777	802	2032	0	0	0	0
6	0	0	780	778	813	2004	0	0	0	0
7	0	0	765	778	829	1928	0	0	0	0
8	0	0	735	781	853	1871	0	0	0	0
9	0	0	702	785	893	1901	0	0	0	0
10	0	0	665	800	946	1908	0	0	0	0
11	0	0	631	813	1002	1748	0	0	0	0
12	0	0	606	821	1056	1671	0	0	0	0
13	0	0	544	817	1096	1643	0	0	0	0
14	0	0	456	784	1107	1637	0	0	0	0
15	0	0	363	723	1109	1521	0	0	0	0
16	0	0	298	655	1118	1376	0	0	0	0
17	0	0	283	576	1141	1287	0	0	0	0
18	0	0	328	501	1165	1218	0	0	0	0
19	0	0	427	459	1187	1116	0	0	0	0
20	0	0	539	445	1223	1046	0	0	0	0
21	0	0	625	438	1272	939	0	0	0	0
22	0	0	672	436	1320	867	0	0	0	0
23	0	0	696	452	1357	812	0	0	0	0
24	0	0	723	485	1374	771	0	0	0	0
25	0	0	743	545	1381	781	0	0	0	0
26	0	0	741	617	1398	799	0	0	0	0
27	0	0	711	677	1414	817	0	0	0	0
28	0	0	666	706	1390	847	0	0	0	0
29	0	0	606	691	1355	847	0	0	0	0
30	0	0	534	658	1318	880	0	0	0	0
31	0	0	448	603	1263	907	0	0	0	0
32	0	0	352	546	1186	1007	0	0	0	0
33	0	0	308	500	1094	1137	0	0	0	0
34	0	0	348	475	981	1202	0	0	0	0
35	0	0	492	458	853	1275	0	0	0	0
36	0	0	679	452	751	1348	0	0	0	0
37	0	0	741	402	674	1400	0	0	0	0
38	0	0	804	340	621	1430	0	0	0	0
39	0	0	913	276	590	1488	0	0	0	0
40	0	0	994	228	560	1544	0	0	0	0
41	0	0	1024	149	561	1576	0	0	0	0
42	0	0	1088	100	579	1607	0	0	0	0
43	0	0	1159	69	585	1674	0	0	0	0
44	0	0	1220	53	591	1758	0	0	0	0
45	0	0	1256	42	594	1829	0	0	0	0
46	0	0	1251	35	604	1865	0	0	0	0
47	0	0	1216	37	627	1899	0	0	0	0
48	0	0	1171	57	651	1932	0	0	0	0
49	0	0	1132	87	671	1955	0	0	0	0
50	0	0	1105	117	683	1996	0	0	0	0
51	0	0	1092	149	681	2066	0	0	0	0
52	0	0	1089	173	679	2131	0	0	0	0
53	0	0	1085	192	677	2185	0	0	0	0
54	0	0	1077	213	676	2241	0	0	0	0
55	0	0	1067	234	677	2268	0	0	0	0
56	0	0	1057	258	680	2292	0	0	0	0
57	0	0	1049	284	687	2335	0	0	0	0
58	0	0	1028	304	699	2363	0	0	0	0
59	0	0	1009	311	710	2381	0	0	0	0
60	0	0	990	300	726	2400	0	0	0	0
61	0	0	982	276	748	2418	0	0	0	0
62	0	0	963	247	771	2424	0	0	0	0
63	0	0	945	213	791	2428	0	0	0	0
64	0	0	925	183	815	2432	0	0	0	0
65	0	0	902	153	838	2426	0	0	0	0
66	0	0	880	126	859	2430	0	0	0	0
67	0	0	862	96	878	2438	0	0	0	0
68	0	0	847	68	894	2443	0	0	0	0
69	0	0	835	50	908	2448	0	0	0	0
70	0	0	828	41	924	2448	0	0	0	0
71	0	0	819	35	942	2450	0	0	0	0
72	0	0	813	30	956	2448	0	0	0	0
73	0	0	808	29	966	2449	0	0	0	0
74	0	0	798	29	973	2453	0	0	0	0
75	0	0	792	35	976	2455	0	0	0	0
76	0	0	789	50	977	2454	0	0	0	0
77	0	0	791	67	976	2446	0	0	0	0
78	0	0	798	85	973	2442	0	0	0	0
79	0	0	803	103	966	2440	0	0	0	0
80	0	0	810	124	961	2435	0	0	0	0
81	0	0	818	145	958	2435	0	0	0	0
82	0	0	827	165	954	2436	0	0	0	0
83	0	0	836	185	950	2439	0	0	0	0
84	0	0	842	204	946	2443	0	0	0	0
85	0	0	847	223	942	2445	0	0	0	0
86	0	0	851	246	938	2444	0	0	0	0
87	0	0	856	265	933	2445	0	0	0	0
88	0	0	861	287	928	2446	0	0	0	0
89	0	0	865	309	921	2446	0	0	0	0
90	0	0	869	331	915	2448	0	0	0	0
91	0	0	875	351	906	2448	0	0	0	0
92	0	0	878	370	898	2451	0	0	0	0
93	0	0	880	389	888	2452	0	0	0	0
94	0	0	880	406	877	2454	0	0	0	0
95	0	0	879	422	865	2455	0	0	0	0
96	0	0	875	437	854	2455	0	0	0	0
97	0	0	871	453	841	2454	0	0	0	0
98	0	0	864	465	829	2455	0	0	0	0
99	0	0	859	479	820	2455	0	0	0	0
100	0	0	855	490	808	2456	0	0	0	0
101	0	0	851	498	802	2456	0	0	0	0
102	0	0	849	507	793	2456	0	0	0	0
103	0	0	852	514	783	2456	0	0	0	0
104	0	0	855	521	774	2456	0	0	0	0
105	0	0	857	529	766	2459	0	0	0	0
106	0	0	861	538	758	2460	0	0	0	0
107	0	0	866	545	751	2460	0	0	0	0
108	0	0	871	551	745	2456	0	0	0	0
109	0	0	876	557	740	2454	0	0	0	0
110	0	0	879	564	737	2454	0	0	0	0
111	0	0	886	571	734	2454	0	0	0	0
112	0	0	890	578	732	2450	0	0	0	0
113	0	0	894	586	731	2447	0	0	0	0
114	0	0	898	593	729	2446	0	0	0	0
115	0	0	899	597	728	2444	0	0	0	0
116	0	0	899	604	729	2441	0	0	0	0
117	0	0	897	608	728	2439	0	0	0	0
118	0	0	894	610	730	2436	0	0	0	0
119	0	0	890	612	732	2435	0	0	0	0
120	0	0	885	613	736	2430	0	0	0	0
121	0	0	879	617	739	2430	0	0	0	0
122	0	0	869	618	743	2428	0	0	0	0
123	0	0	863	618	748	2425	0	0	0	0
124	0	0	856	618	752	2424	0	0	0	0
125	0	0	849	619	755	2420	0	0	0	0
126	0	0	844	619	757	2419	0	0	0	0
127	0	0	840	619	759	2418	0	0	0	0
0	0	0	837	621	760	2420	0	0	0	0
1	0	0	833	621	763	2418	0	0	0	0
2	0	0	829	621	763	2417	0	0	0	0
3	0	0	827	622	765	2413	0	0	0	0
4	0	0	825	623	768	2413	0	0	0	0
5	0	0	823	624	769	2406	0	0	0	0
6	0	0	822	626	772	2403	0	0	0	0
7	0	0	819	626	775	2395	0	0	0	0
8	0	0	819	628	777	2395	0	0	0	0
9	0	0	818	628	777	2390	0	0	0	0
10	0	0	819	628	778	2387	0	0	0	0
11	0	0	821	626	779	2383	0	0	0	0
12	0	0	823	623	779	2381	0	0	0	0
13	0	0	826	618	780	2377	0	0	0	0
14	0	0	828	612	781	2372	0	0	0	0
15	0	0	831	608	783	2370	0	0	0	0
16	0	0	835	604	784	2368	0	0	0	0
17	0	0	840	602	785	2365	0	0	0	0
18	0	0	843	599	787	2362	0	0	0	0
19	0	0	847	596	789	2357	0	0	0	0
20	0	0	850	595	791	2352	0	0	0	0
21	0	0	853	594	791	2348	0	0	0	0
22	0	0	856	591	797	2345	0	0	0	0
23	0	0	858	590	800	2341	0	0	0	0
24	0	0	859	586	802	2339	0	0	0	0
25	0	0	861	586	806	2330	0	0	0	0
26	0	0	862	584	809	2317	0	0	0	0
27	0	0	863	582	814	2310	0	0	0	0
28	0	0	863	579	818	2304	0	0	0	0
29	0	0	863	576	823	2294	0	0	0	0
30	0	0	862	575	826	2288	0	0	0	0
31	0	0	861	568	831	2286	0	0	0	0
32	0	0	858	573	835	2279	0	0	0	0
33	0	0	855	570	843	2270	0	0	0	0
34	0	0	849	564	845	2254	0	0	0	0
35	0	0	850	566	849	2243	0	0	0	0
36	0	0	845	569	855	2234	0	0	0	0
37	0	0	839	566	857	2228	0	0	0	0
38	0	0	833	572	861	2225	0	0	0	0
39	0	0	825	551	864	2219	0	0	0	0
40	0	0	824	551	870	2212	0	0	0	0
41	0	0	814	547	872	2206	0	0	0	0
42	0	0	808	542	874	2200	0	0	0	0
43	0	0	802	540	876	2189	0	0	0	0
44	0	0	796	538	881	2179	0	0	0	0
45	0	0	792	537	877	2161	0	0	0	0
46	0	0	791	535	878	2155	0	0	0	0
47	0	0	784	538	882	2140	0	0	0	0
48	0	0	783	532	884	2124	0	0	0	0
49	0	0	779	523	884	2108	0	0	0	0
50	0	0	780	525	883	2097	0	0	0	0
51	0	0	781	530	884	2070	0	0	0	0
52	0	0	780	531	883	2058	0	0	0	0
53	0	0	777	527	883	2045	0	0	0	0
54	0	0	778	526	884	2029	0	0	0	0
55	0	0	779	527	883	2014	0	0	0	0
56	0	0	778	529	881	2003	0	0	0	0
57	0	0	775	527	882	1986	0	0	0	0
58	0	0	776	531	881	1975	0	0	0	0
59	0	0	776	530	881	1967	0	0	0	0
60	0	0	777	532	881	1940	0	0	0	0
61	0	0	780	535	880	1932	0	0	0	0
62	0	0	781	534	881	1920	0	0	0	0
63	0	0	783	537	882	1922	0	0	0	0
64	0	0	785	538	882	1904	0	0	0	0
65	0	0	786	540	882	1881	0	0	0	0
66	0	0	788	541	881	1870	0	0	0	0
67	0	0	788	543	880	1841	0	0	0	0
68	0	0	789	545	879	1818	0	0	0	0
69	0	0	789	547	879	1808	0	0	0	0
70	0	0	787	550	877	1797	0	0	0	0
71	0	0	786	553	875	1786	0	0	0	0
72	0	0	787	557	873	1772	0	0	0	0
73	0	0	785	560	871	1756	0	0	0	0
74	0	0	786	563	870	1719	0	0	0	0
75	0	0	785	566	866	1702	0	0	0	0
76	0	0	785	568	864	1681	0	0	0	0
77	0	0	786	571	861	1664	0	0	0	0
78	0	0	786	574	860	1659	0	0	0	0
79	0	0	787	579	858	1633	0	0	0	0
80	0	0	788	583	856	1601	0	0	0	0
81	0	0	789	589	854	1587	0	0	0	0
82	0	0	791	593	852	1589	0	0	0	0
83	0	0	791	597	849	1553	0	0	0	0
84	0	0	791	602	847	1516	0	0	0	0
85	0	0	792	607	844	1502	0	0	0	0
86	0	0	793	612	841	1499	0	0	0	0
87	0	0	794	617	839	1477	0	0	0	0
88	0	0	794	620	837	1463	0	0	0	0
89	0	0	797	624	834	1465	0	0	0	0
90	0	0	798	629	833	1456	0	0	0	0
91	0	0	798	634	830	1423	0	0	0	0
92	0	0	799	638	829	1376	0	0	0	0
93	0	0	800	644	827	1350	0	0	0	0
94	0	0	800	648	825	1340	0	0	0	0
95	0	0	800	652	825	1310	0	0	0	0
96	0	0	799	653	824	1302	0	0	0	0
97	0	0	801	657	823	1295	0	0	0	0
98	0	0	801	662	821	1262	0	0	0	0
99	0	0	801	665	821	1256	0	0	0	0
100	0	0	801	669	818	1254	0	0	0	0
101	0	0	803	672	817	1231	0	0	0	0
102	0	0	804	674	815	1231	0	0	0	0
103	0	0	804	677	814	1233	0	0	0	0
104	0	0	804	681	813	1250	0	0	0	0
105	0	0	804	683	811	1221	0	0	0	0
106	0	0	805	685	810	1210	0	0	0	0
107	0	0	806	687	809	1193	0	0	0	0
108	0	0	805	689	807	1164	0	0	0	0
109	0	0	805	691	806	1163	0	0	0	0
110	0	0	804	693	803	1147	0	0	0	0
111	0	0	806	695	801	1140	0	0	0	0
112	0	0	806	695	800	1128	0	0	0	0
113	0	0	806	696	798	1116	0	0	0	0
114	0	0	806	697	796	1137	0	0	0	0
115	0	0	806	699	792	1143	0	0	0	0
116	0	0	805	699	790	1140	0	0	0	0
117	0	0	804	699	787	1141	0	0	0	0
118	0	0	803	698	786	1143	0	0	0	0
119	0	0	804	699	784	1136	0	0	0	0
120	0	0	803	700	783	1115	0	0	0	0
121	0	0	801	700	781	1112	0	0	0	0
122	0	0	801	700	779	1109	0	0	0	0
123	0	0	800	700	777	1108	0	0	0	0
124	0	0	800	701	776	1109	0	0	0	0
125	0	0	799	699	776	1114	0	0	0	0
126	0	0	797	700	774	1119	0	0	0	0
127	0	0	796	699	774	1114	0	0	0	0
0	0	0	796	699	773	1106	0	0	0	0
1	0	0	796	699	774	1101	0	0	0	0
2	0	0	794	702	774	1093	0	0	0	0
3	0	0	793	701	774	1091	0	0	0	0
4	0	0	792	701	773	1095	0	0	0	0
5	0	0	791	702	774	1088	0	0	0	0
6	0	0	790	702	773	1084	0	0	0	0
7	0	0	788	702	774	1086	0	0	0	0
8	0	0	789	703	775	1085	0	0	0	0
9	0	0	789	704	774	1088	0	0	0	0
10	0	0	788	705	774	1093	0	0	0	0
11	0	0	788	706	773	1086	0	0	0	0
12	0	0	787	706	774	1084	0	0	0	0
13	0	0	787	706	773	1080	0	0	0	0
14	0	0	785	705	774	1084	0	0	0	0
15	0	0	785	706	776	1072	0	0	0	0
16	0	0	785	706	775	1062	0	0	0	0
17	0	0	784	705	776	1063	0	0	0	0
18	0	0	784	706	777	1058	0	0	0	0
19	0	0	785	707	776	1063	0	0	0	0
20	0	0	785	707	777	1060	0	0	0	0
21	0	0	785	709	777	1065	0	0	0	0
22	0	0	784	708	776	1061	0	0	0	0
23	0	0	782	708	778	1056	0	0	0	0
24	0	0	782	709	779	1044	0	0	0	0
25	0	0	783	708	777	1039	0	0	0	0
26	0	0	781	710	778	1034	0	0	0	0
27	0	0	780	710	779	1031	0	0	0	0
28	0	0	782	712	779	1032	0	0	0	0
29	0	0	779	713	780	1037	0	0	0	0
30	0	0	780	715	780	1038	0	0	0	0
31	0	0	779	716	780	1033	0	0	0	0
32	0	0	777	715	779	1025	0	0	0	0
33	0	0	778	717	780	1018	0	0	0	0
34	0	0	777	718	781	1003	0	0	0	0
35	0	0	778	719	781	993	0	0	0	0
36	0	0	776	718	781	995	0	0	0	0
37	0	0	775	719	781	1000	0	0	0	0
38	0	0	778	720	783	992	0	0	0	0
39	0	0	778	722	782	991	0	0	0	0
40	0	0	777	722	781	991	0	0	0	0
41	0	0	777	723	780	971	0	0	0	0
42	0	0	777	725	780	967	0	0	0	0
43	0	0	777	727	781	964	0	0	0	0
44	0	0	777	727	781	965	0	0	0	0
45	0	0	775	729	782	962	0	0	0	0
46	0	0	776	731	781	960	0	0	0	0
47	0	0	777	732	782	960	0	0	0	0
48	0	0	776	734	781	965	0	0	0	0
49	0	0	777	734	781	971	0	0	0	0
50	0	0	777	735	780	961	0	0	0	0
51	0	0	776	736	779	963	0	0	0	0
52	0	0	776	736	779	965	0	0	0	0
53	0	0	780	737	779	966	0	0	0	0
54	0	0	780	737	778	971	0	0	0	0
55	0	0	782	739	778	962	0	0	0	0
56	0	0	782	740	777	961	0	0	0	0
57	0	0	783	739	776	956	0	0	0	0
58	0	0	784	741	777	960	0	0	0	0
59	0	0	784	741	776	960	0	0	0	0
60	0	0	785	741	776	976	0	0	0	0
61	0	0	786	742	776	973	0	0	0	0
62	0	0	787	742	776	970	0	0	0	0
63	0	0	788	741	776	970	0	0	0	0
64	0	0	788	742	777	963	0	0	0	0
65	0	0	790	741	778	962	0	0	0	0
66	0	0	791	742	777	963	0	0	0	0
67	0	0	791	740	778	961	0	0	0	0
68	0	0	791	740	779	957	0	0	0	0
69	0	0	792	740	779	959	0	0	0	0
70	0	0	792	739	779	964	0	0	0	0
71	0	0	793	738	780	961	0	0	0	0
72	0	0	794	736	781	960	0	0	0	0
73	0	0	794	736	782	963	0	0	0	0
74	0	0	796	736	783	959	0	0	0	0
75	0	0	795	735	784	964	0	0	0	0
76	0	0	797	734	784	967	0	0	0	0
77	0	0	797	734	785	968	0	0	0	0
78	0	0	798	735	785	974	0	0	0	0
79	0	0	799	732	788	974	0	0	0	0
80	0	0	799	731	788	978	0	0	0	0
81	0	0	798	729	789	977	0	0	0	0
82	0	0	800	729	790	977	0	0	0	0
83	0	0	800	726	792	978	0	0	0	0
84	0	0	799	725	793	975	0	0	0	0
85	0	0	799	724	795	982	0	0	0	0
86	0	0	799	724	796	981	0	0	0	0
87	0	0	798	720	796	981	0	0	0	0
88	0	0	799	719	798	985	0	0	0	0
89	0	0	799	718	800	985	0	0	0	0
90	0	0	799	717	800	985	0	0	0	0
91	0	0	800	714	802	985	0	0	0	0
92	0	0	801	712	804	988	0	0	0	0
93	0	0	800	711	807	986	0	0	0	0
94	0	0	799	710	807	993	0	0	0	0
95	0	0	798	709	809	991	0	0	0	0
96	0	0	799	707	810	991	0	0	0	0
97	0	0	799	706	811	988	0	0	0	0
98	0	0	799	704	813	989	0	0	0	0
99	0	0	797	702	814	990	0	0	0	0
100	0	0	798	700	815	991	0	0	0	0
101	0	0	798	699	816	992	0	0	0	0
102	0	0	797	697	818	993	0	0	0	0
103	0	0	795	695	819	998	0	0	0	0
104	0	0	795	693	820	999	0	0	0	0
105	0	0	794	690	819	1000	0	0	0	0
106	0	0	794	687	821	1000	0	0	0	0
107	0	0	795	684	820	1002	0	0	0	0
108	0	0	795	681	821	1002	0	0	0	0
109	0	0	794	679	819	1004	0	0	0	0
110	0	0	794	677	820	1009	0	0	0	0
111	0	0	793	673	820	1019	0	0	0	0
112	0	0	792	668	821	1029	0	0	0	0
113	0	0	792	666	821	1046	0	0	0	0
114	0	0	790	663	820	1051	0	0	0	0
115	0	0	790	661	819	1057	0	0	0	0
116	0	0	789	657	819	1060	0	0	0	0
117	0	0	790	654	819	1065	0	0	0	0
118	0	0	790	652	819	1070	0	0	0	0
119	0	0	790	649	819	1072	0	0	0	0
120	0	0	789	646	819	1074	0	0	0	0
121	0	0	788	643	819	1072	0	0	0	0
122	0	0	788	641	819	1074	0	0	0	0
123	0	0	786	637	819	1078	0	0	0	0
124	0	0	786	634	819	1080	0	0	0	0
125	0	0	785	631	818	1082	0	0	0	0
126	0	0	785	628	819	1079	0	0	0	0
127	0	0	783	626	819	1094	0	0	0	0
0	0	0	783	623	821	1110	0	0	0	0
1	0	0	782	620	822	1120	0	0	0	0
2	0	0	781	618	821	1118	0	0	0	0
3	0	0	781	616	822	1123	0	0	0	0
4	0	0	779	613	823	1124	0	0	0	0
5	0	0	779	611	823	1126	0	0	0	0
6	0	0	779	609	824	1126	0	0	0	0
7	0	0	777	607	824	1129	0	0	0	0
8	0	0	777	605	824	1131	0	0	0	0
9	0	0	777	604	825	1131	0	0	0	0
10	0	0	777	603	825	1139	0	0	0	0
11	0	0	777	601	825	1142	0	0	0	0
12	0	0	778	601	824	1144	0	0	0	0
13	0	0	779	599	825	1143	0	0	0	0
14	0	0	781	599	826	1140	0	0	0	0
15	0	0	781	597	826	1143	0	0	0	0
16	0	0	782	596	827	1145	0	0	0	0
17	0	0	781	595	826	1155	0	0	0	0
18	0	0	782	595	825	1156	0	0	0	0
19	0	0	783	594	828	1159	0	0	0	0
