# bioPlux Text File Format
# Version: 1
# StartDateTime: 2012-03-21 16:07:02
# SamplingFrequency: 1000
# SampledChannels: 1 2 3 4 5 6 7 8
# SamplingResolution: 12
# AcquiringDevice: 00:07:80:93:66:BE
# EndOfHeader
0	0	0	763	569	876	3024	0	0	0	0
1	0	0	761	573	873	3025	0	0	0	0
2	0	0	760	575	873	3028	0	0	0	0
3	0	0	758	579	871	3031	0	0	0	0
4	0	0	758	581	870	3037	0	0	0	0
5	0	0	756	585	868	3041	0	0	0	0
6	0	0	755	587	866	3041	0	0	0	0
7	0	0	752	588	865	3042	0	0	0	0
8	0	0	750	590	865	3045	0	0	0	0
9	0	0	749	592	863	3046	0	0	0	0
10	0	0	748	594	863	3047	0	0	0	0
11	0	0	747	595	861	3048	0	0	0	0
12	0	0	745	593	861	3047	0	0	0	0
13	0	0	744	597	860	3045	0	0	0	0
14	0	0	742	600	858	3043	0	0	0	0
15	0	0	741	601	858	3042	0	0	0	0
16	0	0	741	602	857	3039	0	0	0	0
17	0	0	740	602	857	3032	0	0	0	0
18	0	0	738	604	856	3026	0	0	0	0
19	0	0	737	605	854	3020	0	0	0	0
20	0	0	738	608	853	3019	0	0	0	0
21	0	0	738	609	852	3015	0	0	0	0
22	0	0	737	611	850	3017	0	0	0	0
23	0	0	736	614	848	3017	0	0	0	0
24	0	0	738	618	845	3009	0	0	0	0
25	0	0	738	621	844	2999	0	0	0	0
26	0	0	740	624	840	2995	0	0	0	0
27	0	0	742	625	839	2986	0	0	0	0
28	0	0	742	628	837	2980	0	0	0	0
29	0	0	742	631	835	2971	0	0	0	0
30	0	0	742	634	832	2952	0	0	0	0
31	0	0	742	637	830	2939	0	0	0	0
32	0	0	741	641	827	2923	0	0	0	0
33	0	0	741	644	824	2907	0	0	0	0
34	0	0	740	646	821	2884	0	0	0	0
35	0	0	738	650	817	2870	0	0	0	0
36	0	0	739	655	815	2843	0	0	0	0
37	0	0	739	657	813	2814	0	0	0	0
38	0	0	739	663	810	2786	0	0	0	0
39	0	0	737	666	806	2756	0	0	0	0
40	0	0	737	669	803	2725	0	0	0	0
41	0	0	737	674	801	2687	0	0	0	0
42	0	0	736	676	798	2647	0	0	0	0
43	0	0	736	680	795	2600	0	0	0	0
44	0	0	735	682	793	2541	0	0	0	0
45	0	0	734	685	789	2477	0	0	0	0
46	0	0	735	688	787	2419	0	0	0	0
47	0	0	735	692	785	2370	0	0	0	0
48	0	0	734	695	782	2278	0	0	0	0
49	0	0	733	697	779	2160	0	0	0	0
50	0	0	735	701	777	2089	0	0	0	0
51	0	0	735	703	775	1990	0	0	0	0
52	0	0	735	705	772	1922	0	0	0	0
53	0	0	735	708	771	1829	0	0	0	0
54	0	0	735	711	768	1728	0	0	0	0
55	0	0	735	714	766	1589	0	0	0	0
56	0	0	735	717	765	1468	0	0	0	0
57	0	0	736	719	764	1359	0	0	0	0
58	0	0	737	720	763	1277	0	0	0	0
59	0	0	737	723	762	1162	0	0	0	0
60	0	0	738	727	761	1105	0	0	0	0
61	0	0	737	727	761	980	0	0	0	0
62	0	0	737	730	761	800	0	0	0	0
63	0	0	736	732	760	707	0	0	0	0
64	0	0	736	735	761	596	0	0	0	0
65	0	0	736	736	762	514	0	0	0	0
66	0	0	735	740	763	437	0	0	0	0
67	0	0	734	739	765	376	0	0	0	0
68	0	0	730	739	768	332	0	0	0	0
69	0	0	730	742	770	287	0	0	0	0
70	0	0	728	743	773	259	0	0	0	0
71	0	0	729	747	776	246	0	0	0	0
72	0	0	728	746	780	271	0	0	0	0
73	0	0	726	748	783	268	0	0	0	0
74	0	0	725	748	787	261	0	0	0	0
75	0	0	724	749	789	265	0	0	0	0
76	0	0	725	753	792	260	0	0	0	0
77	0	0	725	757	795	254	0	0	0	0
78	0	0	726	762	799	252	0	0	0	0
79	0	0	725	763	802	235	0	0	0	0
80	0	0	725	768	806	220	0	0	0	0
81	0	0	726	773	809	253	0	0	0	0
82	0	0	727	776	811	279	0	0	0	0
83	0	0	730	783	815	249	0	0	0	0
84	0	0	732	788	815	246	0	0	0	0
85	0	0	734	794	818	228	0	0	0	0
86	0	0	736	799	821	224	0	0	0	0
87	0	0	736	805	823	219	0	0	0	0
88	0	0	740	811	826	220	0	0	0	0
89	0	0	739	816	826	218	0	0	0	0
90	0	0	743	821	828	221	0	0	0	0
91	0	0	745	824	831	214	0	0	0	0
92	0	0	747	828	831	213	0	0	0	0
93	0	0	750	835	833	213	0	0	0	0
94	0	0	752	840	834	201	0	0	0	0
95	0	0	754	845	836	206	0	0	0	0
96	0	0	758	848	839	204	0	0	0	0
97	0	0	758	853	841	202	0	0	0	0
98	0	0	760	859	842	205	0	0	0	0
99	0	0	759	864	845	202	0	0	0	0
100	0	0	760	870	845	200	0	0	0	0
101	0	0	762	875	845	198	0	0	0	0
102	0	0	765	879	848	156	0	0	0	0
103	0	0	765	881	848	198	0	0	0	0
104	0	0	765	887	849	190	0	0	0	0
105	0	0	764	891	849	163	0	0	0	0
106	0	0	763	895	850	159	0	0	0	0
107	0	0	765	900	852	180	0	0	0	0
108	0	0	764	902	851	187	0	0	0	0
109	0	0	765	906	852	182	0	0	0	0
110	0	0	765	908	852	203	0	0	0	0
111	0	0	768	910	852	154	0	0	0	0
112	0	0	768	911	852	134	0	0	0	0
113	0	0	768	915	852	124	0	0	0	0
114	0	0	767	917	852	129	0	0	0	0
115	0	0	768	920	851	130	0	0	0	0
116	0	0	768	921	850	136	0	0	0	0
117	0	0	765	919	849	157	0	0	0	0
118	0	0	763	920	848	166	0	0	0	0
119	0	0	762	920	847	138	0	0	0	0
120	0	0	761	918	846	130	0	0	0	0
121	0	0	761	917	846	115	0	0	0	0
122	0	0	758	916	845	137	0	0	0	0
123	0	0	757	914	843	121	0	0	0	0
124	0	0	758	911	842	156	0	0	0	0
125	0	0	755	910	842	131	0	0	0	0
126	0	0	754	907	841	146	0	0	0	0
127	0	0	754	903	840	144	0	0	0	0
0	0	0	754	902	839	120	0	0	0	0
1	0	0	753	899	839	130	0	0	0	0
2	0	0	756	897	836	155	0	0	0	0
3	0	0	757	893	835	163	0	0	0	0
4	0	0	758	889	834	151	0	0	0	0
5	0	0	757	887	832	131	0	0	0	0
6	0	0	757	884	830	122	0	0	0	0
7	0	0	758	882	828	107	0	0	0	0
8	0	0	758	880	826	121	0	0	0	0
9	0	0	757	878	824	135	0	0	0	0
10	0	0	759	877	823	146	0	0	0	0
11	0	0	759	873	820	77	0	0	0	0
12	0	0	762	870	817	83	0	0	0	0
13	0	0	761	869	813	84	0	0	0	0
14	0	0	762	866	809	85	0	0	0	0
15	0	0	763	864	807	88	0	0	0	0
16	0	0	764	862	804	94	0	0	0	0
17	0	0	764	859	802	93	0	0	0	0
18	0	0	763	857	800	113	0	0	0	0
19	0	0	763	855	797	113	0	0	0	0
20	0	0	766	854	796	113	0	0	0	0
21	0	0	766	853	793	119	0	0	0	0
22	0	0	766	850	789	122	0	0	0	0
23	0	0	766	848	788	113	0	0	0	0
24	0	0	770	846	786	105	0	0	0	0
25	0	0	770	844	784	99	0	0	0	0
26	0	0	770	844	782	99	0	0	0	0
27	0	0	772	842	780	99	0	0	0	0
28	0	0	774	840	778	82	0	0	0	0
29	0	0	777	838	777	75	0	0	0	0
30	0	0	778	836	775	69	0	0	0	0
31	0	0	779	835	775	64	0	0	0	0
32	0	0	781	834	773	62	0	0	0	0
33	0	0	782	830	773	64	0	0	0	0
34	0	0	783	831	771	68	0	0	0	0
35	0	0	783	830	772	65	0	0	0	0
36	0	0	784	827	770	64	0	0	0	0
37	0	0	786	826	769	63	0	0	0	0
38	0	0	787	825	769	72	0	0	0	0
39	0	0	790	825	767	75	0	0	0	0
40	0	0	790	824	767	76	0	0	0	0
41	0	0	791	822	768	75	0	0	0	0
42	0	0	791	820	767	85	0	0	0	0
43	0	0	791	816	768	79	0	0	0	0
44	0	0	791	811	767	71	0	0	0	0
45	0	0	792	806	766	74	0	0	0	0
46	0	0	795	802	767	62	0	0	0	0
47	0	0	795	798	767	65	0	0	0	0
48	0	0	798	797	765	60	0	0	0	0
49	0	0	795	796	765	56	0	0	0	0
50	0	0	796	796	764	49	0	0	0	0
51	0	0	794	796	762	49	0	0	0	0
52	0	0	793	795	761	50	0	0	0	0
53	0	0	794	794	760	55	0	0	0	0
54	0	0	795	793	757	45	0	0	0	0
55	0	0	796	791	756	46	0	0	0	0
56	0	0	797	790	754	47	0	0	0	0
57	0	0	798	788	752	53	0	0	0	0
58	0	0	801	785	751	55	0	0	0	0
59	0	0	804	784	750	56	0	0	0	0
60	0	0	806	782	749	89	0	0	0	0
61	0	0	807	779	749	88	0	0	0	0
62	0	0	809	777	749	74	0	0	0	0
63	0	0	809	776	749	95	0	0	0	0
64	0	0	810	774	746	99	0	0	0	0
65	0	0	809	774	745	94	0	0	0	0
66	0	0	809	774	744	76	0	0	0	0
67	0	0	809	773	744	85	0	0	0	0
68	0	0	810	772	744	76	0	0	0	0
69	0	0	809	770	743	78	0	0	0	0
70	0	0	810	769	743	77	0	0	0	0
71	0	0	810	767	743	86	0	0	0	0
72	0	0	808	766	744	91	0	0	0	0
73	0	0	807	766	744	87	0	0	0	0
74	0	0	807	764	744	92	0	0	0	0
75	0	0	809	762	746	91	0	0	0	0
76	0	0	807	759	747	100	0	0	0	0
77	0	0	804	759	747	96	0	0	0	0
78	0	0	804	759	749	89	0	0	0	0
79	0	0	802	759	749	84	0	0	0	0
80	0	0	800	756	750	84	0	0	0	0
81	0	0	801	756	751	84	0	0	0	0
82	0	0	799	753	753	87	0	0	0	0
83	0	0	798	750	756	98	0	0	0	0
84	0	0	798	749	755	97	0	0	0	0
85	0	0	799	750	756	100	0	0	0	0
86	0	0	798	749	757	93	0	0	0	0
87	0	0	796	749	759	95	0	0	0	0
88	0	0	795	747	761	83	0	0	0	0
89	0	0	794	747	760	76	0	0	0	0
90	0	0	793	746	762	71	0	0	0	0
91	0	0	793	743	762	74	0	0	0	0
92	0	0	791	741	763	78	0	0	0	0
93	0	0	791	742	765	75	0	0	0	0
94	0	0	790	740	765	72	0	0	0	0
95	0	0	789	740	767	64	0	0	0	0
96	0	0	788	739	766	52	0	0	0	0
97	0	0	788	737	767	50	0	0	0	0
98	0	0	789	738	769	65	0	0	0	0
99	0	0	787	737	770	69	0	0	0	0
100	0	0	786	736	771	68	0	0	0	0
101	0	0	786	736	771	64	0	0	0	0
102	0	0	786	736	772	69	0	0	0	0
103	0	0	787	736	773	76	0	0	0	0
104	0	0	786	736	773	83	0	0	0	0
105	0	0	786	738	773	74	0	0	0	0
106	0	0	788	737	773	55	0	0	0	0
107	0	0	789	738	773	48	0	0	0	0
108	0	0	790	739	774	53	0	0	0	0
109	0	0	790	739	773	58	0	0	0	0
110	0	0	794	740	774	62	0	0	0	0
111	0	0	795	741	774	67	0	0	0	0
112	0	0	796	741	774	76	0	0	0	0
113	0	0	797	742	774	73	0	0	0	0
114	0	0	797	743	774	71	0	0	0	0
115	0	0	797	743	774	85	0	0	0	0
116	0	0	799	744	776	85	0	0	0	0
117	0	0	801	746	774	89	0	0	0	0
118	0	0	801	746	773	93	0	0	0	0
119	0	0	803	748	773	88	0	0	0	0
120	0	0	803	748	771	87	0	0	0	0
121	0	0	803	748	773	90	0	0	0	0
122	0	0	804	748	771	88	0	0	0	0
123	0	0	804	749	773	83	0	0	0	0
124	0	0	804	749	771	75	0	0	0	0
125	0	0	806	751	771	72	0	0	0	0
126	0	0	807	751	771	80	0	0	0	0
127	0	0	806	754	770	75	0	0	0	0
0	0	0	806	754	770	61	0	0	0	0
1	0	0	807	755	769	54	0	0	0	0
2	0	0	806	756	767	63	0	0	0	0
3	0	0	807	757	767	66	0	0	0	0
4	0	0	807	757	767	57	0	0	0	0
5	0	0	808	758	766	62	0	0	0	0
6	0	0	807	758	765	55	0	0	0	0
7	0	0	808	759	765	47	0	0	0	0
8	0	0	807	761	763	61	0	0	0	0
9	0	0	808	762	762	62	0	0	0	0
10	0	0	809	761	762	55	0	0	0	0
11	0	0	808	762	761	50	0	0	0	0
12	0	0	808	763	761	52	0	0	0	0
13	0	0	808	763	760	53	0	0	0	0
14	0	0	808	764	760	53	0	0	0	0
15	0	0	809	765	760	50	0	0	0	0
16	0	0	808	765	759	53	0	0	0	0
17	0	0	809	765	758	45	0	0	0	0
18	0	0	810	767	758	37	0	0	0	0
19	0	0	808	767	757	55	0	0	0	0
20	0	0	810	768	757	33	0	1	0	0
21	0	0	809	767	756	47	0	0	0	0
22	0	0	810	767	756	47	0	0	0	0
23	0	0	809	768	757	37	0	0	0	0
24	0	0	808	769	755	41	0	0	0	0
25	0	0	808	768	755	37	0	0	0	0
26	0	0	808	770	753	32	0	0	0	0
27	0	0	809	772	753	34	0	0	0	0
28	0	0	810	772	752	36	0	0	0	0
29	0	0	809	772	752	32	0	0	0	0
30	0	0	810	774	751	49	0	0	0	0
31	0	0	810	774	752	58	0	0	0	0
32	0	0	811	775	751	80	0	0	0	0
33	0	0	810	775	751	66	0	0	0	0
34	0	0	810	775	751	70	0	0	0	0
35	0	0	810	777	750	70	0	0	0	0
36	0	0	811	777	750	72	0	0	0	0
37	0	0	812	778	750	54	0	0	0	0
38	0	0	812	778	751	57	0	0	0	0
39	0	0	813	778	751	74	0	0	0	0
40	0	0	811	779	751	62	0	0	0	0
41	0	0	811	780	751	50	0	0	0	0
42	0	0	811	780	751	44	0	0	0	0
43	0	0	811	780	751	35	0	0	0	0
44	0	0	811	782	752	47	0	0	0	0
45	0	0	810	780	752	53	0	0	0	0
46	0	0	810	781	753	57	0	0	0	0
47	0	0	809	782	753	49	0	0	0	0
48	0	0	810	782	753	54	0	0	0	0
49	0	0	809	781	753	47	0	0	0	0
50	0	0	809	783	753	49	0	0	0	0
51	0	0	809	782	755	56	0	0	0	0
52	0	0	809	782	754	58	0	0	0	0
53	0	0	808	782	755	58	0	0	0	0
54	0	0	808	782	756	63	0	0	0	0
55	0	0	808	783	757	67	0	0	0	0
56	0	0	807	781	757	67	0	0	0	0
57	0	0	807	781	757	49	0	0	0	0
58	0	0	807	781	758	41	0	0	0	0
59	0	0	806	780	759	33	0	0	0	0
60	0	0	805	781	760	39	0	0	0	0
61	0	0	806	780	760	36	0	0	0	0
62	0	0	806	780	761	31	0	0	0	0
63	0	0	806	781	761	27	0	0	0	0
64	0	0	807	783	761	34	0	0	0	0
65	0	0	808	783	762	44	0	0	0	0
66	0	0	807	783	763	41	0	0	0	0
67	0	0	807	783	763	40	0	0	0	0
68	0	0	807	784	764	65	0	0	0	0
69	0	0	806	785	764	70	0	0	0	0
70	0	0	806	785	765	67	0	0	0	0
71	0	0	806	786	765	81	0	0	0	0
72	0	0	805	786	766	79	0	0	0	0
73	0	0	806	787	766	62	0	0	0	0
74	0	0	806	787	767	69	0	0	0	0
75	0	0	804	789	767	62	0	0	0	0
76	0	0	805	789	768	50	0	0	0	0
77	0	0	803	790	767	41	0	0	0	0
78	0	0	803	790	767	44	0	0	0	0
79	0	0	802	790	768	64	0	0	0	0
80	0	0	804	791	769	65	0	0	0	0
81	0	0	802	791	769	65	0	0	0	0
82	0	0	800	791	770	64	0	0	0	0
83	0	0	800	792	770	52	0	0	0	0
84	0	0	800	792	773	29	0	0	0	0
85	0	0	800	792	772	48	0	0	0	0
86	0	0	800	791	773	59	0	0	0	0
87	0	0	799	793	773	68	0	0	0	0
88	0	0	800	791	773	71	0	0	0	0
89	0	0	798	793	774	64	0	0	0	0
90	0	0	797	793	774	75	0	0	0	0
91	0	0	796	793	774	69	0	0	0	0
92	0	0	797	794	774	70	0	0	0	0
93	0	0	796	794	775	68	0	0	0	0
94	0	0	798	795	776	80	0	0	0	0
95	0	0	796	795	776	78	0	0	0	0
96	0	0	797	795	776	72	0	0	0	0
97	0	0	798	796	776	61	0	0	0	0
98	0	0	798	795	777	66	0	0	0	0
99	0	0	798	797	777	69	0	0	0	0
100	0	0	797	797	778	53	0	0	0	0
101	0	0	798	798	778	51	0	0	0	0
102	0	0	798	797	778	41	0	0	0	0
103	0	0	797	799	778	53	0	0	0	0
104	0	0	798	800	778	49	0	0	0	0
105	0	0	798	799	778	56	0	0	0	0
106	0	0	798	801	779	51	0	0	0	0
107	0	0	798	801	778	38	0	0	0	0
108	0	0	798	801	778	56	0	0	0	0
109	0	0	798	800	780	61	0	0	0	0
110	0	0	797	800	781	63	0	0	0	0
111	0	0	795	800	780	57	0	0	0	0
112	0	0	796	801	779	65	0	0	0	0
113	0	0	794	802	780	61	0	0	0	0
114	0	0	795	801	779	57	0	0	0	0
115	0	0	794	802	780	55	0	0	0	0
116	0	0	793	802	780	62	0	0	0	0
117	0	0	793	802	780	53	0	0	0	0
118	0	0	791	802	779	43	0	0	0	0
119	0	0	791	802	779	43	0	0	0	0
120	0	0	790	802	779	32	0	0	0	0
121	0	0	789	802	777	27	0	0	0	0
122	0	0	790	803	778	29	0	0	0	0
123	0	0	789	802	778	27	0	0	0	0
124	0	0	790	802	777	19	0	0	0	0
125	0	0	789	803	776	0	0	0	0	0
126	0	0	790	803	775	0	0	0	0	0
127	0	0	789	803	774	1	0	0	0	0
0	0	0	789	803	774	12	0	0	0	0
1	0	0	788	803	773	10	0	0	0	0
2	0	0	786	803	773	43	0	0	0	0
3	0	0	784	803	773	423	0	0	0	0
4	0	0	781	803	775	1005	0	0	0	0
5	0	0	776	804	777	1153	0	0	0	0
6	0	0	776	804	780	1295	0	0	0	0
7	0	0	777	805	781	1460	0	0	0	0
8	0	0	783	805	782	1565	0	0	0	0
9	0	0	787	805	781	1655	0	0	0	0
10	0	0	788	805	779	1704	0	0	0	0
11	0	0	788	805	775	1714	0	0	0	0
12	0	0	789	803	772	1688	0	0	0	0
13	0	0	786	802	769	1703	0	0	0	0
14	0	0	782	802	767	1687	0	0	0	0
15	0	0	775	801	767	1723	0	0	0	0
16	0	0	766	801	770	1763	0	0	0	0
17	0	0	760	801	774	1806	0	0	0	0
18	0	0	756	800	781	1859	0	0	0	0
19	0	0	753	798	786	1893	0	0	0	0
20	0	0	753	795	791	1898	0	0	0	0
21	0	0	758	793	799	1899	0	0	0	0
22	0	0	759	791	806	1914	0	0	0	0
23	0	0	761	789	819	1904	0	0	0	0
24	0	0	763	793	845	2003	0	0	0	0
25	0	0	737	796	875	1946	0	0	0	0
26	0	0	698	790	907	1884	0	0	0	0
27	0	0	617	773	936	1867	0	0	0	0
28	0	0	496	749	955	1863	0	0	0	0
29	0	0	353	724	978	1733	0	0	0	0
30	0	0	229	704	1006	1595	0	0	0	0
31	0	0	152	684	1031	1450	0	0	0	0
32	0	0	104	657	1048	1342	0	0	0	0
33	0	0	87	622	1073	1280	0	0	0	0
34	0	0	138	587	1103	1212	0	0	0	0
35	0	0	263	558	1125	1187	0	0	0	0
36	0	0	424	538	1144	1094	0	0	0	0
37	0	0	561	526	1163	1044	0	0	0	0
38	0	0	650	530	1182	1010	0	0	0	0
39	0	0	666	542	1209	985	0	0	0	0
40	0	0	727	557	1249	992	0	0	0	0
41	0	0	808	576	1289	1001	0	0	0	0
42	0	0	800	599	1323	1023	0	0	0	0
43	0	0	759	636	1354	1076	0	0	0	0
44	0	0	714	679	1365	1154	0	0	0	0
45	0	0	659	707	1365	1214	0	0	0	0
46	0	0	601	714	1361	1273	0	0	0	0
47	0	0	554	702	1349	1335	0	0	0	0
48	0	0	521	667	1327	1402	0	0	0	0
49	0	0	495	602	1286	1441	0	0	0	0
50	0	0	529	518	1238	1471	0	0	0	0
51	0	0	609	437	1179	1499	0	0	0	0
52	0	0	706	381	1092	1526	0	0	0	0
53	0	0	844	323	991	1576	0	0	0	0
54	0	0	1000	271	897	1623	0	0	0	0
55	0	0	1067	212	793	1644	0	0	0	0
56	0	0	1072	158	699	1695	0	0	0	0
57	0	0	1036	106	631	1743	0	0	0	0
58	0	0	1003	91	576	1813	0	0	0	0
59	0	0	979	67	536	1847	0	0	0	0
60	0	0	1045	51	508	1875	0	0	0	0
61	0	0	1086	41	476	1886	0	0	0	0
62	0	0	1123	40	462	1935	0	0	0	0
63	0	0	1175	48	464	1973	0	0	0	0
64	0	0	1216	69	476	2027	0	0	0	0
65	0	0	1226	94	493	2052	0	0	0	0
66	0	0	1212	123	515	2089	0	0	0	0
67	0	0	1183	154	533	2116	0	0	0	0
68	0	0	1148	170	560	2132	0	0	0	0
69	0	0	1106	175	589	2153	0	0	0	0
70	0	0	1053	179	626	2173	0	0	0	0
71	0	0	990	190	666	2199	0	0	0	0
72	0	0	929	211	703	2230	0	0	0	0
73	0	0	872	235	724	2239	0	0	0	0
74	0	0	828	252	739	2247	0	0	0	0
75	0	0	805	265	749	2242	0	0	0	0
76	0	0	799	281	759	2224	0	0	0	0
77	0	0	801	296	769	2225	0	0	0	0
78	0	0	808	310	778	2231	0	0	0	0
79	0	0	814	321	793	2228	0	0	0	0
80	0	0	822	323	805	2227	0	0	0	0
81	0	0	829	325	818	2232	0	0	0	0
82	0	0	831	320	834	2231	0	0	0	0
83	0	0	823	312	847	2232	0	0	0	0
84	0	0	808	291	866	2239	0	0	0	0
85	0	0	792	264	884	2233	0	0	0	0
86	0	0	775	231	906	2235	0	0	0	0
87	0	0	756	190	925	2236	0	0	0	0
88	0	0	748	152	942	2237	0	0	0	0
89	0	0	748	114	954	2237	0	0	0	0
90	0	0	752	81	967	2239	0	0	0	0
91	0	0	767	59	975	2236	0	0	0	0
92	0	0	783	47	980	2232	0	0	0	0
93	0	0	802	42	979	2230	0	0	0	0
94	0	0	819	53	974	2226	0	0	0	0
95	0	0	837	69	966	2224	0	0	0	0
96	0	0	853	88	959	2226	0	0	0	0
97	0	0	869	112	949	2226	0	0	0	0
98	0	0	882	137	940	2226	0	0	0	0
99	0	0	890	163	929	2225	0	0	0	0
100	0	0	894	190	918	2225	0	0	0	0
101	0	0	896	218	908	2226	0	0	0	0
102	0	0	895	245	899	2227	0	0	0	0
103	0	0	893	267	894	2229	0	0	0	0
104	0	0	891	287	893	2231	0	0	0	0
105	0	0	888	305	893	2230	0	0	0	0
106	0	0	884	321	896	2231	0	0	0	0
107	0	0	882	337	898	2230	0	0	0	0
108	0	0	879	350	897	2228	0	0	0	0
109	0	0	880	362	897	2227	0	0	0	0
110	0	0	880	371	893	2224	0	0	0	0
111	0	0	882	380	889	2225	0	0	0	0
112	0	0	880	391	883	2228	0	0	0	0
113	0	0	881	403	875	2227	0	0	0	0
114	0	0	880	413	864	2225	0	0	0	0
115	0	0	878	425	855	2225	0	0	0	0
116	0	0	875	436	843	2228	0	0	0	0
117	0	0	870	447	830	2226	0	0	0	0
118	0	0	866	460	820	2224	0	0	0	0
119	0	0	860	474	807	2222	0	0	0	0
120	0	0	854	486	796	2220	0	0	0	0
121	0	0	849	497	785	2217	0	0	0	0
122	0	0	848	504	775	2212	0	0	0	0
123	0	0	846	512	764	2204	0	0	0	0
124	0	0	843	519	756	2198	0	0	0	0
125	0	0	841	524	751	2190	0	0	0	0
126	0	0	841	530	745	2189	0	0	0	0
127	0	0	841	535	740	2188	0	0	0	0
0	0	0	841	538	737	2183	0	0	0	0
1	0	0	843	541	735	2181	0	0	0	0
2	0	0	845	545	734	2177	0	0	0	0
3	0	0	846	547	734	2175	0	0	0	0
4	0	0	847	550	736	2169	0	0	0	0
5	0	0	846	553	738	2161	0	0	0	0
6	0	0	845	556	743	2158	0	0	0	0
7	0	0	843	558	749	2149	0	0	0	0
8	0	0	840	561	753	2141	0	0	0	0
9	0	0	836	562	761	2135	0	0	0	0
10	0	0	831	564	767	2136	0	0	0	0
11	0	0	826	565	774	2131	0	0	0	0
12	0	0	820	567	781	2120	0	0	0	0
13	0	0	813	567	788	2114	0	0	0	0
14	0	0	810	569	797	2114	0	0	0	0
15	0	0	806	571	804	2106	0	0	0	0
16	0	0	800	573	811	2099	0	0	0	0
17	0	0	794	576	817	2089	0	0	0	0
18	0	0	791	579	823	2086	0	0	0	0
19	0	0	788	580	827	2074	0	0	0	0
20	0	0	787	581	831	2069	0	0	0	0
21	0	0	788	582	835	2061	0	0	0	0
22	0	0	787	583	838	2051	0	0	0	0
23	0	0	789	584	840	2044	0	0	0	0
24	0	0	790	588	841	2039	0	0	0	0
25	0	0	792	588	844	2028	0	0	0	0
26	0	0	793	590	844	2023	0	0	0	0
27	0	0	797	592	845	2017	0	0	0	0
28	0	0	799	596	845	2006	0	0	0	0
29	0	0	804	598	845	1997	0	0	0	0
30	0	0	804	600	844	1997	0	0	0	0
31	0	0	807	603	844	1995	0	0	0	0
32	0	0	810	606	842	1990	0	0	0	0
33	0	0	811	609	840	1986	0	0	0	0
34	0	0	811	611	841	1977	0	0	0	0
35	0	0	813	611	838	1970	0	0	0	0
36	0	0	814	613	839	1952	0	0	0	0
37	0	0	813	611	837	1940	0	0	0	0
38	0	0	816	610	833	1936	0	0	0	0
39	0	0	816	612	833	1929	0	0	0	0
40	0	0	816	611	832	1922	0	0	0	0
41	0	0	816	610	832	1913	0	0	0	0
42	0	0	815	604	833	1906	0	0	0	0
43	0	0	813	603	832	1895	0	0	0	0
44	0	0	813	599	833	1891	0	0	0	0
45	0	0	813	597	835	1887	0	0	0	0
46	0	0	811	594	836	1882	0	0	0	0
47	0	0	809	591	837	1875	0	0	0	0
48	0	0	808	587	837	1869	0	0	0	0
49	0	0	805	583	839	1860	0	0	0	0
50	0	0	807	578	840	1861	0	0	0	0
51	0	0	804	567	836	1860	0	0	0	0
52	0	0	796	566	843	1858	0	0	0	0
53	0	0	801	565	848	1853	0	0	0	0
54	0	0	814	566	842	1855	0	0	0	0
55	0	0	801	553	843	1854	0	0	0	0
56	0	0	790	549	848	1846	0	0	0	0
57	0	0	789	541	849	1838	0	0	0	0
58	0	0	790	534	851	1834	0	0	0	0
59	0	0	786	533	852	1827	0	0	0	0
60	0	0	782	530	852	1808	0	0	0	0
61	0	0	779	531	854	1802	0	0	0	0
62	0	0	773	535	856	1802	0	0	0	0
63	0	0	774	527	855	1791	0	0	0	0
64	0	0	770	530	857	1780	0	0	0	0
65	0	0	772	530	856	1779	0	0	0	0
66	0	0	770	530	853	1775	0	0	0	0
67	0	0	767	534	856	1770	0	0	0	0
68	0	0	765	537	856	1764	0	0	0	0
69	0	0	766	537	855	1757	0	0	0	0
70	0	0	766	537	855	1747	0	0	0	0
71	0	0	766	536	854	1736	0	0	0	0
72	0	0	766	536	854	1731	0	0	0	0
73	0	0	766	536	853	1734	0	0	0	0
74	0	0	765	537	852	1734	0	0	0	0
75	0	0	766	537	849	1732	0	0	0	0
76	0	0	767	540	849	1724	0	0	0	0
77	0	0	770	540	846	1720	0	0	0	0
78	0	0	771	541	845	1716	0	0	0	0
79	0	0	771	543	844	1719	0	0	0	0
80	0	0	773	545	841	1712	0	0	0	0
81	0	0	775	547	838	1701	0	0	0	0
82	0	0	777	547	837	1694	0	0	0	0
83	0	0	778	548	835	1668	0	0	0	0
84	0	0	779	549	833	1658	0	0	0	0
85	0	0	781	550	831	1655	0	0	0	0
86	0	0	782	551	830	1645	0	0	0	0
87	0	0	784	553	829	1628	0	0	0	0
88	0	0	787	555	828	1615	0	0	0	0
89	0	0	789	557	827	1606	0	0	0	0
90	0	0	790	559	825	1596	0	0	0	0
91	0	0	791	562	826	1582	0	0	0	0
92	0	0	792	564	824	1579	0	0	0	0
93	0	0	793	567	824	1573	0	0	0	0
94	0	0	794	571	823	1567	0	0	0	0
95	0	0	795	573	822	1567	0	0	0	0
96	0	0	795	577	822	1578	0	0	0	0
97	0	0	797	580	821	1575	0	0	0	0
98	0	0	796	583	821	1559	0	0	0	0
99	0	0	796	586	822	1541	0	0	0	0
100	0	0	796	589	821	1523	0	0	0	0
101	0	0	797	592	821	1509	0	0	0	0
102	0	0	797	596	820	1488	0	0	0	0
103	0	0	797	597	821	1469	0	0	0	0
104	0	0	798	601	820	1465	0	0	0	0
105	0	0	799	604	820	1466	0	0	0	0
106	0	0	798	607	820	1475	0	0	0	0
107	0	0	797	610	820	1465	0	0	0	0
108	0	0	797	614	819	1459	0	0	0	0
109	0	0	796	617	819	1447	0	0	0	0
110	0	0	796	621	818	1438	0	0	0	0
111	0	0	796	624	819	1423	0	0	0	0
112	0	0	796	628	818	1423	0	0	0	0
113	0	0	796	632	819	1420	0	0	0	0
114	0	0	795	635	820	1420	0	0	0	0
115	0	0	794	637	820	1423	0	0	0	0
116	0	0	793	639	819	1419	0	0	0	0
117	0	0	793	643	818	1401	0	0	0	0
118	0	0	795	646	818	1392	0	0	0	0
119	0	0	795	648	818	1383	0	0	0	0
120	0	0	795	649	816	1379	0	0	0	0
121	0	0	795	651	817	1372	0	0	0	0
122	0	0	795	653	815	1367	0	0	0	0
123	0	0	796	654	814	1359	0	0	0	0
124	0	0	796	655	812	1357	0	0	0	0
125	0	0	798	656	810	1355	0	0	0	0
126	0	0	797	657	808	1355	0	0	0	0
127	0	0	798	657	806	1353	0	0	0	0
0	0	0	799	656	805	1354	0	0	0	0
1	0	0	800	659	804	1354	0	0	0	0
2	0	0	800	659	802	1352	0	0	0	0
3	0	0	799	659	801	1348	0	0	0	0
4	0	0	799	661	799	1350	0	0	0	0
5	0	0	802	662	797	1353	0	0	0	0
6	0	0	802	662	797	1357	0	0	0	0
7	0	0	802	664	796	1343	0	0	0	0
8	0	0	803	664	795	1344	0	0	0	0
9	0	0	804	665	792	1343	0	0	0	0
10	0	0	804	665	791	1343	0	0	0	0
11	0	0	805	666	790	1345	0	0	0	0
12	0	0	805	668	789	1335	0	0	0	0
13	0	0	805	670	788	1337	0	0	0	0
14	0	0	806	671	788	1326	0	0	0	0
15	0	0	806	672	786	1337	0	0	0	0
16	0	0	806	674	786	1341	0	0	0	0
17	0	0	808	675	785	1331	0	0	0	0
18	0	0	807	677	785	1330	0	0	0	0
19	0	0	806	679	785	1332	0	0	0	0
20	0	0	807	680	786	1332	0	0	0	0
21	0	0	804	682	786	1328	0	0	0	0
22	0	0	804	683	786	1327	0	0	0	0
23	0	0	803	684	787	1312	0	0	0	0
24	0	0	803	684	788	1304	0	0	0	0
25	0	0	801	686	788	1299	0	0	0	0
26	0	0	801	688	789	1279	0	0	0	0
27	0	0	799	688	789	1270	0	0	0	0
28	0	0	799	689	789	1267	0	0	0	0
29	0	0	798	690	790	1268	0	0	0	0
30	0	0	797	691	790	1263	0	0	0	0
31	0	0	795	692	792	1257	0	0	0	0
32	0	0	792	692	792	1243	0	0	0	0
33	0	0	791	693	792	1243	0	0	0	0
34	0	0	791	695	793	1249	0	0	0	0
35	0	0	791	694	793	1250	0	0	0	0
36	0	0	789	696	794	1246	0	0	0	0
37	0	0	788	696	794	1240	0	0	0	0
38	0	0	787	696	792	1242	0	0	0	0
39	0	0	787	697	792	1239	0	0	0	0
40	0	0	784	697	793	1243	0	0	0	0
41	0	0	783	698	793	1241	0	0	0	0
42	0	0	782	700	792	1246	0	0	0	0
43	0	0	779	700	793	1233	0	0	0	0
44	0	0	779	702	793	1233	0	0	0	0
45	0	0	777	702	793	1229	0	0	0	0
46	0	0	778	703	794	1229	0	0	0	0
47	0	0	776	703	793	1234	0	0	0	0
48	0	0	776	704	795	1241	0	0	0	0
49	0	0	777	703	795	1240	0	0	0	0
50	0	0	774	705	795	1242	0	0	0	0
51	0	0	774	706	795	1242	0	0	0	0
52	0	0	773	706	794	1246	0	0	0	0
53	0	0	774	706	795	1245	0	0	0	0
54	0	0	774	706	795	1242	0	0	0	0
55	0	0	773	704	795	1240	0	0	0	0
56	0	0	772	705	795	1240	0	0	0	0
57	0	0	773	706	794	1238	0	0	0	0
58	0	0	773	707	794	1243	0	0	0	0
59	0	0	774	707	793	1246	0	0	0	0
60	0	0	775	707	792	1247	0	0	0	0
61	0	0	775	709	793	1249	0	0	0	0
62	0	0	775	708	791	1248	0	0	0	0
63	0	0	775	710	790	1250	0	0	0	0
64	0	0	777	709	790	1249	0	0	0	0
65	0	0	778	711	789	1255	0	0	0	0
66	0	0	777	711	788	1263	0	0	0	0
67	0	0	778	710	788	1276	0	0	0	0
68	0	0	778	711	787	1290	0	0	0	0
69	0	0	776	711	787	1297	0	0	0	0
70	0	0	776	711	786	1293	0	0	0	0
71	0	0	778	713	786	1301	0	0	0	0
72	0	0	779	712	786	1305	0	0	0	0
73	0	0	779	712	786	1309	0	0	0	0
74	0	0	780	712	786	1311	0	0	0	0
75	0	0	781	712	786	1317	0	0	0	0
76	0	0	781	713	786	1314	0	0	0	0
77	0	0	782	713	786	1318	0	0	0	0
78	0	0	782	714	785	1323	0	0	0	0
79	0	0	783	714	786	1324	0	0	0	0
80	0	0	783	715	786	1328	0	0	0	0
81	0	0	784	716	786	1332	0	0	0	0
82	0	0	785	717	788	1334	0	0	0	0
83	0	0	785	715	788	1335	0	0	0	0
84	0	0	786	716	788	1332	0	0	0	0
85	0	0	787	717	790	1335	0	0	0	0
86	0	0	786	714	791	1340	0	0	0	0
87	0	0	788	714	791	1338	0	0	0	0
88	0	0	788	715	793	1346	0	0	0	0
89	0	0	790	712	793	1347	0	0	0	0
90	0	0	790	713	793	1349	0	0	0	0
91	0	0	791	712	794	1347	0	0	0	0
92	0	0	792	711	795	1350	0	0	0	0
93	0	0	792	711	794	1352	0	0	0	0
94	0	0	793	710	795	1358	0	0	0	0
95	0	0	793	709	796	1358	2	0	0	0
96	0	0	792	709	797	1361	0	0	0	0
97	0	0	794	709	797	1364	0	0	0	0
98	0	0	793	706	798	1366	0	0	0	0
99	0	0	793	707	799	1376	0	0	0	0
100	0	0	794	707	799	1381	0	0	0	0
101	0	0	793	706	800	1390	0	0	0	0
102	0	0	792	706	801	1399	0	0	0	0
103	0	0	792	706	802	1410	0	0	0	0
104	0	0	791	704	805	1419	0	0	0	0
105	0	0	790	704	805	1423	0	0	0	0
106	0	0	792	704	805	1427	0	0	0	0
107	0	0	792	703	805	1430	0	0	0	0
108	0	0	790	704	807	1437	0	0	0	0
109	0	0	790	703	807	1443	0	0	0	0
110	0	0	790	703	807	1449	0	0	0	0
111	0	0	791	701	809	1451	0	0	0	0
112	0	0	790	700	809	1453	0	0	0	0
113	0	0	790	700	811	1456	0	0	0	0
114	0	0	790	699	812	1461	0	0	0	0
115	0	0	790	699	813	1474	0	0	0	0
116	0	0	789	697	813	1474	0	0	0	0
117	0	0	789	696	814	1475	0	0	0	0
118	0	0	788	695	814	1480	0	0	0	0
119	0	0	789	694	816	1487	0	0	0	0
120	0	0	789	692	816	1493	0	0	0	0
121	0	0	788	691	817	1487	0	0	0	0
122	0	0	788	690	817	1491	0	0	0	0
123	0	0	788	688	819	1490	0	0	0	0
124	0	0	787	687	818	1493	0	0	0	0
125	0	0	787	685	819	1501	1	0	0	0
126	0	0	786	683	820	1510	0	0	0	0
127	0	0	786	682	819	1519	0	0	0	0
0	0	0	785	681	821	1522	0	0	0	0
1	0	0	786	680	821	1527	0	0	0	0
2	0	0	785	677	821	1533	0	0	0	0
3	0	0	784	676	821	1536	0	0	0	0
4	0	0	784	675	823	1545	0	0	0	0
5	0	0	783	673	823	1548	0	0	0	0
6	0	0	783	671	824	1553	0	0	0	0
7	0	0	784	671	824	1556	0	0	0	0
8	0	0	783	669	825	1561	0	0	0	0
9	0	0	782	667	824	1563	0	0	0	0
10	0	0	783	666	825	1566	0	0	0	0
11	0	0	782	664	826	1574	0	0	0	0
12	0	0	782	663	827	1580	0	0	0	0
13	0	0	780	661	826	1586	0	0	0	0
14	0	0	779	660	827	1591	0	0	0	0
15	0	0	779	658	828	1598	0	0	0	0
16	0	0	778	657	827	1607	0	0	0	0
17	0	0	778	654	828	1617	0	0	0	0
18	0	0	777	653	827	1634	0	0	0	0
19	0	0	778	652	827	1640	0	0	0	0
20	0	0	778	651	829	1644	0	0	0	0
21	0	0	776	648	829	1644	0	0	0	0
22	0	0	775	645	828	1650	0	0	0	0
23	0	0	774	644	827	1653	0	0	0	0
24	0	0	773	642	828	1655	0	0	0	0
25	0	0	774	641	829	1663	0	0	0	0
26	0	0	772	640	828	1669	0	0	0	0
27	0	0	772	639	828	1675	0	0	0	0
28	0	0	771	636	827	1677	0	0	0	0
29	0	0	770	635	827	1682	0	0	0	0
30	0	0	770	633	827	1699	0	0	0	0
31	0	0	769	632	827	1708	0	0	0	0
32	0	0	770	631	827	1709	0	0	0	0
33	0	0	769	629	827	1718	0	0	0	0
34	0	0	769	629	827	1719	0	0	0	0
35	0	0	770	628	827	1726	0	0	0	0
36	0	0	769	627	826	1728	0	0	0	0
37	0	0	767	626	827	1732	0	0	0	0
38	0	0	766	625	827	1737	0	0	0	0
39	0	0	767	624	827	1739	0	0	0	0
40	0	0	767	623	827	1742	0	0	0	0
41	0	0	767	623	828	1746	0	0	0	0
42	0	0	767	622	828	1756	0	0	0	0
43	0	0	767	621	827	1762	0	0	0	0
44	0	0	767	621	827	1765	0	0	0	0
45	0	0	765	620	826	1766	0	0	0	0
46	0	0	766	620	826	1771	0	0	0	0
47	0	0	766	619	826	1780	0	0	0	0
48	0	0	766	620	824	1787	0	0	0	0
49	0	0	767	619	824	1801	0	0	0	0
50	0	0	766	619	824	1809	0	0	0	0
51	0	0	765	619	824	1818	0	0	0	0
52	0	0	766	617	824	1830	0	0	0	0
53	0	0	766	617	823	1843	0	0	0	0
54	0	0	767	616	824	1853	0	0	0	0
55	0	0	767	616	823	1862	0	0	0	0
56	0	0	767	616	823	1866	0	0	0	0
57	0	0	767	617	822	1870	0	0	0	0
58	0	0	766	616	821	1875	0	0	0	0
59	0	0	767	615	821	1884	0	0	0	0
60	0	0	768	615	821	1882	0	0	0	0
61	0	0	768	615	821	1883	0	0	0	0
62	0	0	769	616	820	1890	0	0	0	0
63	0	0	768	615	820	1896	0	0	0	0
64	0	0	769	615	820	1897	0	0	0	0
65	0	0	770	615	820	1896	0	0	0	0
66	0	0	771	615	818	1901	0	0	0	0
67	0	0	773	615	819	1907	0	0	0	0
68	0	0	775	615	818	1906	0	0	0	0
69	0	0	776	615	817	1912	0	0	0	0
70	0	0	776	616	818	1916	0	0	0	0
71	0	0	777	615	817	1915	0	0	0	0
72	0	0	778	616	816	1915	0	0	0	0
73	0	0	778	616	815	1918	0	0	0	0
74	0	0	779	616	815	1920	0	0	0	0
75	0	0	781	617	814	1923	0	0	0	0
76	0	0	781	617	814	1923	0	0	0	0
77	0	0	781	617	814	1926	0	0	0	0
78	0	0	780	616	813	1928	0	0	0	0
79	0	0	782	618	813	1930	0	0	0	0
80	0	0	784	618	812	1935	0	0	0	0
81	0	0	784	618	811	1937	0	0	0	0
82	0	0	784	620	813	1940	0	0	0	0
83	0	0	784	619	812	1941	0	0	0	0
84	0	0	785	618	812	1943	0	0	0	0
85	0	0	786	619	812	1945	0	0	0	0
86	0	0	786	619	812	1947	0	0	0	0
87	0	0	786	619	811	1948	0	0	0	0
88	0	0	785	620	811	1950	0	0	0	0
89	0	0	785	620	810	1953	0	0	0	0
90	0	0	785	621	810	1957	0	0	0	0
91	0	0	784	621	810	1962	0	0	0	0
92	0	0	785	622	810	1964	0	0	0	0
93	0	0	783	622	809	1963	0	0	0	0
94	0	0	784	622	809	1965	0	0	0	0
95	0	0	786	623	809	1969	0	0	0	0
96	0	0	784	622	810	1972	0	0	0	0
97	0	0	784	624	809	1974	0	0	0	0
98	0	0	785	624	809	1978	0	0	0	0
99	0	0	785	624	810	1973	0	0	0	0
100	0	0	785	624	809	1968	0	0	0	0
101	0	0	784	624	810	1964	0	0	0	0
102	0	0	784	623	809	1966	0	0	0	0
103	0	0	783	625	810	1965	0	0	0	0
104	0	0	783	626	809	1966	0	0	0	0
105	0	0	783	626	809	1966	0	0	0	0
106	0	0	783	628	809	1965	0	0	0	0
107	0	0	785	627	808	1967	0	0	0	0
108	0	0	785	628	808	1966	0	0	0	0
109	0	0	784	628	808	1968	0	0	0	0
110	0	0	784	629	807	1969	0	0	0	0
111	0	0	784	629	806	1969	0	0	0	0
112	0	0	784	630	807	1971	0	0	0	0
113	0	0	784	630	807	1971	0	0	0	0
114	0	0	784	631	807	1972	0	0	0	0
115	0	0	783	632	806	1974	0	0	0	0
116	0	0	783	632	806	1977	0	0	0	0
117	0	0	783	633	806	1979	0	0	0	0
118	0	0	783	633	805	1982	0	0	0	0
119	0	0	781	633	805	1982	0	0	0	0
120	0	0	780	634	805	1982	0	0	0	0
121	0	0	780	636	804	1986	0	0	0	0
122	0	0	780	636	804	1987	0	0	0	0
123	0	0	779	636	804	1987	0	0	0	0
124	0	0	779	637	804	1987	0	0	0	0
125	0	0	779	638	804	1987	0	0	0	0
126	0	0	780	638	803	1988	0	0	0	0
127	0	0	779	639	803	1987	0	0	0	0
0	0	0	779	639	803	1989	0	0	0	0
1	0	0	779	639	803	1989	0	0	0	0
2	0	0	780	640	803	1989	0	0	0	0
3	0	0	780	640	803	1992	0	0	0	0
4	0	0	781	640	803	1992	0	0	0	0
5	0	0	780	641	803	1993	0	0	0	0
6	0	0	780	642	802	1995	0	0	0	0
7	0	0	780	642	802	1995	0	0	0	0
8	0	0	781	643	802	1995	0	0	0	0
9	0	0	782	643	802	1995	0	0	0	0
10	0	0	781	644	803	1996	0	0	0	0
11	0	0	782	644	802	1993	0	0	0	0
12	0	0	781	645	803	1995	0	0	0	0
13	0	0	782	645	803	1996	0	0	0	0
14	0	0	782	646	803	1998	0	0	0	0
15	0	0	781	646	803	2001	0	0	0	0
16	0	0	782	647	803	2000	0	0	0	0
17	0	0	781	649	803	1999	0	0	0	0
18	0	0	781	649	803	1999	0	0	0	0
19	0	0	781	650	803	2000	0	0	0	0
20	0	0	781	650	803	2004	0	0	0	0
21	0	0	779	651	803	2004	0	0	0	0
22	0	0	781	652	803	2006	0	0	0	0
23	0	0	783	653	804	2006	0	0	0	0
24	0	0	781	654	803	2008	0	0	0	0
25	0	0	781	653	803	2010	0	0	0	0
26	0	0	782	654	803	2010	0	0	0	0
27	0	0	781	654	803	2011	0	0	0	0
28	0	0	782	654	803	2013	0	0	0	0
29	0	0	782	655	804	2014	0	0	0	0
30	0	0	782	654	803	2016	0	0	0	0
31	0	0	781	654	804	2016	0	0	0	0
32	0	0	782	655	803	2016	0	0	0	0
33	0	0	781	654	802	2016	0	0	0	0
34	0	0	781	656	802	2016	0	0	0	0
35	0	0	780	656	803	2019	0	0	0	0
36	0	0	782	656	803	2019	0	0	0	0
37	0	0	781	656	802	2017	0	0	0	0
38	0	0	782	656	802	2017	0	0	0	0
39	0	0	782	656	801	2018	0	0	0	0
40	0	0	782	656	802	2016	0	0	0	0
41	0	0	783	656	802	2018	0	0	0	0
42	0	0	781	657	802	2017	0	0	0	0
43	0	0	781	657	802	2017	0	0	0	0
44	0	0	782	657	802	2018	0	0	0	0
45	0	0	782	657	802	2022	0	0	0	0
46	0	0	781	657	802	2018	0	0	0	0
47	0	0	782	658	802	2020	0	0	0	0
48	0	0	782	657	803	2020	0	0	0	0
49	0	0	781	656	802	2019	0	0	0	0
50	0	0	780	656	803	2021	0	0	0	0
51	0	0	780	657	802	2019	0	0	0	0
52	0	0	781	655	804	2021	0	0	0	0
53	0	0	781	655	804	2021	0	0	0	0
