# bioPlux Text File Format
# Version: 1
# StartDateTime: 2012-03-21 16:11:12
# SamplingFrequency: 1000
# SampledChannels: 1 2 3 4 5 6 7 8
# SamplingResolution: 12
# AcquiringDevice: 00:07:80:93:66:BE
# EndOfHeader
0	0	0	772	671	815	491	0	0	0	0
1	0	0	773	671	815	492	0	0	0	0
2	0	0	772	671	817	487	0	0	0	0
3	0	0	773	672	818	485	0	0	0	0
4	0	0	774	673	818	492	0	0	0	0
5	0	0	773	675	818	507	0	0	0	0
6	0	0	774	677	818	502	0	0	0	0
7	0	0	775	678	819	487	0	0	0	0
8	0	0	775	680	819	487	0	0	0	0
9	0	0	775	681	820	487	0	0	0	0
10	0	0	775	682	820	489	0	0	0	0
11	0	0	777	683	820	492	0	0	0	0
12	0	0	777	685	821	497	0	0	0	0
13	0	0	778	685	822	498	0	0	0	0
14	0	0	779	686	822	499	0	0	0	0
15	0	0	779	687	821	499	0	0	0	0
16	0	0	781	689	822	500	0	0	0	0
17	0	0	780	689	823	500	0	0	0	0
18	0	0	780	691	823	500	0	0	0	0
19	0	0	781	692	823	507	0	0	0	0
20	0	0	782	693	823	518	0	0	0	0
21	0	0	783	695	821	519	0	0	0	0
22	0	0	783	695	823	519	0	0	0	0
23	0	0	785	697	823	524	0	0	0	0
24	0	0	785	698	822	522	0	0	0	0
25	0	0	785	699	822	526	0	0	0	0
26	0	0	787	700	822	527	0	0	0	0
27	0	0	787	701	823	523	0	0	0	0
28	0	0	788	702	823	525	0	0	0	0
29	0	0	790	703	823	528	0	0	0	0
30	0	0	792	703	823	532	0	0	0	0
31	0	0	792	705	823	539	0	0	0	0
32	0	0	793	706	823	541	0	0	0	0
33	0	0	793	707	824	544	0	0	0	0
34	0	0	793	707	823	549	0	0	0	0
35	0	0	791	710	823	554	0	0	0	0
36	0	0	792	711	822	573	0	0	0	0
37	0	0	792	712	824	586	0	0	0	0
38	0	0	793	712	824	586	0	0	0	0
39	0	0	794	712	825	594	0	0	0	0
40	0	0	795	715	825	599	0	0	0	0
41	0	0	794	716	825	603	0	0	0	0
42	0	0	795	716	824	605	0	0	0	0
43	0	0	796	718	825	604	0	0	0	0
44	0	0	796	718	826	612	0	0	0	0
45	0	0	797	719	827	614	0	0	0	0
46	0	0	798	719	826	615	0	0	0	0
47	0	0	799	719	826	623	0	0	0	0
48	0	0	799	720	827	627	0	0	0	0
49	0	0	800	720	827	635	0	0	0	0
50	0	0	800	721	828	650	0	0	0	0
51	0	0	800	722	828	662	0	0	0	0
52	0	0	800	721	829	659	0	0	0	0
53	0	0	801	721	828	657	0	0	0	0
54	0	0	802	721	829	663	0	0	0	0
55	0	0	802	721	829	670	0	0	0	0
56	0	0	802	721	830	663	0	0	0	0
57	0	0	803	721	829	666	0	0	0	0
58	0	0	802	720	828	673	0	0	0	0
59	0	0	803	720	829	679	0	0	0	0
60	0	0	805	720	829	689	0	0	0	0
61	0	0	804	720	828	711	0	0	0	0
62	0	0	806	720	827	721	0	0	0	0
63	0	0	806	721	827	734	0	0	0	0
64	0	0	808	718	826	741	0	0	0	0
65	0	0	808	718	827	744	0	0	0	0
66	0	0	807	718	826	754	0	0	0	0
67	0	0	806	717	826	757	0	0	0	0
68	0	0	807	716	825	760	0	0	0	0
69	0	0	806	715	824	762	0	0	0	0
70	0	0	805	714	823	765	0	0	0	0
71	0	0	806	713	823	778	0	0	0	0
72	0	0	806	712	821	793	0	0	0	0
73	0	0	807	710	821	811	0	0	0	0
74	0	0	806	710	821	823	0	0	0	0
75	0	0	807	708	820	836	0	0	0	0
76	0	0	807	707	818	839	0	0	0	0
77	0	0	808	703	817	839	0	0	0	0
78	0	0	808	703	816	853	0	0	0	0
79	0	0	808	701	815	848	0	0	0	0
80	0	0	808	699	815	865	0	0	0	0
81	0	0	807	699	813	887	0	0	0	0
82	0	0	806	696	812	906	0	0	0	0
83	0	0	807	695	812	952	0	0	0	0
84	0	0	804	693	809	965	0	0	0	0
85	0	0	805	691	808	956	0	0	0	0
86	0	0	804	690	808	967	0	0	0	0
87	0	0	802	687	807	979	0	0	0	0
88	0	0	801	686	805	1002	0	0	0	0
89	0	0	799	685	804	1030	0	0	0	0
90	0	0	800	683	804	1050	0	0	0	0
91	0	0	798	679	803	1051	0	0	0	0
92	0	0	797	677	802	1053	0	0	0	0
93	0	0	796	675	802	1072	0	0	0	0
94	0	0	795	672	800	1090	0	0	0	0
95	0	0	794	669	799	1122	0	0	0	0
96	0	0	794	666	799	1126	0	0	0	0
97	0	0	793	665	798	1139	0	0	0	0
98	0	0	792	660	797	1132	0	0	0	0
99	0	0	792	659	798	1141	0	0	0	0
100	0	0	791	657	796	1143	0	0	0	0
101	0	0	791	655	796	1161	0	0	0	0
102	0	0	790	653	796	1167	0	0	0	0
103	0	0	789	650	797	1186	0	0	0	0
104	0	0	787	646	797	1203	0	0	0	0
105	0	0	787	643	797	1227	0	0	0	0
106	0	0	786	639	799	1240	0	0	0	0
107	0	0	786	636	799	1260	0	0	0	0
108	0	0	785	633	799	1279	0	0	0	0
109	0	0	783	630	799	1301	0	0	0	0
110	0	0	783	627	800	1320	0	0	0	0
111	0	0	781	625	801	1324	0	0	0	0
112	0	0	779	622	799	1337	0	0	0	0
113	0	0	778	619	802	1343	0	0	0	0
114	0	0	779	618	803	1367	0	0	0	0
115	0	0	776	616	805	1375	0	0	0	0
116	0	0	774	614	805	1396	0	0	0	0
117	0	0	773	611	806	1424	0	0	0	0
118	0	0	772	608	808	1432	0	0	0	0
119	0	0	771	606	809	1445	0	0	0	0
120	0	0	769	605	811	1472	0	0	0	0
121	0	0	768	602	812	1488	0	0	0	0
122	0	0	767	599	817	1491	0	0	0	0
123	0	0	767	598	822	1499	0	0	0	0
124	0	0	771	594	828	1507	0	0	0	0
125	0	0	772	592	833	1520	0	0	0	0
126	0	0	773	588	836	1539	0	0	0	0
127	0	0	775	586	835	1548	0	0	0	0
0	0	0	777	582	838	1559	0	0	0	0
1	0	0	777	579	841	1582	0	0	0	0
2	0	0	776	576	843	1594	0	0	0	0
3	0	0	773	574	844	1606	0	0	0	0
4	0	0	769	573	845	1608	0	0	0	0
5	0	0	766	575	846	1638	0	0	0	0
6	0	0	766	575	848	1639	0	0	0	0
7	0	0	767	575	849	1645	0	0	0	0
8	0	0	766	576	851	1657	0	0	0	0
9	0	0	767	577	852	1693	0	0	0	0
10	0	0	768	576	853	1711	0	0	0	0
11	0	0	769	577	855	1735	0	0	0	0
12	0	0	770	576	857	1747	0	0	0	0
13	0	0	770	577	860	1756	0	0	0	0
14	0	0	768	576	861	1783	0	0	0	0
15	0	0	767	575	863	1781	0	0	0	0
16	0	0	765	574	864	1804	0	0	0	0
17	0	0	763	574	866	1808	0	0	0	0
18	0	0	760	573	865	1815	0	0	0	0
19	0	0	760	572	869	1828	0	0	0	0
20	0	0	758	571	870	1830	0	0	0	0
21	0	0	754	571	871	1831	0	0	0	0
22	0	0	754	571	872	1840	0	0	0	0
23	0	0	752	571	872	1843	0	0	0	0
24	0	0	751	570	873	1830	0	0	0	0
25	0	0	751	571	874	1825	0	0	0	0
26	0	0	752	571	874	1851	0	0	0	0
27	0	0	748	571	874	1872	0	0	0	0
28	0	0	748	570	875	1897	0	0	0	0
29	0	0	748	568	874	1921	0	0	0	0
30	0	0	747	568	874	1930	0	0	0	0
31	0	0	748	568	874	1946	0	0	0	0
32	0	0	748	568	873	1958	0	0	0	0
33	0	0	748	567	873	1971	0	0	0	0
34	0	0	748	565	872	1985	0	0	0	0
35	0	0	748	563	871	2000	0	0	0	0
36	0	0	747	564	870	2006	0	0	0	0
37	0	0	747	561	869	2014	0	0	0	0
38	0	0	747	559	869	2033	0	0	0	0
39	0	0	746	556	868	2044	0	0	0	0
40	0	0	744	556	868	2049	0	0	0	0
41	0	0	744	555	867	2049	0	0	0	0
42	0	0	743	554	866	2062	0	0	0	0
43	0	0	742	551	865	2069	0	0	0	0
44	0	0	742	550	865	2079	0	0	0	0
45	0	0	741	550	864	2084	0	0	0	0
46	0	0	741	548	864	2100	0	0	0	0
47	0	0	740	549	862	2109	0	0	0	0
48	0	0	740	549	862	2119	0	0	0	0
49	0	0	740	549	860	2112	0	0	0	0
50	0	0	741	549	860	2115	0	0	0	0
51	0	0	740	550	861	2128	0	0	0	0
52	0	0	741	550	861	2136	0	0	0	0
53	0	0	740	550	859	2138	0	0	0	0
54	0	0	739	550	859	2136	0	0	0	0
55	0	0	740	549	858	2139	0	0	0	0
56	0	0	742	548	859	2146	0	0	0	0
57	0	0	742	549	857	2156	0	0	0	0
58	0	0	744	548	856	2171	0	0	0	0
59	0	0	746	548	855	2193	0	0	0	0
60	0	0	747	548	855	2208	0	0	0	0
61	0	0	748	545	854	2215	0	0	0	0
62	0	0	750	544	854	2223	0	0	0	0
63	0	0	751	542	854	2231	0	0	0	0
64	0	0	751	539	852	2241	0	0	0	0
65	0	0	751	538	852	2261	0	0	0	0
66	0	0	752	536	852	2264	0	0	0	0
67	0	0	754	535	851	2270	0	0	0	0
68	0	0	754	534	851	2286	0	0	0	0
69	0	0	756	532	851	2295	0	0	0	0
70	0	0	755	531	851	2302	0	0	0	0
71	0	0	756	532	851	2307	0	0	0	0
72	0	0	755	533	851	2308	0	0	0	0
73	0	0	755	533	852	2314	0	0	0	0
74	0	0	754	533	853	2305	0	0	0	0
75	0	0	752	535	854	2307	0	0	0	0
76	0	0	751	534	855	2305	0	0	0	0
77	0	0	749	534	855	2308	0	0	0	0
78	0	0	751	534	857	2312	0	0	0	0
79	0	0	750	534	857	2318	0	0	0	0
80	0	0	749	534	858	2325	0	0	0	0
81	0	0	749	534	859	2337	0	0	0	0
82	0	0	747	533	860	2354	0	0	0	0
83	0	0	745	533	861	2374	0	0	0	0
84	0	0	743	533	862	2388	0	0	0	0
85	0	0	741	532	861	2394	0	0	0	0
86	0	0	741	532	863	2395	0	0	0	0
87	0	0	739	533	863	2400	0	0	0	0
88	0	0	739	533	863	2401	0	0	0	0
89	0	0	738	533	864	2408	0	0	0	0
90	0	0	739	534	864	2419	0	0	0	0
91	0	0	738	534	865	2432	0	0	0	0
92	0	0	739	535	864	2437	0	0	0	0
93	0	0	739	535	864	2442	0	0	0	0
94	0	0	739	535	865	2449	0	0	0	0
95	0	0	739	535	865	2453	0	0	0	0
96	0	0	739	535	865	2456	0	0	0	0
97	0	0	740	535	864	2460	0	0	0	0
98	0	0	741	535	864	2465	0	0	0	0
99	0	0	742	534	863	2473	0	0	0	0
100	0	0	743	533	863	2477	0	0	0	0
101	0	0	745	531	862	2482	0	0	0	0
102	0	0	747	530	861	2498	0	0	0	0
103	0	0	749	527	861	2506	0	0	0	0
104	0	0	751	526	861	2510	0	0	0	0
105	0	0	753	524	860	2511	0	0	0	0
106	0	0	756	522	861	2515	0	0	0	0
107	0	0	758	520	860	2519	0	0	0	0
108	0	0	758	519	860	2528	0	0	0	0
109	0	0	758	518	860	2540	0	0	0	0
110	0	0	758	516	861	2547	0	0	0	0
111	0	0	759	516	860	2556	0	0	0	0
112	0	0	760	515	860	2558	0	0	0	0
113	0	0	759	514	861	2556	0	0	0	0
114	0	0	757	512	862	2568	0	0	0	0
115	0	0	758	510	863	2568	0	0	0	0
116	0	0	761	510	864	2577	0	0	0	0
117	0	0	759	508	865	2580	0	0	0	0
118	0	0	759	508	864	2584	0	0	0	0
119	0	0	759	508	866	2590	0	0	0	0
120	0	0	760	506	868	2608	0	0	0	0
121	0	0	762	505	869	2614	0	0	0	0
122	0	0	761	504	870	2622	0	0	0	0
123	0	0	764	503	872	2634	0	0	0	0
124	0	0	764	503	872	2643	0	0	0	0
125	0	0	766	502	873	2649	0	0	0	0
126	0	0	768	502	873	2651	0	0	0	0
127	0	0	768	503	874	2652	0	0	0	0
0	0	0	769	503	873	2654	0	0	0	0
1	0	0	770	503	873	2647	0	0	0	0
2	0	0	771	504	875	2651	0	0	0	0
3	0	0	771	503	872	2661	0	0	0	0
4	0	0	772	506	872	2662	0	0	0	0
5	0	0	772	507	873	2664	0	0	0	0
6	0	0	773	507	872	2671	0	0	0	0
7	0	0	774	507	873	2676	0	0	0	0
8	0	0	772	507	874	2676	0	0	0	0
9	0	0	771	506	874	2679	0	0	0	0
10	0	0	770	506	875	2688	0	0	0	0
11	0	0	769	506	875	2694	0	0	0	0
12	0	0	768	507	877	2703	0	0	0	0
13	0	0	766	506	877	2708	0	0	0	0
14	0	0	765	506	878	2713	0	0	0	0
15	0	0	763	504	879	2719	0	0	0	0
16	0	0	762	505	879	2722	0	0	0	0
17	0	0	760	505	880	2725	0	0	0	0
18	0	0	760	505	883	2733	0	0	0	0
19	0	0	760	505	882	2736	0	0	0	0
20	0	0	759	505	883	2731	0	0	0	0
21	0	0	760	505	884	2735	0	0	0	0
22	0	0	758	504	884	2733	0	0	0	0
23	0	0	757	504	886	2732	0	0	0	0
24	0	0	757	504	886	2733	0	0	0	0
25	0	0	755	505	887	2736	0	0	0	0
26	0	0	756	505	888	2738	0	0	0	0
27	0	0	758	505	889	2738	0	0	0	0
28	0	0	758	504	889	2739	0	0	0	0
29	0	0	758	503	888	2736	0	0	0	0
30	0	0	759	503	891	2737	0	0	0	0
31	0	0	757	503	891	2741	0	0	0	0
32	0	0	759	502	892	2745	0	0	0	0
33	0	0	758	501	893	2746	0	0	0	0
34	0	0	758	499	893	2748	0	0	0	0
35	0	0	756	499	895	2755	0	0	0	0
36	0	0	758	499	895	2762	0	0	0	0
37	0	0	757	498	895	2765	0	0	0	0
38	0	0	757	497	895	2773	0	0	0	0
39	0	0	759	496	896	2777	0	0	0	0
40	0	0	760	495	896	2775	0	0	0	0
41	0	0	760	493	896	2776	0	0	0	0
42	0	0	761	493	895	2772	0	0	0	0
43	0	0	762	492	895	2774	0	0	0	0
44	0	0	762	491	895	2778	0	0	0	0
45	0	0	762	490	895	2778	0	0	0	0
46	0	0	763	489	894	2779	0	0	0	0
47	0	0	764	488	893	2786	0	0	0	0
48	0	0	765	488	893	2786	0	0	0	0
49	0	0	764	488	892	2789	0	0	0	0
50	0	0	765	487	892	2787	0	0	0	0
51	0	0	765	487	891	2789	0	0	0	0
52	0	0	765	486	891	2790	0	0	0	0
53	0	0	767	486	891	2793	0	0	0	0
54	0	0	765	485	891	2794	0	0	0	0
55	0	0	767	485	890	2795	0	0	0	0
56	0	0	767	486	892	2800	0	0	0	0
57	0	0	769	486	890	2805	0	0	0	0
58	0	0	769	485	889	2806	0	0	0	0
59	0	0	770	486	890	2808	0	0	0	0
60	0	0	770	486	891	2809	0	0	0	0
61	0	0	771	487	889	2810	0	0	0	0
62	0	0	772	487	890	2812	0	0	0	0
63	0	0	771	486	888	2810	0	0	0	0
64	0	0	769	488	889	2812	0	0	0	0
65	0	0	770	489	888	2816	0	0	0	0
66	0	0	769	489	888	2812	0	0	0	0
67	0	0	767	489	888	2810	0	0	0	0
68	0	0	766	490	888	2816	0	0	0	0
69	0	0	766	490	888	2819	0	0	0	0
70	0	0	766	490	888	2818	0	0	0	0
71	0	0	766	490	887	2818	0	0	0	0
72	0	0	764	490	886	2820	0	0	0	0
73	0	0	764	488	886	2818	0	0	0	0
74	0	0	762	489	885	2815	0	0	0	0
75	0	0	761	489	886	2814	0	0	0	0
76	0	0	760	490	885	2814	0	0	0	0
77	0	0	760	489	885	2814	0	0	0	0
78	0	0	759	489	884	2816	0	0	0	0
79	0	0	757	489	883	2819	0	0	0	0
80	0	0	759	487	881	2823	0	0	0	0
81	0	0	759	488	882	2823	0	0	0	0
82	0	0	759	488	882	2825	0	0	0	0
83	0	0	758	488	881	2828	0	0	0	0
84	0	0	757	487	880	2833	0	0	0	0
85	0	0	759	487	879	2834	0	0	0	0
86	0	0	759	489	878	2838	0	0	0	0
87	0	0	761	488	878	2841	0	0	0	0
88	0	0	763	488	877	2845	0	0	0	0
89	0	0	763	486	877	2846	0	0	0	0
90	0	0	764	487	876	2848	0	0	0	0
91	0	0	763	488	876	2849	0	0	0	0
92	0	0	763	489	877	2851	0	0	0	0
93	0	0	763	487	875	2853	0	0	0	0
94	0	0	762	487	875	2856	0	0	0	0
95	0	0	764	488	875	2859	0	0	0	0
96	0	0	765	487	875	2862	0	0	0	0
97	0	0	765	487	875	2862	0	0	0	0
98	0	0	766	487	875	2865	0	0	0	0
99	0	0	767	487	874	2866	0	0	0	0
100	0	0	767	487	875	2863	0	0	0	0
101	0	0	767	487	874	2866	0	0	0	0
102	0	0	767	486	875	2869	0	0	0	0
103	0	0	768	487	873	2872	0	0	0	0
104	0	0	769	487	874	2873	0	0	0	0
105	0	0	771	488	873	2872	0	0	0	0
106	0	0	772	488	874	2872	0	0	0	0
107	0	0	772	488	873	2876	0	0	0	0
108	0	0	772	489	873	2880	0	0	0	0
109	0	0	774	490	873	2883	0	0	0	0
110	0	0	775	490	873	2885	0	0	0	0
111	0	0	774	492	873	2889	0	0	0	0
112	0	0	776	492	874	2890	0	0	0	0
113	0	0	777	494	874	2898	0	0	0	0
114	0	0	778	494	873	2903	0	0	0	0
115	0	0	779	495	874	2907	0	0	0	0
116	0	0	780	495	874	2911	0	0	0	0
117	0	0	779	496	874	2916	0	0	0	0
118	0	0	779	497	874	2919	0	0	0	0
119	0	0	777	497	875	2921	0	0	0	0
120	0	0	778	498	875	2925	0	0	0	0
121	0	0	775	498	878	2929	0	0	0	0
122	0	0	773	499	877	2932	0	0	0	0
123	0	0	773	499	878	2936	0	0	0	0
124	0	0	774	499	879	2940	0	0	0	0
125	0	0	773	500	878	2942	0	0	0	0
126	0	0	772	500	877	2942	0	0	0	0
127	0	0	772	501	879	2946	0	0	0	0
0	0	0	773	502	879	2946	0	0	0	0
1	0	0	773	502	880	2947	0	0	0	0
2	0	0	773	503	880	2949	0	0	0	0
3	0	0	774	505	880	2953	0	0	0	0
4	0	0	775	505	880	2958	0	0	0	0
5	0	0	776	506	880	2963	0	0	0	0
6	0	0	777	508	880	2967	0	0	0	0
7	0	0	779	508	881	2971	0	0	0	0
8	0	0	780	510	882	2972	0	0	0	0
9	0	0	781	513	883	2975	0	0	0	0
10	0	0	784	514	883	2975	0	0	0	0
11	0	0	782	516	885	2979	0	0	0	0
12	0	0	782	517	886	2983	0	0	0	0
13	0	0	782	518	886	2988	0	0	0	0
14	0	0	783	519	886	2992	0	0	0	0
15	0	0	784	520	887	2995	0	0	0	0
16	0	0	784	522	887	2994	0	0	0	0
17	0	0	784	524	889	2995	0	0	0	0
18	0	0	783	526	891	2997	0	0	0	0
19	0	0	781	527	891	2996	0	0	0	0
20	0	0	782	529	890	2999	0	0	0	0
21	0	0	782	532	891	2999	0	0	0	0
22	0	0	780	534	891	2996	0	0	0	0
23	0	0	779	536	891	2995	0	0	0	0
24	0	0	777	538	892	2996	0	0	0	0
25	0	0	777	540	893	2998	0	0	0	0
26	0	0	777	542	892	2999	0	0	0	0
27	0	0	777	545	892	3001	0	0	0	0
28	0	0	774	546	892	3001	0	0	0	0
29	0	0	774	547	892	3002	0	0	0	0
30	0	0	773	548	892	3002	0	0	0	0
31	0	0	773	551	893	3006	0	0	0	0
32	0	0	773	553	893	3010	0	0	0	0
33	0	0	773	555	892	3009	0	0	0	0
34	0	0	772	558	892	3008	0	0	0	0
35	0	0	772	561	891	3011	0	0	0	0
36	0	0	772	563	891	3011	0	0	0	0
37	0	0	771	564	890	3009	0	0	0	0
38	0	0	771	566	891	3011	0	0	0	0
39	0	0	771	569	889	3008	0	0	0	0
40	0	0	771	571	888	3012	0	0	0	0
41	0	0	770	573	887	3011	0	0	0	0
42	0	0	769	575	887	3012	0	0	0	0
43	0	0	770	578	885	3014	0	0	0	0
44	0	0	770	581	884	3012	0	0	0	0
45	0	0	769	584	883	3007	0	0	0	0
46	0	0	770	586	881	3006	0	0	0	0
47	0	0	770	588	880	3005	0	0	0	0
48	0	0	770	590	879	3003	0	0	0	0
49	0	0	768	592	878	3000	0	0	0	0
50	0	0	768	594	877	2992	0	0	0	0
51	0	0	768	597	876	2986	0	0	0	0
52	0	0	767	600	875	2984	0	0	0	0
53	0	0	767	603	873	2979	0	0	0	0
54	0	0	768	606	871	2965	0	0	0	0
55	0	0	767	608	870	2955	0	0	0	0
56	0	0	767	610	869	2944	0	0	0	0
57	0	0	767	614	868	2932	0	0	0	0
58	0	0	769	615	866	2916	0	0	0	0
59	0	0	768	617	863	2899	0	0	0	0
60	0	0	769	621	861	2890	0	0	0	0
61	0	0	769	623	860	2880	0	0	0	0
62	0	0	768	625	857	2863	0	0	0	0
63	0	0	769	627	855	2848	0	0	0	0
64	0	0	770	629	853	2829	0	0	0	0
65	0	0	770	632	850	2802	0	0	0	0
66	0	0	771	633	850	2775	0	0	0	0
67	0	0	772	636	847	2741	0	0	0	0
68	0	0	773	637	843	2723	0	0	0	0
69	0	0	773	641	840	2681	0	0	0	0
70	0	0	773	642	837	2643	0	0	0	0
71	0	0	773	645	835	2611	0	0	0	0
72	0	0	774	647	832	2584	0	0	0	0
73	0	0	773	648	830	2551	0	0	0	0
74	0	0	773	649	826	2501	0	0	0	0
75	0	0	774	652	822	2414	0	0	0	0
76	0	0	773	655	817	2352	0	0	0	0
77	0	0	773	657	816	2306	0	0	0	0
78	0	0	774	660	814	2258	0	0	0	0
79	0	0	775	662	811	2202	0	0	0	0
80	0	0	775	665	808	2154	0	0	0	0
81	0	0	777	667	806	2074	0	0	0	0
82	0	0	779	670	803	1982	0	0	0	0
83	0	0	779	673	800	1906	0	0	0	0
84	0	0	779	674	798	1855	0	0	0	0
85	0	0	779	676	795	1719	0	0	0	0
86	0	0	780	679	791	1608	0	0	0	0
87	0	0	779	681	790	1542	0	0	0	0
88	0	0	779	684	787	1388	0	0	0	0
89	0	0	778	685	784	1291	0	0	0	0
90	0	0	776	687	781	1188	0	0	0	0
91	0	0	775	691	780	1142	0	0	0	0
92	0	0	773	693	778	1006	0	0	0	0
93	0	0	770	694	776	866	0	0	0	0
94	0	0	770	696	776	749	0	0	0	0
95	0	0	767	698	774	720	0	0	0	0
96	0	0	766	700	773	548	0	0	0	0
97	0	0	763	703	772	454	0	0	0	0
98	0	0	763	705	772	385	0	0	0	0
99	0	0	759	707	770	388	0	0	0	0
100	0	0	758	709	771	329	0	0	0	0
101	0	0	756	713	771	268	0	0	0	0
102	0	0	754	716	770	220	0	0	0	0
103	0	0	753	719	771	251	0	0	0	0
104	0	0	752	722	772	279	0	0	0	0
105	0	0	750	723	773	309	0	0	0	0
106	0	0	749	725	774	301	0	0	0	0
107	0	0	747	729	776	305	0	0	0	0
108	0	0	745	731	777	265	0	0	0	0
109	0	0	744	735	779	260	0	0	0	0
110	0	0	741	737	781	249	0	0	0	0
111	0	0	740	740	782	253	0	0	0	0
112	0	0	740	743	784	259	0	0	0	0
113	0	0	740	745	784	242	0	0	0	0
114	0	0	739	747	787	232	0	0	0	0
115	0	0	739	748	789	227	0	0	0	0
116	0	0	736	751	790	217	0	0	0	0
117	0	0	737	755	791	214	0	0	0	0
118	0	0	737	756	792	216	0	0	0	0
119	0	0	738	759	794	204	0	0	0	0
120	0	0	738	761	795	221	0	0	0	0
121	0	0	739	762	797	210	0	0	0	0
122	0	0	739	765	799	199	0	0	0	0
123	0	0	740	767	799	196	0	0	0	0
124	0	0	743	770	801	213	0	0	0	0
125	0	0	744	772	802	219	0	0	0	0
126	0	0	746	776	803	223	0	0	0	0
127	0	0	749	777	804	229	0	0	0	0
0	0	0	752	781	803	234	0	0	0	0
1	0	0	755	787	804	229	0	0	0	0
2	0	0	757	791	805	208	0	0	0	0
3	0	0	758	796	804	220	0	0	0	0
4	0	0	761	801	805	218	0	0	0	0
5	0	0	763	805	805	223	0	0	0	0
6	0	0	764	810	805	228	0	0	0	0
7	0	0	766	814	806	236	0	0	0	0
8	0	0	767	818	805	226	0	0	0	0
9	0	0	767	822	806	207	0	0	0	0
10	0	0	769	826	805	189	0	0	0	0
11	0	0	768	830	804	175	0	0	0	0
12	0	0	770	833	804	151	0	0	0	0
13	0	0	772	837	805	166	0	0	0	0
14	0	0	771	840	806	136	0	0	0	0
15	0	0	771	843	807	118	0	0	0	0
16	0	0	770	847	808	138	0	0	0	0
17	0	0	770	852	810	127	0	0	0	0
18	0	0	771	856	810	131	0	0	0	0
19	0	0	771	863	811	132	0	0	0	0
20	0	0	771	868	811	137	0	0	0	0
21	0	0	772	873	812	140	0	0	0	0
22	0	0	773	878	812	133	0	0	0	0
23	0	0	773	881	811	146	0	0	0	0
24	0	0	773	887	811	139	0	0	0	0
25	0	0	770	892	811	137	0	0	0	0
26	0	0	769	897	810	139	0	0	0	0
27	0	0	767	900	810	138	0	0	0	0
28	0	0	765	904	809	137	0	0	0	0
29	0	0	767	906	810	133	0	0	0	0
30	0	0	767	909	808	122	0	0	0	0
31	0	0	765	911	807	118	0	0	0	0
32	0	0	766	914	805	114	0	0	0	0
33	0	0	766	915	804	103	0	0	0	0
34	0	0	765	917	803	97	0	0	0	0
35	0	0	765	919	803	91	0	0	0	0
36	0	0	764	918	802	85	0	0	0	0
37	0	0	763	918	801	93	0	0	0	0
38	0	0	762	917	801	93	0	0	0	0
39	0	0	758	917	801	94	0	0	0	0
40	0	0	757	916	799	101	0	0	0	0
41	0	0	753	915	801	106	0	0	0	0
42	0	0	749	915	801	104	0	0	0	0
43	0	0	749	914	801	104	0	0	0	0
44	0	0	745	914	799	101	0	0	0	0
45	0	0	743	911	800	91	0	0	0	0
46	0	0	741	910	800	89	0	0	0	0
47	0	0	739	908	799	95	0	0	0	0
48	0	0	736	906	800	98	0	0	0	0
49	0	0	735	903	800	92	0	0	0	0
50	0	0	734	901	799	84	0	0	0	0
51	0	0	732	899	800	76	0	0	0	0
52	0	0	732	897	799	81	0	0	0	0
53	0	0	733	894	799	65	0	0	0	0
54	0	0	733	893	798	63	0	0	0	0
55	0	0	733	890	798	65	0	0	0	0
56	0	0	735	889	798	65	0	0	0	0
57	0	0	735	889	797	81	0	0	0	0
58	0	0	737	886	798	83	0	0	0	0
59	0	0	738	885	798	87	0	0	0	0
60	0	0	742	883	797	83	0	0	0	0
61	0	0	745	882	798	94	0	0	0	0
62	0	0	747	880	797	79	0	0	0	0
63	0	0	751	879	796	86	0	0	0	0
64	0	0	754	878	796	119	0	0	0	0
65	0	0	756	877	796	125	0	0	0	0
66	0	0	759	878	795	125	0	0	0	0
67	0	0	762	878	795	110	0	0	0	0
68	0	0	763	877	794	112	0	0	0	0
69	0	0	766	876	793	99	0	0	0	0
70	0	0	766	874	792	99	0	0	0	0
71	0	0	768	872	792	103	0	0	0	0
72	0	0	769	871	791	93	0	0	0	0
73	0	0	770	870	791	79	0	0	0	0
74	0	0	772	868	791	81	0	0	0	0
75	0	0	773	866	790	81	0	0	0	0
76	0	0	773	864	789	81	0	0	0	0
77	0	0	774	863	789	88	0	0	0	0
78	0	0	775	862	789	95	0	0	0	0
79	0	0	777	860	788	89	0	0	0	0
80	0	0	778	859	788	92	0	0	0	0
81	0	0	779	857	786	85	0	0	0	0
82	0	0	780	857	786	91	0	0	0	0
83	0	0	780	856	785	102	0	0	0	0
84	0	0	781	853	784	99	0	0	0	0
85	0	0	786	849	783	111	0	0	0	0
86	0	0	786	848	782	103	0	0	0	0
87	0	0	788	846	781	97	0	0	0	0
88	0	0	792	843	780	92	0	0	0	0
89	0	0	790	840	779	92	0	0	0	0
90	0	0	789	837	778	70	0	0	0	0
91	0	0	791	832	776	76	0	0	0	0
92	0	0	789	829	776	74	0	0	0	0
93	0	0	789	826	776	78	0	0	0	0
94	0	0	789	824	774	77	0	0	0	0
95	0	0	790	820	772	75	0	0	0	0
96	0	0	790	818	772	81	0	0	0	0
97	0	0	792	816	771	77	0	0	0	0
98	0	0	792	813	771	83	0	0	0	0
99	0	0	792	810	771	87	0	0	0	0
100	0	0	791	805	770	87	0	0	0	0
101	0	0	793	801	768	97	0	0	0	0
102	0	0	794	797	769	103	0	0	0	0
103	0	0	796	792	769	108	0	0	0	0
104	0	0	795	790	769	111	0	0	0	0
105	0	0	795	787	768	112	0	0	0	0
106	0	0	793	783	768	109	0	0	0	0
107	0	0	791	783	768	107	0	0	0	0
108	0	0	790	784	767	105	0	0	0	0
109	0	0	790	783	765	107	0	0	0	0
110	0	0	789	782	763	97	0	0	0	0
111	0	0	791	781	764	84	0	0	0	0
112	0	0	790	778	763	79	0	0	0	0
113	0	0	789	774	762	67	0	0	0	0
114	0	0	792	771	760	59	0	0	0	0
115	0	0	793	768	759	55	0	0	0	0
116	0	0	795	766	761	53	0	0	0	0
117	0	0	796	763	760	53	0	0	0	0
118	0	0	798	759	761	47	0	0	0	0
119	0	0	798	756	761	55	0	0	0	0
120	0	0	799	752	761	56	0	0	0	0
121	0	0	799	749	761	60	0	0	0	0
122	0	0	800	746	760	62	0	0	0	0
123	0	0	802	743	760	61	0	0	0	0
124	0	0	801	741	761	65	0	0	0	0
125	0	0	802	739	760	65	0	0	0	0
126	0	0	802	738	761	59	0	0	0	0
127	0	0	802	735	761	71	0	0	0	0
0	0	0	802	734	762	82	0	0	0	0
1	0	0	802	733	762	87	0	0	0	0
2	0	0	802	732	762	85	0	0	0	0
3	0	0	801	732	762	91	0	0	0	0
4	0	0	802	731	762	100	0	0	0	0
5	0	0	800	730	763	89	0	0	0	0
6	0	0	802	730	764	84	0	0	0	0
7	0	0	803	730	764	76	0	0	0	0
8	0	0	803	729	766	77	0	0	0	0
9	0	0	803	730	767	66	0	0	0	0
10	0	0	806	728	768	70	0	0	0	0
11	0	0	807	729	770	87	0	0	0	0
12	0	0	807	729	770	96	0	0	0	0
13	0	0	807	731	771	88	0	0	0	0
14	0	0	808	731	772	82	0	0	0	0
15	0	0	809	730	773	92	0	0	0	0
16	0	0	809	730	776	95	0	0	0	0
17	0	0	809	728	775	90	0	0	0	0
18	0	0	809	727	776	101	0	0	0	0
19	0	0	809	727	777	98	0	0	0	0
20	0	0	808	726	779	94	0	0	0	0
21	0	0	807	725	780	89	0	0	0	0
22	0	0	806	726	781	85	0	0	0	0
23	0	0	806	726	781	96	0	0	0	0
24	0	0	805	726	782	87	0	0	0	0
25	0	0	806	727	783	80	0	0	0	0
26	0	0	805	727	784	78	0	0	0	0
27	0	0	806	726	784	78	0	0	0	0
28	0	0	806	727	785	83	0	0	0	0
29	0	0	806	728	785	85	0	0	0	0
30	0	0	806	725	787	88	0	0	0	0
31	0	0	805	726	787	93	0	0	0	0
32	0	0	805	727	788	104	0	0	0	0
33	0	0	804	727	788	108	0	0	0	0
34	0	0	805	728	789	113	0	0	0	0
35	0	0	805	728	790	117	0	0	0	0
36	0	0	804	728	790	120	0	0	0	0
37	0	0	803	728	788	123	0	0	0	0
38	0	0	804	729	790	121	0	0	0	0
39	0	0	804	730	790	131	0	0	0	0
40	0	0	805	731	790	130	0	0	0	0
41	0	0	805	731	790	124	0	0	0	0
42	0	0	805	731	790	118	0	0	0	0
43	0	0	803	730	790	115	0	0	0	0
44	0	0	803	730	790	114	0	0	0	0
45	0	0	804	732	790	108	0	0	0	0
46	0	0	805	734	790	105	0	0	0	0
47	0	0	804	734	789	102	0	0	0	0
48	0	0	803	735	789	103	0	0	0	0
49	0	0	803	737	788	103	0	0	0	0
50	0	0	803	740	787	106	0	0	0	0
51	0	0	802	741	787	111	0	0	0	0
52	0	0	803	742	786	115	0	0	0	0
53	0	0	801	744	786	116	0	0	0	0
54	0	0	801	745	786	119	0	0	0	0
55	0	0	800	746	785	124	0	0	0	0
56	0	0	800	747	783	127	0	0	0	0
57	0	0	800	749	783	127	0	0	0	0
58	0	0	799	751	783	126	0	0	0	0
59	0	0	800	752	781	132	0	0	0	0
60	0	0	799	753	781	128	0	0	0	0
61	0	0	798	755	781	115	0	0	0	0
62	0	0	798	756	781	111	0	0	0	0
63	0	0	797	757	779	113	0	0	0	0
64	0	0	796	757	779	108	0	0	0	0
65	0	0	796	760	778	104	0	0	0	0
66	0	0	797	760	777	96	0	0	0	0
67	0	0	796	761	776	94	0	0	0	0
68	0	0	796	762	777	95	0	0	0	0
69	0	0	796	763	775	91	0	0	0	0
70	0	0	796	764	775	100	0	0	0	0
71	0	0	796	765	775	105	0	0	0	0
72	0	0	796	765	774	101	0	0	0	0
73	0	0	796	767	772	101	0	0	0	0
74	0	0	797	767	772	104	0	0	0	0
75	0	0	798	768	772	105	0	0	0	0
76	0	0	798	768	771	111	0	0	0	0
77	0	0	798	770	771	110	0	0	0	0
78	0	0	799	770	771	101	0	0	0	0
79	0	0	799	770	769	108	0	0	0	0
80	0	0	799	772	770	109	0	0	0	0
81	0	0	799	773	769	97	0	0	0	0
82	0	0	800	774	768	86	0	0	0	0
83	0	0	800	774	768	83	0	0	0	0
84	0	0	801	776	769	77	0	0	0	0
85	0	0	802	777	768	67	0	0	0	0
86	0	0	801	777	768	61	0	0	0	0
87	0	0	803	778	768	55	0	0	0	0
88	0	0	803	778	767	58	0	0	0	0
89	0	0	804	778	767	54	0	0	0	0
90	0	0	804	779	767	53	0	0	0	0
91	0	0	804	779	767	65	0	0	0	0
92	0	0	804	782	765	82	0	0	0	0
93	0	0	805	783	766	68	0	0	0	0
94	0	0	806	783	765	69	0	0	0	0
95	0	0	807	784	765	79	0	0	0	0
96	0	0	808	784	765	76	0	0	0	0
97	0	0	808	785	764	84	0	0	0	0
98	0	0	810	785	764	88	0	0	0	0
99	0	0	811	785	763	114	0	0	0	0
100	0	0	809	787	763	103	0	0	0	0
101	0	0	811	787	762	97	0	0	0	0
102	0	0	812	787	761	95	0	0	0	0
103	0	0	811	788	760	90	0	0	0	0
104	0	0	812	787	758	81	0	0	0	0
105	0	0	813	786	761	62	0	0	0	0
106	0	0	814	787	759	50	0	0	0	0
107	0	0	814	787	758	63	0	0	0	0
108	0	0	813	787	759	76	0	0	0	0
109	0	0	815	786	759	68	0	0	0	0
110	0	0	816	785	759	67	0	0	0	0
111	0	0	816	784	759	50	0	0	0	0
112	0	0	816	784	758	59	0	0	0	0
113	0	0	817	783	757	58	0	0	0	0
114	0	0	817	784	757	75	0	0	0	0
115	0	0	816	784	757	74	0	0	0	0
116	0	0	815	783	758	72	0	0	0	0
117	0	0	815	784	757	66	0	0	0	0
118	0	0	815	784	757	74	0	0	0	0
119	0	0	815	784	757	106	0	0	0	0
120	0	0	818	784	756	105	0	0	0	0
121	0	0	819	784	756	103	0	0	0	0
122	0	0	818	783	757	96	0	0	0	0
123	0	0	817	785	756	94	0	0	0	0
124	0	0	817	785	757	87	0	0	0	0
125	0	0	818	785	757	86	0	0	0	0
126	0	0	817	785	757	51	0	0	0	0
127	0	0	818	786	757	68	0	0	0	0
0	0	0	818	785	757	73	0	0	0	0
1	0	0	818	786	759	81	0	0	0	0
2	0	0	817	787	758	86	0	0	0	0
3	0	0	819	787	757	86	0	0	0	0
4	0	0	818	787	759	48	0	0	0	0
5	0	0	816	787	759	55	0	0	0	0
6	0	0	818	788	759	53	0	0	0	0
7	0	0	818	789	759	60	0	0	0	0
8	0	0	817	790	760	92	0	0	0	0
9	0	0	817	790	760	96	0	0	0	0
10	0	0	816	791	761	95	0	0	0	0
11	0	0	815	791	760	96	0	0	0	0
12	0	0	814	790	760	96	0	0	0	0
13	0	0	813	792	761	89	0	0	0	0
14	0	0	812	793	761	86	0	0	0	0
15	0	0	811	793	760	80	0	0	0	0
16	0	0	810	794	760	77	0	0	0	0
17	0	0	810	795	760	68	0	0	0	0
18	0	0	810	795	761	66	0	0	0	0
19	0	0	809	794	761	60	0	0	0	0
20	0	0	810	795	762	53	0	0	0	0
21	0	0	810	795	762	31	0	0	0	0
22	0	0	809	796	762	41	0	0	0	0
23	0	0	809	796	762	44	0	0	0	0
24	0	0	807	797	762	42	0	0	0	0
25	0	0	808	797	761	46	0	0	0	0
26	0	0	807	798	761	45	0	0	0	0
27	0	0	807	798	762	56	0	0	0	0
28	0	0	806	798	762	51	0	0	0	0
29	0	0	805	799	763	34	0	0	0	0
30	0	0	805	799	763	15	0	0	0	0
31	0	0	806	800	763	64	0	0	0	0
32	0	0	806	800	765	570	0	0	0	0
33	0	0	806	799	764	737	0	0	0	0
34	0	0	807	801	764	1105	0	0	0	0
35	0	0	806	801	764	1165	0	0	0	0
36	0	0	806	801	765	1301	0	0	0	0
37	0	0	803	801	765	1537	0	0	0	0
38	0	0	799	802	767	1591	0	0	0	0
39	0	0	794	801	768	1551	0	0	0	0
40	0	0	787	799	770	1490	0	0	0	0
41	0	0	783	799	771	1378	0	0	0	0
42	0	0	778	797	771	1349	0	0	0	0
43	0	0	773	795	772	1207	0	0	0	0
44	0	0	773	792	772	1082	0	0	0	0
45	0	0	774	791	773	991	0	0	0	0
46	0	0	779	791	776	994	0	0	0	0
47	0	0	787	793	777	931	0	0	0	0
48	0	0	795	795	777	920	0	0	0	0
49	0	0	800	798	778	859	0	0	0	0
50	0	0	801	802	781	878	0	0	0	0
51	0	0	796	806	789	896	0	0	0	0
52	0	0	783	810	807	852	0	0	0	0
53	0	0	748	814	835	818	0	0	0	0
54	0	0	710	820	875	747	0	0	0	0
55	0	0	678	832	923	704	0	0	0	0
56	0	0	647	852	976	693	0	0	0	0
57	0	0	616	870	1022	635	0	0	0	0
58	0	0	559	878	1064	635	0	0	0	0
59	0	0	445	866	1094	576	0	0	0	0
60	0	0	310	831	1112	542	0	0	0	0
61	0	0	210	772	1128	517	0	0	0	0
62	0	0	180	699	1144	514	0	0	0	0
63	0	0	236	622	1158	483	0	0	0	0
64	0	0	336	553	1168	476	0	0	0	0
65	0	0	450	515	1179	482	0	0	0	0
66	0	0	562	510	1189	454	0	0	0	0
67	0	0	616	533	1203	430	0	0	0	0
68	0	0	657	565	1227	387	0	0	0	0
69	0	0	699	605	1245	370	0	0	0	0
70	0	0	733	658	1256	395	0	0	0	0
71	0	0	771	706	1251	424	0	0	0	0
72	0	0	772	699	1192	469	0	0	0	0
73	0	0	769	744	1275	483	0	0	0	1
74	0	0	770	732	1312	507	0	0	0	0
75	0	0	708	676	1335	518	0	0	0	0
76	0	0	591	592	1346	536	0	0	0	0
77	0	0	427	509	1369	560	0	0	0	0
78	0	0	271	456	1361	597	0	0	0	1
79	0	0	176	419	1277	639	0	0	0	0
80	0	0	119	396	1155	729	0	0	0	0
81	0	0	86	376	995	790	0	0	0	0
82	0	0	130	356	859	855	0	0	0	0
83	0	0	314	349	721	949	0	0	0	0
84	0	0	566	356	610	1090	0	0	0	0
85	0	0	856	353	541	1180	0	0	0	0
86	0	0	1095	325	480	1240	0	0	0	0
87	0	0	1260	269	439	1319	0	0	0	0
88	0	0	1356	206	416	1355	0	0	0	0
89	0	0	1414	146	406	1430	0	0	0	0
90	0	0	1412	118	413	1452	0	0	0	0
91	0	0	1360	82	450	1521	0	0	0	0
92	0	0	1347	59	495	1609	0	0	0	0
93	0	0	1307	46	551	1645	0	0	0	0
94	0	0	1254	38	598	1682	0	0	0	0
95	0	0	1220	35	637	1698	0	0	0	0
96	0	0	1202	36	671	1731	0	0	0	0
97	0	0	1195	44	696	1773	0	0	0	0
98	0	0	1197	50	709	1807	0	0	0	0
99	0	0	1187	63	716	1812	0	0	0	0
100	0	0	1160	80	730	1852	0	0	0	0
101	0	0	1124	101	734	1870	0	0	0	0
102	0	0	1107	129	742	1914	0	0	0	0
103	0	0	1086	163	773	1965	0	0	0	0
104	0	0	1032	191	784	1998	0	0	0	0
105	0	0	968	201	795	2032	0	0	0	0
106	0	0	927	201	812	2062	0	0	0	0
107	0	0	897	201	830	2079	0	0	0	0
108	0	0	867	203	855	2080	0	0	0	0
109	0	0	835	205	880	2096	0	0	0	0
110	0	0	799	199	910	2090	0	0	0	0
111	0	0	758	186	948	2086	0	0	0	0
112	0	0	736	162	972	2089	0	0	0	0
113	0	0	707	138	988	2095	0	0	0	0
114	0	0	678	116	1008	2077	0	0	0	0
115	0	0	651	84	1025	2065	0	0	0	0
116	0	0	629	60	1042	2054	0	0	0	0
117	0	0	608	45	1057	2050	0	0	0	0
118	0	0	593	36	1073	2046	0	0	0	0
119	0	0	583	31	1085	2045	0	0	0	0
120	0	0	582	28	1092	2037	0	0	0	0
121	0	0	584	27	1095	2030	0	0	0	0
122	0	0	596	26	1096	2026	0	0	0	0
123	0	0	619	24	1094	2014	0	0	0	0
124	0	0	650	26	1090	2009	0	0	0	0
125	0	0	686	33	1085	2010	0	0	0	0
126	0	0	727	51	1081	2011	0	0	0	0
127	0	0	770	78	1079	2014	0	0	0	0
0	0	0	813	109	1075	2016	0	0	0	0
1	0	0	853	141	1071	2016	0	0	0	0
2	0	0	886	171	1062	2018	0	0	0	0
3	0	0	915	203	1052	2022	0	0	0	0
4	0	0	937	238	1039	2024	0	0	0	0
5	0	0	950	268	1027	2026	0	0	0	0
6	0	0	959	296	1012	2023	0	0	0	0
7	0	0	958	323	996	2023	0	0	0	0
8	0	0	950	348	979	2021	0	0	0	0
9	0	0	934	371	963	2020	0	0	0	0
10	0	0	919	393	945	2020	0	0	0	0
11	0	0	902	413	928	2022	0	0	0	0
12	0	0	888	433	910	2021	0	0	0	0
13	0	0	877	453	892	2021	0	0	0	0
14	0	0	868	471	874	2019	0	0	0	0
15	0	0	860	488	856	2025	0	0	0	0
16	0	0	853	508	840	2026	0	0	0	0
17	0	0	847	527	824	2025	0	0	0	0
18	0	0	841	546	810	2026	0	0	0	0
19	0	0	832	563	797	2028	0	0	0	0
20	0	0	828	577	782	2032	0	0	0	0
21	0	0	824	594	769	2032	0	0	0	0
22	0	0	821	610	759	2031	0	0	0	0
23	0	0	819	624	750	2033	0	0	0	0
24	0	0	819	635	741	2034	0	0	0	0
25	0	0	820	642	735	2033	0	0	0	0
26	0	0	823	649	729	2029	0	0	0	0
27	0	0	824	652	724	2027	0	0	0	0
28	0	0	825	652	719	2027	0	0	0	0
29	0	0	827	652	718	2025	0	0	0	0
30	0	0	830	650	719	2026	0	0	0	0
31	0	0	830	647	717	2024	0	0	0	0
32	0	0	830	643	718	2022	0	0	0	0
33	0	0	831	642	719	2019	0	0	0	0
34	0	0	830	639	720	2016	0	0	0	0
35	0	0	833	638	723	2017	0	0	0	0
36	0	0	834	636	726	2015	0	0	0	0
37	0	0	832	634	729	2013	0	0	0	0
38	0	0	830	634	733	2006	0	0	0	0
39	0	0	829	634	738	2007	0	0	0	0
40	0	0	828	636	742	2007	0	0	0	0
41	0	0	827	638	746	2001	0	0	0	0
42	0	0	825	640	751	1997	0	0	0	0
43	0	0	824	641	758	1993	0	0	0	0
44	0	0	823	641	759	1993	0	0	0	0
45	0	0	822	642	764	1988	0	0	0	0
46	0	0	821	641	768	1981	0	0	0	0
47	0	0	821	639	770	1979	0	0	0	0
48	0	0	821	638	772	1977	0	0	0	0
49	0	0	820	638	776	1973	0	0	0	0
50	0	0	817	639	779	1964	0	0	0	0
51	0	0	816	636	781	1962	0	0	0	0
52	0	0	815	635	785	1955	0	0	0	0
53	0	0	815	634	788	1953	0	0	0	0
54	0	0	812	631	791	1949	0	0	0	0
55	0	0	809	630	792	1943	0	0	0	0
56	0	0	807	626	793	1940	0	0	0	0
57	0	0	803	624	793	1926	0	0	0	0
58	0	0	805	621	795	1921	0	0	0	0
59	0	0	803	617	794	1919	0	0	0	0
60	0	0	803	612	794	1904	0	0	0	0
61	0	0	803	606	796	1892	0	0	0	0
62	0	0	804	601	795	1885	0	0	0	0
63	0	0	806	597	795	1880	0	0	0	0
64	0	0	809	591	796	1877	0	0	0	0
65	0	0	810	587	796	1871	0	0	0	0
66	0	0	812	582	797	1868	0	0	0	0
67	0	0	814	579	797	1865	0	0	0	0
68	0	0	815	575	798	1865	0	0	0	0
69	0	0	818	573	800	1859	0	0	0	0
70	0	0	819	569	801	1854	0	0	0	0
71	0	0	820	567	804	1844	0	0	0	0
72	0	0	822	566	805	1831	0	0	0	0
73	0	0	823	563	805	1823	0	0	0	0
74	0	0	823	562	807	1819	0	0	0	0
75	0	0	825	560	809	1820	0	0	0	0
76	0	0	826	558	811	1819	0	0	0	0
77	0	0	826	555	812	1817	0	0	0	0
78	0	0	825	555	814	1815	0	0	0	0
79	0	0	823	554	816	1811	0	0	0	0
80	0	0	823	559	821	1808	0	0	0	0
81	0	0	819	551	821	1796	0	0	0	0
82	0	0	815	553	824	1791	0	0	0	0
83	0	0	814	554	828	1789	0	0	0	0
84	0	0	811	555	831	1790	0	0	0	0
85	0	0	809	554	837	1787	0	0	0	0
86	0	0	806	553	842	1781	0	0	0	0
87	0	0	803	553	848	1770	0	0	0	0
88	0	0	799	552	855	1764	0	0	0	0
89	0	0	793	554	861	1754	0	0	0	0
90	0	0	788	552	867	1753	0	0	0	0
91	0	0	781	552	874	1752	0	0	0	0
92	0	0	776	551	879	1742	0	0	0	0
93	0	0	773	552	882	1739	0	0	0	0
94	0	0	770	552	885	1748	0	0	0	0
95	0	0	766	550	889	1745	0	0	0	0
96	0	0	763	548	893	1748	0	0	0	0
97	0	0	759	544	894	1741	0	0	0	0
98	0	0	756	543	896	1735	0	0	0	0
99	0	0	753	542	899	1726	0	0	0	0
100	0	0	752	544	899	1721	0	0	0	0
101	0	0	750	544	901	1700	0	0	0	0
102	0	0	744	541	902	1689	0	0	0	0
103	0	0	742	543	901	1681	0	0	0	0
104	0	0	741	543	901	1674	0	0	0	0
105	0	0	740	545	901	1662	0	0	0	0
106	0	0	738	546	899	1648	0	0	0	0
107	0	0	739	548	898	1640	0	0	0	0
108	0	0	740	550	896	1628	0	0	0	0
109	0	0	740	551	894	1619	0	0	0	0
110	0	0	741	553	893	1612	0	0	0	0
111	0	0	743	554	891	1596	0	0	0	0
112	0	0	745	556	889	1590	0	0	0	0
113	0	0	747	559	889	1592	0	0	0	0
114	0	0	749	562	887	1583	0	0	0	0
115	0	0	752	565	886	1567	0	0	0	0
116	0	0	754	568	883	1558	0	0	0	0
117	0	0	754	570	881	1545	0	0	0	0
118	0	0	758	574	880	1549	0	0	0	0
119	0	0	758	577	877	1549	0	0	0	0
120	0	0	758	579	876	1536	0	0	0	0
121	0	0	759	581	873	1512	0	0	0	0
122	0	0	759	585	871	1491	0	0	0	0
123	0	0	762	589	869	1486	0	0	0	0
124	0	0	764	593	867	1470	0	0	0	0
125	0	0	766	597	865	1437	0	0	0	0
126	0	0	767	599	862	1422	0	0	0	0
127	0	0	770	601	860	1432	0	0	0	0
0	0	0	773	607	857	1432	0	0	0	0
1	0	0	777	611	854	1393	0	0	0	0
2	0	0	780	616	853	1385	0	0	0	0
3	0	0	781	620	849	1350	0	0	0	0
4	0	0	784	624	847	1320	0	0	0	0
5	0	0	787	629	844	1301	0	0	0	0
6	0	0	790	634	842	1293	0	0	0	0
7	0	0	792	638	839	1263	0	0	0	0
8	0	0	795	644	837	1252	0	0	0	0
9	0	0	798	650	834	1236	0	0	0	0
10	0	0	800	655	832	1203	0	0	0	0
11	0	0	802	659	830	1187	0	0	0	0
12	0	0	803	663	828	1175	0	0	0	0
13	0	0	804	667	826	1170	0	0	0	0
14	0	0	805	671	825	1165	0	0	0	0
15	0	0	805	676	822	1150	0	0	0	0
16	0	0	807	681	819	1129	0	0	0	0
17	0	0	808	687	817	1122	0	0	0	0
18	0	0	809	690	816	1110	0	0	0	0
19	0	0	809	693	814	1103	0	0	0	0
20	0	0	807	696	814	1095	0	0	0	0
21	0	0	808	699	813	1062	0	0	0	0
22	0	0	807	699	811	1048	0	0	0	0
23	0	0	807	702	810	1045	0	0	0	0
24	0	0	806	704	809	1043	0	0	0	0
25	0	0	805	706	807	1030	0	0	0	0
26	0	0	808	710	807	1033	0	0	0	0
27	0	0	807	710	806	1023	0	0	0	0
28	0	0	806	713	804	1012	0	0	0	0
29	0	0	806	716	804	1000	0	0	0	0
30	0	0	806	718	803	997	0	0	0	0
31	0	0	806	719	802	980	0	0	0	0
32	0	0	808	720	802	967	0	0	0	0
33	0	0	807	722	800	965	0	0	0	0
34	0	0	805	723	799	956	0	0	0	0
35	0	0	805	725	799	960	0	0	0	0
36	0	0	804	727	797	956	0	0	0	0
37	0	0	805	727	796	955	0	0	0	0
38	0	0	804	728	795	933	0	0	0	0
39	0	0	802	728	796	930	0	0	0	0
40	0	0	802	727	794	948	0	0	0	0
41	0	0	801	728	792	960	0	0	0	0
42	0	0	800	730	791	942	0	0	0	0
43	0	0	799	730	790	925	0	0	0	0
44	0	0	800	730	790	914	0	0	0	0
45	0	0	800	729	789	907	0	0	0	0
46	0	0	799	731	789	890	0	0	0	0
47	0	0	799	732	789	891	0	0	0	0
48	0	0	799	730	789	883	0	0	0	0
49	0	0	797	729	788	874	0	0	0	0
50	0	0	795	731	787	852	0	0	0	0
51	0	0	797	729	786	845	0	0	0	0
52	0	0	797	728	787	833	0	0	0	0
53	0	0	796	729	786	819	0	0	0	0
54	0	0	796	728	786	787	0	0	0	0
55	0	0	795	729	785	779	0	0	0	0
56	0	0	794	729	784	754	0	0	0	0
57	0	0	794	729	785	754	0	0	0	0
58	0	0	795	729	784	757	0	0	0	0
59	0	0	795	727	784	771	0	0	0	0
60	0	0	793	728	784	766	0	0	0	0
61	0	0	792	727	784	762	0	0	0	0
62	0	0	792	726	784	751	0	0	0	0
63	0	0	791	725	783	736	0	0	0	0
64	0	0	793	726	783	719	0	0	0	0
65	0	0	795	726	784	702	0	0	0	0
66	0	0	794	726	784	714	0	0	0	0
67	0	0	793	725	784	715	0	0	0	0
68	0	0	791	726	784	713	0	0	0	0
69	0	0	793	726	785	714	0	0	0	0
70	0	0	792	725	786	711	0	0	0	0
71	0	0	791	720	786	707	0	0	0	0
72	0	0	790	718	788	699	0	0	0	0
73	0	0	789	718	787	695	0	0	0	0
74	0	0	790	719	787	664	0	0	0	0
75	0	0	788	718	788	642	0	0	0	0
76	0	0	788	717	789	630	0	0	0	0
77	0	0	791	719	789	638	0	0	0	0
78	0	0	789	719	789	624	0	0	0	0
79	0	0	790	720	790	621	0	0	0	0
80	0	0	792	723	791	615	0	0	0	0
81	0	0	791	723	792	618	0	0	0	0
82	0	0	790	722	792	631	0	0	0	0
83	0	0	787	724	793	648	0	0	0	0
84	0	0	788	724	792	641	0	0	0	0
85	0	0	789	724	795	637	0	0	0	0
86	0	0	788	725	795	644	0	0	0	0
87	0	0	786	723	795	632	0	0	0	0
88	0	0	786	724	797	636	0	0	0	0
89	0	0	784	723	796	634	0	0	0	0
90	0	0	785	723	797	626	0	0	0	0
91	0	0	785	725	797	613	0	0	0	0
92	0	0	784	724	797	612	0	0	0	0
93	0	0	783	724	798	613	0	0	0	0
94	0	0	782	722	799	615	0	0	0	0
95	0	0	781	724	799	621	0	0	0	0
96	0	0	780	724	797	623	0	0	0	0
97	0	0	779	722	800	623	0	0	0	0
98	0	0	779	723	800	616	0	0	0	0
99	0	0	778	723	799	603	0	0	0	0
100	0	0	778	723	799	597	0	0	0	0
101	0	0	779	723	800	579	0	0	0	0
102	0	0	778	724	800	555	0	0	0	0
103	0	0	776	723	800	556	0	0	0	0
104	0	0	775	723	799	560	0	0	0	0
105	0	0	776	722	799	559	0	0	0	0
106	0	0	775	722	798	557	0	0	0	0
107	0	0	774	721	797	556	0	0	0	0
108	0	0	775	721	797	554	0	0	0	0
109	0	0	777	721	797	556	0	0	0	0
110	0	0	775	720	796	555	0	0	0	0
111	0	0	777	719	797	560	0	0	0	0
112	0	0	777	717	794	563	0	0	0	0
113	0	0	778	716	795	562	0	0	0	0
114	0	0	778	715	795	562	0	0	0	0
115	0	0	778	714	795	565	0	0	0	0
116	0	0	777	713	794	566	0	0	0	0
117	0	0	778	713	795	559	0	0	0	0
118	0	0	779	713	795	555	0	0	0	0
119	0	0	779	710	794	573	0	0	0	0
120	0	0	780	710	795	564	0	0	0	0
121	0	0	780	709	795	565	0	0	0	0
122	0	0	781	709	795	559	0	0	0	0
123	0	0	781	709	796	558	0	0	0	0
124	0	0	781	708	796	561	0	0	0	0
125	0	0	782	706	797	571	0	0	0	0
126	0	0	783	705	798	556	0	0	0	0
127	0	0	783	704	798	553	0	0	0	0
0	0	0	784	703	799	562	0	0	0	0
1	0	0	785	703	799	569	0	0	0	0
2	0	0	786	701	799	570	0	0	0	0
3	0	0	787	701	801	574	0	0	0	0
4	0	0	787	700	801	580	0	0	0	0
5	0	0	789	699	802	581	0	0	0	0
6	0	0	790	698	802	575	0	0	0	0
7	0	0	789	697	803	569	0	0	0	0
8	0	0	790	697	802	569	0	0	0	0
9	0	0	790	695	804	569	0	0	0	0
10	0	0	791	695	805	570	0	0	0	0
11	0	0	791	694	805	567	0	0	0	0
12	0	0	791	692	806	561	0	0	0	0
13	0	0	791	691	808	561	0	0	0	0
14	0	0	792	689	808	562	0	0	0	0
15	0	0	792	689	809	561	0	0	0	0
16	0	0	791	688	808	558	0	0	0	0
17	0	0	792	688	809	559	0	0	0	0
18	0	0	792	686	811	554	0	0	0	0
19	0	0	791	683	811	555	0	0	0	0
20	0	0	790	681	812	555	0	0	0	0
21	0	0	790	681	812	565	0	0	0	0
22	0	0	789	679	813	562	0	0	0	0
