# bioPlux Text File Format
# Version: 1
# StartDateTime: 2012-03-21 16:17:02
# SamplingFrequency: 1000
# SampledChannels: 1 2 3 4 5 6 7 8
# SamplingResolution: 12
# AcquiringDevice: 00:07:80:93:66:BE
# EndOfHeader
0	0	0	778	638	816	1142	0	0	0	0
1	0	0	778	639	816	1144	0	0	0	0
2	0	0	778	639	815	1143	0	0	0	0
3	0	0	777	640	815	1144	0	0	0	0
4	0	0	779	640	815	1143	0	0	0	0
5	0	0	778	640	816	1144	0	0	0	0
6	0	0	777	640	816	1142	0	0	0	0
7	0	0	776	640	816	1146	0	0	0	0
8	0	0	776	640	816	1147	0	0	0	0
9	0	0	777	641	816	1144	0	0	0	0
10	0	0	777	641	816	1141	0	0	0	0
11	0	0	778	642	816	1140	0	0	0	0
12	0	0	777	641	816	1139	0	0	0	0
13	0	0	776	642	816	1137	0	0	0	0
14	0	0	776	642	816	1134	0	0	0	0
15	0	0	776	642	816	1135	0	0	0	0
16	0	0	776	643	817	1138	0	0	0	0
17	0	0	777	643	816	1138	0	0	0	0
18	0	0	777	643	817	1138	0	0	0	0
19	0	0	777	642	816	1131	0	0	0	0
20	0	0	777	642	815	1133	0	0	0	0
21	0	0	776	643	817	1135	0	0	0	0
22	0	0	776	643	816	1133	0	0	0	0
23	0	0	776	643	816	1131	0	0	0	0
24	0	0	776	644	816	1135	0	0	0	0
25	0	0	777	644	816	1133	0	0	0	0
26	0	0	777	644	817	1136	0	0	0	0
27	0	0	778	644	816	1140	0	0	0	0
28	0	0	778	644	817	1140	0	0	0	0
29	0	0	778	644	816	1137	0	0	0	0
30	0	0	779	644	816	1134	0	0	0	0
31	0	0	778	642	815	1138	0	0	0	0
32	0	0	777	643	816	1135	0	0	0	0
33	0	0	778	645	815	1132	0	0	0	0
34	0	0	777	645	817	1130	0	0	0	0
35	0	0	776	645	817	1132	0	0	0	0
36	0	0	778	645	818	1128	0	0	0	0
37	0	0	777	645	818	1129	0	0	0	0
38	0	0	777	644	818	1129	0	0	0	0
39	0	0	777	645	818	1130	0	0	0	0
40	0	0	776	645	818	1131	0	0	0	0
41	0	0	777	645	818	1130	0	0	0	0
42	0	0	777	646	818	1130	0	0	0	0
43	0	0	777	645	818	1131	0	0	0	0
44	0	0	778	645	819	1132	0	0	0	0
45	0	0	777	645	819	1131	0	0	0	0
46	0	0	777	645	820	1132	0	0	0	0
47	0	0	776	643	820	1135	0	0	0	0
48	0	0	778	644	819	1133	0	0	0	0
49	0	0	776	644	819	1131	0	0	0	0
50	0	0	777	644	820	1136	0	0	0	0
51	0	0	777	643	820	1136	0	0	0	0
52	0	0	778	644	821	1133	0	0	0	0
53	0	0	777	643	820	1131	0	0	0	0
54	0	0	776	643	820	1130	0	0	0	0
55	0	0	776	644	820	1128	0	0	0	0
56	0	0	775	643	820	1128	0	0	0	0
57	0	0	776	643	820	1121	0	0	0	0
58	0	0	776	644	821	1119	0	0	0	0
59	0	0	776	643	820	1119	0	0	0	0
60	0	0	776	642	821	1118	0	0	0	0
61	0	0	776	643	821	1119	0	0	0	0
62	0	0	776	642	821	1119	0	0	0	0
63	0	0	776	643	821	1119	0	0	0	0
64	0	0	777	642	821	1119	0	0	0	0
65	0	0	775	643	821	1120	0	0	0	0
66	0	0	775	644	821	1119	0	0	0	0
67	0	0	775	642	821	1117	0	0	0	0
68	0	0	774	642	821	1117	0	0	0	0
69	0	0	773	642	821	1113	0	0	0	0
70	0	0	775	643	822	1111	0	0	0	0
71	0	0	775	642	822	1109	0	0	0	0
72	0	0	776	643	821	1109	0	0	0	0
73	0	0	775	643	821	1107	0	0	0	0
74	0	0	774	642	821	1108	0	0	0	0
75	0	0	774	643	821	1107	0	0	0	0
76	0	0	774	643	821	1109	0	0	0	0
77	0	0	774	643	821	1109	0	0	0	0
78	0	0	773	643	820	1107	0	0	0	0
79	0	0	772	644	820	1107	0	0	0	0
80	0	0	773	644	820	1106	0	0	0	0
81	0	0	773	644	820	1102	0	0	0	0
82	0	0	773	645	820	1100	0	0	0	0
83	0	0	774	645	821	1102	0	0	0	0
84	0	0	774	645	820	1103	0	0	0	0
85	0	0	773	646	819	1098	0	0	0	0
86	0	0	773	647	819	1092	0	0	0	0
87	0	0	773	647	819	1092	0	0	0	0
88	0	0	772	647	820	1095	0	0	0	0
89	0	0	773	648	819	1087	0	0	0	0
90	0	0	772	649	819	1083	0	0	0	0
91	0	0	771	649	818	1080	0	0	0	0
92	0	0	771	650	819	1082	0	0	0	0
93	0	0	771	650	818	1077	0	0	0	0
94	0	0	772	651	819	1072	0	0	0	0
95	0	0	771	651	820	1067	0	0	0	0
96	0	0	771	651	820	1068	0	0	0	0
97	0	0	772	652	818	1066	0	0	0	0
98	0	0	771	652	818	1057	0	0	0	0
99	0	0	771	653	819	1051	0	0	0	0
100	0	0	771	654	818	1060	0	0	0	0
101	0	0	770	654	818	1051	0	0	0	0
102	0	0	771	654	818	1041	0	0	0	0
103	0	0	772	653	819	1039	0	0	0	0
104	0	0	769	656	818	1042	0	0	0	0
105	0	0	769	656	818	1034	0	0	0	0
106	0	0	768	657	818	1042	0	0	0	0
107	0	0	767	659	818	1043	0	0	0	0
108	0	0	767	659	818	1041	0	0	0	0
109	0	0	768	659	818	1038	0	0	0	0
110	0	0	768	660	818	1033	0	0	0	0
111	0	0	768	660	819	1029	0	0	0	0
112	0	0	768	661	817	1029	0	0	0	0
113	0	0	769	661	818	1027	0	0	0	0
114	0	0	768	661	818	1026	0	0	0	0
115	0	0	769	662	819	1023	0	0	0	0
116	0	0	768	663	819	1025	0	0	0	0
117	0	0	767	663	818	1023	0	0	0	0
118	0	0	767	663	818	1020	0	0	0	0
119	0	0	766	664	818	1018	0	0	0	0
120	0	0	766	665	817	1019	0	0	0	0
121	0	0	766	666	817	1017	0	0	0	0
122	0	0	766	667	817	1018	0	0	0	0
123	0	0	765	667	816	1022	0	0	0	0
124	0	0	765	667	816	1021	0	0	0	0
125	0	0	764	668	816	1022	0	0	0	0
126	0	0	765	669	816	1016	0	0	0	0
127	0	0	764	669	816	1017	0	0	0	0
0	0	0	764	670	816	1012	0	0	0	0
1	0	0	763	671	815	1008	0	0	0	0
2	0	0	763	672	815	1004	0	0	0	0
3	0	0	762	674	816	1001	0	0	0	0
4	0	0	761	673	816	998	0	0	0	0
5	0	0	763	674	816	994	0	0	0	0
6	0	0	761	675	816	988	0	0	0	0
7	0	0	761	677	816	984	0	0	0	0
8	0	0	762	678	816	987	0	0	0	0
9	0	0	761	677	817	992	0	0	0	0
10	0	0	760	677	816	991	0	0	0	0
11	0	0	760	678	817	993	0	0	0	0
12	0	0	761	679	816	995	0	0	0	0
13	0	0	760	680	817	994	0	0	0	0
14	0	0	760	680	817	995	0	0	0	0
15	0	0	760	680	817	996	0	0	0	0
16	0	0	760	680	817	996	0	0	0	0
17	0	0	760	681	817	997	0	0	0	0
18	0	0	759	681	818	991	0	0	0	0
19	0	0	760	681	817	991	0	0	0	0
20	0	0	761	682	817	991	0	0	0	0
21	0	0	760	683	817	989	0	0	0	0
22	0	0	760	683	817	985	0	0	0	0
23	0	0	760	683	819	983	0	0	0	0
24	0	0	759	684	818	982	0	0	0	0
25	0	0	760	685	818	987	0	0	0	0
26	0	0	759	686	818	987	0	0	0	0
27	0	0	758	686	819	985	0	0	0	0
28	0	0	759	685	820	986	0	0	0	0
29	0	0	760	686	820	986	0	0	0	0
30	0	0	758	687	820	988	0	0	0	0
31	0	0	758	688	820	985	0	0	0	0
32	0	0	759	688	821	987	0	0	0	0
33	0	0	759	688	822	985	0	0	0	0
34	0	0	760	688	822	986	0	0	0	0
35	0	0	760	689	821	987	0	0	0	0
36	0	0	761	690	821	985	0	0	0	0
37	0	0	761	690	820	980	0	0	0	0
38	0	0	762	691	819	980	0	0	0	0
39	0	0	762	691	819	983	0	0	0	0
40	0	0	763	692	819	984	0	0	0	0
41	0	0	765	692	818	984	0	0	0	0
42	0	0	766	693	817	987	0	0	0	0
43	0	0	766	694	817	987	0	0	0	0
44	0	0	765	695	817	989	0	0	0	0
45	0	0	766	696	816	987	0	0	0	0
46	0	0	768	697	816	989	0	0	0	0
47	0	0	767	698	816	990	0	0	0	0
48	0	0	767	699	818	992	0	0	0	0
49	0	0	767	699	816	997	0	0	0	0
50	0	0	767	700	815	1008	0	0	0	0
51	0	0	767	701	815	1015	0	0	0	0
52	0	0	769	701	815	1021	0	0	0	0
53	0	0	768	702	815	1028	0	0	0	0
54	0	0	768	702	815	1034	0	0	0	0
55	0	0	769	702	814	1041	0	0	0	0
56	0	0	769	704	814	1042	0	0	0	0
57	0	0	770	705	813	1045	0	0	0	0
58	0	0	770	705	813	1046	0	0	0	0
59	0	0	770	705	813	1048	0	0	0	0
60	0	0	768	704	814	1049	0	0	0	0
61	0	0	768	704	817	1055	0	0	0	0
62	0	0	772	704	814	1056	0	0	0	0
63	0	0	775	704	813	1055	0	0	0	0
64	0	0	775	704	811	1060	0	0	0	0
65	0	0	775	704	811	1066	0	0	0	0
66	0	0	775	704	811	1075	0	0	0	0
67	0	0	775	705	810	1076	0	0	0	0
68	0	0	776	706	811	1074	0	0	0	0
69	0	0	778	706	810	1073	0	0	0	0
70	0	0	777	706	810	1073	0	0	0	0
71	0	0	777	705	809	1078	0	0	0	0
72	0	0	778	704	809	1084	0	0	0	0
73	0	0	778	704	808	1085	0	0	0	0
74	0	0	780	703	808	1087	0	0	0	0
75	0	0	780	705	808	1089	0	0	0	0
76	0	0	781	704	807	1089	0	0	0	0
77	0	0	780	706	807	1089	0	0	0	0
78	0	0	781	705	807	1086	0	0	0	0
79	0	0	782	705	806	1091	0	0	0	0
80	0	0	782	704	805	1089	0	0	0	0
81	0	0	782	704	806	1089	0	0	0	0
82	0	0	782	704	805	1088	0	0	0	0
83	0	0	784	704	806	1090	0	0	0	0
84	0	0	783	704	805	1089	0	0	0	0
85	0	0	784	704	805	1086	0	0	0	0
86	0	0	784	704	804	1087	0	0	0	0
87	0	0	784	703	805	1085	0	0	0	0
88	0	0	785	703	806	1088	0	0	0	0
89	0	0	786	704	805	1089	0	0	0	0
90	0	0	786	702	804	1095	0	0	0	0
91	0	0	785	703	804	1095	0	0	0	0
92	0	0	784	704	804	1088	0	0	0	0
93	0	0	784	704	805	1089	0	0	0	0
94	0	0	784	704	804	1086	0	0	0	0
95	0	0	784	702	805	1089	0	0	0	0
96	0	0	783	703	804	1091	0	0	0	0
97	0	0	782	702	804	1091	0	0	0	0
98	0	0	782	702	804	1091	0	0	0	0
99	0	0	782	702	804	1098	0	0	0	0
100	0	0	782	703	804	1100	0	0	0	0
101	0	0	783	701	804	1101	0	0	0	0
102	0	0	783	701	803	1097	0	0	0	0
103	0	0	784	701	804	1099	0	0	0	0
104	0	0	783	701	804	1106	0	0	0	0
105	0	0	782	701	804	1120	0	0	0	0
106	0	0	783	701	804	1125	0	0	0	0
107	0	0	783	700	804	1125	0	0	0	0
108	0	0	783	699	804	1123	0	0	0	0
109	0	0	782	699	804	1121	0	0	0	0
110	0	0	782	699	803	1125	0	0	0	0
111	0	0	781	697	803	1128	0	0	0	0
112	0	0	780	696	803	1130	0	0	0	0
113	0	0	782	696	801	1131	0	0	0	0
114	0	0	781	695	802	1130	0	0	0	0
115	0	0	782	695	803	1132	0	0	0	0
116	0	0	783	692	802	1145	0	0	0	0
117	0	0	782	693	802	1148	0	0	0	0
118	0	0	782	692	801	1153	0	0	0	0
119	0	0	783	691	801	1150	0	0	0	0
120	0	0	783	690	800	1155	0	0	0	0
121	0	0	783	690	800	1160	0	0	0	0
122	0	0	780	688	800	1155	0	0	0	0
123	0	0	783	689	800	1161	0	0	0	0
124	0	0	783	688	798	1160	0	0	0	0
125	0	0	783	687	798	1149	0	0	0	0
126	0	0	782	687	797	1146	0	0	0	0
127	0	0	784	687	796	1147	0	0	0	0
0	0	0	783	687	796	1145	0	0	0	0
1	0	0	782	687	796	1145	0	0	0	0
2	0	0	782	686	794	1144	0	0	0	0
3	0	0	782	685	794	1143	0	0	0	0
4	0	0	781	684	793	1145	0	0	0	0
5	0	0	782	684	791	1143	0	0	0	0
6	0	0	782	683	791	1140	0	0	0	0
7	0	0	781	682	789	1144	0	0	0	0
8	0	0	780	682	789	1143	0	0	0	0
9	0	0	780	680	789	1141	0	0	0	0
10	0	0	781	679	787	1141	0	0	0	0
11	0	0	780	678	786	1139	0	0	0	0
12	0	0	781	678	787	1138	0	0	0	0
13	0	0	780	676	786	1135	0	0	0	0
14	0	0	781	674	786	1130	0	0	0	0
15	0	0	781	674	785	1124	0	0	0	0
16	0	0	781	673	784	1108	0	0	0	0
17	0	0	781	672	783	1099	0	0	0	0
18	0	0	782	672	782	1093	0	0	0	0
19	0	0	780	672	781	1092	0	0	0	0
20	0	0	782	671	781	1090	0	0	0	0
21	0	0	782	670	781	1089	0	0	0	0
22	0	0	781	669	781	1089	0	0	0	0
23	0	0	782	669	780	1089	0	0	0	0
24	0	0	785	668	779	1092	0	0	0	0
25	0	0	783	667	780	1093	0	0	0	0
26	0	0	783	667	780	1092	0	0	0	0
27	0	0	783	667	780	1094	0	0	0	0
28	0	0	783	667	778	1096	0	0	0	0
29	0	0	782	667	778	1096	0	0	0	0
30	0	0	782	668	778	1094	0	0	0	0
31	0	0	782	668	778	1095	0	0	0	0
32	0	0	783	668	778	1094	0	0	0	0
33	0	0	783	668	779	1096	0	0	0	0
34	0	0	782	669	777	1095	0	0	0	0
35	0	0	782	669	778	1095	0	0	0	0
36	0	0	782	670	778	1095	0	0	0	0
37	0	0	782	671	779	1094	0	0	0	0
38	0	0	783	673	779	1098	0	0	0	0
39	0	0	782	673	778	1093	0	0	0	0
40	0	0	782	675	779	1101	0	0	0	0
41	0	0	782	675	780	1119	0	0	0	0
42	0	0	782	675	779	1114	0	0	0	0
43	0	0	781	676	779	1113	0	0	0	0
44	0	0	781	675	781	1121	0	0	0	0
45	0	0	782	676	781	1122	0	0	0	0
46	0	0	781	677	782	1127	0	0	0	0
47	0	0	780	678	782	1123	0	0	0	0
48	0	0	780	680	783	1125	0	0	0	0
49	0	0	780	681	784	1127	0	0	0	0
50	0	0	779	681	785	1133	0	0	0	0
51	0	0	779	681	785	1143	0	0	0	0
52	0	0	779	681	786	1152	0	0	0	0
53	0	0	779	680	786	1154	0	0	0	0
54	0	0	779	682	788	1159	0	0	0	0
55	0	0	780	683	789	1167	0	0	0	0
56	0	0	780	683	791	1173	0	0	0	0
57	0	0	781	683	791	1178	0	0	0	0
58	0	0	779	680	792	1181	0	0	0	0
59	0	0	778	684	793	1187	0	0	0	0
60	0	0	778	685	794	1188	0	0	0	0
61	0	0	778	685	793	1194	0	0	0	0
62	0	0	779	686	795	1200	0	0	0	0
63	0	0	778	684	797	1212	0	0	0	0
64	0	0	778	685	797	1216	0	0	0	0
65	0	0	778	685	800	1219	0	0	0	0
66	0	0	778	685	801	1227	0	0	0	0
67	0	0	779	685	802	1231	0	0	0	0
68	0	0	777	686	804	1230	0	0	0	0
69	0	0	776	685	806	1241	0	0	0	0
70	0	0	776	686	807	1248	0	0	0	0
71	0	0	778	687	809	1254	0	0	0	0
72	0	0	777	687	809	1262	0	0	0	0
73	0	0	777	687	810	1267	0	0	0	0
74	0	0	776	687	811	1267	0	0	0	0
75	0	0	776	687	813	1273	0	0	0	0
76	0	0	776	687	813	1273	0	0	0	0
77	0	0	776	687	815	1282	0	0	0	0
78	0	0	774	688	815	1291	0	0	0	0
79	0	0	775	689	818	1304	0	0	0	0
80	0	0	776	687	818	1328	0	0	0	0
81	0	0	774	689	821	1328	0	0	0	0
82	0	0	775	688	820	1340	0	0	0	0
83	0	0	774	689	821	1353	0	0	0	0
84	0	0	776	688	822	1360	0	0	0	0
85	0	0	776	689	824	1362	0	0	0	0
86	0	0	776	687	824	1366	0	0	0	0
87	0	0	775	689	825	1379	0	0	0	0
88	0	0	774	689	825	1376	0	0	0	0
89	0	0	775	687	827	1378	0	0	0	0
90	0	0	775	688	828	1383	0	0	0	0
91	0	0	775	688	829	1393	0	0	0	0
92	0	0	774	688	829	1394	0	0	0	0
93	0	0	776	688	829	1393	0	0	0	0
94	0	0	776	688	830	1391	0	0	0	0
95	0	0	776	688	831	1398	0	0	0	0
96	0	0	778	687	832	1397	0	0	0	0
97	0	0	778	687	831	1410	0	0	0	0
98	0	0	777	687	832	1416	0	0	0	0
99	0	0	777	687	832	1421	0	0	0	0
100	0	0	775	687	834	1430	0	0	0	0
101	0	0	774	687	831	1437	0	0	0	0
102	0	0	774	686	831	1444	0	0	0	0
103	0	0	773	687	832	1458	0	0	0	0
104	0	0	775	684	832	1469	0	0	0	0
105	0	0	774	685	832	1477	0	0	0	0
106	0	0	773	684	833	1476	0	0	0	0
107	0	0	773	681	833	1485	0	0	0	0
108	0	0	774	679	833	1499	0	0	0	0
109	0	0	775	679	833	1511	0	0	0	0
110	0	0	775	677	832	1517	0	0	0	0
111	0	0	773	676	833	1519	0	0	0	0
112	0	0	776	675	834	1519	0	0	0	0
113	0	0	776	673	834	1520	0	0	0	0
114	0	0	776	672	834	1522	0	0	0	0
115	0	0	775	671	835	1523	0	0	0	0
116	0	0	776	669	836	1520	0	0	0	0
117	0	0	775	668	836	1538	0	0	0	0
118	0	0	774	666	837	1552	0	0	0	0
119	0	0	772	665	838	1562	0	0	0	0
120	0	0	772	663	838	1574	0	0	0	0
121	0	0	773	661	839	1586	0	0	0	0
122	0	0	772	660	839	1602	0	0	0	0
123	0	0	770	658	840	1612	0	0	0	0
124	0	0	769	658	842	1626	0	0	0	0
125	0	0	767	657	843	1632	0	0	0	0
126	0	0	767	654	844	1639	0	0	0	0
127	0	0	767	653	843	1655	0	0	0	0
0	0	0	766	652	843	1673	0	0	0	0
1	0	0	765	652	845	1670	0	0	0	0
2	0	0	763	650	843	1675	0	0	0	0
3	0	0	762	647	844	1683	0	0	0	0
4	0	0	762	644	845	1690	0	0	0	0
5	0	0	762	641	845	1694	0	0	0	0
6	0	0	761	640	846	1698	0	0	0	0
7	0	0	761	638	847	1705	0	0	0	0
8	0	0	761	637	847	1714	0	0	0	0
9	0	0	760	635	847	1710	0	0	0	0
10	0	0	761	635	846	1711	0	0	0	0
11	0	0	761	632	847	1723	0	0	0	0
12	0	0	759	629	846	1730	0	0	0	0
13	0	0	761	627	846	1735	0	0	0	0
14	0	0	761	626	846	1746	0	0	0	0
15	0	0	761	624	845	1752	0	0	0	0
16	0	0	763	623	845	1755	0	0	0	0
17	0	0	763	622	845	1757	0	0	1	0
18	0	0	764	621	844	1756	0	0	0	0
19	0	0	764	619	844	1759	0	0	0	0
20	0	0	764	618	844	1772	0	0	0	0
21	0	0	764	617	842	1779	0	0	0	0
22	0	0	764	616	842	1785	0	0	0	0
23	0	0	764	615	843	1799	0	0	0	0
24	0	0	763	614	842	1806	0	0	0	0
25	0	0	763	614	841	1800	0	0	0	0
26	0	0	763	614	841	1785	0	0	0	0
27	0	0	762	613	841	1787	0	0	0	0
28	0	0	761	612	840	1789	0	0	0	0
29	0	0	762	611	841	1797	0	0	0	0
30	0	0	761	610	841	1807	0	0	0	0
31	0	0	761	609	841	1816	0	0	0	0
32	0	0	761	609	841	1819	0	0	0	0
33	0	0	760	609	842	1831	0	0	0	0
34	0	0	761	609	841	1842	0	0	0	0
35	0	0	760	609	841	1843	0	0	0	0
36	0	0	760	610	842	1845	0	0	0	0
37	0	0	759	611	842	1844	0	0	0	0
38	0	0	761	609	844	1854	0	0	0	0
39	0	0	763	610	844	1861	0	0	0	0
40	0	0	765	608	846	1862	0	0	0	0
41	0	0	767	606	847	1878	0	0	0	0
42	0	0	768	605	846	1889	0	0	0	0
43	0	0	767	604	844	1894	0	0	0	0
44	0	0	768	604	844	1899	0	0	0	0
45	0	0	766	603	843	1902	0	0	0	0
46	0	0	764	604	842	1903	0	0	0	0
47	0	0	760	604	842	1909	0	0	0	0
48	0	0	759	605	842	1915	0	0	0	0
49	0	0	756	605	841	1908	0	0	0	0
50	0	0	757	605	840	1908	0	0	0	0
51	0	0	758	609	840	1909	0	0	0	0
52	0	0	757	611	839	1914	0	0	0	0
53	0	0	756	613	839	1927	0	0	0	0
54	0	0	756	613	839	1936	0	0	0	0
55	0	0	756	614	840	1946	0	0	0	0
56	0	0	755	615	839	1952	0	0	0	0
57	0	0	755	616	841	1956	0	0	0	0
58	0	0	755	617	841	1963	0	0	0	0
59	0	0	754	618	843	1971	0	0	0	0
60	0	0	753	619	842	1972	0	0	0	0
61	0	0	754	619	842	1972	0	0	0	0
62	0	0	754	619	843	1980	0	0	0	0
63	0	0	754	618	844	1982	0	0	0	0
64	0	0	753	618	845	1989	0	0	0	0
65	0	0	753	619	845	1992	0	0	0	0
66	0	0	751	620	845	1993	0	0	0	0
67	0	0	752	622	844	1998	0	0	0	0
68	0	0	751	622	844	2003	0	0	0	0
69	0	0	750	623	845	2011	0	0	0	0
70	0	0	749	623	846	2014	0	0	0	0
71	0	0	749	623	847	2015	0	0	0	0
72	0	0	745	623	846	2022	0	0	0	0
73	0	0	746	622	846	2023	0	0	0	0
74	0	0	746	622	846	2027	0	0	0	0
75	0	0	744	620	847	2026	0	0	0	0
76	0	0	745	621	847	2034	0	0	0	0
77	0	0	744	621	847	2040	0	0	0	0
78	0	0	744	620	847	2040	0	0	0	0
79	0	0	744	619	848	2042	0	0	0	0
80	0	0	743	617	847	2047	0	0	0	0
81	0	0	742	617	848	2051	0	0	0	0
82	0	0	743	617	847	2061	0	0	0	0
83	0	0	743	615	847	2070	0	0	0	0
84	0	0	741	613	848	2073	0	0	0	0
85	0	0	740	612	849	2074	0	0	0	0
86	0	0	741	611	849	2074	0	0	0	0
87	0	0	741	610	849	2077	0	0	0	0
88	0	0	741	608	849	2080	0	0	0	0
89	0	0	740	605	851	2082	0	0	0	0
90	0	0	738	603	851	2090	0	0	0	0
91	0	0	736	602	851	2091	0	0	0	0
92	0	0	737	600	853	2094	0	0	0	0
93	0	0	734	599	852	2099	0	0	0	0
94	0	0	734	597	851	2105	0	0	0	0
95	0	0	734	596	852	2110	0	0	0	0
96	0	0	733	594	852	2114	0	0	0	0
97	0	0	730	594	852	2116	0	0	0	0
98	0	0	730	592	851	2117	0	0	0	0
99	0	0	729	590	853	2117	0	0	0	0
100	0	0	729	588	854	2118	0	0	0	0
101	0	0	729	587	855	2117	0	0	0	0
102	0	0	728	584	855	2113	0	0	0	0
103	0	0	728	581	856	2118	0	0	0	0
104	0	0	727	580	857	2119	0	0	0	0
105	0	0	723	577	857	2118	0	0	0	0
106	0	0	723	575	857	2118	0	0	0	0
107	0	0	720	573	859	2116	0	0	0	0
108	0	0	721	571	860	2115	0	0	0	0
109	0	0	718	569	860	2115	0	0	0	0
110	0	0	717	567	862	2117	0	0	0	0
111	0	0	718	565	862	2125	0	0	0	0
112	0	0	716	563	863	2124	0	0	0	0
113	0	0	716	562	863	2129	0	0	0	0
114	0	0	716	560	862	2132	0	0	0	0
115	0	0	717	560	861	2137	0	0	0	0
116	0	0	718	559	862	2146	0	0	0	0
117	0	0	719	557	861	2149	0	0	0	0
118	0	0	722	557	861	2152	0	0	0	0
119	0	0	722	557	858	2153	0	0	0	0
120	0	0	723	556	858	2150	0	0	0	0
121	0	0	723	556	857	2149	0	0	0	0
122	0	0	725	556	857	2149	0	0	0	0
123	0	0	725	555	855	2150	0	0	0	0
124	0	0	725	555	853	2150	0	0	0	0
125	0	0	725	555	854	2149	0	0	0	0
126	0	0	727	555	852	2148	0	0	0	0
127	0	0	727	555	851	2145	0	0	0	0
0	0	0	732	554	850	2145	0	0	0	0
1	0	0	734	553	848	2145	0	0	0	0
2	0	0	736	554	847	2145	0	0	0	0
3	0	0	739	553	846	2151	0	0	0	0
4	0	0	741	553	846	2160	0	0	0	0
5	0	0	742	553	847	2164	0	0	0	0
6	0	0	743	553	846	2162	0	0	0	0
7	0	0	745	553	845	2165	0	0	0	0
8	0	0	746	554	846	2165	0	0	0	0
9	0	0	748	555	845	2162	0	0	0	0
10	0	0	750	556	843	2167	0	0	0	0
11	0	0	749	558	842	2166	0	0	0	0
12	0	0	749	559	843	2170	0	0	0	0
13	0	0	750	560	842	2175	0	0	0	0
14	0	0	749	560	842	2180	0	0	0	0
15	0	0	749	561	840	2183	0	0	0	0
16	0	0	750	562	842	2186	0	0	0	0
17	0	0	748	563	843	2190	0	0	0	0
18	0	0	748	563	843	2190	0	0	0	0
19	0	0	748	563	843	2193	0	0	0	0
20	0	0	747	563	844	2193	0	0	0	0
21	0	0	746	563	844	2189	0	0	0	0
22	0	0	746	563	844	2191	0	0	0	0
23	0	0	746	563	845	2193	0	0	0	0
24	0	0	746	561	845	2191	0	0	0	0
25	0	0	747	559	843	2194	0	0	0	0
26	0	0	747	559	846	2199	0	0	0	0
27	0	0	749	558	846	2201	0	0	0	0
28	0	0	749	555	846	2204	0	0	0	0
29	0	0	748	554	847	2207	0	0	0	0
30	0	0	747	552	846	2210	0	0	0	0
31	0	0	747	551	847	2217	0	0	0	0
32	0	0	748	548	849	2220	0	0	0	0
33	0	0	748	546	849	2225	0	0	0	0
34	0	0	747	544	849	2226	0	0	0	0
35	0	0	746	542	849	2226	0	0	0	0
36	0	0	746	540	850	2227	0	0	0	0
37	0	0	746	538	850	2230	0	0	0	0
38	0	0	745	537	851	2233	0	0	0	0
39	0	0	744	536	852	2235	0	0	0	0
40	0	0	744	533	852	2237	0	0	0	0
41	0	0	743	532	853	2236	0	0	0	0
42	0	0	742	531	854	2240	0	0	0	0
43	0	0	742	528	854	2238	0	0	0	0
44	0	0	740	527	854	2240	0	0	0	0
45	0	0	740	525	854	2241	0	0	0	0
46	0	0	739	524	854	2239	0	0	0	0
47	0	0	737	522	855	2243	0	0	0	0
48	0	0	737	521	854	2248	0	0	0	0
49	0	0	737	520	854	2252	0	0	0	0
50	0	0	737	518	853	2255	0	0	0	0
51	0	0	737	517	852	2259	0	0	0	0
52	0	0	737	515	851	2264	0	0	0	0
53	0	0	739	515	850	2270	0	0	0	0
54	0	0	739	516	849	2276	0	0	0	0
55	0	0	740	515	847	2286	0	0	0	0
56	0	0	741	516	846	2290	0	0	0	0
57	0	0	741	516	844	2295	0	0	0	0
58	0	0	741	515	844	2297	0	0	0	0
59	0	0	742	516	843	2307	0	0	0	0
60	0	0	743	516	842	2311	0	0	0	0
61	0	0	744	516	841	2313	0	0	0	0
62	0	0	746	516	840	2315	0	0	0	0
63	0	0	747	516	839	2318	0	0	0	0
64	0	0	748	515	838	2321	0	0	0	0
65	0	0	749	516	838	2324	0	0	0	0
66	0	0	749	516	838	2326	0	0	0	0
67	0	0	748	516	837	2330	0	0	0	0
68	0	0	749	516	839	2331	0	0	0	0
69	0	0	747	516	839	2330	0	0	0	0
70	0	0	748	516	840	2332	0	0	0	0
71	0	0	746	516	841	2336	0	0	0	0
72	0	0	747	516	841	2335	0	0	0	0
73	0	0	747	517	842	2338	0	0	0	0
74	0	0	745	516	843	2340	0	0	0	0
75	0	0	743	517	843	2344	0	0	0	0
76	0	0	742	518	844	2346	0	0	0	0
77	0	0	742	519	845	2349	0	0	0	0
78	0	0	742	519	847	2350	0	0	0	0
79	0	0	741	520	847	2351	0	0	0	0
80	0	0	740	520	849	2358	0	0	0	0
81	0	0	739	520	849	2362	0	0	0	0
82	0	0	739	520	850	2364	0	0	0	0
83	0	0	738	517	852	2364	0	0	0	0
84	0	0	739	519	853	2368	0	0	0	0
85	0	0	738	519	853	2370	0	0	0	0
86	0	0	738	519	855	2374	0	0	0	0
87	0	0	738	520	855	2380	0	0	0	0
88	0	0	737	519	857	2383	0	0	0	0
89	0	0	737	518	858	2387	0	0	0	0
90	0	0	736	518	858	2388	0	0	0	0
91	0	0	736	517	860	2392	0	0	0	0
92	0	0	735	516	862	2393	0	0	0	0
93	0	0	735	515	863	2393	0	0	0	0
94	0	0	735	514	865	2398	0	0	0	0
95	0	0	734	513	866	2401	0	0	0	0
96	0	0	734	512	867	2404	0	0	0	0
97	0	0	733	510	868	2411	0	0	0	0
98	0	0	733	509	870	2417	0	0	0	0
99	0	0	731	508	873	2420	0	0	0	0
100	0	0	731	507	873	2428	0	0	0	0
101	0	0	731	507	875	2434	0	0	0	0
102	0	0	732	506	876	2436	0	0	0	0
103	0	0	730	506	878	2439	0	0	0	0
104	0	0	730	507	879	2440	0	0	0	0
105	0	0	730	504	879	2443	0	0	0	0
106	0	0	728	503	880	2442	0	0	0	0
107	0	0	728	502	882	2441	0	0	0	0
108	0	0	728	501	883	2444	0	0	0	0
109	0	0	727	500	885	2443	0	0	0	0
110	0	0	726	499	886	2444	0	0	0	0
111	0	0	726	498	888	2448	0	0	0	0
112	0	0	726	498	889	2447	0	0	0	0
113	0	0	727	498	890	2447	0	0	0	0
114	0	0	725	497	892	2451	0	0	0	0
115	0	0	726	497	894	2457	0	0	0	0
116	0	0	726	498	895	2455	0	0	0	0
117	0	0	726	498	895	2456	0	0	0	0
118	0	0	725	498	897	2458	0	0	0	0
119	0	0	725	499	896	2459	0	0	0	0
120	0	0	726	499	898	2463	0	0	0	0
121	0	0	726	498	898	2466	0	0	0	0
122	0	0	726	498	898	2469	0	0	0	0
123	0	0	726	498	900	2473	0	0	0	0
124	0	0	728	497	899	2474	0	0	0	0
125	0	0	728	498	900	2477	0	0	0	0
126	0	0	728	498	899	2478	0	0	0	0
127	0	0	730	497	899	2480	0	0	0	0
0	0	0	731	498	901	2478	0	0	0	0
1	0	0	730	497	901	2480	0	0	0	0
2	0	0	732	497	902	2482	0	0	0	0
3	0	0	732	497	903	2483	0	0	0	0
4	0	0	734	497	902	2480	0	0	0	0
5	0	0	736	497	903	2481	0	0	0	0
6	0	0	736	497	903	2483	0	0	0	0
7	0	0	736	496	903	2485	0	0	0	0
8	0	0	735	496	903	2484	0	0	0	0
9	0	0	736	498	903	2485	0	0	0	0
10	0	0	736	495	903	2486	0	0	0	0
11	0	0	735	497	902	2488	0	0	0	0
12	0	0	735	496	904	2491	0	0	0	0
13	0	0	735	496	905	2493	0	0	0	0
14	0	0	737	495	905	2496	0	0	0	0
15	0	0	738	496	905	2498	0	0	0	0
16	0	0	735	497	906	2498	0	0	0	0
17	0	0	737	497	908	2500	0	0	0	0
18	0	0	737	497	907	2500	0	0	0	0
19	0	0	739	497	907	2501	0	0	0	0
20	0	0	738	497	907	2504	0	0	0	0
21	0	0	740	496	907	2509	0	0	0	0
22	0	0	740	497	906	2510	0	0	0	0
23	0	0	741	497	905	2511	0	0	0	0
24	0	0	742	496	904	2514	0	0	0	0
25	0	0	744	495	904	2516	0	0	0	0
26	0	0	745	495	901	2516	0	0	0	0
27	0	0	746	494	901	2516	0	0	0	0
28	0	0	747	493	899	2518	0	0	0	0
29	0	0	749	493	898	2520	0	0	0	0
30	0	0	750	492	897	2523	0	0	0	0
31	0	0	750	492	897	2525	0	0	0	0
32	0	0	751	491	897	2531	0	0	0	0
33	0	0	751	493	896	2539	0	0	0	0
34	0	0	751	489	896	2540	0	0	0	0
35	0	0	752	489	896	2542	0	0	0	0
36	0	0	753	488	895	2541	0	0	0	0
37	0	0	752	486	894	2542	0	0	0	0
38	0	0	752	487	892	2544	0	0	0	0
39	0	0	753	485	892	2548	0	0	0	0
40	0	0	753	483	892	2550	1	0	0	0
41	0	0	752	482	891	2548	0	0	0	0
42	0	0	753	483	890	2553	0	0	0	0
43	0	0	754	480	889	2556	0	0	0	0
44	0	0	753	480	888	2558	0	0	0	0
45	0	0	755	481	888	2565	0	0	0	0
46	0	0	754	481	887	2567	0	0	0	0
47	0	0	754	479	887	2572	0	0	0	0
48	0	0	754	479	885	2577	0	0	0	0
49	0	0	755	480	884	2579	0	0	0	0
50	0	0	755	480	883	2584	0	0	0	0
51	0	0	758	480	882	2586	0	0	0	0
52	0	0	759	481	881	2590	0	0	0	0
53	0	0	761	481	879	2591	0	0	0	0
54	0	0	763	482	878	2593	0	0	0	0
55	0	0	765	484	878	2594	0	0	0	0
56	0	0	766	484	876	2598	0	0	0	0
57	0	0	768	486	874	2603	0	0	0	0
58	0	0	769	487	874	2609	0	0	0	0
59	0	0	771	489	870	2618	0	0	0	0
60	0	0	772	491	871	2622	0	0	0	0
61	0	0	773	492	870	2628	0	0	0	0
62	0	0	773	494	871	2631	0	0	0	0
63	0	0	773	495	870	2634	0	0	0	0
64	0	0	770	497	870	2640	0	0	0	0
65	0	0	770	498	871	2642	0	0	0	0
66	0	0	771	499	871	2643	0	0	0	0
67	0	0	768	500	872	2647	0	0	0	0
68	0	0	765	502	873	2648	0	0	0	0
69	0	0	766	504	874	2651	0	0	0	0
70	0	0	764	505	877	2655	0	0	0	0
71	0	0	762	506	877	2662	0	0	0	0
72	0	0	761	509	878	2674	0	0	0	0
73	0	0	759	510	879	2676	0	0	0	0
74	0	0	757	512	880	2682	0	0	0	0
75	0	0	754	514	883	2689	0	0	0	0
76	0	0	752	516	884	2696	0	0	0	0
77	0	0	750	516	885	2702	0	0	0	0
78	0	0	748	517	887	2705	0	0	0	0
79	0	0	749	518	888	2706	0	0	0	0
80	0	0	748	518	889	2714	1	0	0	0
81	0	0	747	518	890	2721	0	0	0	0
82	0	0	746	519	891	2727	0	0	0	0
83	0	0	746	519	891	2726	0	0	0	0
84	0	0	744	520	892	2723	0	0	0	0
85	0	0	744	518	892	2721	0	0	0	0
86	0	0	747	519	892	2722	0	0	0	0
87	0	0	748	518	892	2730	0	0	0	0
88	0	0	748	519	892	2737	0	0	0	0
89	0	0	749	518	893	2738	0	0	0	0
90	0	0	750	519	893	2731	0	0	0	0
91	0	0	751	519	893	2731	0	0	0	0
92	0	0	753	521	893	2736	0	0	0	0
93	0	0	753	522	893	2740	0	0	0	0
94	0	0	753	523	893	2739	0	0	0	0
95	0	0	753	525	895	2738	0	0	0	0
96	0	0	752	525	896	2743	0	0	0	0
97	0	0	751	527	895	2744	0	0	0	0
98	0	0	751	529	895	2741	0	0	0	0
99	0	0	749	530	896	2740	0	0	0	0
100	0	0	747	532	895	2743	0	0	0	0
101	0	0	746	534	896	2743	0	0	0	0
102	0	0	744	536	895	2744	0	0	0	0
103	0	0	744	535	897	2746	0	0	0	0
104	0	0	743	536	896	2742	0	0	0	0
105	0	0	744	538	895	2744	0	0	0	0
106	0	0	744	538	895	2737	0	0	0	0
107	0	0	746	539	894	2735	0	0	0	0
108	0	0	749	540	894	2734	0	0	0	0
109	0	0	751	541	895	2736	0	0	0	0
110	0	0	753	542	892	2733	0	0	0	0
111	0	0	754	544	890	2731	0	0	0	0
112	0	0	755	547	889	2724	0	0	0	0
113	0	0	757	549	888	2719	0	0	0	0
114	0	0	759	550	887	2710	0	0	0	0
115	0	0	761	553	886	2698	0	0	0	0
116	0	0	761	555	885	2678	0	0	0	0
117	0	0	764	558	883	2671	0	0	0	0
118	0	0	765	560	880	2657	0	0	0	0
119	0	0	768	564	878	2645	0	0	0	0
120	0	0	770	567	878	2643	0	0	0	0
121	0	0	771	571	877	2634	0	0	0	0
122	0	0	771	573	876	2613	0	0	0	0
123	0	0	771	576	875	2600	0	0	0	0
124	0	0	772	579	872	2579	0	0	0	0
125	0	0	771	582	871	2566	0	0	0	0
126	0	0	772	584	871	2562	0	0	0	0
127	0	0	772	588	871	2555	0	0	0	0
0	0	0	771	590	868	2532	0	0	0	0
1	0	0	770	592	868	2520	0	0	0	0
2	0	0	768	595	868	2500	0	0	0	0
3	0	0	767	598	865	2478	0	0	0	0
4	0	0	767	600	864	2437	0	0	0	0
5	0	0	767	603	865	2433	0	0	0	0
6	0	0	763	604	863	2410	0	0	0	0
7	0	0	761	606	860	2361	0	0	0	0
8	0	0	760	609	858	2350	0	0	0	0
9	0	0	760	612	857	2337	0	0	0	0
10	0	0	757	615	855	2306	0	0	0	0
11	0	0	756	618	850	2266	0	0	0	0
12	0	0	756	620	852	2255	0	0	0	0
13	0	0	755	622	850	2231	0	0	0	0
14	0	0	754	625	848	2199	0	0	0	0
15	0	0	753	628	845	2161	0	0	0	0
16	0	0	752	630	843	2124	0	0	0	0
17	0	0	753	634	842	2082	0	0	0	0
18	0	0	754	635	839	1989	0	0	0	0
19	0	0	754	638	836	1921	0	0	0	0
20	0	0	754	640	832	1854	0	0	0	0
21	0	0	753	643	829	1774	0	0	0	0
22	0	0	755	648	826	1690	0	0	0	0
23	0	0	756	650	823	1604	0	0	0	0
24	0	0	757	652	818	1544	0	0	0	0
25	0	0	758	656	816	1492	0	0	0	0
26	0	0	758	658	811	1423	0	0	0	0
27	0	0	758	662	809	1294	0	0	0	0
28	0	0	759	665	805	1201	0	0	0	0
29	0	0	761	668	802	1140	0	0	0	0
30	0	0	762	671	799	1050	0	0	0	0
31	0	0	763	675	795	929	0	0	0	0
32	0	0	763	678	793	838	0	0	0	0
33	0	0	764	681	791	821	0	0	0	0
34	0	0	764	684	787	766	0	0	0	0
35	0	0	765	688	783	678	0	0	0	0
36	0	0	765	690	781	628	0	0	0	0
37	0	0	766	694	779	653	0	0	0	0
38	0	0	764	698	777	628	0	0	0	0
39	0	0	764	702	774	545	0	0	0	0
40	0	0	763	704	771	486	0	0	0	0
41	0	0	762	709	769	494	0	0	0	0
42	0	0	762	713	768	496	0	0	0	0
43	0	0	758	716	765	443	0	0	0	0
44	0	0	758	719	764	400	0	0	0	0
45	0	0	758	722	763	404	0	0	0	0
46	0	0	758	724	761	407	0	0	0	0
47	0	0	756	727	761	359	0	0	0	0
48	0	0	755	729	760	343	0	0	0	0
49	0	0	753	731	759	353	0	0	0	0
50	0	0	751	734	759	365	0	0	0	0
51	0	0	751	736	760	355	0	0	0	0
52	0	0	750	738	761	367	0	0	0	0
53	0	0	749	740	760	373	0	0	0	0
54	0	0	749	743	761	372	0	0	0	0
55	0	0	747	746	762	387	0	0	0	0
56	0	0	746	749	763	381	0	0	0	0
57	0	0	745	752	763	361	0	0	0	0
58	0	0	746	754	763	359	0	0	0	0
59	0	0	746	756	765	370	0	0	0	0
60	0	0	746	758	767	373	0	0	0	0
61	0	0	747	760	767	374	0	0	0	0
62	0	0	747	763	769	371	0	0	0	0
63	0	0	748	766	769	371	0	0	0	0
64	0	0	749	767	771	347	0	0	0	0
65	0	0	751	770	772	337	0	0	0	0
66	0	0	753	773	773	338	0	0	0	0
67	0	0	753	776	775	332	0	0	0	0
68	0	0	753	777	776	335	0	0	0	0
69	0	0	756	779	777	336	0	0	0	0
70	0	0	758	781	777	341	0	0	0	0
71	0	0	760	784	779	330	0	0	0	0
72	0	0	761	787	781	330	0	0	0	0
73	0	0	762	788	780	330	0	0	0	0
74	0	0	765	789	780	325	0	0	0	0
75	0	0	769	792	780	347	0	0	0	0
76	0	0	769	796	780	275	0	0	0	0
77	0	0	769	799	781	259	0	0	0	0
78	0	0	769	801	782	256	0	0	0	0
79	0	0	770	803	783	223	0	0	0	0
80	0	0	772	808	784	217	0	0	0	0
81	0	0	774	810	785	195	0	0	0	0
82	0	0	776	813	786	217	0	0	0	0
83	0	0	779	816	787	205	0	0	0	0
84	0	0	781	820	788	187	0	0	0	0
85	0	0	783	825	788	161	0	0	0	0
86	0	0	787	826	788	186	0	0	0	0
87	0	0	788	829	788	174	0	0	0	0
88	0	0	791	834	790	178	0	0	0	0
89	0	0	792	838	791	120	0	0	0	0
90	0	0	793	843	789	112	0	0	0	0
91	0	0	794	847	790	118	0	0	0	0
92	0	0	796	849	791	119	0	0	0	0
93	0	0	797	852	789	117	0	0	0	0
94	0	0	798	855	789	105	0	0	0	0
95	0	0	802	858	790	110	0	0	0	0
96	0	0	802	859	790	109	0	0	0	0
97	0	0	802	864	791	122	0	0	0	0
98	0	0	804	867	792	135	0	0	0	0
99	0	0	805	870	792	133	0	0	0	0
100	0	0	806	873	792	132	0	0	0	0
101	0	0	806	875	793	135	0	0	0	0
102	0	0	807	877	795	121	0	0	0	0
103	0	0	806	881	798	123	0	0	0	0
104	0	0	805	883	798	122	0	0	0	0
105	0	0	805	886	799	104	0	0	0	0
106	0	0	806	890	802	87	0	0	0	0
107	0	0	802	892	802	79	0	0	0	0
108	0	0	800	894	804	82	0	0	0	0
109	0	0	801	894	803	89	0	0	0	0
110	0	0	801	894	804	83	0	0	0	0
111	0	0	800	895	806	81	0	0	0	0
112	0	0	797	896	807	80	0	0	0	0
113	0	0	793	896	807	78	0	0	0	0
114	0	0	794	897	810	76	0	0	0	0
115	0	0	792	893	811	74	0	0	0	0
116	0	0	788	893	811	76	0	0	0	0
117	0	0	788	893	813	76	0	0	0	0
118	0	0	786	893	813	73	0	0	0	0
119	0	0	785	894	814	84	0	0	0	0
120	0	0	781	893	815	85	0	0	0	0
121	0	0	778	893	816	81	0	0	0	0
122	0	0	775	892	817	76	0	0	0	0
123	0	0	770	890	817	72	0	0	0	0
124	0	0	767	890	817	65	0	0	0	0
125	0	0	764	887	816	55	0	0	0	0
126	0	0	761	886	816	49	0	0	0	0
127	0	0	758	884	816	41	0	0	0	0
0	0	0	754	883	816	45	0	0	0	0
1	0	0	752	882	814	51	0	0	0	0
2	0	0	747	881	811	56	0	0	0	0
3	0	0	746	881	811	56	0	0	0	0
4	0	0	745	880	810	45	0	0	0	0
5	0	0	742	879	809	46	0	0	0	0
6	0	0	741	877	807	51	0	0	0	0
7	0	0	740	874	808	63	0	0	0	0
8	0	0	739	873	806	68	0	0	0	0
9	0	0	738	871	806	72	0	0	0	0
10	0	0	738	869	805	66	0	0	0	0
11	0	0	739	867	805	73	0	0	0	0
12	0	0	738	863	804	79	0	0	0	0
13	0	0	738	862	803	72	0	0	0	0
14	0	0	738	860	801	64	0	0	0	0
15	0	0	738	857	801	55	0	0	0	0
16	0	0	739	856	799	47	0	0	0	0
17	0	0	740	853	797	33	0	0	0	0
18	0	0	741	850	795	25	0	0	0	0
19	0	0	741	848	794	21	0	0	0	0
20	0	0	741	845	793	22	0	0	0	0
21	0	0	742	843	791	23	0	0	0	0
22	0	0	742	841	789	26	0	0	0	0
23	0	0	743	840	787	30	0	0	0	0
24	0	0	745	839	785	35	0	0	0	0
25	0	0	747	837	785	40	0	0	0	0
26	0	0	747	836	784	41	0	0	0	0
27	0	0	749	835	782	45	0	0	0	0
28	0	0	749	833	781	46	0	0	0	0
29	0	0	750	833	780	50	0	0	0	0
30	0	0	751	831	778	45	0	0	0	0
31	0	0	752	830	777	47	0	0	0	0
32	0	0	753	828	775	47	0	0	0	0
33	0	0	755	827	775	49	0	0	0	0
34	0	0	755	826	773	45	0	0	0	0
35	0	0	756	824	773	39	0	0	0	0
36	0	0	757	822	771	43	0	0	0	0
37	0	0	758	819	770	38	0	0	0	0
38	0	0	760	817	770	35	0	0	0	0
39	0	0	761	815	767	30	0	0	0	0
40	0	0	760	814	767	31	0	0	0	0
41	0	0	762	811	766	32	0	0	0	0
42	0	0	765	808	766	29	0	0	0	0
43	0	0	766	806	767	29	0	0	0	0
44	0	0	769	802	764	36	0	0	0	0
45	0	0	770	800	764	38	0	0	0	0
46	0	0	770	797	763	40	0	0	0	0
47	0	0	771	794	762	38	0	0	0	0
48	0	0	771	792	762	40	0	0	0	0
49	0	0	773	789	762	41	0	0	0	0
50	0	0	773	786	761	38	0	0	0	0
51	0	0	774	784	761	48	0	0	0	0
52	0	0	775	782	761	53	0	0	0	0
53	0	0	775	780	760	48	0	0	0	0
54	0	0	776	778	759	44	0	0	0	0
55	0	0	776	777	759	39	0	0	0	0
56	0	0	777	776	758	38	0	0	0	0
57	0	0	776	773	759	29	0	0	0	0
58	0	0	777	771	758	27	0	0	0	0
59	0	0	777	770	759	23	0	0	0	0
60	0	0	778	768	759	24	0	0	0	0
61	0	0	779	767	759	24	0	0	0	0
62	0	0	780	766	759	28	0	0	0	0
63	0	0	780	763	759	31	0	0	0	0
64	0	0	782	761	760	40	0	0	0	0
65	0	0	781	760	763	35	0	0	0	0
66	0	0	781	760	763	29	0	0	0	0
67	0	0	783	759	763	31	0	0	0	0
68	0	0	784	758	766	31	0	0	0	0
69	0	0	784	757	768	34	0	0	0	0
70	0	0	783	756	769	31	0	0	0	0
71	0	0	784	753	769	36	0	0	0	0
72	0	0	785	753	770	39	0	0	0	0
73	0	0	789	752	771	36	0	0	0	0
74	0	0	788	752	774	30	0	0	0	0
75	0	0	788	752	776	25	0	0	0	0
76	0	0	789	753	777	24	0	0	0	0
77	0	0	790	752	779	21	0	0	0	0
78	0	0	791	751	780	22	0	0	0	0
79	0	0	792	750	781	27	0	0	0	0
80	0	0	792	747	782	23	0	0	0	0
81	0	0	793	747	783	33	0	0	0	0
82	0	0	794	746	784	31	0	0	0	0
83	0	0	793	747	785	33	0	0	0	0
84	0	0	794	746	786	38	0	0	0	0
85	0	0	793	746	786	28	0	0	0	0
86	0	0	792	746	787	42	0	0	0	0
87	0	0	792	745	788	39	0	0	0	0
88	0	0	793	745	789	44	0	0	0	0
89	0	0	793	746	789	46	0	0	0	0
90	0	0	793	747	789	46	0	0	0	0
91	0	0	793	747	790	51	0	0	0	0
92	0	0	793	748	789	56	0	0	0	0
93	0	0	794	748	790	55	0	0	0	0
94	0	0	794	749	790	47	0	0	0	0
95	0	0	794	750	792	41	0	0	0	0
96	0	0	793	751	793	41	0	0	0	0
97	0	0	793	751	793	35	0	0	0	0
98	0	0	793	751	794	33	0	0	0	0
99	0	0	794	751	795	27	0	0	0	0
100	0	0	794	752	795	31	0	0	0	0
101	0	0	794	752	796	33	0	0	0	0
102	0	0	794	752	797	32	0	0	0	0
103	0	0	794	753	798	35	0	0	0	0
104	0	0	794	753	798	38	0	0	0	0
105	0	0	793	754	798	45	0	0	0	0
106	0	0	793	755	799	51	0	0	0	0
107	0	0	792	755	799	56	0	0	0	0
108	0	0	792	756	799	57	0	0	0	0
109	0	0	793	757	800	60	0	0	0	0
110	0	0	792	757	800	56	0	0	0	0
111	0	0	791	757	800	57	0	0	0	0
112	0	0	791	755	800	60	0	0	0	0
113	0	0	792	758	801	58	0	0	0	0
114	0	0	791	759	801	55	0	0	0	0
115	0	0	792	758	801	49	0	0	0	0
116	0	0	793	758	801	49	0	0	0	0
117	0	0	792	759	801	44	0	0	0	0
118	0	0	793	758	801	33	0	0	0	0
119	0	0	793	760	801	30	0	0	0	0
120	0	0	792	761	801	31	0	0	0	0
121	0	0	794	763	801	35	0	0	0	0
122	0	0	793	764	800	34	0	0	0	0
123	0	0	792	764	799	34	0	0	0	0
124	0	0	792	766	797	45	0	0	0	0
125	0	0	793	767	799	48	0	0	0	0
126	0	0	792	768	797	53	0	0	0	0
127	0	0	791	769	796	51	0	0	0	0
0	0	0	792	770	795	49	0	0	0	0
1	0	0	793	770	794	53	0	0	0	0
2	0	0	794	770	794	50	0	0	0	0
3	0	0	793	771	793	55	0	0	0	0
4	0	0	795	770	793	57	0	0	0	0
5	0	0	795	772	793	54	0	0	0	0
6	0	0	795	772	792	45	0	0	0	0
7	0	0	793	774	791	41	0	0	0	0
8	0	0	795	774	790	38	0	0	0	0
9	0	0	794	774	790	36	0	0	0	0
10	0	0	795	775	789	26	0	0	0	0
11	0	0	796	777	788	21	0	0	0	0
12	0	0	797	778	786	21	0	0	0	0
13	0	0	796	778	786	23	0	0	0	0
14	0	0	797	778	785	21	0	0	0	0
15	0	0	798	780	785	24	0	0	0	0
16	0	0	798	780	785	30	0	0	0	0
17	0	0	798	780	785	32	0	0	0	0
18	0	0	798	780	785	34	0	0	0	0
19	0	0	799	782	784	28	0	0	0	0
20	0	0	797	783	785	39	0	0	0	0
21	0	0	798	783	783	35	0	0	0	0
22	0	0	798	783	782	42	0	0	0	0
23	0	0	799	784	782	47	0	0	0	0
24	0	0	795	784	783	46	0	0	0	0
25	0	0	800	783	782	41	0	0	0	0
26	0	0	801	784	782	40	0	0	0	0
27	0	0	800	785	783	36	0	0	0	0
28	0	0	800	785	783	32	0	0	0	0
29	0	0	801	785	782	29	0	0	0	0
30	0	0	800	785	782	25	0	0	0	0
31	0	0	801	786	781	18	0	0	0	0
32	0	0	801	786	781	23	0	0	0	0
33	0	0	801	788	780	25	0	0	0	0
34	0	0	801	787	780	27	0	0	0	0
35	0	0	801	787	779	29	0	0	0	0
36	0	0	800	787	777	33	0	0	0	0
37	0	0	800	787	779	35	0	0	0	0
38	0	0	801	788	778	36	0	0	0	0
39	0	0	802	788	777	39	0	0	0	0
40	0	0	802	789	777	41	0	0	0	0
41	0	0	803	790	774	47	0	0	0	0
42	0	0	803	790	774	47	0	0	0	0
43	0	0	803	789	773	52	0	0	0	0
44	0	0	804	787	773	52	0	0	0	0
45	0	0	804	788	772	48	0	0	0	0
46	0	0	804	789	772	44	0	0	0	0
47	0	0	804	787	771	40	0	0	0	0
48	0	0	805	789	769	36	0	0	0	0
49	0	0	802	789	768	30	0	0	0	0
50	0	0	805	788	767	27	0	0	0	0
51	0	0	807	788	767	21	0	0	0	0
52	0	0	806	787	766	23	0	0	0	0
53	0	0	807	787	765	23	0	0	0	0
54	0	0	808	787	763	27	0	0	0	0
55	0	0	808	786	764	28	0	0	0	0
56	0	0	809	786	762	31	0	0	0	0
57	0	0	810	786	763	35	0	0	0	0
58	0	0	809	785	761	34	0	0	0	0
59	0	0	809	784	760	34	0	0	0	0
60	0	0	809	786	760	37	0	0	0	0
61	0	0	808	784	759	34	0	0	0	0
62	0	0	808	784	759	30	0	0	0	0
63	0	0	808	783	758	30	0	0	0	0
64	0	0	807	784	758	32	0	0	0	0
65	0	0	807	783	758	31	0	0	0	0
66	0	0	806	783	757	24	0	0	0	0
67	0	0	806	783	756	22	0	0	0	0
68	0	0	806	783	756	19	0	0	0	0
69	0	0	805	782	756	10	0	0	0	0
70	0	0	805	782	756	21	0	0	0	0
71	0	0	805	782	756	17	0	0	0	0
72	0	0	805	781	756	15	0	0	0	0
73	0	0	805	782	756	17	0	0	0	0
74	0	0	805	782	755	16	0	0	0	0
75	0	0	803	783	755	19	0	0	0	0
76	0	0	804	782	753	19	0	0	0	0
77	0	0	803	782	754	22	0	0	0	0
78	0	0	803	781	754	22	0	0	0	0
79	0	0	804	782	753	25	0	0	0	0
80	0	0	802	781	753	27	0	0	0	0
81	0	0	801	781	753	27	0	0	0	0
82	0	0	802	781	753	28	0	0	0	0
83	0	0	801	782	753	27	0	0	0	0
84	0	0	801	782	753	25	0	0	0	0
85	0	0	802	781	753	21	0	0	0	0
86	0	0	802	781	753	21	0	0	0	0
87	0	0	802	781	753	21	0	0	0	0
88	0	0	801	779	752	18	0	0	0	0
89	0	0	802	780	751	14	0	0	0	0
90	0	0	802	780	750	13	0	0	0	0
91	0	0	803	781	750	6	0	0	0	0
92	0	0	803	781	749	8	0	0	0	0
93	0	0	802	779	749	10	0	0	0	0
94	0	0	800	780	749	10	0	0	0	0
95	0	0	800	780	749	11	0	0	0	0
96	0	0	801	779	750	13	0	0	0	0
97	0	0	801	778	749	17	0	0	0	0
98	0	0	801	778	750	16	0	0	0	0
99	0	0	802	778	750	17	0	0	0	0
100	0	0	802	780	749	18	0	0	0	0
101	0	0	802	779	749	20	0	0	0	0
102	0	0	801	778	748	19	0	0	0	0
103	0	0	802	779	750	19	0	0	0	0
104	0	0	802	778	749	24	0	0	0	0
105	0	0	803	778	749	22	0	0	0	0
106	0	0	803	779	749	17	0	0	0	0
107	0	0	804	777	749	12	0	0	0	0
108	0	0	803	779	749	11	0	0	0	0
109	0	0	802	779	749	5	0	0	0	0
110	0	0	804	779	748	3	0	0	0	0
111	0	0	804	779	749	0	0	0	0	0
112	0	0	805	780	749	0	0	0	0	0
113	0	0	804	778	749	0	0	0	0	0
114	0	0	804	778	750	0	0	0	0	0
115	0	0	804	779	751	0	0	0	0	0
116	0	0	803	778	751	0	0	0	0	0
117	0	0	804	778	751	0	0	0	0	0
118	0	0	804	777	751	0	0	0	0	0
119	0	0	804	776	753	0	0	0	0	0
120	0	0	805	778	754	0	0	0	0	0
121	0	0	802	778	755	0	0	0	0	0
122	0	0	801	779	757	0	0	0	0	0
123	0	0	797	780	760	39	0	0	0	0
124	0	0	795	780	762	106	0	0	0	0
125	0	0	797	782	764	307	0	0	0	0
126	0	0	802	781	765	547	0	0	0	0
127	0	0	812	781	767	726	0	0	0	0
0	0	0	816	781	768	928	0	0	0	0
1	0	0	815	780	769	905	0	0	0	0
2	0	0	811	780	771	824	0	0	0	0
3	0	0	801	780	773	975	0	0	0	0
4	0	0	793	779	774	1068	0	0	0	0
5	0	0	788	777	776	1198	0	0	0	0
6	0	0	781	774	778	1267	0	0	0	0
7	0	0	771	773	780	1271	0	0	0	0
8	0	0	765	771	782	1275	0	0	0	0
9	0	0	762	771	785	1350	0	0	0	0
10	0	0	761	773	789	1394	0	0	0	0
11	0	0	759	776	795	1500	0	0	0	0
12	0	0	757	776	801	1688	0	0	0	0
13	0	0	757	776	805	1902	0	0	0	0
14	0	0	757	774	806	2099	0	0	0	0
15	0	0	754	771	807	2219	0	0	0	0
16	0	0	750	767	810	2293	0	0	0	0
17	0	0	748	764	816	2281	0	0	0	0
18	0	0	746	764	825	2287	0	0	0	0
19	0	0	737	764	838	2313	0	0	0	0
20	0	0	725	767	864	2348	0	0	0	0
21	0	0	677	774	904	2329	0	0	0	0
22	0	0	602	778	954	2202	0	0	0	0
23	0	0	509	777	1013	2171	0	0	0	0
24	0	0	388	771	1072	2102	0	0	0	0
25	0	0	268	763	1128	2033	0	0	0	0
26	0	0	175	750	1174	1901	0	0	0	0
27	0	0	120	713	1200	1685	0	0	0	0
28	0	0	121	656	1207	1570	0	0	0	0
29	0	0	209	586	1201	1482	0	0	0	0
30	0	0	370	534	1203	1464	0	0	0	0
31	0	0	558	516	1209	1446	0	0	0	0
32	0	0	699	529	1226	1411	0	0	0	0
33	0	0	780	549	1258	1248	0	0	0	0
34	0	0	811	573	1296	1110	0	0	0	0
35	0	0	794	596	1331	1038	0	0	0	0
36	0	0	756	627	1356	995	0	0	0	0
37	0	0	724	654	1375	1075	0	0	0	0
38	0	0	701	667	1384	1003	0	0	0	0
39	0	0	676	661	1376	1001	0	0	0	0
40	0	0	640	635	1341	1041	0	0	0	0
41	0	0	607	604	1296	1031	0	0	0	0
42	0	0	582	568	1240	1057	0	0	0	0
43	0	0	580	544	1164	1080	0	0	0	0
44	0	0	616	537	1071	1102	0	0	0	0
45	0	0	717	530	960	1146	0	0	0	0
46	0	0	841	502	848	1168	0	0	0	0
47	0	0	928	459	754	1193	0	0	0	0
48	0	0	955	391	680	1242	0	0	0	0
49	0	0	944	311	605	1300	0	0	0	0
50	0	0	975	238	546	1346	0	0	0	0
51	0	0	1015	179	507	1366	0	0	0	0
52	0	0	1016	120	478	1376	0	0	0	0
53	0	0	1070	83	491	1404	0	0	0	0
54	0	0	1148	60	515	1423	0	0	0	0
55	0	0	1211	47	546	1435	0	0	0	0
56	0	0	1244	38	581	1463	0	0	0	0
57	0	0	1237	34	619	1504	0	0	0	0
58	0	0	1200	38	664	1552	0	0	0	0
59	0	0	1159	60	703	1577	0	0	0	0
60	0	0	1130	88	732	1585	0	0	0	0
61	0	0	1106	116	750	1588	0	0	0	0
62	0	0	1085	141	756	1590	0	0	0	0
63	0	0	1059	167	755	1621	0	0	0	0
64	0	0	1031	193	757	1697	0	0	0	0
65	0	0	1005	219	755	1789	0	0	0	0
66	0	0	981	244	754	1858	0	0	0	0
67	0	0	961	266	754	1895	0	0	0	0
68	0	0	942	279	759	1973	0	0	0	0
69	0	0	922	286	768	2020	0	0	0	0
70	0	0	898	290	777	2031	0	0	0	0
71	0	0	874	285	789	2069	0	0	0	0
72	0	0	847	273	803	2124	0	0	0	0
73	0	0	825	255	813	2141	0	0	0	0
74	0	0	803	231	829	2157	0	0	0	0
75	0	0	783	204	842	2177	0	0	0	0
76	0	0	767	179	858	2183	0	0	0	0
77	0	0	750	159	876	2179	0	0	0	0
78	0	0	730	139	894	2196	0	0	0	0
79	0	0	714	117	914	2207	0	0	0	0
80	0	0	710	91	931	2192	0	0	0	0
81	0	0	717	66	945	2183	0	0	0	0
82	0	0	729	50	959	2173	0	0	0	0
83	0	0	744	40	970	2168	0	0	0	0
84	0	0	762	33	978	2159	0	0	0	0
85	0	0	780	31	982	2143	0	0	0	0
86	0	0	800	28	985	2143	0	0	0	0
87	0	0	817	29	985	2144	0	0	0	0
88	0	0	838	37	984	2143	0	0	0	0
89	0	0	859	53	981	2150	0	0	0	0
90	0	0	880	77	976	2150	0	0	0	0
91	0	0	903	99	972	2153	0	0	0	0
92	0	0	925	121	967	2155	0	0	0	0
93	0	0	943	142	963	2159	0	0	0	0
94	0	0	960	163	959	2160	0	0	0	0
95	0	0	968	184	954	2163	0	0	0	0
96	0	0	974	205	950	2167	0	0	0	0
97	0	0	976	228	946	2172	0	0	0	0
98	0	0	971	252	945	2175	0	0	0	0
99	0	0	962	274	943	2180	0	0	0	0
100	0	0	951	296	940	2184	0	0	0	0
101	0	0	940	316	937	2186	0	0	0	0
102	0	0	928	335	932	2186	0	0	0	0
103	0	0	914	352	927	2192	0	0	0	0
104	0	0	899	369	918	2201	0	0	0	0
105	0	0	882	383	908	2205	0	0	0	0
106	0	0	865	397	898	2207	0	0	0	0
107	0	0	847	410	886	2212	0	0	0	0
108	0	0	833	423	871	2213	0	0	0	0
109	0	0	816	434	861	2213	0	0	0	0
110	0	0	802	444	848	2214	0	0	0	0
111	0	0	791	453	835	2218	0	0	0	0
112	0	0	782	462	823	2217	0	0	0	0
113	0	0	778	470	813	2218	0	0	0	0
114	0	0	775	478	802	2221	0	0	0	0
115	0	0	776	486	794	2220	0	0	0	0
116	0	0	779	495	786	2221	0	0	0	0
117	0	0	785	505	778	2224	0	0	0	0
118	0	0	792	515	772	2219	0	0	0	0
119	0	0	802	523	767	2220	0	0	0	0
120	0	0	814	530	764	2219	0	0	0	0
121	0	0	826	537	760	2219	0	0	0	0
122	0	0	837	545	758	2216	0	0	0	0
123	0	0	847	552	755	2214	0	0	0	0
124	0	0	856	559	755	2217	0	0	0	0
125	0	0	863	565	756	2214	0	0	0	0
126	0	0	870	571	756	2212	0	0	0	0
127	0	0	874	577	756	2210	0	0	0	0
0	0	0	876	582	754	2212	0	0	0	0
1	0	0	878	586	758	2212	0	0	0	0
2	0	0	876	589	758	2212	0	0	0	0
3	0	0	877	591	761	2210	0	0	0	0
4	0	0	875	593	762	2205	0	0	0	0
5	0	0	872	595	764	2201	0	0	0	0
6	0	0	870	596	765	2199	0	0	0	0
7	0	0	865	595	767	2198	0	0	0	0
8	0	0	861	596	768	2198	0	0	0	0
9	0	0	860	596	769	2195	0	0	0	0
10	0	0	855	596	770	2192	0	0	0	0
11	0	0	850	596	771	2184	0	0	0	0
12	0	0	846	595	772	2177	0	0	0	0
13	0	0	841	596	775	2175	0	0	0	0
14	0	0	835	596	776	2173	0	0	0	0
15	0	0	830	597	778	2168	0	0	0	0
16	0	0	825	598	779	2163	0	0	0	0
17	0	0	820	598	779	2162	0	0	0	0
18	0	0	816	598	780	2159	0	0	0	0
19	0	0	811	597	781	2158	0	0	0	0
20	0	0	809	597	780	2155	0	0	0	0
21	0	0	807	595	781	2150	0	0	0	0
22	0	0	806	592	782	2148	0	0	0	0
23	0	0	804	590	783	2145	0	0	0	0
24	0	0	804	588	783	2137	0	0	0	0
25	0	0	806	585	784	2135	0	0	0	0
26	0	0	808	583	785	2135	0	0	0	0
27	0	0	811	582	786	2130	0	0	0	0
28	0	0	816	581	788	2125	0	0	0	0
29	0	0	821	579	790	2120	0	0	0	0
30	0	0	825	580	792	2114	0	0	0	0
31	0	0	828	579	793	2111	0	0	0	0
32	0	0	829	579	795	2105	0	0	0	0
33	0	0	832	578	797	2103	0	0	0	0
34	0	0	833	577	800	2100	0	0	0	0
35	0	0	836	575	804	2098	0	0	0	0
36	0	0	837	573	807	2100	0	0	0	0
37	0	0	838	571	810	2098	0	0	0	0
38	0	0	840	569	816	2097	0	0	0	0
39	0	0	840	567	818	2096	0	0	0	0
40	0	0	839	566	822	2099	0	0	0	0
41	0	0	840	564	828	2099	0	0	0	0
42	0	0	839	564	834	2099	0	0	0	0
43	0	0	836	562	837	2099	0	0	0	0
44	0	0	831	561	842	2096	0	0	0	0
45	0	0	828	561	846	2096	0	0	0	0
46	0	0	821	560	850	2094	0	0	0	0
47	0	0	813	559	855	2095	0	0	0	0
48	0	0	806	558	858	2094	0	0	0	0
49	0	0	796	557	860	2090	0	0	0	0
50	0	0	787	557	864	2086	0	0	0	0
51	0	0	780	555	866	2084	0	0	0	0
52	0	0	771	553	868	2082	0	0	0	0
53	0	0	765	550	872	2081	0	0	0	0
54	0	0	759	549	872	2079	0	0	0	0
55	0	0	755	546	873	2073	0	0	0	0
56	0	0	752	545	873	2074	0	0	0	0
57	0	0	750	543	873	2073	0	0	0	0
58	0	0	749	542	873	2069	0	0	0	0
59	0	0	747	542	874	2068	0	0	0	0
60	0	0	747	542	874	2070	0	0	0	0
61	0	0	748	543	875	2068	0	0	0	0
62	0	0	750	543	874	2067	0	0	0	0
63	0	0	751	544	875	2062	0	0	0	0
64	0	0	753	548	875	2058	0	0	0	0
65	0	0	756	549	876	2056	0	0	0	0
66	0	0	759	548	876	2048	0	0	0	0
67	0	0	762	549	876	2045	0	0	0	0
68	0	0	764	550	877	2043	0	0	0	0
69	0	0	766	551	877	2035	0	0	0	0
70	0	0	767	552	875	2031	0	0	0	0
71	0	0	769	554	874	2025	0	0	0	0
72	0	0	771	556	874	2026	0	0	0	0
73	0	0	772	557	870	2021	0	0	0	0
74	0	0	770	560	868	2021	0	0	0	0
75	0	0	771	563	867	2020	0	0	0	0
76	0	0	771	565	863	2021	0	0	0	0
77	0	0	772	568	861	2021	0	0	0	0
78	0	0	771	570	858	2019	0	0	0	0
79	0	0	772	572	855	2018	0	0	0	0
80	0	0	773	576	853	2019	0	0	0	0
81	0	0	774	578	850	2016	0	0	0	0
82	0	0	775	583	848	2015	0	0	0	0
83	0	0	776	587	846	2012	0	0	0	0
84	0	0	778	590	844	2012	0	0	0	0
85	0	0	780	593	842	2010	0	0	0	0
86	0	0	782	597	840	2011	0	0	0	0
87	0	0	783	601	838	2012	0	0	0	0
88	0	0	784	605	836	2012	0	0	0	0
89	0	0	784	611	834	2016	0	0	0	0
90	0	0	787	616	833	2016	0	0	0	0
91	0	0	787	620	832	2015	0	0	0	0
92	0	0	788	624	830	2016	0	0	0	0
93	0	0	791	629	829	2021	0	0	0	0
94	0	0	792	632	828	2025	0	0	0	0
95	0	0	792	638	828	2028	0	0	0	0
96	0	0	794	643	826	2028	0	0	0	0
97	0	0	794	647	826	2032	0	0	0	0
98	0	0	794	653	824	2031	0	0	0	0
99	0	0	792	657	823	2032	0	0	0	0
100	0	0	793	661	823	2034	0	0	0	0
101	0	0	794	665	822	2036	0	0	0	0
102	0	0	795	668	823	2040	0	0	0	0
103	0	0	794	673	821	2042	0	0	0	0
104	0	0	793	675	821	2044	0	0	0	0
105	0	0	794	679	820	2050	0	0	0	0
106	0	0	794	681	820	2054	0	0	0	0
107	0	0	793	684	820	2056	0	0	0	0
108	0	0	794	687	819	2057	0	0	0	0
109	0	0	795	690	818	2059	0	0	0	0
110	0	0	795	693	817	2060	0	0	0	0
111	0	0	795	695	816	2064	0	0	0	0
112	0	0	798	697	814	2071	0	0	0	0
113	0	0	798	700	813	2076	0	0	0	0
114	0	0	796	702	811	2077	0	0	0	0
115	0	0	799	704	810	2077	0	0	0	0
116	0	0	799	704	809	2083	0	0	0	0
117	0	0	800	706	807	2088	0	0	0	0
118	0	0	800	708	805	2092	0	0	0	0
119	0	0	800	709	803	2097	0	0	0	0
120	0	0	801	711	802	2103	0	0	0	0
121	0	0	800	712	800	2112	0	0	0	0
122	0	0	800	714	798	2115	0	0	0	0
123	0	0	797	715	797	2124	0	0	0	0
124	0	0	800	716	796	2128	0	0	0	0
125	0	0	800	718	794	2133	0	0	0	0
126	0	0	799	718	794	2140	0	0	0	0
127	0	0	799	719	792	2142	0	0	0	0
0	0	0	799	721	790	2148	0	0	0	0
1	0	0	797	721	789	2150	0	0	0	0
2	0	0	797	722	788	2152	0	0	0	0
3	0	0	795	722	788	2156	0	0	0	0
4	0	0	795	723	785	2164	0	0	0	0
5	0	0	794	724	784	2169	0	0	0	0
6	0	0	793	725	783	2176	0	0	0	0
7	0	0	793	725	782	2181	0	0	0	0
8	0	0	791	725	782	2185	0	0	0	0
9	0	0	791	725	781	2190	0	0	0	0
10	0	0	791	726	781	2191	0	0	0	0
11	0	0	790	727	780	2191	0	0	0	0
12	0	0	789	727	779	2195	0	0	0	0
13	0	0	789	727	779	2195	0	0	0	0
14	0	0	788	727	779	2197	0	0	0	0
15	0	0	786	728	779	2202	0	0	0	0
16	0	0	786	727	778	2203	0	0	0	0
17	0	0	785	729	779	2204	0	0	0	0
18	0	0	784	729	778	2206	0	0	0	0
19	0	0	784	729	779	2208	0	0	0	0
20	0	0	784	729	778	2210	0	0	0	0
21	0	0	783	729	779	2214	0	0	0	0
22	0	0	783	729	778	2219	0	0	0	0
23	0	0	783	729	779	2222	0	0	0	0
24	0	0	783	729	779	2226	0	0	0	0
25	0	0	785	728	778	2230	0	0	0	0
26	0	0	783	729	779	2234	0	0	0	0
27	0	0	783	728	779	2236	0	0	0	0
28	0	0	785	729	780	2238	0	0	0	0
29	0	0	784	729	779	2240	0	0	0	0
30	0	0	784	728	779	2238	0	0	0	0
31	0	0	783	728	779	2240	0	0	0	0
32	0	0	784	728	781	2240	0	0	0	0
33	0	0	783	728	778	2240	0	0	0	0
34	0	0	783	728	779	2239	0	0	0	0
35	0	0	783	728	779	2240	0	0	0	0
36	0	0	783	727	779	2244	0	0	0	0
37	0	0	782	727	779	2247	0	0	0	0
38	0	0	782	727	779	2247	0	0	0	0
39	0	0	783	726	779	2249	0	0	0	0
40	0	0	784	727	777	2253	0	0	0	0
41	0	0	784	727	778	2256	0	0	0	0
42	0	0	783	728	777	2256	0	0	0	0
43	0	0	783	727	777	2258	0	0	0	0
44	0	0	783	728	777	2260	0	0	0	0
45	0	0	782	728	776	2260	0	0	0	0
46	0	0	782	727	777	2260	0	0	0	0
47	0	0	782	729	776	2261	0	0	0	0
48	0	0	780	730	776	2262	0	0	0	0
49	0	0	779	730	776	2263	0	0	0	0
50	0	0	778	730	776	2264	0	0	0	0
51	0	0	778	731	776	2265	0	0	0	0
52	0	0	777	732	776	2267	0	0	0	0
53	0	0	777	732	775	2267	0	0	0	0
54	0	0	776	732	776	2267	0	0	0	0
55	0	0	776	732	775	2269	0	0	0	0
56	0	0	777	733	774	2271	0	0	0	0
57	0	0	775	734	773	2271	0	0	0	0
58	0	0	774	734	774	2271	0	0	0	0
59	0	0	775	735	773	2272	0	0	0	0
60	0	0	775	735	773	2272	0	0	0	0
61	0	0	775	735	774	2272	0	0	0	0
62	0	0	776	735	773	2273	0	0	0	0
63	0	0	775	735	774	2273	0	0	0	0
64	0	0	775	734	773	2275	0	0	0	0
65	0	0	776	733	773	2275	0	0	0	0
66	0	0	777	733	774	2277	0	0	0	0
67	0	0	777	733	774	2281	0	0	0	0
68	0	0	778	733	774	2286	0	0	0	0
69	0	0	778	734	775	2288	0	0	0	0
70	0	0	779	733	776	2290	0	0	0	0
71	0	0	779	732	775	2293	0	0	0	0
72	0	0	780	732	777	2296	0	0	0	0
73	0	0	780	731	776	2297	0	0	0	0
74	0	0	780	732	776	2297	0	0	0	0
75	0	0	781	732	775	2299	0	0	0	0
76	0	0	781	731	776	2300	0	0	0	0
77	0	0	779	730	776	2307	0	0	0	0
78	0	0	781	729	776	2308	0	0	0	0
79	0	0	780	728	776	2310	0	0	0	0
80	0	0	779	728	777	2310	0	0	0	0
81	0	0	780	729	778	2313	0	0	0	0
82	0	0	778	728	778	2317	0	0	0	0
83	0	0	777	727	778	2316	0	0	0	0
84	0	0	777	727	779	2320	0	0	0	0
85	0	0	777	727	780	2322	0	0	0	0
86	0	0	776	726	779	2323	0	0	0	0
87	0	0	776	726	780	2324	0	0	0	0
88	0	0	777	725	781	2326	0	0	0	0
89	0	0	776	725	781	2329	0	0	0	0
90	0	0	776	724	779	2332	0	0	0	0
91	0	0	776	722	781	2335	0	0	0	0
92	0	0	775	722	781	2341	0	0	0	0
93	0	0	776	721	782	2345	0	0	0	0
94	0	0	774	720	781	2346	0	0	0	0
95	0	0	774	719	782	2349	0	0	0	0
96	0	0	774	718	783	2353	0	0	0	0
97	0	0	772	717	783	2356	0	0	0	0
98	0	0	770	715	784	2358	0	0	0	0
99	0	0	770	714	785	2363	0	0	0	0
100	0	0	769	713	786	2363	0	0	0	0
101	0	0	767	712	786	2365	0	0	0	0
102	0	0	767	709	787	2367	0	0	0	0
103	0	0	766	708	789	2367	0	0	0	0
104	0	0	766	707	789	2369	0	0	0	0
105	0	0	765	705	789	2368	0	0	0	0
106	0	0	764	703	790	2368	0	0	0	0
107	0	0	765	701	791	2370	0	0	0	0
108	0	0	766	698	792	2371	0	0	0	0
109	0	0	765	695	792	2369	0	0	0	0
110	0	0	766	693	792	2374	0	0	0	0
111	0	0	766	690	793	2377	0	0	0	0
112	0	0	765	687	795	2383	0	0	0	0
113	0	0	766	684	796	2387	0	0	0	0
114	0	0	767	681	796	2388	0	0	0	0
115	0	0	770	678	797	2392	0	0	0	0
116	0	0	769	676	798	2396	0	0	0	0
117	0	0	769	672	799	2398	0	0	0	0
118	0	0	768	669	801	2402	0	0	0	0
119	0	0	769	666	801	2409	0	0	0	0
120	0	0	768	664	801	2413	0	0	0	0
121	0	0	769	659	803	2417	0	0	0	0
122	0	0	770	656	804	2424	0	0	0	0
123	0	0	771	652	804	2429	0	0	0	0
124	0	0	771	648	805	2432	0	0	0	0
125	0	0	771	645	806	2436	0	0	0	0
126	0	0	772	640	807	2439	0	0	0	0
127	0	0	773	637	808	2444	0	0	0	0
0	0	0	773	632	809	2446	0	0	0	0
1	0	0	773	629	810	2447	0	0	0	0
2	0	0	773	625	811	2449	0	0	0	0
3	0	0	773	621	812	2451	0	0	0	0
4	0	0	774	617	813	2454	0	0	0	0
5	0	0	775	613	813	2456	0	0	0	0
6	0	0	775	609	814	2459	0	0	0	0
7	0	0	775	605	814	2463	0	0	0	0
8	0	0	775	601	815	2466	0	0	0	0
9	0	0	776	595	816	2467	0	0	0	0
10	0	0	775	592	816	2473	0	0	0	0
11	0	0	774	589	816	2475	0	0	0	0
12	0	0	773	585	816	2479	0	0	0	0
13	0	0	772	583	815	2482	0	0	0	0
14	0	0	772	580	815	2484	0	0	0	0
15	0	0	772	577	815	2486	0	0	0	0
16	0	0	771	574	815	2488	0	0	0	0
17	0	0	770	572	815	2489	0	0	0	0
18	0	0	770	571	815	2491	0	0	0	0
19	0	0	769	569	813	2493	0	0	0	0
20	0	0	771	569	814	2493	0	0	0	0
21	0	0	770	568	813	2494	0	0	0	0
22	0	0	769	567	812	2496	0	0	0	0
23	0	0	771	566	813	2497	0	0	0	0
24	0	0	770	566	813	2500	0	0	0	0
25	0	0	769	566	811	2504	0	0	0	0
26	0	0	770	567	812	2506	0	0	0	0
27	0	0	769	566	812	2507	0	0	0	0
28	0	0	769	565	811	2510	0	0	0	0
29	0	0	769	566	811	2512	0	0	0	0
30	0	0	769	567	811	2514	0	0	0	0
31	0	0	769	568	812	2515	0	0	0	0
32	0	0	768	570	811	2516	0	0	0	0
33	0	0	767	569	811	2519	0	0	0	0
34	0	0	767	570	811	2519	0	0	0	0
35	0	0	767	570	812	2520	0	0	0	0
36	0	0	767	572	812	2523	0	0	0	0
37	0	0	766	572	813	2524	0	0	0	0
38	0	0	767	574	813	2527	0	0	0	0
39	0	0	767	576	814	2527	0	0	0	0
40	0	0	767	577	813	2528	0	0	0	0
41	0	0	766	579	815	2530	0	0	0	0
42	0	0	767	579	816	2530	0	0	0	0
43	0	0	767	581	816	2528	0	0	0	0
44	0	0	766	582	817	2531	0	0	0	0
45	0	0	767	583	818	2535	0	0	0	0
46	0	0	768	584	819	2536	0	0	0	0
47	0	0	768	584	819	2538	0	0	0	0
48	0	0	768	587	821	2540	0	0	0	0
49	0	0	767	588	820	2541	0	0	0	0
50	0	0	767	589	819	2542	0	0	0	0
51	0	0	768	590	821	2541	0	0	0	0
52	0	0	768	590	822	2542	0	0	0	0
53	0	0	768	592	822	2542	0	0	0	0
54	0	0	768	594	821	2543	0	0	0	0
55	0	0	769	595	821	2543	0	0	0	0
56	0	0	769	596	822	2541	0	0	0	0
57	0	0	769	598	823	2541	0	0	0	0
58	0	0	769	599	823	2540	0	0	0	0
59	0	0	768	600	823	2542	0	0	0	0
60	0	0	769	602	823	2542	0	0	0	0
61	0	0	769	603	823	2543	0	0	0	0
62	0	0	770	605	822	2543	0	0	0	0
63	0	0	771	605	823	2546	0	0	0	0
64	0	0	771	607	823	2544	0	0	0	0
65	0	0	772	608	822	2546	0	0	0	0
66	0	0	773	609	821	2547	0	0	0	0
67	0	0	774	610	821	2548	0	0	0	0
68	0	0	773	612	821	2549	0	0	0	0
69	0	0	775	613	820	2548	0	0	0	0
70	0	0	775	614	820	2546	0	0	0	0
71	0	0	777	616	819	2547	0	0	0	0
72	0	0	776	617	820	2548	0	0	0	0
73	0	0	778	619	819	2547	0	0	0	0
74	0	0	777	620	819	2545	0	0	0	0
75	0	0	778	621	819	2545	0	0	0	0
76	0	0	778	622	820	2545	0	0	0	0
77	0	0	779	622	820	2543	0	0	0	0
78	0	0	780	624	820	2545	0	0	0	0
79	0	0	782	625	820	2545	0	0	0	0
80	0	0	781	626	820	2546	0	0	0	0
81	0	0	781	627	820	2546	0	0	0	0
82	0	0	782	628	820	2546	0	0	0	0
83	0	0	781	631	820	2546	0	0	0	0
84	0	0	781	631	819	2546	0	0	0	0
85	0	0	783	632	819	2545	0	0	0	0
86	0	0	782	633	819	2545	0	0	0	0
87	0	0	782	634	819	2546	0	0	0	0
88	0	0	781	635	820	2548	0	0	0	0
