# bioPlux Text File Format
# Version: 1
# StartDateTime: 2012-03-21 16:43:53
# SamplingFrequency: 1000
# SampledChannels: 1 2 3 4 5 6 7 8
# SamplingResolution: 12
# AcquiringDevice: 00:07:80:93:66:BE
# EndOfHeader
0	0	0	811	657	675	1135	0	0	0	0
1	0	0	811	658	674	1137	0	0	0	0
2	0	0	810	658	676	1132	0	0	0	0
3	0	0	810	657	675	1133	0	0	0	0
4	0	0	810	658	675	1131	0	0	0	0
5	0	0	809	658	676	1132	0	0	0	0
6	0	0	811	658	676	1132	0	0	0	0
7	0	0	811	657	676	1130	0	0	0	0
8	0	0	810	658	677	1131	0	0	0	0
9	0	0	810	658	676	1128	0	0	0	0
10	0	0	810	659	676	1125	0	0	0	0
11	0	0	809	658	676	1126	0	0	0	0
12	0	0	811	657	676	1126	0	0	0	0
13	0	0	811	657	676	1123	0	0	0	0
14	0	0	812	657	676	1121	0	0	0	0
15	0	0	811	659	677	1122	0	0	0	0
16	0	0	812	658	675	1123	0	0	0	0
17	0	0	812	660	676	1125	0	0	0	0
18	0	0	812	658	677	1120	0	0	0	0
19	0	0	812	658	676	1117	0	0	0	0
20	0	0	812	658	677	1120	0	0	0	0
21	0	0	812	658	676	1116	0	0	0	0
22	0	0	812	656	676	1115	0	0	0	0
23	0	0	811	657	676	1115	0	0	0	0
24	0	0	812	657	676	1114	0	0	0	0
25	0	0	813	657	676	1113	0	0	0	0
26	0	0	813	659	677	1118	0	0	0	0
27	0	0	814	657	677	1109	0	0	0	0
28	0	0	813	657	676	1108	0	0	0	0
29	0	0	813	657	676	1098	0	0	0	0
30	0	0	813	657	676	1089	0	0	0	0
31	0	0	815	657	676	1084	0	0	0	0
32	0	0	814	656	677	1079	0	0	0	0
33	0	0	814	657	677	1068	0	0	0	0
34	0	0	815	656	677	1058	0	0	0	0
35	0	0	815	657	677	1046	0	0	0	0
36	0	0	815	657	676	1041	0	0	0	0
37	0	0	814	657	676	1037	0	0	0	0
38	0	0	815	657	676	1033	0	0	0	0
39	0	0	815	657	676	1026	0	0	0	0
40	0	0	815	658	677	1020	0	0	0	0
41	0	0	816	659	676	1015	0	0	0	0
42	0	0	816	658	677	1013	0	0	0	0
43	0	0	817	658	676	1008	0	0	0	0
44	0	0	815	658	677	1006	0	0	0	0
45	0	0	815	657	676	1001	0	0	0	0
46	0	0	816	658	674	999	0	0	0	0
47	0	0	818	658	676	1002	0	0	0	0
48	0	0	818	659	675	1000	0	0	0	0
49	0	0	817	658	675	998	0	0	0	0
50	0	0	818	659	675	1002	0	0	0	0
51	0	0	819	659	675	1005	0	0	0	0
52	0	0	818	659	675	1004	0	0	0	0
53	0	0	817	659	674	1002	0	0	0	0
54	0	0	817	659	675	1001	0	0	0	0
55	0	0	818	659	677	999	0	0	0	0
56	0	0	818	659	675	989	0	0	0	0
57	0	0	819	659	674	992	0	0	0	0
58	0	0	819	659	673	987	0	0	0	0
59	0	0	819	659	674	987	0	0	0	0
60	0	0	819	660	674	985	0	0	0	0
61	0	0	819	660	673	989	0	0	0	0
62	0	0	820	661	672	989	0	0	0	0
63	0	0	819	661	672	989	0	0	0	0
64	0	0	819	660	671	996	0	0	0	0
65	0	0	818	661	672	993	0	0	0	0
66	0	0	820	661	672	984	0	0	0	0
67	0	0	820	660	672	981	0	0	0	0
68	0	0	821	660	672	984	0	0	0	0
69	0	0	820	661	672	983	0	0	0	0
70	0	0	821	660	672	971	0	0	0	0
71	0	0	821	661	672	975	0	0	0	0
72	0	0	822	661	672	979	0	0	0	0
73	0	0	822	661	672	973	0	0	0	0
74	0	0	822	662	673	967	0	0	0	0
75	0	0	823	663	672	965	0	0	0	0
76	0	0	824	663	673	963	0	0	0	0
77	0	0	823	662	673	958	0	0	0	0
78	0	0	824	663	673	952	0	0	0	0
79	0	0	823	664	673	949	0	0	0	0
80	0	0	823	664	674	939	0	0	0	0
81	0	0	823	665	674	938	0	0	0	0
82	0	0	823	666	674	940	0	0	0	0
83	0	0	823	665	674	935	0	0	0	0
84	0	0	824	665	675	930	0	0	0	0
85	0	0	823	666	675	927	0	0	0	0
86	0	0	824	666	675	928	0	0	0	0
87	0	0	824	667	674	937	0	0	0	0
88	0	0	826	669	675	930	0	0	0	0
89	0	0	827	669	676	929	0	0	0	0
90	0	0	827	669	677	923	0	0	0	0
91	0	0	828	669	678	926	0	0	0	0
92	0	0	828	670	678	928	0	0	0	0
93	0	0	830	672	679	933	0	0	0	0
94	0	0	831	673	679	926	0	0	0	0
95	0	0	830	673	679	915	0	0	0	0
96	0	0	831	675	680	919	0	0	0	0
97	0	0	832	675	680	910	0	0	0	0
98	0	0	833	676	681	903	0	0	0	0
99	0	0	835	677	681	902	0	0	0	0
100	0	0	832	678	682	902	0	0	0	0
101	0	0	835	679	682	889	0	0	0	0
102	0	0	835	679	682	891	0	0	0	0
103	0	0	834	680	683	887	0	0	0	0
104	0	0	834	682	683	896	0	0	0	0
105	0	0	834	683	684	902	0	0	0	0
106	0	0	834	684	684	900	0	0	0	0
107	0	0	836	683	685	899	0	0	0	0
108	0	0	835	685	685	886	0	0	0	0
109	0	0	834	685	684	895	0	0	0	0
110	0	0	834	686	685	893	0	0	0	0
111	0	0	834	687	685	895	0	0	0	0
112	0	0	833	687	685	890	0	0	0	0
113	0	0	834	688	685	890	0	0	0	0
114	0	0	833	687	686	866	0	0	0	0
115	0	0	831	688	685	864	0	0	0	0
116	0	0	830	690	686	855	0	0	0	0
117	0	0	829	691	688	858	0	0	0	0
118	0	0	828	691	687	847	0	0	0	0
119	0	0	827	693	687	841	0	0	0	0
120	0	0	827	693	687	833	0	0	0	0
121	0	0	827	694	688	837	0	0	0	0
122	0	0	826	695	688	830	0	0	0	0
123	0	0	828	696	689	835	0	0	0	0
124	0	0	827	698	689	835	0	0	0	0
125	0	0	825	697	689	827	0	0	0	0
126	0	0	825	698	691	824	0	0	0	0
127	0	0	824	699	690	825	0	0	0	0
0	0	0	825	701	692	815	0	0	0	0
1	0	0	825	701	691	818	0	0	0	0
2	0	0	824	702	692	820	0	0	0	0
3	0	0	822	703	693	818	0	0	0	0
4	0	0	822	704	693	814	0	0	0	0
5	0	0	822	704	693	809	0	0	0	0
6	0	0	822	705	694	812	0	0	0	0
7	0	0	821	706	694	825	0	0	0	0
8	0	0	821	707	692	825	0	0	0	0
9	0	0	822	707	693	825	0	0	0	0
10	0	0	819	708	693	821	0	0	0	0
11	0	0	820	709	693	825	0	0	0	0
12	0	0	818	710	693	822	0	0	0	0
13	0	0	818	709	693	823	0	0	0	0
14	0	0	818	709	691	822	0	0	0	0
15	0	0	816	710	690	822	0	0	0	0
16	0	0	811	709	693	826	0	0	0	0
17	0	0	809	710	695	828	0	0	0	0
18	0	0	810	711	696	830	0	0	0	0
19	0	0	812	713	695	832	0	0	0	0
20	0	0	811	713	695	837	0	0	0	0
21	0	0	811	714	696	834	0	0	0	0
22	0	0	809	714	697	836	0	0	0	0
23	0	0	808	715	696	836	0	0	0	0
24	0	0	808	715	697	838	0	0	0	0
25	0	0	806	716	698	836	0	0	0	0
26	0	0	805	716	696	833	0	0	0	0
27	0	0	804	718	700	835	0	0	0	0
28	0	0	805	719	701	837	0	0	0	0
29	0	0	803	718	700	840	0	0	0	0
30	0	0	803	720	702	839	0	0	0	0
31	0	0	802	721	702	840	0	0	0	0
32	0	0	802	721	702	843	0	0	0	0
33	0	0	802	722	703	840	0	0	0	0
34	0	0	802	722	703	841	0	0	0	0
35	0	0	801	724	705	846	0	0	0	0
36	0	0	802	725	705	847	0	0	0	0
37	0	0	800	727	705	848	0	0	0	0
38	0	0	800	727	706	854	0	0	0	0
39	0	0	800	727	708	856	0	0	0	0
40	0	0	800	729	709	855	0	0	0	0
41	0	0	799	729	710	862	0	0	0	0
42	0	0	798	730	710	857	0	0	0	0
43	0	0	798	730	712	853	0	0	0	0
44	0	0	798	730	711	851	0	0	0	0
45	0	0	796	731	713	850	0	0	0	0
46	0	0	795	730	714	847	0	0	0	0
47	0	0	795	732	716	846	0	0	0	0
48	0	0	794	732	718	841	0	0	0	0
49	0	0	794	733	715	840	0	0	0	0
50	0	0	793	732	719	839	0	0	0	0
51	0	0	794	732	720	842	0	0	0	0
52	0	0	792	732	720	842	0	0	0	0
53	0	0	792	730	719	842	0	0	0	0
54	0	0	792	730	720	842	0	0	0	0
55	0	0	793	730	721	843	0	0	0	0
56	0	0	791	730	721	846	0	0	0	0
57	0	0	792	727	721	845	0	0	0	0
58	0	0	791	727	722	846	0	0	0	0
59	0	0	791	726	722	845	0	0	0	0
60	0	0	790	726	723	845	0	0	0	0
61	0	0	789	725	723	839	0	0	0	0
62	0	0	788	725	723	838	0	0	0	0
63	0	0	788	725	725	839	0	0	0	0
64	0	0	788	724	725	842	0	0	0	0
65	0	0	787	723	725	840	0	0	0	0
66	0	0	787	722	727	836	0	0	0	0
67	0	0	787	720	727	837	0	0	0	0
68	0	0	788	719	723	838	0	0	0	0
69	0	0	786	719	727	837	0	0	0	0
70	0	0	786	718	728	835	0	0	0	0
71	0	0	787	716	727	834	0	0	0	0
72	0	0	785	715	728	836	0	0	0	0
73	0	0	786	715	728	835	0	0	0	0
74	0	0	786	714	727	830	0	0	0	0
75	0	0	785	713	727	840	0	0	0	0
76	0	0	785	711	727	841	0	0	0	0
77	0	0	785	709	726	839	0	0	0	0
78	0	0	785	707	724	838	0	0	0	0
79	0	0	785	705	725	838	0	0	0	0
80	0	0	787	704	725	839	0	0	0	0
81	0	0	787	703	724	837	0	0	0	0
82	0	0	786	701	723	840	0	0	0	0
83	0	0	788	700	721	840	0	0	0	0
84	0	0	788	698	721	837	0	0	0	0
85	0	0	788	697	719	836	0	0	0	0
86	0	0	791	694	719	838	0	0	0	0
87	0	0	791	693	718	835	0	0	0	0
88	0	0	792	691	716	837	0	0	0	0
89	0	0	793	691	715	836	0	0	0	0
90	0	0	795	689	713	834	0	0	0	0
91	0	0	794	687	713	829	0	0	0	0
92	0	0	794	686	712	832	0	0	0	0
93	0	0	796	684	711	833	0	0	0	0
94	0	0	795	683	710	829	0	0	0	0
95	0	0	796	681	709	831	0	0	0	0
96	0	0	797	679	709	831	0	0	0	0
97	0	0	797	677	708	834	0	0	0	0
98	0	0	798	677	707	836	0	0	0	0
99	0	0	798	675	707	827	0	0	0	0
100	0	0	797	674	706	828	0	0	0	0
101	0	0	798	672	707	828	0	0	0	0
102	0	0	799	671	707	829	0	0	0	0
103	0	0	800	670	706	821	0	0	0	0
104	0	0	800	669	706	823	0	0	0	0
105	0	0	802	668	706	820	0	0	0	0
106	0	0	803	667	705	816	0	0	0	0
107	0	0	804	668	705	814	0	0	0	0
108	0	0	805	666	705	810	0	0	0	0
109	0	0	806	666	705	814	0	0	0	0
110	0	0	806	666	705	810	0	0	0	0
111	0	0	807	665	705	809	0	0	0	0
112	0	0	808	665	704	807	0	0	0	0
113	0	0	810	663	704	799	0	0	0	0
114	0	0	809	663	704	814	0	0	0	0
115	0	0	808	662	704	807	0	0	0	0
116	0	0	809	661	705	808	0	0	0	0
117	0	0	808	662	705	817	0	0	0	0
118	0	0	807	661	706	826	0	0	0	0
119	0	0	807	661	706	824	0	0	0	0
120	0	0	807	660	705	824	0	0	0	0
121	0	0	807	660	706	820	0	0	0	0
122	0	0	806	660	706	822	0	0	0	0
123	0	0	806	659	707	824	0	0	0	0
124	0	0	806	659	706	821	0	0	0	0
125	0	0	806	658	706	818	0	0	0	0
126	0	0	807	658	706	820	0	0	0	0
127	0	0	806	657	706	817	0	0	0	0
0	0	0	807	657	706	816	0	0	0	0
1	0	0	806	657	705	816	0	0	0	0
2	0	0	806	656	706	807	0	0	0	0
3	0	0	806	657	706	830	0	0	0	0
4	0	0	806	656	706	835	0	0	0	0
5	0	0	807	656	706	837	0	0	0	0
6	0	0	807	655	705	841	0	0	0	0
7	0	0	807	655	705	844	0	0	0	0
8	0	0	808	654	704	847	0	0	0	0
9	0	0	807	653	703	851	0	0	0	0
10	0	0	808	654	704	849	0	0	0	0
11	0	0	808	655	705	851	0	0	0	0
12	0	0	809	653	703	853	0	0	0	0
13	0	0	808	653	702	853	0	0	0	0
14	0	0	808	652	701	852	0	0	0	0
15	0	0	809	653	700	854	0	0	0	0
16	0	0	810	652	700	858	0	0	0	0
17	0	0	809	653	698	859	0	0	0	0
18	0	0	809	652	697	865	0	0	0	0
19	0	0	810	653	696	865	0	0	0	0
20	0	0	811	653	696	863	0	0	0	0
21	0	0	812	653	695	867	0	0	0	0
22	0	0	813	654	693	867	0	0	0	0
23	0	0	812	653	691	871	0	0	0	0
24	0	0	812	654	691	871	0	0	0	0
25	0	0	813	655	690	871	0	0	0	0
26	0	0	814	655	689	875	0	0	0	0
27	0	0	813	655	687	873	0	0	0	0
28	0	0	813	657	687	875	0	0	0	0
29	0	0	811	657	686	875	0	0	0	0
30	0	0	813	656	685	881	0	0	0	0
31	0	0	812	657	684	885	0	0	0	0
32	0	0	812	658	682	886	0	0	0	0
33	0	0	811	657	683	891	0	0	0	0
34	0	0	812	657	682	893	0	0	0	0
35	0	0	812	658	682	893	0	0	0	0
36	0	0	812	658	681	894	0	0	0	0
37	0	0	812	658	682	897	0	0	0	0
38	0	0	811	657	682	896	0	0	0	0
39	0	0	811	657	682	900	0	0	0	0
40	0	0	811	659	680	901	0	0	0	0
41	0	0	810	658	681	905	0	0	0	0
42	0	0	811	659	682	902	0	0	0	0
43	0	0	810	660	682	905	0	0	0	0
44	0	0	810	661	682	912	0	0	0	0
45	0	0	810	661	682	913	0	0	0	0
46	0	0	808	662	683	918	0	0	0	0
47	0	0	808	664	684	922	0	0	0	0
48	0	0	808	664	683	930	0	0	0	0
49	0	0	808	665	683	933	0	0	0	0
50	0	0	808	666	684	945	0	0	0	0
51	0	0	807	666	683	951	0	0	0	0
52	0	0	808	668	683	962	0	0	0	0
53	0	0	806	669	683	972	0	0	0	0
54	0	0	805	670	683	978	0	0	0	0
55	0	0	806	670	685	989	0	0	0	0
56	0	0	806	671	684	999	0	0	0	0
57	0	0	805	672	684	1001	0	0	0	0
58	0	0	806	673	685	1004	0	0	0	0
59	0	0	806	673	684	1007	0	0	0	0
60	0	0	806	675	684	1016	0	0	0	0
61	0	0	806	675	684	1025	0	0	0	0
62	0	0	804	675	682	1031	0	0	0	0
63	0	0	805	676	682	1037	0	0	0	0
64	0	0	804	677	682	1040	0	0	0	0
65	0	0	805	677	682	1043	0	0	0	0
66	0	0	805	678	682	1052	0	0	0	0
67	0	0	806	678	681	1062	0	0	0	0
68	0	0	807	677	681	1071	0	0	0	0
69	0	0	807	678	681	1076	0	0	0	0
70	0	0	808	679	681	1077	0	0	0	0
71	0	0	810	681	681	1092	0	0	0	0
72	0	0	810	681	681	1105	0	0	0	0
73	0	0	809	680	681	1111	0	0	0	0
74	0	0	809	681	681	1112	0	0	0	0
75	0	0	809	683	682	1115	0	0	0	0
76	0	0	810	684	682	1119	0	0	0	0
77	0	0	809	684	681	1121	0	0	0	0
78	0	0	808	685	681	1125	0	0	0	0
79	0	0	808	685	682	1119	0	0	0	0
80	0	0	808	685	682	1121	0	0	0	0
81	0	0	810	686	683	1129	0	0	0	0
82	0	0	811	686	682	1130	0	0	0	0
83	0	0	810	687	682	1132	0	0	0	0
84	0	0	810	687	682	1135	0	0	0	0
85	0	0	810	687	681	1130	0	0	0	0
86	0	0	810	687	681	1121	0	0	0	0
87	0	0	810	687	681	1126	0	0	0	0
88	0	0	810	688	681	1129	0	0	0	0
89	0	0	811	688	681	1134	0	0	0	0
90	0	0	809	689	682	1136	0	0	0	0
91	0	0	810	689	680	1143	0	0	0	0
92	0	0	810	688	680	1147	0	0	0	0
93	0	0	810	688	679	1148	0	0	0	0
94	0	0	811	688	680	1148	0	0	0	0
95	0	0	811	688	680	1156	0	0	0	0
96	0	0	811	688	679	1165	0	0	0	0
97	0	0	810	689	680	1159	0	0	0	0
98	0	0	810	689	680	1163	0	0	0	0
99	0	0	811	689	680	1180	0	0	0	0
100	0	0	811	689	679	1181	0	0	0	0
101	0	0	809	686	679	1192	0	0	0	0
102	0	0	810	686	679	1211	0	0	0	0
103	0	0	811	686	678	1225	0	0	0	0
104	0	0	811	685	679	1242	0	0	0	0
105	0	0	811	686	678	1219	0	0	0	0
106	0	0	813	686	676	1227	0	0	0	0
107	0	0	813	686	677	1255	0	0	0	0
108	0	0	813	686	676	1266	0	0	0	0
109	0	0	813	684	675	1271	0	0	0	0
110	0	0	814	683	675	1281	0	0	0	0
111	0	0	815	683	674	1283	0	0	0	0
112	0	0	815	683	674	1318	0	0	0	0
113	0	0	816	682	673	1332	0	0	0	0
114	0	0	817	683	673	1333	0	0	0	0
115	0	0	817	681	673	1342	0	0	0	0
116	0	0	816	682	672	1345	0	0	0	0
117	0	0	818	682	672	1347	0	0	0	0
118	0	0	819	681	672	1367	0	0	0	0
119	0	0	819	681	672	1380	0	0	0	0
120	0	0	819	679	674	1366	0	0	0	0
121	0	0	818	679	670	1384	0	0	0	0
122	0	0	819	678	671	1369	0	0	0	0
123	0	0	818	678	672	1397	0	0	0	0
124	0	0	817	676	672	1429	0	0	0	0
125	0	0	818	675	672	1442	0	0	0	0
126	0	0	816	674	671	1444	0	0	0	0
127	0	0	815	673	670	1459	0	0	0	0
0	0	0	814	672	670	1462	0	0	0	0
1	0	0	813	671	671	1462	0	0	0	0
2	0	0	813	671	670	1461	0	0	0	0
3	0	0	813	669	669	1479	0	0	0	0
4	0	0	813	669	670	1487	0	0	0	0
5	0	0	812	668	669	1491	0	0	0	0
6	0	0	813	665	669	1499	0	0	0	0
7	0	0	812	664	668	1509	0	0	0	0
8	0	0	811	662	669	1515	0	0	0	0
9	0	0	811	661	668	1519	0	0	0	0
10	0	0	811	660	667	1515	0	0	0	0
11	0	0	812	659	667	1525	0	0	0	0
12	0	0	814	658	665	1529	0	0	0	0
13	0	0	813	659	666	1528	0	0	0	0
14	0	0	813	658	665	1532	0	0	0	0
15	0	0	814	658	664	1534	0	0	0	0
16	0	0	813	657	665	1537	0	0	0	0
17	0	0	812	658	665	1541	0	0	0	0
18	0	0	812	658	664	1543	0	0	0	0
19	0	0	811	656	664	1549	0	0	0	0
20	0	0	812	657	664	1557	0	0	0	0
21	0	0	810	657	663	1561	0	0	0	0
22	0	0	809	657	663	1570	0	0	0	0
23	0	0	809	657	663	1584	0	0	0	0
24	0	0	809	657	663	1591	0	0	0	0
25	0	0	809	657	663	1596	0	0	0	0
26	0	0	810	657	664	1602	0	0	0	0
27	0	0	810	657	665	1622	0	0	0	0
28	0	0	811	656	665	1634	0	0	0	0
29	0	0	813	657	664	1637	0	0	0	0
30	0	0	813	657	665	1632	0	0	0	0
31	0	0	815	656	665	1644	0	0	0	0
32	0	0	816	656	665	1651	0	0	0	0
33	0	0	818	656	665	1652	0	0	0	0
34	0	0	817	657	665	1665	0	0	0	0
35	0	0	818	657	664	1671	0	0	0	0
36	0	0	819	658	665	1679	0	0	0	0
37	0	0	821	657	667	1686	0	0	0	0
38	0	0	820	657	667	1692	0	0	0	0
39	0	0	821	658	667	1699	0	0	0	0
40	0	0	820	660	667	1708	0	0	0	0
41	0	0	821	660	666	1713	0	0	0	0
42	0	0	821	660	667	1716	0	0	0	0
43	0	0	821	659	668	1714	0	0	0	0
44	0	0	821	660	668	1714	0	0	0	0
45	0	0	820	661	668	1717	0	0	0	0
46	0	0	822	661	668	1721	0	0	0	0
47	0	0	822	663	669	1728	0	0	0	0
48	0	0	822	663	668	1736	0	0	0	0
49	0	0	821	663	666	1735	0	0	0	0
50	0	0	818	662	664	1737	0	0	0	0
51	0	0	816	661	663	1738	0	0	0	0
52	0	0	817	661	662	1743	0	0	0	0
53	0	0	815	659	662	1742	0	0	0	0
54	0	0	816	658	659	1748	0	0	0	0
55	0	0	816	656	657	1754	0	0	0	0
56	0	0	817	656	657	1770	0	0	0	0
57	0	0	819	654	657	1778	0	0	0	0
58	0	0	821	653	655	1783	0	0	0	0
59	0	0	823	653	655	1783	0	0	0	0
60	0	0	826	652	655	1782	0	0	0	0
61	0	0	829	652	654	1783	0	0	0	0
62	0	0	831	651	654	1786	0	0	0	0
63	0	0	831	651	655	1785	0	0	0	0
64	0	0	833	652	654	1797	0	0	0	0
65	0	0	834	652	652	1801	0	0	0	0
66	0	0	835	653	652	1807	0	0	0	0
67	0	0	836	653	651	1807	0	0	0	0
68	0	0	836	652	652	1810	0	0	0	0
69	0	0	835	654	650	1810	0	0	0	0
70	0	0	836	652	648	1814	0	0	0	0
71	0	0	836	652	647	1821	0	0	0	0
72	0	0	836	652	647	1826	0	0	0	0
73	0	0	837	651	646	1826	0	0	0	0
74	0	0	839	649	647	1826	0	0	0	0
75	0	0	838	650	645	1825	0	0	0	0
76	0	0	840	649	646	1823	0	0	0	0
77	0	0	841	648	645	1825	0	0	0	0
78	0	0	841	647	643	1832	0	0	0	0
79	0	0	841	646	643	1832	0	0	0	0
80	0	0	842	645	643	1837	0	0	0	0
81	0	0	842	645	643	1840	0	0	0	0
82	0	0	843	643	643	1849	0	0	0	0
83	0	0	844	642	642	1859	0	0	0	0
84	0	0	843	642	643	1868	0	0	0	0
85	0	0	843	641	642	1878	0	0	0	0
86	0	0	844	639	642	1887	0	0	0	0
87	0	0	842	638	643	1892	0	0	0	0
88	0	0	841	637	643	1897	0	0	0	0
89	0	0	840	635	644	1908	0	0	0	0
90	0	0	838	633	644	1919	0	0	0	0
91	0	0	837	629	643	1924	0	0	0	0
92	0	0	835	627	643	1926	0	0	0	0
93	0	0	834	624	643	1926	0	0	0	0
94	0	0	833	623	644	1925	0	0	0	0
95	0	0	834	623	644	1932	0	0	0	0
96	0	0	835	622	644	1935	0	0	0	0
97	0	0	835	619	643	1936	0	0	0	0
98	0	0	834	619	643	1932	0	0	0	0
99	0	0	834	618	643	1932	0	0	0	0
100	0	0	834	616	643	1935	0	0	0	0
101	0	0	834	615	642	1935	0	0	0	0
102	0	0	834	614	641	1941	0	0	0	0
103	0	0	833	613	642	1941	0	0	0	0
104	0	0	833	611	641	1945	0	0	0	0
105	0	0	833	610	640	1950	0	0	0	0
106	0	0	833	609	639	1951	0	0	0	0
107	0	0	832	608	638	1962	0	0	0	0
108	0	0	834	605	639	1971	0	0	0	0
109	0	0	833	605	638	1977	0	0	0	0
110	0	0	834	604	637	1978	0	0	0	0
111	0	0	836	604	636	1977	0	0	0	0
112	0	0	835	603	636	1984	0	0	0	0
113	0	0	834	603	636	1986	0	0	0	0
114	0	0	835	605	636	1994	0	0	0	0
115	0	0	835	604	636	2000	0	0	0	0
116	0	0	835	604	637	2001	0	0	0	0
117	0	0	836	604	638	2005	0	0	0	0
118	0	0	835	605	637	2014	0	0	0	0
119	0	0	835	606	638	2016	0	0	0	0
120	0	0	835	606	638	2018	0	0	0	0
121	0	0	835	606	639	2021	0	0	0	0
122	0	0	835	606	639	2025	0	0	0	0
123	0	0	835	607	641	2029	0	0	0	0
124	0	0	836	608	641	2033	0	0	0	0
125	0	0	835	608	641	2035	0	0	0	0
126	0	0	835	609	643	2036	0	0	0	0
127	0	0	834	609	643	2037	0	0	0	0
0	0	0	834	610	643	2040	0	0	0	0
1	0	0	833	610	642	2039	0	0	0	0
2	0	0	833	610	643	2041	0	0	0	0
3	0	0	834	610	643	2039	0	0	0	0
4	0	0	834	612	644	2041	0	0	0	0
5	0	0	835	614	644	2041	0	0	0	0
6	0	0	835	613	644	2046	0	0	0	0
7	0	0	833	614	645	2049	0	0	0	0
8	0	0	833	614	647	2051	0	0	0	0
9	0	0	833	614	645	2056	0	0	0	0
10	0	0	834	613	645	2070	0	0	0	0
11	0	0	834	614	646	2075	0	0	0	0
12	0	0	834	614	646	2073	0	0	0	0
13	0	0	835	613	647	2072	0	0	0	0
14	0	0	833	613	647	2072	0	0	0	0
15	0	0	834	613	647	2069	0	0	0	0
16	0	0	834	611	647	2071	0	0	0	0
17	0	0	835	613	648	2069	0	0	0	0
18	0	0	833	611	648	2072	0	0	0	0
19	0	0	834	611	648	2074	0	0	0	0
20	0	0	834	609	648	2076	0	0	0	0
21	0	0	834	607	649	2074	0	0	0	0
22	0	0	834	607	648	2073	0	0	0	0
23	0	0	836	604	648	2073	0	0	0	0
24	0	0	836	603	648	2072	0	0	0	0
25	0	0	837	601	649	2068	0	0	0	0
26	0	0	835	600	647	2068	0	0	0	0
27	0	0	837	599	647	2068	0	0	0	0
28	0	0	835	597	649	2068	0	0	0	0
29	0	0	834	596	647	2067	0	0	0	0
30	0	0	834	595	647	2072	0	0	0	0
31	0	0	835	594	648	2074	0	0	0	0
32	0	0	835	592	649	2077	0	0	0	0
33	0	0	834	593	648	2076	0	0	0	0
34	0	0	834	593	649	2077	0	0	0	0
35	0	0	834	591	649	2075	0	0	0	0
36	0	0	837	591	649	2076	0	0	0	0
37	0	0	838	590	650	2078	0	0	0	0
38	0	0	838	589	650	2075	0	0	0	0
39	0	0	839	588	648	2076	0	0	0	0
40	0	0	841	588	647	2075	0	0	0	0
41	0	0	842	587	648	2074	0	0	0	0
42	0	0	842	584	648	2078	0	0	0	0
43	0	0	843	584	648	2076	0	0	0	0
44	0	0	844	582	647	2073	0	0	0	0
45	0	0	844	580	645	2073	0	0	0	0
46	0	0	845	580	645	2075	0	0	0	0
47	0	0	846	579	643	2079	0	0	0	0
48	0	0	846	576	642	2080	0	0	0	0
49	0	0	845	577	643	2076	0	0	0	0
50	0	0	845	574	642	2072	0	0	0	0
51	0	0	847	574	642	2072	0	0	0	0
52	0	0	846	572	641	2072	0	0	0	0
53	0	0	846	571	641	2075	0	0	0	0
54	0	0	846	571	640	2074	0	0	0	0
55	0	0	846	570	640	2075	0	0	0	0
56	0	0	843	568	639	2077	0	0	0	0
57	0	0	842	567	639	2078	0	0	0	0
58	0	0	842	567	639	2076	0	0	0	0
59	0	0	842	567	638	2074	0	0	0	0
60	0	0	839	566	639	2074	0	0	0	0
61	0	0	837	566	639	2074	0	0	0	0
62	0	0	836	566	638	2072	0	0	0	0
63	0	0	835	565	639	2073	0	0	0	0
64	0	0	836	565	638	2077	0	0	0	0
65	0	0	835	565	639	2077	0	0	0	0
66	0	0	835	564	638	2079	0	0	0	0
67	0	0	835	564	638	2078	0	0	0	0
68	0	0	835	564	637	2078	0	0	0	0
69	0	0	834	564	637	2078	0	0	0	0
70	0	0	834	563	634	2078	0	0	0	0
71	0	0	836	564	635	2079	0	0	0	0
72	0	0	834	565	634	2081	0	0	0	0
73	0	0	836	564	634	2085	0	0	0	0
74	0	0	836	564	633	2087	0	0	0	0
75	0	0	836	563	631	2085	0	0	0	0
76	0	0	836	563	633	2088	0	0	0	0
77	0	0	835	564	633	2093	0	0	0	0
78	0	0	833	564	633	2092	0	0	0	0
79	0	0	833	565	633	2094	0	0	0	0
80	0	0	832	565	633	2095	0	0	0	0
81	0	0	830	565	635	2097	0	0	0	0
82	0	0	829	566	636	2099	0	0	0	0
83	0	0	829	567	638	2105	0	0	0	0
84	0	0	826	566	638	2110	0	0	0	0
85	0	0	825	566	638	2111	0	0	0	0
86	0	0	823	567	640	2109	0	0	0	0
87	0	0	821	566	640	2112	0	0	0	0
88	0	0	822	566	641	2107	0	0	0	0
89	0	0	821	566	641	2112	0	0	0	0
90	0	0	821	565	641	2108	0	0	0	0
91	0	0	819	565	642	2110	0	0	0	0
92	0	0	820	564	641	2108	0	0	0	0
93	0	0	818	564	641	2108	0	0	0	0
94	0	0	818	564	641	2110	0	0	0	0
95	0	0	818	562	641	2109	0	0	0	0
96	0	0	817	562	641	2113	0	0	0	0
97	0	0	818	561	641	2110	0	0	0	0
98	0	0	818	561	641	2113	0	0	0	0
99	0	0	816	560	641	2115	0	0	0	0
100	0	0	817	560	641	2119	0	0	0	0
101	0	0	818	560	641	2120	0	0	0	0
102	0	0	818	560	641	2117	0	0	0	0
103	0	0	818	559	642	2118	0	0	0	0
104	0	0	816	557	641	2120	0	0	0	0
105	0	0	816	557	641	2121	0	0	0	0
106	0	0	816	556	641	2124	0	0	0	0
107	0	0	815	556	641	2128	0	0	0	0
108	0	0	814	555	641	2125	0	0	0	0
109	0	0	814	556	641	2128	0	0	0	0
110	0	0	814	556	641	2127	0	0	0	0
111	0	0	813	556	641	2126	0	0	0	0
112	0	0	813	556	641	2130	0	0	0	0
113	0	0	815	555	641	2136	0	0	0	0
114	0	0	817	555	639	2139	0	0	0	0
115	0	0	817	555	639	2141	0	0	0	0
116	0	0	818	554	639	2149	0	0	0	0
117	0	0	819	553	637	2153	0	0	0	0
118	0	0	822	553	635	2156	0	0	0	0
119	0	0	823	553	634	2159	0	0	0	0
120	0	0	825	553	633	2157	0	0	0	0
121	0	0	827	552	631	2159	0	0	0	0
122	0	0	828	552	630	2161	0	0	0	0
123	0	0	829	552	629	2166	0	0	0	0
124	0	0	830	552	627	2168	0	0	0	0
125	0	0	830	552	627	2174	0	0	0	0
126	0	0	831	552	626	2179	0	0	0	0
127	0	0	832	553	624	2182	0	0	0	0
0	0	0	833	553	625	2189	0	0	0	0
1	0	0	833	553	624	2196	0	0	0	0
2	0	0	834	554	623	2199	0	0	0	0
3	0	0	834	554	623	2201	0	0	0	0
4	0	0	834	554	624	2208	0	0	0	0
5	0	0	835	553	623	2211	0	0	0	0
6	0	0	837	555	623	2216	0	0	0	0
7	0	0	837	555	622	2219	0	0	0	0
8	0	0	838	555	622	2221	0	0	0	0
9	0	0	837	556	620	2228	0	0	0	0
10	0	0	837	555	621	2233	0	0	0	0
11	0	0	838	555	620	2242	0	0	0	0
12	0	0	839	555	620	2247	0	0	0	0
13	0	0	838	556	619	2250	0	0	0	0
14	0	0	839	554	618	2247	0	0	0	0
15	0	0	841	554	617	2253	0	0	0	0
16	0	0	842	556	616	2255	0	0	0	0
17	0	0	842	557	615	2255	0	0	0	0
18	0	0	843	558	613	2254	0	0	0	0
19	0	0	843	557	613	2255	0	0	0	0
20	0	0	843	557	613	2255	0	0	0	0
21	0	0	844	556	612	2259	0	0	0	0
22	0	0	842	557	610	2261	0	0	0	0
23	0	0	842	558	609	2267	0	0	0	0
24	0	0	842	558	608	2275	0	0	0	0
25	0	0	842	559	608	2281	0	0	0	0
26	0	0	842	559	606	2285	0	0	0	0
27	0	0	842	559	606	2290	0	0	0	0
28	0	0	841	558	605	2294	0	0	0	0
29	0	0	840	559	604	2296	0	0	0	0
30	0	0	841	557	603	2301	0	0	0	0
31	0	0	841	558	602	2308	0	0	0	0
32	0	0	839	557	600	2315	0	0	0	0
33	0	0	839	556	598	2317	0	0	0	0
34	0	0	841	556	599	2322	0	0	0	0
35	0	0	842	555	595	2326	0	0	0	0
36	0	0	841	554	594	2330	0	0	0	0
37	0	0	841	555	591	2342	0	0	0	0
38	0	0	841	555	591	2349	0	0	0	0
39	0	0	843	556	590	2349	0	0	0	0
40	0	0	843	555	587	2354	0	0	0	0
41	0	0	841	556	586	2356	0	0	0	0
42	0	0	841	554	585	2361	0	0	0	0
43	0	0	841	555	584	2369	0	0	0	0
44	0	0	840	555	583	2383	0	0	0	0
45	0	0	840	555	582	2391	0	0	0	0
46	0	0	838	555	581	2397	0	0	0	0
47	0	0	838	555	581	2402	0	0	0	0
48	0	0	836	555	580	2406	0	0	0	0
49	0	0	837	554	581	2409	0	0	0	0
50	0	0	838	554	579	2418	0	0	0	0
51	0	0	836	555	579	2426	0	0	0	0
52	0	0	834	554	579	2433	0	0	0	0
53	0	0	834	555	578	2437	0	0	0	0
54	0	0	834	554	577	2443	0	0	0	0
55	0	0	835	554	577	2446	0	0	0	0
56	0	0	834	553	576	2455	0	0	0	0
57	0	0	834	553	575	2465	0	0	0	0
58	0	0	832	553	575	2472	0	0	0	0
59	0	0	833	552	575	2479	0	0	0	0
60	0	0	832	552	574	2484	0	0	0	0
61	0	0	831	551	574	2495	0	0	0	0
62	0	0	828	551	573	2504	0	0	0	0
63	0	0	828	550	572	2512	0	0	0	0
64	0	0	826	550	572	2524	0	0	0	0
65	0	0	827	550	570	2531	0	0	0	0
66	0	0	827	550	571	2535	0	0	0	0
67	0	0	826	551	571	2539	0	0	0	0
68	0	0	826	549	571	2540	0	0	0	0
69	0	0	824	550	571	2546	0	0	0	0
70	0	0	823	550	573	2552	0	0	0	0
71	0	0	822	549	573	2557	0	0	0	0
72	0	0	821	549	573	2563	0	0	0	0
73	0	0	819	547	573	2571	0	0	0	0
74	0	0	819	548	573	2576	0	0	0	0
75	0	0	820	546	574	2583	0	0	0	0
76	0	0	820	546	574	2588	0	0	0	0
77	0	0	820	545	575	2587	0	0	0	0
78	0	0	819	544	575	2593	0	0	0	0
79	0	0	818	543	575	2596	0	0	0	0
80	0	0	818	542	575	2599	0	0	0	0
81	0	0	817	541	575	2600	0	0	0	0
82	0	0	818	539	577	2602	0	0	0	0
83	0	0	815	540	576	2608	0	0	0	0
84	0	0	818	539	576	2618	0	0	0	0
85	0	0	817	537	577	2627	0	0	0	0
86	0	0	818	537	578	2634	0	0	0	0
87	0	0	817	538	579	2637	0	0	0	0
88	0	0	817	537	580	2638	0	0	0	0
89	0	0	817	538	582	2645	0	0	0	0
90	0	0	817	537	582	2651	0	0	0	0
91	0	0	816	536	583	2656	0	0	0	0
92	0	0	816	537	583	2664	0	0	0	0
93	0	0	816	537	585	2669	0	0	0	0
94	0	0	815	536	588	2676	0	0	0	0
95	0	0	814	535	588	2681	0	0	0	0
96	0	0	813	534	590	2688	0	0	0	0
97	0	0	813	533	591	2691	0	0	0	0
98	0	0	813	532	592	2694	0	0	0	0
99	0	0	813	532	592	2705	0	0	0	0
100	0	0	812	531	594	2711	0	0	0	0
101	0	0	811	529	594	2716	0	0	0	0
102	0	0	811	528	595	2721	0	0	0	0
103	0	0	808	526	595	2727	0	0	0	0
104	0	0	808	525	595	2737	0	0	0	0
105	0	0	808	525	593	2744	0	0	0	0
106	0	0	808	523	593	2749	0	0	0	0
107	0	0	809	523	592	2756	0	0	0	0
108	0	0	809	522	591	2764	0	0	0	0
109	0	0	810	520	592	2763	0	0	0	0
110	0	0	812	520	591	2767	0	0	0	0
111	0	0	811	520	592	2777	0	0	0	0
112	0	0	814	520	594	2781	0	0	0	0
113	0	0	814	520	593	2781	0	0	0	0
114	0	0	814	521	593	2788	0	0	0	0
115	0	0	813	521	595	2794	0	0	0	0
116	0	0	814	521	595	2797	0	0	0	0
117	0	0	814	522	595	2801	0	0	0	0
118	0	0	812	521	596	2804	0	0	0	0
119	0	0	811	524	596	2803	0	0	0	0
120	0	0	812	524	597	2804	0	0	0	0
121	0	0	812	525	598	2808	0	0	0	0
122	0	0	810	525	598	2809	0	0	0	0
123	0	0	809	525	599	2806	0	0	0	0
124	0	0	807	525	601	2808	0	0	0	0
125	0	0	806	527	601	2810	0	0	0	0
126	0	0	805	528	603	2812	0	0	0	0
127	0	0	805	529	604	2813	0	0	0	0
0	0	0	803	530	604	2816	0	0	0	0
1	0	0	802	530	605	2819	0	0	0	0
2	0	0	803	532	606	2826	0	0	0	0
3	0	0	804	532	605	2827	0	0	0	0
4	0	0	804	533	605	2830	0	0	0	0
5	0	0	805	533	605	2836	0	0	0	0
6	0	0	805	535	604	2842	0	0	0	0
7	0	0	804	535	605	2845	0	0	0	0
8	0	0	804	537	605	2849	0	0	0	0
9	0	0	802	537	603	2850	0	0	0	0
10	0	0	802	539	604	2853	0	0	0	0
11	0	0	802	538	603	2854	0	0	0	0
12	0	0	800	539	603	2858	0	0	0	0
13	0	0	799	541	604	2865	0	0	0	0
14	0	0	796	541	603	2866	0	0	0	0
15	0	0	795	542	605	2871	0	0	0	0
16	0	0	795	543	604	2876	0	0	0	0
17	0	0	795	546	605	2880	0	0	0	0
18	0	0	794	549	606	2884	0	0	0	0
19	0	0	795	551	606	2892	0	0	0	0
20	0	0	797	552	605	2894	0	0	0	0
21	0	0	795	554	607	2896	0	0	0	0
22	0	0	795	555	607	2898	0	0	0	0
23	0	0	796	556	608	2901	0	0	0	0
24	0	0	796	559	609	2903	0	0	0	0
25	0	0	797	562	609	2907	0	0	0	0
26	0	0	798	565	610	2911	0	0	0	0
27	0	0	799	565	609	2913	0	0	0	0
28	0	0	799	567	609	2919	0	0	0	0
29	0	0	801	569	607	2924	0	0	0	0
30	0	0	801	570	607	2931	0	0	0	0
31	0	0	803	571	607	2935	0	0	0	0
32	0	0	805	573	606	2939	0	0	0	0
33	0	0	806	573	607	2946	0	0	0	0
34	0	0	806	575	605	2951	0	0	0	0
35	0	0	806	576	606	2955	0	0	0	0
36	0	0	809	578	607	2951	0	0	0	0
37	0	0	810	578	606	2953	0	0	0	0
38	0	0	809	580	608	2956	0	0	0	0
39	0	0	811	581	609	2956	0	0	0	0
40	0	0	812	582	610	2957	0	0	0	0
41	0	0	815	583	610	2956	0	0	0	0
42	0	0	816	584	611	2960	0	0	0	0
43	0	0	818	585	613	2956	0	0	0	0
44	0	0	820	588	613	2955	0	0	0	0
45	0	0	821	588	614	2956	0	0	0	0
46	0	0	823	590	615	2961	0	0	0	0
47	0	0	825	592	617	2959	0	0	0	0
48	0	0	827	593	619	2957	0	0	0	0
49	0	0	828	595	621	2955	0	0	0	0
50	0	0	828	596	623	2950	0	0	0	0
51	0	0	831	597	624	2941	0	0	0	0
52	0	0	833	600	626	2940	0	0	0	0
53	0	0	833	600	628	2941	0	0	0	0
54	0	0	835	602	629	2939	0	0	0	0
55	0	0	835	603	629	2937	0	0	0	0
56	0	0	837	605	630	2936	0	0	0	0
57	0	0	838	606	631	2931	0	0	0	0
58	0	0	838	607	632	2931	0	0	0	0
59	0	0	840	609	633	2926	0	0	0	0
60	0	0	840	611	633	2923	0	0	0	0
61	0	0	843	612	635	2923	0	0	0	0
62	0	0	843	614	636	2914	0	0	0	0
63	0	0	843	615	637	2907	0	0	0	0
64	0	0	844	617	637	2900	0	0	0	0
65	0	0	843	618	638	2891	0	0	0	0
66	0	0	845	619	639	2887	0	0	0	0
67	0	0	844	622	641	2881	0	0	0	0
68	0	0	845	623	643	2872	0	0	0	0
69	0	0	845	625	646	2860	0	0	0	0
70	0	0	844	625	647	2849	0	0	0	0
71	0	0	844	628	649	2837	0	0	0	0
72	0	0	846	630	651	2823	0	0	0	0
73	0	0	845	634	654	2794	0	0	0	0
74	0	0	846	635	657	2765	0	0	0	0
75	0	0	845	638	659	2745	0	0	0	0
76	0	0	845	641	662	2729	0	0	0	0
77	0	0	844	644	666	2707	0	0	0	0
78	0	0	841	647	670	2688	0	0	0	0
79	0	0	840	650	674	2669	0	0	0	0
80	0	0	838	654	677	2642	0	0	0	0
81	0	0	838	655	680	2591	0	0	0	0
82	0	0	837	659	682	2521	0	0	0	0
83	0	0	835	661	685	2469	0	0	0	0
84	0	0	833	662	687	2427	0	0	0	0
85	0	0	830	665	691	2423	0	0	0	0
86	0	0	830	667	694	2355	0	0	0	0
87	0	0	829	670	696	2268	0	0	0	0
88	0	0	828	673	699	2216	0	0	0	0
89	0	0	827	674	701	2143	0	0	0	0
90	0	0	826	678	704	2100	0	0	0	0
91	0	0	825	679	706	2021	0	0	0	0
92	0	0	824	681	709	1974	0	0	0	0
93	0	0	824	685	712	1915	0	0	0	0
94	0	0	822	686	713	1859	0	0	0	0
95	0	0	822	689	716	1803	0	0	0	0
96	0	0	823	691	718	1717	0	0	0	0
97	0	0	822	693	719	1534	0	0	0	0
98	0	0	821	695	720	1496	0	0	0	0
99	0	0	819	696	721	1453	0	0	0	0
100	0	0	819	699	723	1289	0	0	0	0
101	0	0	819	702	724	1180	0	0	0	0
102	0	0	819	705	725	1055	0	0	0	0
103	0	0	819	707	725	921	0	0	0	0
104	0	0	820	711	726	799	0	0	0	0
105	0	0	821	714	727	737	0	0	0	0
106	0	0	823	715	728	678	0	0	0	0
107	0	0	825	719	727	588	0	0	0	0
108	0	0	827	723	728	595	0	0	0	0
109	0	0	828	725	727	627	0	0	0	0
110	0	0	828	727	727	507	0	0	0	0
111	0	0	829	730	726	504	0	0	0	0
112	0	0	832	732	725	461	0	0	0	0
113	0	0	835	734	723	429	0	0	0	0
114	0	0	836	737	724	403	0	0	0	0
115	0	0	838	742	724	425	0	0	0	0
116	0	0	837	744	723	376	0	0	0	0
117	0	0	838	747	720	375	0	0	0	0
118	0	0	841	751	719	403	0	0	0	0
119	0	0	842	755	719	402	0	0	0	0
120	0	0	843	757	717	422	0	0	0	0
121	0	0	844	762	717	401	0	0	0	0
122	0	0	844	765	717	379	0	0	0	0
123	0	0	842	768	716	356	0	0	0	0
124	0	0	843	775	716	355	0	0	0	0
125	0	0	842	778	716	338	0	0	0	0
126	0	0	842	783	714	322	0	0	0	0
127	0	0	843	787	713	324	0	0	0	0
0	0	0	843	793	713	332	0	0	0	0
1	0	0	845	796	713	334	0	0	0	0
2	0	0	846	801	711	324	0	0	0	0
3	0	0	844	805	711	302	0	0	0	0
4	0	0	844	810	710	294	0	0	0	0
5	0	0	844	813	710	319	0	0	0	0
6	0	0	844	817	709	300	0	0	0	0
7	0	0	845	822	709	283	0	0	0	0
8	0	0	845	827	708	299	0	0	0	0
9	0	0	843	833	709	300	0	0	0	0
10	0	0	842	836	709	295	0	0	0	0
11	0	0	842	840	709	294	0	0	0	0
12	0	0	841	845	710	292	0	0	0	0
13	0	0	840	848	711	289	0	0	0	0
14	0	0	838	852	711	286	0	0	0	0
15	0	0	837	858	712	285	0	0	0	0
16	0	0	835	863	712	273	0	0	0	0
17	0	0	833	866	714	257	0	0	0	0
18	0	0	833	872	714	248	0	0	0	0
19	0	0	831	875	715	243	0	0	0	0
20	0	0	829	879	717	260	0	0	0	0
21	0	0	829	882	718	252	0	0	0	0
22	0	0	826	886	720	232	0	0	0	0
23	0	0	826	889	721	230	0	0	0	0
24	0	0	826	892	723	234	0	0	0	0
25	0	0	828	895	724	228	0	0	0	0
26	0	0	825	898	726	231	0	0	0	0
27	0	0	824	900	727	222	0	0	0	0
28	0	0	823	902	729	208	0	0	0	0
29	0	0	822	904	732	204	0	0	0	0
30	0	0	822	908	733	207	0	0	0	0
31	0	0	823	909	732	219	0	0	0	0
32	0	0	824	911	733	218	0	0	0	0
33	0	0	825	912	734	227	0	0	0	0
34	0	0	824	913	734	227	0	0	0	0
35	0	0	824	915	736	228	0	0	0	0
36	0	0	825	916	736	224	0	0	0	0
37	0	0	827	917	736	216	0	0	0	0
38	0	0	829	918	736	205	0	0	0	0
39	0	0	830	918	737	199	0	0	0	0
40	0	0	830	922	737	205	0	0	0	0
41	0	0	834	923	738	203	0	0	0	0
42	0	0	835	922	739	202	0	0	0	0
43	0	0	836	922	740	219	0	0	0	0
44	0	0	839	922	739	214	0	0	0	0
45	0	0	841	920	740	214	0	0	0	0
46	0	0	841	920	739	221	0	0	0	0
47	0	0	844	919	739	223	0	0	0	0
48	0	0	847	918	739	215	0	0	0	0
49	0	0	851	916	740	212	0	0	0	0
50	0	0	852	914	738	213	0	0	0	0
51	0	0	855	910	738	222	0	0	0	0
52	0	0	859	909	738	223	0	0	0	0
53	0	0	860	906	739	228	0	0	0	0
54	0	0	863	904	739	224	0	0	0	0
55	0	0	864	902	739	230	0	0	0	0
56	0	0	864	900	740	227	0	0	0	0
57	0	0	865	897	742	220	0	0	0	0
58	0	0	866	897	745	211	0	0	0	0
59	0	0	865	895	744	205	0	0	0	0
60	0	0	864	893	745	196	0	0	0	0
61	0	0	866	892	747	187	0	0	0	0
62	0	0	865	889	748	188	0	0	0	0
63	0	0	865	887	749	182	0	0	0	0
64	0	0	865	886	752	187	0	0	0	0
65	0	0	864	884	753	182	0	0	0	0
66	0	0	863	882	756	185	0	0	0	0
67	0	0	863	879	758	175	0	0	0	0
68	0	0	863	879	762	175	0	0	0	0
69	0	0	864	877	762	178	0	0	0	0
70	0	0	863	876	763	171	0	0	0	0
71	0	0	863	875	765	173	0	0	0	0
72	0	0	860	872	766	173	0	0	0	0
73	0	0	859	868	767	184	0	0	0	0
74	0	0	856	864	766	202	0	0	0	0
75	0	0	853	861	766	203	0	0	0	0
76	0	0	849	858	767	201	0	0	0	0
77	0	0	847	856	767	186	0	0	0	0
78	0	0	844	855	767	188	0	0	0	0
79	0	0	841	852	767	187	0	0	0	0
80	0	0	836	851	767	183	0	0	0	0
81	0	0	832	847	768	195	0	0	0	0
82	0	0	826	844	767	197	0	0	0	0
83	0	0	821	841	767	178	0	0	0	0
84	0	0	816	838	766	178	0	0	0	0
85	0	0	812	835	767	179	0	0	0	0
86	0	0	810	833	766	173	0	0	0	0
87	0	0	809	830	767	171	0	0	0	0
88	0	0	808	829	768	176	0	0	0	0
89	0	0	807	829	769	173	0	0	0	0
90	0	0	807	828	771	187	0	0	0	0
91	0	0	806	826	771	182	0	0	0	0
92	0	0	806	825	772	177	0	0	0	0
93	0	0	804	823	773	181	0	0	0	0
94	0	0	803	821	775	175	0	0	0	0
95	0	0	800	818	775	180	0	0	0	0
96	0	0	798	815	776	178	0	0	0	0
97	0	0	797	812	776	165	0	0	0	0
98	0	0	795	808	775	158	0	0	0	0
99	0	0	794	804	775	139	0	0	0	0
100	0	0	792	798	775	130	0	0	0	0
101	0	0	791	793	774	125	0	0	0	0
102	0	0	790	790	773	116	0	0	0	0
103	0	0	788	787	771	115	0	0	0	0
104	0	0	787	785	772	124	0	0	0	0
105	0	0	787	782	773	125	0	0	0	0
106	0	0	787	780	773	136	0	0	0	0
107	0	0	790	779	774	141	0	0	0	0
108	0	0	789	776	775	146	0	0	0	0
109	0	0	791	774	775	162	0	0	0	0
110	0	0	792	772	775	167	0	0	0	0
111	0	0	793	769	775	151	0	0	0	0
112	0	0	794	766	774	149	0	0	0	0
113	0	0	795	764	773	156	0	0	0	0
114	0	0	797	762	772	160	0	0	0	0
115	0	0	797	760	772	162	0	0	0	0
116	0	0	799	758	770	165	0	0	0	0
117	0	0	798	757	770	161	0	0	0	0
118	0	0	799	755	770	152	0	0	0	0
119	0	0	800	753	769	153	0	0	0	0
120	0	0	800	752	769	147	0	0	0	0
121	0	0	800	749	768	149	0	0	0	0
122	0	0	801	750	768	145	0	0	0	0
123	0	0	801	750	767	143	0	0	0	0
124	0	0	800	749	767	147	0	0	0	0
125	0	0	801	748	767	143	0	0	0	0
126	0	0	803	748	766	152	0	0	0	0
127	0	0	804	747	765	149	0	0	0	0
0	0	0	806	747	764	155	0	0	0	0
1	0	0	806	748	764	156	0	0	0	0
2	0	0	805	748	763	153	0	0	0	0
3	0	0	806	748	763	155	0	0	0	0
4	0	0	806	748	762	156	0	0	0	0
5	0	0	806	747	761	155	0	0	0	0
6	0	0	807	746	760	155	0	0	0	0
7	0	0	808	746	758	160	0	0	0	0
8	0	0	808	744	758	161	0	0	0	0
9	0	0	807	742	757	155	0	0	0	0
10	0	0	808	743	757	153	0	0	0	0
11	0	0	808	743	756	149	0	0	0	0
12	0	0	808	742	755	140	0	0	0	0
13	0	0	809	743	755	135	0	0	0	0
14	0	0	809	743	755	128	0	0	0	0
15	0	0	810	743	754	113	0	0	0	0
16	0	0	810	745	753	115	0	0	0	0
17	0	0	809	744	753	122	0	0	0	0
18	0	0	810	744	752	118	0	0	0	0
19	0	0	812	745	752	122	0	0	0	0
20	0	0	811	745	753	135	0	0	0	0
21	0	0	812	744	751	140	0	0	0	0
22	0	0	811	744	751	138	0	0	0	0
23	0	0	812	744	751	123	0	0	0	0
24	0	0	810	743	751	135	0	0	0	0
25	0	0	812	744	750	127	0	0	0	0
26	0	0	811	744	750	135	0	0	0	0
27	0	0	812	743	750	146	0	0	0	0
28	0	0	813	745	749	146	0	0	0	0
29	0	0	812	744	748	142	0	0	0	0
30	0	0	813	744	748	129	0	0	0	0
31	0	0	812	745	748	115	0	0	0	0
32	0	0	811	744	749	110	0	0	0	0
33	0	0	810	743	748	122	0	0	0	0
34	0	0	811	743	749	110	0	0	0	0
35	0	0	810	743	748	122	0	0	0	0
36	0	0	811	743	748	125	0	0	0	0
37	0	0	811	743	749	123	0	0	0	0
38	0	0	809	743	748	126	0	0	0	0
39	0	0	810	745	749	116	0	0	0	0
40	0	0	809	744	749	124	0	0	0	0
41	0	0	809	745	750	129	0	0	0	0
42	0	0	808	746	751	121	0	0	0	0
43	0	0	807	746	752	130	0	0	0	0
44	0	0	807	749	751	129	0	0	0	0
45	0	0	807	750	752	121	0	0	0	0
46	0	0	808	752	753	129	0	0	0	0
47	0	0	807	751	753	122	0	0	0	0
48	0	0	807	752	755	130	0	0	0	0
49	0	0	807	753	755	145	0	0	0	0
50	0	0	807	754	756	132	0	0	0	0
51	0	0	807	757	756	120	0	0	0	0
52	0	0	806	759	757	121	0	0	0	0
53	0	0	806	758	756	118	0	0	0	0
54	0	0	806	760	757	113	0	0	0	0
55	0	0	805	761	757	110	0	0	0	0
56	0	0	805	762	757	111	0	0	0	0
57	0	0	805	763	758	110	0	0	0	0
58	0	0	805	763	758	106	0	0	0	0
59	0	0	804	764	760	112	0	0	0	0
60	0	0	804	766	759	107	0	0	0	0
61	0	0	803	768	759	102	0	0	0	0
62	0	0	803	768	759	105	0	0	0	0
63	0	0	802	768	760	104	0	0	0	0
64	0	0	801	769	761	107	0	0	0	0
65	0	0	801	770	760	108	0	0	0	0
66	0	0	802	771	761	107	0	0	0	0
67	0	0	801	772	761	118	0	0	0	0
68	0	0	800	773	761	118	0	0	0	0
69	0	0	799	775	761	122	0	0	0	0
70	0	0	798	776	761	110	0	0	0	0
71	0	0	798	777	761	112	0	0	0	0
72	0	0	797	777	761	115	0	0	0	0
73	0	0	796	778	762	111	0	0	0	0
74	0	0	797	779	762	100	0	0	0	0
75	0	0	794	780	763	99	0	0	0	0
76	0	0	794	781	762	103	0	0	0	0
77	0	0	793	782	763	99	0	0	0	0
78	0	0	790	783	762	100	0	0	0	0
79	0	0	789	783	762	102	0	0	0	0
80	0	0	788	783	761	107	0	0	0	0
81	0	0	786	784	762	112	0	0	0	0
82	0	0	786	783	762	116	0	0	0	0
83	0	0	784	785	763	115	0	0	0	0
84	0	0	782	786	762	117	0	0	0	0
85	0	0	782	787	762	115	0	0	0	0
86	0	0	782	788	761	109	0	0	0	0
87	0	0	781	787	763	108	0	0	0	0
88	0	0	780	787	762	108	0	0	0	0
89	0	0	779	787	763	107	0	0	0	0
90	0	0	778	788	763	103	0	0	0	0
91	0	0	778	788	764	100	0	0	0	0
92	0	0	777	788	763	98	0	0	0	0
93	0	0	776	788	762	95	0	0	0	0
94	0	0	776	788	763	91	0	0	0	0
95	0	0	775	788	763	89	0	0	0	0
96	0	0	774	788	763	93	0	0	0	0
97	0	0	775	788	764	89	0	0	0	0
98	0	0	775	789	763	97	0	0	0	0
99	0	0	776	789	763	93	0	0	0	0
100	0	0	774	789	764	101	0	0	0	0
101	0	0	775	788	764	111	0	0	0	0
102	0	0	774	788	763	116	0	0	0	0
103	0	0	775	788	763	121	0	0	0	0
104	0	0	774	788	763	119	0	0	0	0
105	0	0	774	788	762	119	0	0	0	0
106	0	0	773	789	763	130	0	0	0	0
107	0	0	773	789	763	135	0	0	0	0
108	0	0	772	788	764	129	0	0	0	0
109	0	0	771	788	763	122	0	0	0	0
110	0	0	771	787	764	121	0	0	0	0
111	0	0	774	787	764	125	0	0	0	0
112	0	0	773	787	764	115	0	0	0	0
113	0	0	773	787	764	111	0	0	0	0
114	0	0	774	785	764	106	0	0	0	0
115	0	0	775	786	763	98	0	0	0	0
116	0	0	776	786	764	103	0	0	0	0
117	0	0	775	786	762	102	0	0	0	0
118	0	0	776	786	763	102	0	0	0	0
119	0	0	776	787	763	107	0	0	0	0
120	0	0	777	787	763	114	0	0	0	0
121	0	0	778	787	763	112	0	0	0	0
122	0	0	779	787	763	110	0	0	0	0
123	0	0	779	787	763	121	0	0	0	0
124	0	0	780	787	764	116	0	0	0	0
125	0	0	782	787	764	114	0	0	0	0
126	0	0	782	788	764	128	0	0	0	0
127	0	0	783	787	765	136	0	0	0	0
0	0	0	784	787	765	137	0	0	0	0
1	0	0	786	785	765	133	0	0	0	0
2	0	0	786	786	765	131	0	0	0	0
3	0	0	788	786	765	128	0	0	0	0
4	0	0	787	785	766	126	0	0	0	0
5	0	0	789	785	766	120	0	0	0	0
6	0	0	789	784	766	118	0	0	0	0
7	0	0	790	785	766	111	0	0	0	0
8	0	0	791	785	767	115	0	0	0	0
9	0	0	791	785	767	113	0	0	0	0
10	0	0	791	785	767	114	0	0	0	0
11	0	0	792	784	767	118	0	0	0	0
12	0	0	792	784	767	123	0	0	0	0
13	0	0	792	784	767	108	0	0	0	0
14	0	0	794	785	768	115	0	0	0	0
15	0	0	793	784	767	118	0	0	0	0
16	0	0	793	785	768	121	0	0	0	0
17	0	0	794	785	768	127	0	0	0	0
18	0	0	794	786	767	117	0	0	0	0
19	0	0	795	784	769	121	0	0	0	0
20	0	0	796	785	768	124	0	0	0	0
21	0	0	796	785	769	119	0	0	0	0
22	0	0	797	785	767	109	0	0	0	0
23	0	0	797	785	767	112	0	0	0	0
24	0	0	797	784	767	109	0	0	0	0
25	0	0	798	786	768	103	0	0	0	0
26	0	0	797	785	767	106	0	0	0	0
27	0	0	798	785	767	86	0	0	0	0
28	0	0	799	785	767	86	0	0	0	0
29	0	0	800	784	767	91	0	0	0	0
30	0	0	802	785	767	103	0	0	0	0
31	0	0	803	785	766	111	0	0	0	0
32	0	0	803	786	766	114	0	0	0	0
33	0	0	804	785	766	116	0	0	0	0
34	0	0	804	784	766	117	0	0	0	0
35	0	0	804	784	767	119	0	0	0	0
36	0	0	804	784	766	116	0	0	0	0
37	0	0	804	785	766	112	0	0	0	0
38	0	0	803	785	766	113	0	0	0	0
39	0	0	804	783	766	114	0	0	0	0
40	0	0	803	784	767	109	0	0	0	0
41	0	0	803	784	768	103	0	0	0	0
42	0	0	802	784	768	92	0	0	0	0
43	0	0	802	783	768	79	0	0	0	0
44	0	0	803	783	769	129	0	0	0	0
45	0	0	803	783	769	518	0	0	0	0
46	0	0	804	782	771	691	0	0	0	0
47	0	0	804	782	771	955	0	0	0	0
48	0	0	803	781	772	964	0	0	0	0
49	0	0	802	781	772	1059	0	0	0	0
50	0	0	802	781	771	1173	0	0	0	0
51	0	0	804	781	770	1278	0	0	0	0
52	0	0	808	781	767	1216	0	0	0	0
53	0	0	814	781	764	1244	0	0	0	0
54	0	0	817	781	761	1246	0	0	0	0
55	0	0	821	780	759	1206	0	0	0	0
56	0	0	823	778	759	1161	0	0	0	0
57	0	0	821	778	762	1078	0	0	0	0
58	0	0	817	779	765	960	0	0	0	0
59	0	0	809	780	770	931	0	0	0	0
60	0	0	802	782	773	842	0	0	0	0
61	0	0	802	786	774	803	0	0	0	0
62	0	0	806	788	771	791	0	0	0	0
63	0	0	812	789	767	748	0	0	0	0
64	0	0	817	787	762	745	0	0	0	0
65	0	0	823	785	754	730	0	0	0	0
66	0	0	827	784	745	676	0	0	0	0
67	0	0	838	783	735	625	0	0	0	0
68	0	0	844	786	719	518	0	0	0	0
69	0	0	857	797	689	505	0	0	0	0
70	0	0	898	813	643	525	0	0	0	0
71	0	0	972	829	585	464	0	0	0	0
72	0	0	1059	845	516	414	0	0	0	0
73	0	0	1167	857	446	365	0	0	0	0
74	0	0	1283	866	393	282	0	0	0	0
75	0	0	1372	855	365	262	0	0	0	0
76	0	0	1424	807	344	276	0	0	0	0
77	0	0	1455	731	328	289	0	0	0	0
78	0	0	1426	647	306	249	0	0	0	0
79	0	0	1310	589	287	213	0	0	0	0
80	0	0	1139	563	284	204	0	0	0	0
81	0	0	947	565	300	217	0	0	0	0
82	0	0	809	590	312	194	0	0	0	0
83	0	0	773	628	304	225	0	0	0	0
84	0	0	808	680	293	218	0	0	0	0
85	0	0	879	722	293	207	0	0	0	0
86	0	0	933	752	300	208	0	0	0	0
87	0	0	958	771	294	219	0	0	0	0
88	0	0	964	772	281	228	0	0	0	0
89	0	0	961	748	271	239	0	0	0	0
90	0	0	963	700	262	215	0	0	0	0
91	0	0	970	640	272	256	0	0	0	0
92	0	0	993	579	278	278	0	0	0	0
93	0	0	1023	531	298	281	0	0	0	0
94	0	0	1039	493	349	325	0	0	0	0
95	0	0	1033	482	412	360	0	0	0	0
96	0	0	1001	487	484	449	0	0	0	0
97	0	0	950	465	564	584	0	0	0	0
98	0	0	887	440	640	679	0	0	0	0
99	0	0	805	416	699	716	0	0	0	0
100	0	0	727	383	735	758	0	0	0	0
101	0	0	680	336	771	822	0	0	0	0
102	0	0	649	272	783	931	0	0	0	0
103	0	0	593	206	776	1060	0	0	0	0
104	0	0	510	145	768	1160	0	0	0	0
105	0	0	434	119	768	1225	0	0	0	0
106	0	0	392	89	769	1357	0	0	0	0
107	0	0	344	82	755	1444	0	0	0	0
108	0	0	328	92	746	1532	0	0	0	0
109	0	0	338	123	739	1603	0	0	0	0
110	0	0	363	156	732	1679	0	0	0	0
111	0	0	381	180	729	1723	0	0	0	0
112	0	0	412	194	726	1745	0	0	0	0
113	0	0	449	211	719	1793	0	0	0	0
114	0	0	482	222	715	1832	0	0	0	0
115	0	0	517	255	710	1911	0	0	0	0
116	0	0	557	283	720	1952	0	0	0	0
117	0	0	586	354	744	1979	0	0	0	0
118	0	0	625	315	713	1975	0	0	0	0
119	0	0	654	288	688	2004	0	0	0	0
120	0	0	679	277	667	2017	0	0	0	0
121	0	0	702	276	644	2068	0	0	0	0
122	0	0	711	286	624	2075	0	0	0	0
123	0	0	731	290	612	2120	0	0	0	0
124	0	0	752	285	597	2135	0	0	0	0
125	0	0	762	280	576	2110	0	0	0	0
126	0	0	770	269	553	2126	0	0	0	0
127	0	0	775	257	526	2136	0	0	0	0
0	0	0	787	265	493	2157	0	0	0	0
1	0	0	799	250	474	2165	0	0	0	0
2	0	0	807	234	449	2175	0	0	0	0
3	0	0	817	219	423	2175	0	0	0	0
4	0	0	820	201	394	2176	0	0	0	0
5	0	0	824	176	367	2175	0	0	0	0
6	0	0	825	153	339	2172	0	0	0	0
7	0	0	821	134	315	2172	0	0	0	0
8	0	0	810	120	296	2175	0	0	0	0
9	0	0	797	122	284	2173	0	0	0	0
10	0	0	779	124	281	2173	0	0	0	0
11	0	0	756	140	287	2169	0	0	0	0
12	0	0	734	163	298	2170	0	0	0	0
13	0	0	711	189	311	2170	0	0	0	0
14	0	0	688	218	326	2169	0	0	0	0
15	0	0	667	251	343	2169	0	0	0	0
16	0	0	646	279	363	2166	0	0	0	0
17	0	0	627	307	381	2169	0	0	0	0
18	0	0	612	335	400	2182	0	0	0	0
19	0	0	599	365	420	2191	0	0	0	0
20	0	0	590	389	439	2196	0	0	0	0
21	0	0	584	409	460	2203	0	0	0	0
22	0	0	580	423	478	2205	0	0	0	0
23	0	0	581	442	493	2209	0	0	0	0
24	0	0	587	461	509	2211	0	0	0	0
25	0	0	598	477	523	2214	0	0	0	0
26	0	0	612	496	537	2219	0	0	0	0
27	0	0	626	515	549	2221	0	0	0	0
28	0	0	643	528	560	2228	0	0	0	0
29	0	0	655	544	570	2239	0	0	0	0
30	0	0	671	559	580	2247	0	0	0	0
31	0	0	683	566	590	2258	0	0	0	0
32	0	0	697	572	602	2268	0	0	0	0
33	0	0	711	581	612	2267	0	0	0	0
34	0	0	724	590	624	2275	0	0	0	0
35	0	0	735	596	637	2280	0	0	0	0
36	0	0	745	601	647	2285	0	0	0	0
37	0	0	755	601	657	2286	0	0	0	0
38	0	0	759	601	666	2285	0	0	0	0
39	0	0	760	601	674	2283	0	0	0	0
40	0	0	758	604	684	2282	0	0	0	0
41	0	0	757	607	695	2278	0	0	0	0
42	0	0	756	611	705	2275	0	0	0	0
43	0	0	757	614	715	2274	0	0	0	0
44	0	0	758	615	723	2276	0	0	0	0
45	0	0	759	614	731	2274	0	0	0	0
46	0	0	760	610	737	2276	0	0	0	0
47	0	0	757	607	743	2278	0	0	0	0
48	0	0	754	608	750	2278	0	0	0	0
49	0	0	752	608	755	2275	0	0	0	0
50	0	0	750	611	761	2273	0	0	0	0
51	0	0	751	613	764	2271	0	0	0	0
52	0	0	749	613	767	2266	0	0	0	0
53	0	0	747	613	769	2265	0	0	0	0
54	0	0	743	610	769	2265	0	0	0	0
55	0	0	742	612	769	2267	0	0	0	0
56	0	0	740	617	770	2260	0	0	0	0
57	0	0	741	619	771	2251	0	0	0	0
58	0	0	745	618	771	2244	0	0	0	0
59	0	0	747	615	769	2240	0	0	0	0
60	0	0	752	615	767	2242	0	0	0	0
61	0	0	756	619	766	2239	0	0	0	0
62	0	0	759	620	764	2239	0	0	0	0
63	0	0	763	621	761	2239	0	0	0	0
64	0	0	766	620	759	2238	0	0	0	0
65	0	0	771	622	756	2241	0	0	0	0
66	0	0	775	621	753	2243	0	0	0	0
67	0	0	781	622	751	2244	0	0	0	0
68	0	0	781	620	747	2244	0	0	0	0
69	0	0	784	618	745	2244	0	0	0	0
70	0	0	786	616	741	2244	0	0	0	0
71	0	0	789	614	737	2246	0	0	0	0
72	0	0	791	611	733	2247	0	0	0	0
73	0	0	790	608	729	2244	0	0	0	0
74	0	0	790	606	725	2243	0	0	0	0
75	0	0	790	604	722	2240	0	0	0	0
76	0	0	788	599	718	2237	0	0	0	0
77	0	0	787	596	714	2235	0	0	0	0
78	0	0	784	593	710	2232	0	0	0	0
79	0	0	783	591	708	2228	0	0	0	0
80	0	0	782	589	703	2226	0	0	0	0
81	0	0	781	590	700	2220	0	0	0	0
82	0	0	781	591	695	2213	0	0	0	0
83	0	0	781	589	692	2186	0	0	0	0
84	0	0	780	588	688	2196	0	0	0	0
85	0	0	779	588	685	2185	0	0	0	0
86	0	0	778	587	680	2200	0	0	0	0
87	0	0	779	586	676	2211	0	0	0	0
88	0	0	778	586	673	2210	0	0	0	0
89	0	0	779	584	668	2209	0	0	0	0
90	0	0	778	580	663	2208	0	0	0	0
91	0	0	778	578	659	2210	0	0	0	0
92	0	0	779	578	655	2203	0	0	0	0
93	0	0	782	582	651	2191	0	0	0	0
94	0	0	781	575	649	2191	0	0	0	0
95	0	0	782	570	643	2188	0	0	0	0
96	0	0	782	565	639	2180	0	0	0	0
97	0	0	782	565	635	2175	0	0	0	0
98	0	0	783	566	630	2172	0	0	0	0
99	0	0	785	562	626	2167	0	0	0	0
100	0	0	785	561	621	2162	0	0	0	0
101	0	0	788	557	616	2156	0	0	0	0
102	0	0	790	557	612	2151	0	0	0	0
103	0	0	791	557	607	2154	0	0	0	0
104	0	0	794	558	603	2154	0	0	0	0
105	0	0	798	557	598	2151	0	0	0	0
106	0	0	800	556	595	2143	0	0	0	0
107	0	0	801	555	591	2140	0	0	0	0
108	0	0	802	553	587	2137	0	0	0	0
109	0	0	802	552	581	2137	0	0	0	0
110	0	0	802	550	578	2136	0	0	0	0
111	0	0	802	548	574	2134	0	0	0	0
112	0	0	802	545	570	2128	0	0	0	0
113	0	0	802	542	568	2124	0	0	0	0
114	0	0	800	540	565	2122	0	0	0	0
115	0	0	803	539	563	2119	0	0	0	0
116	0	0	803	538	561	2117	0	0	0	0
117	0	0	803	537	560	2115	0	0	0	0
118	0	0	804	536	560	2108	0	0	0	0
119	0	0	805	538	560	2101	0	0	0	0
120	0	0	804	537	561	2104	0	0	0	0
121	0	0	804	537	562	2098	0	0	0	0
122	0	0	803	540	563	2099	0	0	0	0
123	0	0	804	540	565	2095	0	0	0	0
124	0	0	803	539	566	2092	0	0	0	0
125	0	0	802	539	568	2085	0	0	0	0
126	0	0	801	540	570	2076	0	0	0	0
127	0	0	800	541	570	2070	0	0	0	0
0	0	0	799	542	571	2065	0	0	0	0
1	0	0	798	543	574	2052	0	0	0	0
2	0	0	797	545	574	2038	0	0	0	0
3	0	0	796	548	575	2034	0	0	0	0
4	0	0	795	550	576	2032	0	0	0	0
5	0	0	795	551	578	2027	0	0	0	0
6	0	0	794	553	580	2017	0	0	0	0
7	0	0	794	556	581	2014	0	0	0	0
8	0	0	793	559	583	2009	0	0	0	0
9	0	0	792	563	584	2001	0	0	0	0
10	0	0	790	563	586	2001	0	0	0	0
11	0	0	787	567	587	1989	0	0	0	0
12	0	0	788	570	589	1983	0	0	0	0
13	0	0	787	572	591	1971	0	0	0	0
14	0	0	786	576	594	1965	0	0	0	0
15	0	0	784	578	596	1949	0	0	0	0
16	0	0	783	582	598	1932	0	0	0	0
17	0	0	782	586	601	1914	0	0	0	0
18	0	0	782	589	602	1910	0	0	0	0
19	0	0	782	592	604	1894	0	0	0	0
20	0	0	780	596	608	1883	0	0	0	0
21	0	0	776	599	610	1876	0	0	0	0
22	0	0	778	602	612	1866	0	0	0	0
23	0	0	779	605	615	1859	0	0	0	0
24	0	0	779	609	618	1850	0	0	0	0
25	0	0	781	612	620	1836	0	0	0	0
26	0	0	779	616	624	1835	0	0	0	0
27	0	0	779	620	626	1825	0	0	0	0
28	0	0	780	622	629	1812	0	0	0	0
29	0	0	780	627	631	1801	0	0	0	0
30	0	0	780	629	634	1792	0	0	0	0
31	0	0	780	632	636	1788	0	0	0	0
32	0	0	782	635	640	1783	0	0	0	0
33	0	0	782	638	642	1778	0	0	0	0
34	0	0	783	641	644	1760	0	0	0	0
35	0	0	783	645	645	1752	0	0	0	0
36	0	0	783	646	648	1746	0	0	0	0
37	0	0	783	649	650	1743	0	0	0	0
38	0	0	783	652	651	1735	0	0	0	0
39	0	0	783	655	654	1737	0	0	0	0
40	0	0	783	655	656	1739	0	0	0	0
41	0	0	783	657	658	1741	0	0	0	0
42	0	0	784	658	661	1743	0	0	0	0
43	0	0	785	660	663	1741	0	0	0	0
44	0	0	785	661	665	1741	0	0	0	0
45	0	0	784	660	668	1738	0	0	0	0
46	0	0	785	661	670	1735	0	0	0	0
47	0	0	785	662	673	1732	0	0	0	0
48	0	0	786	663	677	1731	0	0	0	0
49	0	0	784	663	679	1730	0	0	0	0
50	0	0	784	663	681	1731	0	0	0	0
51	0	0	785	664	685	1731	0	0	0	0
52	0	0	784	663	689	1727	0	0	0	0
53	0	0	784	664	692	1729	0	0	0	0
54	0	0	784	667	694	1735	0	0	0	0
55	0	0	783	667	697	1739	0	0	0	0
56	0	0	784	667	700	1736	0	0	0	0
57	0	0	785	668	703	1735	0	0	0	0
58	0	0	785	668	705	1742	0	0	0	0
59	0	0	786	669	708	1749	0	0	0	0
60	0	0	786	670	710	1756	0	0	0	0
61	0	0	787	670	714	1759	0	0	0	0
62	0	0	787	671	714	1756	0	0	0	0
63	0	0	788	672	716	1761	0	0	0	0
64	0	0	788	673	717	1764	0	0	0	0
65	0	0	789	673	718	1765	0	0	0	0
66	0	0	789	673	720	1773	0	0	0	0
67	0	0	789	675	720	1776	0	0	0	0
68	0	0	790	675	722	1776	0	0	0	0
69	0	0	790	675	722	1785	0	0	0	0
70	0	0	790	677	721	1796	0	0	0	0
71	0	0	791	678	723	1801	0	0	0	0
72	0	0	792	678	723	1808	0	0	0	0
73	0	0	793	680	722	1817	0	0	0	0
74	0	0	794	681	722	1825	0	0	0	0
75	0	0	794	681	722	1827	0	0	0	0
76	0	0	795	682	721	1830	0	0	0	0
77	0	0	795	683	720	1834	0	0	0	0
78	0	0	798	683	720	1843	0	0	0	0
79	0	0	798	683	720	1847	0	0	0	0
80	0	0	800	685	718	1851	0	0	0	0
81	0	0	800	687	719	1857	0	0	0	0
82	0	0	801	687	718	1860	0	0	0	0
83	0	0	802	687	715	1865	0	0	0	0
84	0	0	802	689	716	1867	0	0	0	0
85	0	0	802	690	715	1880	0	0	0	0
86	0	0	803	691	716	1892	0	0	0	0
87	0	0	805	692	716	1895	0	0	0	0
88	0	0	805	693	714	1898	0	0	0	0
89	0	0	805	694	715	1898	0	0	0	0
90	0	0	806	696	715	1902	0	0	0	0
91	0	0	804	697	716	1909	0	0	0	0
92	0	0	804	698	717	1918	0	0	0	0
93	0	0	805	699	716	1924	0	0	0	0
94	0	0	805	699	715	1929	0	0	0	0
95	0	0	804	700	716	1932	0	0	0	0
96	0	0	803	702	716	1934	0	0	0	0
97	0	0	803	701	716	1932	0	0	0	0
98	0	0	801	702	717	1933	0	0	0	0
99	0	0	801	702	716	1935	0	0	0	0
100	0	0	801	703	717	1942	0	0	0	0
101	0	0	801	703	718	1948	0	0	0	0
102	0	0	801	704	719	1952	0	0	0	0
103	0	0	801	705	718	1960	0	0	0	0
104	0	0	800	705	719	1964	0	0	0	0
105	0	0	800	705	720	1964	0	0	0	0
106	0	0	801	706	720	1964	0	0	0	0
107	0	0	800	706	721	1972	0	0	0	0
108	0	0	800	706	721	1972	0	0	0	0
109	0	0	800	706	721	1976	0	0	0	0
110	0	0	800	706	721	1984	0	0	0	0
111	0	0	802	707	723	1985	0	0	0	0
112	0	0	801	707	724	1990	0	0	0	0
113	0	0	801	707	723	1993	0	0	0	0
114	0	0	802	707	725	1993	0	0	0	0
115	0	0	801	707	725	1995	0	0	0	0
116	0	0	803	707	725	1998	0	0	0	0
117	0	0	802	706	726	1998	0	0	0	0
118	0	0	801	706	726	1996	0	0	0	0
119	0	0	802	707	727	1997	0	0	0	0
120	0	0	802	706	727	1998	0	0	0	0
121	0	0	801	707	727	2001	0	0	0	0
122	0	0	801	707	729	2001	0	0	0	0
123	0	0	802	708	730	2003	0	0	0	0
124	0	0	801	707	731	2006	0	0	0	0
125	0	0	801	708	731	2006	0	0	0	0
126	0	0	801	708	732	2009	0	0	0	0
127	0	0	801	708	732	2007	0	0	0	0
0	0	0	800	709	734	2011	0	0	0	0
1	0	0	801	708	734	2009	0	0	0	0
2	0	0	802	708	734	2012	0	0	0	0
3	0	0	802	709	735	2013	0	0	0	0
4	0	0	800	710	737	2015	0	0	0	0
5	0	0	800	711	737	2015	0	0	0	0
6	0	0	800	711	737	2016	0	0	0	0
7	0	0	801	712	738	2016	0	0	0	0
8	0	0	802	713	739	2018	0	0	0	0
9	0	0	801	714	739	2019	0	0	0	0
10	0	0	801	714	741	2018	0	0	0	0
11	0	0	802	714	740	2020	0	0	0	0
12	0	0	801	714	740	2020	0	0	0	0
13	0	0	801	714	740	2020	0	0	0	0
14	0	0	802	720	740	2022	0	0	0	0
15	0	0	801	717	739	2023	0	0	0	0
16	0	0	803	718	739	2024	0	0	0	0
17	0	0	804	718	738	2026	0	0	0	0
18	0	0	803	719	738	2026	0	0	0	0
19	0	0	804	720	738	2024	0	0	0	0
20	0	0	804	719	738	2028	0	0	0	0
21	0	0	803	720	737	2026	0	0	0	0
22	0	0	804	721	735	2027	0	0	0	0
23	0	0	804	721	735	2028	0	0	0	0
24	0	0	804	721	735	2028	0	0	0	0
25	0	0	804	723	735	2031	0	0	0	0
26	0	0	805	724	733	2035	0	0	0	0
27	0	0	804	726	732	2036	0	0	0	0
28	0	0	806	725	732	2036	0	0	0	0
29	0	0	805	725	732	2036	0	0	0	0
30	0	0	805	726	731	2035	0	0	0	0
31	0	0	805	725	730	2034	0	0	0	0
32	0	0	803	725	729	2035	0	0	0	0
33	0	0	802	726	730	2037	0	0	0	0
34	0	0	802	725	729	2038	0	0	0	0
35	0	0	803	725	729	2040	0	0	0	0
36	0	0	802	725	728	2040	0	0	0	0
37	0	0	802	725	727	2040	0	0	0	0
38	0	0	803	725	728	2039	0	0	0	0
39	0	0	803	725	727	2038	0	0	0	0
40	0	0	802	724	726	2038	0	0	0	0
41	0	0	803	725	726	2038	0	0	0	0
42	0	0	804	723	725	2037	0	0	0	0
43	0	0	805	722	724	2036	0	0	0	0
44	0	0	804	722	725	2038	0	0	0	0
45	0	0	804	721	724	2040	0	0	0	0
46	0	0	805	721	724	2042	0	0	0	0
47	0	0	804	720	723	2043	0	0	0	0
48	0	0	805	720	722	2045	0	0	0	0
49	0	0	805	720	721	2044	0	0	0	0
50	0	0	805	719	721	2044	0	0	0	0
51	0	0	806	717	720	2048	0	0	0	0
52	0	0	806	718	721	2048	0	0	0	0
53	0	0	806	716	721	2051	0	0	0	0
54	0	0	806	716	720	2051	0	0	0	0
55	0	0	807	715	720	2053	0	0	0	0
56	0	0	808	715	719	2055	0	0	0	0
57	0	0	808	715	719	2054	0	0	0	0
58	0	0	808	714	719	2052	0	0	0	0
59	0	0	809	716	718	2051	0	0	0	0
60	0	0	809	714	718	2050	0	0	0	0
61	0	0	810	715	719	2049	0	0	0	0
62	0	0	811	716	717	2048	0	0	0	0
63	0	0	812	715	717	2046	0	0	0	0
64	0	0	812	713	717	2046	0	0	0	0
65	0	0	812	712	716	2045	0	0	0	0
66	0	0	812	712	715	2044	0	0	0	0
67	0	0	812	712	715	2045	0	0	0	0
68	0	0	813	711	714	2044	0	0	0	0
69	0	0	813	711	713	2048	0	0	0	0
70	0	0	813	711	712	2046	0	0	0	0
71	0	0	813	711	712	2048	0	0	0	0
72	0	0	814	709	712	2047	0	0	0	0
73	0	0	811	710	710	2048	0	0	0	0
74	0	0	813	709	711	2047	0	0	0	0
75	0	0	814	707	709	2050	0	0	0	0
76	0	0	814	706	708	2053	0	0	0	0
77	0	0	814	705	708	2051	0	0	0	0
78	0	0	815	704	706	2059	0	0	0	0
79	0	0	813	703	705	2059	0	0	0	0
80	0	0	814	702	703	2061	0	0	0	0
81	0	0	814	702	703	2063	0	0	0	0
82	0	0	814	700	703	2063	0	0	0	0
83	0	0	813	699	701	2062	0	0	0	0
84	0	0	812	698	701	2064	0	0	0	0
85	0	0	814	697	699	2063	0	0	0	0
86	0	0	813	695	698	2063	0	0	0	0
87	0	0	812	694	696	2063	0	0	0	0
88	0	0	812	694	695	2066	0	0	0	0
