# bioPlux Text File Format
# Version: 1
# StartDateTime: 2012-03-21 16:51:12
# SamplingFrequency: 1000
# SampledChannels: 1 2 3 4 5 6 7 8
# SamplingResolution: 12
# AcquiringDevice: 00:07:80:93:66:BE
# EndOfHeader
0	0	0	805	659	680	610	0	0	0	0
1	0	0	806	659	680	612	0	0	0	0
2	0	0	805	659	679	616	0	0	0	0
3	0	0	805	660	680	622	0	0	0	0
4	0	0	806	660	679	620	0	0	0	0
5	0	0	807	660	679	623	0	0	0	0
6	0	0	806	661	679	620	0	0	0	0
7	0	0	805	660	679	619	0	0	0	0
8	0	0	806	661	679	623	0	0	0	0
9	0	0	806	661	679	626	0	0	0	0
10	0	0	806	662	679	624	0	0	0	0
11	0	0	806	662	678	620	0	0	0	0
12	0	0	806	662	678	619	0	0	0	0
13	0	0	806	663	677	619	0	0	0	0
14	0	0	806	663	678	613	0	0	0	0
15	0	0	807	664	679	603	0	0	0	0
16	0	0	808	664	678	612	0	0	0	0
17	0	0	806	664	677	601	0	0	0	0
18	0	0	806	664	678	605	0	0	0	0
19	0	0	806	664	678	604	0	0	0	0
20	0	0	807	664	678	602	0	0	0	0
21	0	0	807	664	678	600	0	0	0	0
22	0	0	807	665	678	603	0	0	0	0
23	0	0	808	665	678	607	0	0	0	0
24	0	0	808	665	678	595	0	0	0	0
25	0	0	807	666	679	605	0	0	0	0
26	0	0	806	666	679	588	0	0	0	0
27	0	0	808	666	679	595	0	0	0	0
28	0	0	808	667	679	613	0	0	0	0
29	0	0	808	668	679	596	0	0	0	0
30	0	0	809	668	679	602	0	0	0	0
31	0	0	808	669	680	601	0	0	0	0
32	0	0	809	669	680	598	0	0	0	0
33	0	0	810	669	680	604	0	0	0	0
34	0	0	810	670	681	603	0	0	0	0
35	0	0	811	670	681	579	0	0	0	0
36	0	0	813	670	681	592	0	0	0	0
37	0	0	813	670	681	594	0	0	0	0
38	0	0	813	671	680	588	0	0	0	0
39	0	0	812	671	681	588	0	0	0	0
40	0	0	813	671	681	537	0	0	0	0
41	0	0	813	672	681	518	0	0	0	0
42	0	0	813	673	681	517	0	0	0	0
43	0	0	813	673	681	518	0	0	0	0
44	0	0	813	674	682	509	0	0	0	0
45	0	0	814	674	683	515	0	0	0	0
46	0	0	814	674	684	507	0	0	0	0
47	0	0	815	675	683	506	0	0	0	0
48	0	0	815	676	682	506	0	0	0	0
49	0	0	816	676	682	506	0	0	0	0
50	0	0	818	676	683	506	0	0	0	0
51	0	0	818	677	683	506	0	0	0	0
52	0	0	818	677	683	506	0	0	0	0
53	0	0	819	678	683	505	0	0	0	0
54	0	0	819	679	683	505	0	0	0	0
55	0	0	819	679	683	504	0	0	0	0
56	0	0	818	680	683	503	0	0	0	0
57	0	0	819	682	684	504	0	0	0	0
58	0	0	819	683	684	509	0	0	0	0
59	0	0	819	683	685	501	0	0	0	0
60	0	0	819	683	685	500	0	0	0	0
61	0	0	818	684	685	500	0	0	0	0
62	0	0	820	685	685	498	0	0	0	0
63	0	0	820	686	685	495	0	0	0	0
64	0	0	820	686	686	496	0	0	0	0
65	0	0	820	687	685	495	0	0	0	0
66	0	0	821	688	685	497	0	0	0	0
67	0	0	821	688	685	496	0	0	0	0
68	0	0	822	688	685	495	0	0	0	0
69	0	0	822	690	685	497	0	0	0	0
70	0	0	822	691	686	495	0	0	0	0
71	0	0	823	691	687	494	0	0	0	0
72	0	0	822	691	687	491	0	0	0	0
73	0	0	823	692	687	491	0	0	0	0
74	0	0	823	693	688	488	0	0	0	0
75	0	0	823	695	688	488	0	0	0	0
76	0	0	822	695	688	484	0	0	0	0
77	0	0	824	695	688	476	0	0	0	0
78	0	0	823	698	689	469	0	0	0	0
79	0	0	822	698	690	466	0	0	0	0
80	0	0	823	699	690	462	0	0	0	0
81	0	0	823	700	690	465	0	0	0	0
82	0	0	824	701	691	461	0	0	0	0
83	0	0	823	702	690	459	0	0	0	0
84	0	0	824	702	692	453	0	0	0	0
85	0	0	824	704	693	443	0	0	0	0
86	0	0	824	704	693	394	0	0	0	0
87	0	0	823	705	694	390	0	0	0	0
88	0	0	823	706	695	388	0	0	0	0
89	0	0	823	706	696	389	0	0	0	0
90	0	0	824	707	697	390	0	0	0	0
91	0	0	825	708	696	389	0	0	0	0
92	0	0	824	708	697	390	0	0	0	0
93	0	0	825	709	698	390	0	0	0	0
94	0	0	826	709	698	389	0	0	0	0
95	0	0	826	710	696	390	0	0	0	0
96	0	0	825	710	695	390	0	0	0	0
97	0	0	820	710	699	393	0	0	0	0
98	0	0	818	710	700	393	0	0	0	0
99	0	0	820	711	701	391	0	0	0	0
100	0	0	820	712	701	389	0	0	0	0
101	0	0	819	713	701	388	0	0	0	0
102	0	0	818	713	701	386	0	0	0	0
103	0	0	818	714	702	385	0	0	0	0
104	0	0	817	716	702	384	0	0	0	0
105	0	0	816	714	703	384	0	0	0	0
106	0	0	815	717	704	390	0	0	0	0
107	0	0	815	717	705	414	0	0	0	0
108	0	0	815	717	707	427	0	0	0	0
109	0	0	814	718	706	430	0	0	0	0
110	0	0	814	719	707	425	0	0	0	0
111	0	0	814	719	707	429	0	0	0	0
112	0	0	812	721	707	436	0	0	0	0
113	0	0	810	722	708	435	0	0	0	0
114	0	0	811	721	708	430	0	0	0	0
115	0	0	811	723	709	392	0	0	0	0
116	0	0	810	723	712	424	0	0	0	0
117	0	0	809	724	712	429	0	0	0	0
118	0	0	808	724	713	422	0	0	0	0
119	0	0	807	725	713	425	0	0	0	0
120	0	0	808	727	715	415	0	0	0	0
121	0	0	807	727	715	418	0	0	0	0
122	0	0	805	726	715	425	0	0	0	0
123	0	0	808	726	716	415	0	0	0	0
124	0	0	806	726	717	415	0	0	0	0
125	0	0	807	727	717	381	0	0	0	0
126	0	0	807	728	717	382	0	0	0	0
127	0	0	807	728	717	382	0	0	0	0
0	0	0	807	728	717	380	0	0	0	0
1	0	0	807	728	719	380	0	0	0	0
2	0	0	806	728	719	382	0	0	0	0
3	0	0	806	728	719	384	0	0	0	0
4	0	0	805	729	719	386	0	0	0	0
5	0	0	803	728	719	386	0	0	0	0
6	0	0	803	727	721	387	0	0	0	0
7	0	0	802	729	721	382	0	0	0	0
8	0	0	802	727	721	382	0	0	0	0
9	0	0	801	726	722	383	0	0	0	0
10	0	0	801	726	723	379	0	0	0	0
11	0	0	799	726	723	378	0	0	0	0
12	0	0	800	725	724	377	0	0	0	0
13	0	0	799	725	725	378	0	0	0	0
14	0	0	798	725	725	376	0	0	0	0
15	0	0	798	724	726	375	0	0	0	0
16	0	0	797	723	727	373	0	0	0	0
17	0	0	796	723	727	373	0	0	0	0
18	0	0	796	722	726	374	0	0	0	0
19	0	0	795	721	725	375	0	0	0	0
20	0	0	795	721	726	375	0	0	0	0
21	0	0	794	719	726	376	0	0	0	0
22	0	0	793	718	725	376	0	0	0	0
23	0	0	793	715	726	378	0	0	0	0
24	0	0	794	715	726	380	0	0	0	0
25	0	0	794	714	725	379	0	0	0	0
26	0	0	793	712	724	380	0	0	0	0
27	0	0	791	712	724	379	0	0	0	0
28	0	0	791	710	723	382	0	0	0	0
29	0	0	791	708	723	382	0	0	0	0
30	0	0	791	707	724	381	0	0	0	0
31	0	0	792	706	721	379	0	0	0	0
32	0	0	792	704	722	378	0	0	0	0
33	0	0	792	702	720	377	0	0	0	0
34	0	0	793	700	721	376	0	0	0	0
35	0	0	792	699	720	376	0	0	0	0
36	0	0	792	698	720	374	0	0	0	0
37	0	0	794	695	719	375	0	0	0	0
38	0	0	796	694	718	376	0	0	0	0
39	0	0	796	692	718	375	0	0	0	0
40	0	0	796	690	717	376	0	0	0	0
41	0	0	796	690	717	377	0	0	0	0
42	0	0	796	688	716	379	0	0	0	0
43	0	0	797	686	716	380	0	0	0	0
44	0	0	798	685	715	381	0	0	0	0
45	0	0	798	684	715	380	0	0	0	0
46	0	0	798	682	715	383	0	0	0	0
47	0	0	799	680	714	380	0	0	0	0
48	0	0	798	681	714	381	0	0	0	0
49	0	0	797	678	714	382	0	0	0	0
50	0	0	799	678	714	382	0	0	0	0
51	0	0	799	677	712	380	0	0	0	0
52	0	0	800	678	713	379	0	0	0	0
53	0	0	802	675	709	380	0	0	0	0
54	0	0	800	673	711	377	0	0	0	0
55	0	0	800	673	711	375	0	0	0	0
56	0	0	800	672	710	374	0	0	0	0
57	0	0	800	672	711	374	0	0	0	0
58	0	0	800	668	711	376	0	0	0	0
59	0	0	800	669	709	375	0	0	0	0
60	0	0	800	669	710	376	0	0	0	0
61	0	0	801	669	709	377	0	0	0	0
62	0	0	802	667	709	377	0	0	0	0
63	0	0	801	667	708	378	0	0	0	0
64	0	0	802	666	708	378	0	0	0	0
65	0	0	801	667	707	379	0	0	0	0
66	0	0	801	666	707	380	0	0	0	0
67	0	0	802	665	706	382	0	0	0	0
68	0	0	801	665	705	381	0	0	0	0
69	0	0	803	665	705	382	0	0	0	0
70	0	0	802	666	705	382	0	0	0	0
71	0	0	801	664	704	381	0	0	0	0
72	0	0	803	665	704	379	0	0	0	0
73	0	0	803	664	704	379	0	0	0	0
74	0	0	802	664	703	379	0	0	0	0
75	0	0	803	663	703	378	0	0	0	0
76	0	0	803	664	702	377	0	0	0	0
77	0	0	803	665	702	377	0	0	0	0
78	0	0	803	664	701	379	0	0	0	0
79	0	0	802	664	701	381	0	0	0	0
80	0	0	802	665	701	384	0	0	0	0
81	0	0	803	665	701	384	0	0	0	0
82	0	0	802	665	700	387	0	0	0	0
83	0	0	802	664	700	387	0	0	0	0
84	0	0	803	665	700	388	0	0	0	0
85	0	0	803	666	698	387	0	0	1	0
86	0	0	803	665	698	388	0	0	0	0
87	0	0	803	666	699	387	0	0	0	0
88	0	0	805	666	698	389	0	0	0	0
89	0	0	804	666	697	391	0	0	0	0
90	0	0	804	666	697	392	0	0	0	0
91	0	0	804	666	697	390	0	0	0	0
92	0	0	804	666	695	397	0	0	0	0
93	0	0	803	667	696	402	0	0	0	0
94	0	0	802	669	696	404	0	0	0	0
95	0	0	802	670	697	405	0	0	0	0
96	0	0	802	670	697	401	0	0	0	0
97	0	0	801	670	696	395	0	0	0	0
98	0	0	801	670	696	433	0	0	0	0
99	0	0	801	670	695	455	0	0	0	0
100	0	0	802	672	696	458	0	0	0	0
101	0	0	802	674	694	464	0	0	0	0
102	0	0	802	675	694	467	0	0	0	0
103	0	0	803	678	694	471	0	0	0	0
104	0	0	804	679	693	474	0	0	0	0
105	0	0	802	680	693	477	0	0	0	0
106	0	0	802	680	694	479	0	0	0	0
107	0	0	803	681	692	478	0	0	0	0
108	0	0	804	683	693	480	0	0	0	0
109	0	0	803	684	692	486	0	0	0	0
110	0	0	802	685	692	486	0	0	0	0
111	0	0	802	686	692	487	0	0	0	0
112	0	0	802	687	692	488	0	0	0	0
113	0	0	802	690	691	493	0	0	0	0
114	0	0	803	690	693	499	0	0	0	0
115	0	0	802	691	693	498	0	0	0	0
116	0	0	803	692	693	497	0	0	0	0
117	0	0	802	693	693	500	0	0	0	0
118	0	0	804	693	693	507	0	0	0	0
119	0	0	804	696	693	515	0	0	0	0
120	0	0	804	697	693	517	0	0	0	0
121	0	0	806	698	694	520	0	0	0	0
122	0	0	805	698	694	524	0	0	0	0
123	0	0	804	699	695	526	0	0	0	0
124	0	0	804	700	696	527	0	0	0	0
125	0	0	803	700	698	529	0	0	1	0
126	0	0	803	701	697	532	0	0	0	0
127	0	0	803	700	698	537	0	0	0	0
0	0	0	803	704	699	541	0	0	0	0
1	0	0	802	701	700	547	0	0	0	0
2	0	0	803	701	701	548	0	0	0	0
3	0	0	801	699	700	547	0	0	0	0
4	0	0	801	699	702	545	0	0	0	0
5	0	0	799	698	702	545	0	0	0	0
6	0	0	800	698	703	542	0	0	0	0
7	0	0	800	697	703	539	0	0	0	0
8	0	0	799	696	705	536	0	0	0	0
9	0	0	798	695	704	534	0	0	0	0
10	0	0	799	695	704	533	0	0	0	0
11	0	0	799	693	704	536	0	0	0	0
12	0	0	799	692	704	536	0	0	0	0
13	0	0	799	693	704	534	0	0	0	0
14	0	0	799	691	704	535	0	0	0	0
15	0	0	800	690	705	539	0	0	0	0
16	0	0	801	689	705	542	0	0	0	0
17	0	0	802	688	705	544	0	0	0	0
18	0	0	803	687	704	546	0	0	0	0
19	0	0	804	687	703	567	0	0	0	0
20	0	0	805	688	703	590	0	0	0	0
21	0	0	804	685	702	610	0	0	0	0
22	0	0	804	684	702	616	0	0	0	0
23	0	0	803	683	699	630	0	0	0	0
24	0	0	805	683	700	646	0	0	0	0
25	0	0	806	681	698	656	0	0	0	0
26	0	0	803	678	697	659	0	0	0	0
27	0	0	806	678	697	656	0	0	0	0
28	0	0	807	677	694	647	0	0	0	0
29	0	0	805	675	693	644	0	0	0	0
30	0	0	806	673	691	632	0	0	0	0
31	0	0	806	671	691	649	0	0	0	0
32	0	0	805	669	690	649	0	0	0	0
33	0	0	806	669	688	671	0	0	0	0
34	0	0	805	667	687	674	0	0	0	0
35	0	0	802	665	685	674	0	0	0	0
36	0	0	803	663	683	668	0	0	0	0
37	0	0	803	662	683	670	0	0	0	0
38	0	0	803	660	681	679	0	0	0	0
39	0	0	802	658	679	687	0	0	0	0
40	0	0	802	657	679	688	0	0	0	0
41	0	0	802	655	677	693	0	0	0	0
42	0	0	802	654	677	696	0	0	0	0
43	0	0	803	652	675	693	0	0	0	0
44	0	0	803	650	674	692	0	0	0	0
45	0	0	802	649	672	692	0	0	0	0
46	0	0	802	648	671	694	0	0	0	0
47	0	0	803	647	670	693	0	0	0	0
48	0	0	804	646	669	692	0	0	0	0
49	0	0	803	646	667	696	0	0	0	0
50	0	0	802	644	668	697	0	0	0	0
51	0	0	803	642	667	703	0	0	0	0
52	0	0	804	640	667	704	0	0	0	0
53	0	0	803	640	665	698	0	0	0	0
54	0	0	803	640	664	702	0	0	0	0
55	0	0	804	637	663	729	0	0	0	0
56	0	0	802	638	662	745	0	0	0	0
57	0	0	802	637	662	739	0	0	0	0
58	0	0	803	637	662	740	0	0	0	0
59	0	0	802	637	661	741	0	0	0	0
60	0	0	802	635	661	744	0	0	0	0
61	0	0	802	634	659	756	0	0	0	0
62	0	0	802	634	660	762	0	0	0	0
63	0	0	803	634	660	770	0	0	0	0
64	0	0	804	634	660	783	0	0	0	0
65	0	0	804	634	660	791	0	0	0	0
66	0	0	804	633	660	790	0	0	0	0
67	0	0	805	633	660	796	0	0	0	0
68	0	0	804	633	659	804	0	0	0	0
69	0	0	804	632	659	820	0	0	0	0
70	0	0	801	632	659	829	0	0	0	0
71	0	0	802	633	660	831	0	0	0	0
72	0	0	802	634	659	836	0	0	0	0
73	0	0	802	634	659	836	0	0	0	0
74	0	0	801	635	660	850	0	0	0	0
75	0	0	800	636	660	858	0	0	0	0
76	0	0	799	636	661	853	0	0	0	0
77	0	0	798	637	661	857	0	0	0	0
78	0	0	797	639	660	862	0	0	0	0
79	0	0	798	639	661	868	0	0	0	0
80	0	0	798	641	661	884	0	0	0	0
81	0	0	800	642	660	894	0	0	0	0
82	0	0	799	643	661	897	0	0	0	0
83	0	0	800	644	661	899	0	0	0	0
84	0	0	800	643	660	901	0	0	0	0
85	0	0	800	643	659	909	0	0	0	0
86	0	0	801	644	661	919	0	0	0	0
87	0	0	802	645	661	930	0	0	0	0
88	0	0	802	646	660	954	0	0	0	0
89	0	0	804	646	661	955	0	0	0	0
90	0	0	802	646	660	943	0	0	0	0
91	0	0	803	646	661	946	0	0	0	0
92	0	0	804	647	661	929	0	0	0	0
93	0	0	804	647	660	943	0	0	0	0
94	0	0	802	647	661	983	0	0	0	0
95	0	0	802	648	662	997	0	0	0	0
96	0	0	804	648	662	1004	0	0	0	0
97	0	0	802	648	661	1014	0	0	0	0
98	0	0	800	648	660	1035	0	0	0	0
99	0	0	801	648	660	1029	0	0	0	0
100	0	0	801	649	661	1038	0	0	0	0
101	0	0	801	648	659	1047	0	0	0	0
102	0	0	801	648	660	1040	0	0	0	0
103	0	0	802	646	660	1038	0	0	0	0
104	0	0	804	647	660	1041	0	0	0	0
105	0	0	804	647	659	1039	0	0	0	0
106	0	0	805	646	658	1041	0	0	0	0
107	0	0	805	646	657	1047	0	0	0	0
108	0	0	807	644	656	1048	0	0	0	0
109	0	0	807	643	656	1061	0	0	0	0
110	0	0	807	644	655	1062	0	0	0	0
111	0	0	808	643	656	1069	0	0	0	0
112	0	0	809	642	655	1081	0	0	0	0
113	0	0	810	643	655	1091	0	0	0	0
114	0	0	810	643	654	1098	0	0	0	0
115	0	0	810	642	653	1096	0	0	0	0
116	0	0	811	640	652	1100	0	0	0	0
117	0	0	809	640	651	1105	0	0	0	0
118	0	0	807	639	650	1111	0	0	0	0
119	0	0	805	637	650	1107	0	0	0	0
120	0	0	803	634	650	1117	0	0	0	0
121	0	0	804	633	651	1123	0	0	0	0
122	0	0	803	633	651	1124	0	0	0	0
123	0	0	803	631	652	1126	0	0	0	0
124	0	0	804	629	651	1133	0	0	0	0
125	0	0	806	628	651	1134	0	0	0	0
126	0	0	805	625	652	1138	0	0	0	0
127	0	0	806	624	653	1145	0	0	0	0
0	0	0	807	622	654	1146	0	0	0	0
1	0	0	807	620	653	1146	0	0	0	0
2	0	0	807	618	654	1152	0	0	0	0
3	0	0	808	615	653	1161	0	0	0	0
4	0	0	806	611	650	1166	0	0	0	0
5	0	0	806	609	649	1181	0	0	0	0
6	0	0	806	605	648	1188	0	0	0	0
7	0	0	804	599	647	1193	0	0	0	0
8	0	0	802	597	645	1200	0	0	0	0
9	0	0	802	593	642	1198	0	0	0	0
10	0	0	801	590	640	1206	0	0	0	0
11	0	0	801	587	638	1212	0	0	0	0
12	0	0	802	583	637	1207	0	0	0	0
13	0	0	800	580	635	1223	0	0	0	0
14	0	0	802	577	633	1223	0	0	0	0
15	0	0	802	575	632	1225	0	0	0	0
16	0	0	801	572	632	1228	0	0	0	0
17	0	0	801	571	630	1235	0	0	0	0
18	0	0	803	568	630	1235	0	0	0	0
19	0	0	803	568	630	1238	0	0	0	0
20	0	0	803	567	629	1236	0	0	0	0
21	0	0	804	566	628	1242	0	0	0	0
22	0	0	805	566	629	1255	0	0	0	0
23	0	0	805	564	628	1270	0	0	0	0
24	0	0	804	564	630	1275	0	0	0	0
25	0	0	803	565	628	1274	0	0	0	0
26	0	0	804	565	630	1270	0	0	0	0
27	0	0	805	566	631	1266	0	0	0	0
28	0	0	806	566	631	1265	0	0	0	0
29	0	0	807	568	630	1268	0	0	0	0
30	0	0	808	568	630	1278	0	0	0	0
31	0	0	808	567	630	1274	0	0	0	0
32	0	0	810	569	631	1270	0	0	0	0
33	0	0	809	569	631	1281	0	0	0	0
34	0	0	811	570	632	1274	0	0	0	0
35	0	0	809	572	633	1274	0	0	0	0
36	0	0	811	574	634	1276	0	0	0	0
37	0	0	810	576	634	1278	0	0	0	0
38	0	0	811	578	633	1288	0	0	0	0
39	0	0	812	580	632	1287	0	0	0	0
40	0	0	813	581	632	1297	0	0	0	0
41	0	0	815	581	632	1297	0	0	0	0
42	0	0	815	581	633	1300	0	0	0	0
43	0	0	817	581	632	1305	0	0	0	0
44	0	0	817	582	634	1308	0	0	0	0
45	0	0	817	585	634	1307	0	0	0	0
46	0	0	817	585	635	1314	0	0	0	0
47	0	0	818	583	635	1318	0	0	0	0
48	0	0	818	584	638	1327	0	0	0	0
49	0	0	817	584	640	1331	0	0	0	0
50	0	0	815	586	640	1333	0	0	0	0
51	0	0	817	586	641	1333	0	0	0	0
52	0	0	816	587	642	1332	0	0	0	0
53	0	0	816	587	644	1336	0	0	0	0
54	0	0	816	586	644	1342	0	0	0	0
55	0	0	816	586	644	1341	0	0	0	0
56	0	0	815	588	645	1341	0	0	0	0
57	0	0	818	586	645	1351	0	0	0	0
58	0	0	816	584	645	1359	0	0	0	0
59	0	0	817	583	644	1354	0	0	0	0
60	0	0	815	583	643	1353	0	0	0	0
61	0	0	815	581	641	1361	0	0	0	0
62	0	0	816	581	640	1360	0	0	0	0
63	0	0	818	581	638	1363	0	0	0	0
64	0	0	816	580	638	1369	0	0	0	0
65	0	0	817	579	636	1374	0	0	0	0
66	0	0	817	579	635	1377	0	0	0	0
67	0	0	816	579	634	1380	0	0	0	0
68	0	0	816	580	633	1383	0	0	0	0
69	0	0	815	579	633	1385	0	0	0	0
70	0	0	816	580	631	1393	0	0	0	0
71	0	0	816	579	631	1402	0	0	0	0
72	0	0	814	579	630	1415	0	0	0	0
73	0	0	815	579	629	1435	0	0	0	0
74	0	0	813	577	629	1454	0	0	0	0
75	0	0	814	576	628	1460	0	0	0	0
76	0	0	815	575	627	1462	0	0	0	0
77	0	0	814	574	626	1473	0	0	0	0
78	0	0	816	572	624	1474	0	0	0	0
79	0	0	816	571	624	1476	0	0	0	0
80	0	0	818	569	623	1477	0	0	0	0
81	0	0	819	567	621	1498	0	0	0	0
82	0	0	818	564	619	1505	0	0	0	0
83	0	0	819	561	619	1520	0	0	0	0
84	0	0	820	559	619	1533	0	0	0	0
85	0	0	821	557	618	1542	0	0	0	0
86	0	0	821	553	616	1548	0	0	0	0
87	0	0	820	550	614	1553	0	0	0	0
88	0	0	820	546	614	1547	0	0	0	0
89	0	0	820	544	612	1551	0	0	0	0
90	0	0	819	542	610	1565	0	0	0	0
91	0	0	820	539	610	1571	0	0	0	0
92	0	0	820	537	609	1577	0	0	0	0
93	0	0	820	534	607	1584	0	0	0	0
94	0	0	819	532	607	1589	0	0	0	0
95	0	0	818	529	607	1588	0	0	0	0
96	0	0	817	527	607	1595	0	0	0	0
97	0	0	816	526	608	1601	0	0	0	0
98	0	0	817	525	607	1613	0	0	0	0
99	0	0	815	523	608	1629	0	0	0	0
100	0	0	814	522	607	1644	0	0	0	0
101	0	0	815	521	607	1655	0	0	0	0
102	0	0	815	520	607	1675	0	0	0	0
103	0	0	814	520	606	1690	0	0	0	0
104	0	0	812	520	607	1701	0	0	0	0
105	0	0	810	519	607	1715	0	0	0	0
106	0	0	808	518	607	1725	0	0	0	0
107	0	0	806	518	609	1722	0	0	0	0
108	0	0	806	519	610	1729	0	0	0	0
109	0	0	804	521	611	1725	0	0	0	0
110	0	0	802	521	612	1734	0	0	0	0
111	0	0	799	523	613	1741	0	0	0	0
112	0	0	800	523	613	1742	0	0	0	0
113	0	0	799	525	613	1775	0	0	0	0
114	0	0	799	525	614	1790	0	0	0	0
115	0	0	798	525	614	1794	0	0	0	0
116	0	0	798	526	614	1804	0	0	0	0
117	0	0	797	525	615	1819	0	0	0	0
118	0	0	797	526	614	1824	0	0	0	0
119	0	0	798	526	614	1829	0	0	0	0
120	0	0	796	527	614	1830	0	0	0	0
121	0	0	794	528	614	1834	0	0	0	0
122	0	0	795	527	614	1834	0	0	0	0
123	0	0	795	529	612	1845	0	0	0	0
124	0	0	795	530	614	1851	0	0	0	0
125	0	0	794	530	613	1860	0	0	0	0
126	0	0	794	529	613	1879	0	0	0	0
127	0	0	794	528	613	1892	0	0	0	0
0	0	0	795	527	612	1911	0	0	0	0
1	0	0	795	525	611	1914	0	0	0	0
2	0	0	793	525	609	1923	0	0	0	0
3	0	0	791	524	608	1933	0	0	0	0
4	0	0	791	524	606	1948	0	0	0	0
5	0	0	792	524	606	1959	0	0	0	0
6	0	0	792	523	603	1975	0	0	0	0
7	0	0	794	523	601	1992	0	0	0	0
8	0	0	794	522	600	2009	0	0	0	0
9	0	0	797	523	597	2028	0	0	0	0
10	0	0	798	521	594	2033	0	0	0	0
11	0	0	800	519	592	2050	0	0	0	0
12	0	0	799	517	590	2069	0	0	0	0
13	0	0	800	517	589	2076	0	0	0	0
14	0	0	801	515	585	2089	0	0	0	0
15	0	0	804	514	583	2096	0	0	0	0
16	0	0	805	513	581	2107	0	0	0	0
17	0	0	807	510	579	2118	0	0	0	0
18	0	0	809	508	578	2137	0	0	0	0
19	0	0	811	507	577	2154	0	0	0	0
20	0	0	813	504	575	2160	0	0	0	0
21	0	0	814	502	574	2167	0	0	0	0
22	0	0	816	500	574	2175	0	0	0	0
23	0	0	818	499	573	2188	0	0	0	0
24	0	0	818	498	572	2196	0	0	0	0
25	0	0	821	498	572	2208	0	0	0	0
26	0	0	822	496	572	2217	0	0	0	0
27	0	0	823	496	572	2234	0	0	0	0
28	0	0	823	495	571	2236	0	0	0	0
29	0	0	825	494	570	2238	0	0	0	0
30	0	0	824	494	571	2252	0	0	0	0
31	0	0	825	493	571	2257	0	0	0	0
32	0	0	822	493	570	2256	0	0	0	0
33	0	0	822	493	570	2267	0	0	0	0
34	0	0	822	493	570	2273	0	0	0	0
35	0	0	821	492	570	2279	0	0	0	0
36	0	0	821	492	570	2289	0	0	0	0
37	0	0	818	493	569	2301	0	0	0	0
38	0	0	818	493	569	2301	0	0	0	0
39	0	0	818	493	570	2298	0	0	0	0
40	0	0	816	494	569	2300	0	0	0	0
41	0	0	814	493	569	2309	0	0	0	0
42	0	0	812	493	568	2307	0	0	0	0
43	0	0	812	494	568	2310	0	0	0	0
44	0	0	811	494	567	2318	0	0	0	0
45	0	0	809	495	567	2319	0	0	0	0
46	0	0	808	495	566	2321	0	0	0	0
47	0	0	807	494	566	2322	0	0	0	0
48	0	0	805	493	566	2330	0	0	0	0
49	0	0	804	493	566	2331	0	0	0	0
50	0	0	803	494	565	2335	0	0	0	0
51	0	0	802	495	565	2332	0	0	0	0
52	0	0	801	493	565	2333	0	0	0	0
53	0	0	798	493	567	2334	0	0	0	0
54	0	0	796	494	565	2337	0	0	0	0
55	0	0	795	495	566	2335	0	0	0	0
56	0	0	793	495	566	2344	0	0	0	0
57	0	0	792	494	566	2346	0	0	0	0
58	0	0	790	495	566	2344	0	0	0	0
59	0	0	789	496	566	2345	0	0	0	0
60	0	0	787	495	567	2340	0	0	0	0
61	0	0	785	495	567	2347	0	0	0	0
62	0	0	784	496	567	2351	0	0	0	0
63	0	0	783	495	567	2349	0	0	0	0
64	0	0	782	496	567	2347	0	0	0	0
65	0	0	783	495	568	2351	0	0	0	0
66	0	0	782	496	567	2346	0	0	0	0
67	0	0	781	495	567	2344	0	0	0	0
68	0	0	781	494	567	2346	0	0	0	0
69	0	0	782	493	566	2347	0	0	0	0
70	0	0	782	491	567	2349	0	0	0	0
71	0	0	783	491	567	2346	0	0	0	0
72	0	0	783	490	567	2344	0	0	0	0
73	0	0	784	490	567	2338	0	0	0	0
74	0	0	785	488	568	2337	0	0	0	0
75	0	0	786	488	568	2335	0	0	0	0
76	0	0	787	487	568	2336	0	0	0	0
77	0	0	787	487	568	2338	0	0	0	0
78	0	0	788	486	569	2335	0	0	0	0
79	0	0	788	485	569	2330	0	0	0	0
80	0	0	788	484	569	2322	0	0	0	0
81	0	0	789	483	570	2318	0	0	0	0
82	0	0	790	483	570	2310	0	0	0	0
83	0	0	788	482	571	2304	0	0	0	0
84	0	0	789	482	571	2301	0	0	0	0
85	0	0	788	483	572	2297	0	0	0	0
86	0	0	788	483	573	2293	0	0	0	0
87	0	0	787	481	574	2291	0	0	0	0
88	0	0	786	483	576	2286	0	0	0	0
89	0	0	785	483	577	2281	0	0	0	0
90	0	0	784	484	577	2275	0	0	0	0
91	0	0	784	484	579	2271	0	0	0	0
92	0	0	784	485	578	2266	0	0	0	0
93	0	0	784	485	578	2265	0	0	0	0
94	0	0	785	486	579	2264	0	0	0	0
95	0	0	785	486	580	2262	0	0	0	0
96	0	0	787	487	580	2260	0	0	0	0
97	0	0	784	488	581	2256	0	0	0	0
98	0	0	783	488	581	2254	0	0	0	0
99	0	0	781	489	581	2249	0	0	0	0
100	0	0	783	488	582	2242	0	0	0	0
101	0	0	784	490	581	2237	0	0	0	0
102	0	0	783	490	580	2234	0	0	0	0
103	0	0	783	491	581	2226	0	0	0	0
104	0	0	782	492	583	2221	0	0	0	0
105	0	0	782	492	582	2218	0	0	0	0
106	0	0	781	494	582	2214	0	0	0	0
107	0	0	780	495	582	2204	0	0	0	0
108	0	0	779	497	581	2201	0	0	0	0
109	0	0	780	498	582	2193	0	0	0	0
110	0	0	781	498	583	2191	0	0	0	0
111	0	0	781	501	582	2188	0	0	0	0
112	0	0	781	503	581	2185	0	0	0	0
113	0	0	779	505	583	2185	0	0	0	0
114	0	0	780	507	583	2186	0	0	0	0
115	0	0	780	509	583	2182	0	0	0	0
116	0	0	778	513	582	2183	0	0	0	0
117	0	0	782	515	583	2183	0	0	0	0
118	0	0	783	517	583	2183	0	0	0	0
119	0	0	784	519	582	2181	0	0	0	0
120	0	0	784	521	582	2183	0	0	0	0
121	0	0	785	525	581	2180	0	0	0	0
122	0	0	786	526	582	2181	0	0	0	0
123	0	0	786	530	583	2181	0	0	0	0
124	0	0	788	532	585	2184	0	0	0	0
125	0	0	790	535	584	2187	0	0	0	0
126	0	0	791	537	585	2194	0	0	0	0
127	0	0	793	540	587	2199	0	0	0	0
0	0	0	795	542	588	2202	0	0	0	0
1	0	0	795	544	590	2205	0	0	0	0
2	0	0	795	546	593	2210	0	0	0	0
3	0	0	795	548	595	2210	0	0	0	0
4	0	0	797	551	597	2214	0	0	0	0
5	0	0	797	552	600	2216	0	0	0	0
6	0	0	794	555	602	2222	0	0	0	0
7	0	0	796	558	604	2222	0	0	0	0
8	0	0	796	557	605	2225	0	0	0	0
9	0	0	798	558	606	2231	0	0	0	0
10	0	0	798	559	608	2233	0	0	0	0
11	0	0	798	559	608	2233	0	0	0	0
12	0	0	799	559	609	2238	0	0	0	0
13	0	0	800	560	611	2243	0	0	0	0
14	0	0	801	562	613	2248	0	0	0	0
15	0	0	802	563	614	2254	0	0	0	0
16	0	0	803	563	616	2260	0	0	0	0
17	0	0	804	563	618	2265	0	0	0	0
18	0	0	806	564	619	2268	0	0	0	0
19	0	0	810	564	620	2267	0	0	0	0
20	0	0	811	564	622	2266	0	0	0	0
21	0	0	815	566	623	2274	0	0	0	0
22	0	0	818	568	624	2278	0	0	0	0
23	0	0	820	571	625	2278	0	0	0	0
24	0	0	822	574	626	2280	0	0	0	0
25	0	0	826	577	627	2284	0	0	0	0
26	0	0	827	580	630	2286	0	0	0	0
27	0	0	830	583	631	2285	0	0	0	0
28	0	0	833	586	632	2285	0	0	0	0
29	0	0	838	588	633	2286	0	0	0	0
30	0	0	840	592	635	2283	0	0	0	0
31	0	0	843	597	636	2280	0	0	0	0
32	0	0	846	599	638	2277	0	0	0	0
33	0	0	848	603	638	2265	0	0	0	0
34	0	0	853	606	639	2259	0	0	0	0
35	0	0	855	609	640	2250	0	0	0	0
36	0	0	856	612	641	2232	0	0	0	0
37	0	0	859	617	642	2216	0	0	0	0
38	0	0	860	619	643	2208	0	0	0	0
39	0	0	862	621	644	2189	0	0	0	0
40	0	0	864	625	644	2172	0	0	0	0
41	0	0	867	627	646	2164	0	0	0	0
42	0	0	869	630	647	2163	0	0	0	0
43	0	0	870	633	648	2149	0	0	0	0
44	0	0	872	637	649	2133	0	0	0	0
45	0	0	873	639	651	2120	0	0	0	0
46	0	0	874	642	653	2091	0	0	0	0
47	0	0	874	646	654	2071	0	0	0	0
48	0	0	874	649	656	2054	0	0	0	0
49	0	0	875	652	658	2042	0	0	0	0
50	0	0	875	656	660	2030	0	0	0	0
51	0	0	874	661	663	2011	0	0	0	0
52	0	0	874	665	666	2006	0	0	0	0
53	0	0	871	668	669	2010	0	0	0	0
54	0	0	870	672	671	1997	0	0	0	0
55	0	0	868	675	672	1979	0	0	0	0
56	0	0	866	678	675	1966	0	0	0	0
57	0	0	868	681	678	1960	0	0	0	0
58	0	0	867	684	681	1951	0	0	0	0
59	0	0	865	688	684	1943	0	0	0	0
60	0	0	865	691	687	1930	0	0	0	0
61	0	0	864	695	689	1917	0	0	0	0
62	0	0	866	699	691	1905	0	0	0	0
63	0	0	864	703	695	1873	0	0	0	0
64	0	0	862	706	698	1838	0	0	0	0
65	0	0	861	709	700	1818	0	0	0	0
66	0	0	859	711	703	1806	0	0	0	0
67	0	0	859	715	706	1775	0	0	0	0
68	0	0	858	719	707	1739	0	0	0	0
69	0	0	858	722	709	1685	0	0	0	0
70	0	0	860	726	711	1634	0	0	0	0
71	0	0	860	729	712	1616	0	0	0	0
72	0	0	861	734	714	1531	0	0	0	0
73	0	0	862	736	715	1468	0	0	0	0
74	0	0	864	739	715	1371	0	0	0	0
75	0	0	866	742	715	1265	0	0	0	0
76	0	0	868	745	715	1244	0	0	0	0
77	0	0	868	749	715	1170	0	0	0	0
78	0	0	871	752	716	1037	0	0	0	0
79	0	0	872	756	716	970	0	0	0	0
80	0	0	873	760	717	878	0	0	0	0
81	0	0	873	764	717	856	0	0	0	0
82	0	0	873	766	718	803	0	0	0	0
83	0	0	876	770	718	694	0	0	0	0
84	0	0	877	772	718	637	0	0	0	0
85	0	0	879	775	718	605	0	0	0	0
86	0	0	882	781	718	574	0	0	0	0
87	0	0	883	783	717	556	0	0	0	0
88	0	0	885	789	718	562	0	0	0	0
89	0	0	886	793	718	542	0	0	0	0
90	0	0	887	798	719	512	0	0	0	0
91	0	0	888	801	717	471	0	0	0	0
92	0	0	888	803	717	495	0	0	0	0
93	0	0	888	806	718	494	0	0	0	0
94	0	0	888	807	717	458	0	0	0	0
95	0	0	886	810	718	469	0	0	0	0
96	0	0	883	814	717	467	0	0	0	0
97	0	0	884	820	718	434	0	0	0	0
98	0	0	885	825	716	456	0	0	0	0
99	0	0	885	830	719	401	0	0	0	0
100	0	0	885	835	719	370	0	0	0	0
101	0	0	884	839	720	319	0	0	0	0
102	0	0	885	841	720	314	0	0	0	0
103	0	0	884	844	720	301	0	0	0	0
104	0	0	882	847	720	273	0	0	0	0
105	0	0	879	849	721	269	0	0	0	0
106	0	0	878	852	721	253	0	0	0	0
107	0	0	877	855	720	251	0	0	0	0
108	0	0	877	859	721	245	0	0	0	0
109	0	0	877	865	721	217	0	0	0	0
110	0	0	875	868	721	208	0	0	0	0
111	0	0	874	875	723	205	0	0	0	0
112	0	0	874	881	725	206	0	0	0	0
113	0	0	869	884	728	210	0	0	0	0
114	0	0	866	887	729	211	0	0	0	0
115	0	0	864	891	733	208	0	0	0	0
116	0	0	864	895	735	196	0	0	0	0
117	0	0	864	898	739	181	0	0	0	0
118	0	0	866	903	742	175	0	0	0	0
119	0	0	868	907	744	172	0	0	0	0
120	0	0	870	911	747	168	0	0	0	0
121	0	0	873	913	749	167	0	0	0	0
122	0	0	876	918	750	160	0	0	0	0
123	0	0	877	922	752	155	0	0	0	0
124	0	0	880	928	753	149	0	0	0	0
125	0	0	879	930	753	149	0	0	0	0
126	0	0	879	931	752	149	0	0	0	0
127	0	0	881	933	752	143	0	0	0	0
0	0	0	882	935	751	134	0	0	0	0
1	0	0	881	936	750	136	0	0	0	0
2	0	0	882	937	749	135	0	0	0	0
3	0	0	880	936	747	139	0	0	0	0
4	0	0	879	933	746	139	0	0	0	0
5	0	0	877	928	746	138	0	0	0	0
6	0	0	875	925	745	140	0	0	0	0
7	0	0	873	920	745	137	0	0	0	0
8	0	0	872	917	744	135	0	0	0	0
9	0	0	869	914	743	131	0	0	0	0
10	0	0	865	910	745	126	0	0	0	0
11	0	0	864	906	745	119	0	0	0	0
12	0	0	862	903	749	116	0	0	0	0
13	0	0	859	903	750	111	0	0	0	0
14	0	0	856	903	753	110	0	0	0	0
15	0	0	852	900	755	106	0	0	0	0
16	0	0	848	895	757	102	0	0	0	0
17	0	0	844	891	756	102	0	0	0	0
18	0	0	841	886	757	105	0	0	0	0
19	0	0	839	882	756	107	0	0	0	0
20	0	0	837	881	757	107	0	0	0	0
21	0	0	834	878	757	111	0	0	0	0
22	0	0	833	876	758	115	0	0	0	0
23	0	0	831	873	757	117	0	0	0	0
24	0	0	825	871	759	117	0	0	0	0
25	0	0	824	870	760	121	0	0	0	0
26	0	0	822	868	759	125	0	0	0	0
27	0	0	820	866	759	126	0	0	0	0
28	0	0	819	865	758	129	0	0	0	0
29	0	0	817	864	758	136	0	0	0	0
30	0	0	815	862	759	136	0	0	0	0
31	0	0	813	860	758	132	0	0	0	0
32	0	0	811	859	758	127	0	0	0	0
33	0	0	808	858	757	125	0	0	0	0
34	0	0	805	857	757	123	0	0	0	0
35	0	0	802	857	757	119	0	0	0	0
36	0	0	799	854	758	114	0	0	0	0
37	0	0	797	852	758	118	0	0	0	0
38	0	0	794	851	759	116	0	0	0	0
39	0	0	793	848	758	116	0	0	0	0
40	0	0	792	846	759	117	0	0	0	0
41	0	0	792	844	759	120	0	0	0	0
42	0	0	789	840	759	124	0	0	0	0
43	0	0	790	838	759	125	0	0	0	0
44	0	0	789	835	760	126	0	0	0	0
45	0	0	789	833	760	128	0	0	0	0
46	0	0	790	831	760	131	0	0	0	0
47	0	0	790	827	762	130	0	0	0	0
48	0	0	789	826	762	129	0	0	0	0
49	0	0	788	823	762	134	0	0	0	0
50	0	0	787	822	762	133	0	0	0	0
51	0	0	787	819	763	128	0	0	0	0
52	0	0	786	816	763	123	0	0	0	0
53	0	0	786	815	763	121	0	0	0	0
54	0	0	784	814	764	119	0	0	0	0
55	0	0	783	812	764	116	0	0	0	0
56	0	0	782	809	763	110	0	0	0	0
57	0	0	785	805	764	111	0	0	0	0
58	0	0	785	802	761	115	0	0	0	0
59	0	0	784	798	763	112	0	0	0	0
60	0	0	784	797	764	112	0	0	0	0
61	0	0	782	796	765	117	0	0	0	0
62	0	0	782	795	766	124	0	0	0	0
63	0	0	782	794	767	127	0	0	0	0
64	0	0	784	792	766	126	0	0	0	0
65	0	0	785	791	767	127	0	0	0	0
66	0	0	785	789	767	131	0	0	0	0
67	0	0	786	786	767	129	0	0	0	0
68	0	0	787	785	767	128	0	0	0	0
69	0	0	787	782	766	134	0	0	0	0
70	0	0	789	779	766	133	0	0	0	0
71	0	0	788	776	765	129	0	0	0	0
72	0	0	789	773	764	124	0	0	0	0
73	0	0	790	773	764	123	0	0	0	0
74	0	0	790	771	764	122	0	0	0	0
75	0	0	791	771	763	118	0	0	0	0
76	0	0	792	769	762	113	0	0	0	0
77	0	0	791	767	763	114	0	0	0	0
78	0	0	791	764	761	115	0	0	0	0
79	0	0	792	765	761	115	0	0	0	0
80	0	0	794	763	760	116	0	0	0	0
81	0	0	795	762	759	119	0	0	0	0
82	0	0	795	760	758	124	0	0	0	0
83	0	0	797	760	759	125	0	0	0	0
84	0	0	799	759	758	127	0	0	0	0
85	0	0	799	759	759	128	0	0	0	0
86	0	0	799	758	757	131	0	0	0	0
87	0	0	798	757	757	129	0	0	0	0
88	0	0	800	757	758	129	0	0	0	0
89	0	0	800	757	759	135	0	0	0	0
90	0	0	801	757	758	135	0	0	0	0
91	0	0	801	756	759	129	0	0	0	0
92	0	0	801	755	759	123	0	0	0	0
93	0	0	801	755	759	120	0	0	0	0
94	0	0	803	755	759	119	0	0	0	0
95	0	0	804	755	761	115	0	0	0	0
96	0	0	805	755	760	111	0	0	0	0
97	0	0	804	753	761	112	0	0	0	0
98	0	0	805	752	761	114	0	0	0	0
99	0	0	808	751	761	115	0	0	0	0
100	0	0	808	750	761	115	0	0	0	0
101	0	0	809	749	761	119	0	0	0	0
102	0	0	810	748	760	124	0	0	0	0
103	0	0	810	747	761	125	0	0	0	0
104	0	0	811	747	762	126	0	0	0	0
105	0	0	811	746	761	128	0	0	0	0
106	0	0	814	744	762	131	0	0	0	0
107	0	0	811	741	762	129	0	0	0	0
108	0	0	812	743	763	129	0	0	0	0
109	0	0	811	742	762	135	0	1	0	0
110	0	0	810	740	763	135	0	0	0	0
111	0	0	810	739	763	129	0	0	0	0
112	0	0	809	739	763	124	0	0	0	0
113	0	0	808	738	764	123	0	0	0	0
114	0	0	807	738	765	122	0	0	0	0
115	0	0	806	738	765	117	0	0	0	0
116	0	0	805	737	765	113	0	0	0	0
117	0	0	804	737	765	113	0	0	0	0
118	0	0	802	736	765	116	0	0	0	0
119	0	0	801	736	765	116	0	0	0	0
120	0	0	802	737	766	115	0	0	0	0
121	0	0	801	736	765	118	0	0	0	0
122	0	0	800	737	765	122	0	0	0	0
123	0	0	798	736	765	122	0	0	0	0
124	0	0	799	735	765	123	0	0	0	0
125	0	0	797	735	765	125	0	0	0	0
126	0	0	796	736	765	129	0	0	0	0
127	0	0	792	735	766	127	0	0	0	0
0	0	0	796	737	765	126	0	0	0	0
1	0	0	794	737	766	132	0	0	0	0
2	0	0	793	737	766	133	0	0	0	0
3	0	0	793	738	766	127	0	0	0	0
4	0	0	792	737	767	121	0	0	0	0
5	0	0	791	739	767	120	0	0	0	0
6	0	0	791	741	767	119	0	0	0	0
7	0	0	791	741	768	114	0	0	0	0
8	0	0	791	743	770	110	0	0	0	0
9	0	0	790	745	770	111	0	0	0	0
10	0	0	789	747	771	112	0	0	0	0
11	0	0	787	746	771	112	0	0	0	0
12	0	0	786	747	771	113	0	0	0	0
13	0	0	785	749	771	117	0	0	0	0
14	0	0	786	751	772	121	0	0	0	0
15	0	0	784	751	772	121	0	0	0	0
16	0	0	785	753	773	123	0	0	0	0
17	0	0	785	753	773	125	0	0	0	0
18	0	0	784	757	773	128	0	0	0	0
19	0	0	782	757	774	126	0	0	0	0
20	0	0	781	758	774	126	0	0	0	0
21	0	0	782	759	774	131	0	0	0	0
22	0	0	782	760	774	131	0	0	0	0
23	0	0	783	761	774	125	0	0	0	0
24	0	0	782	762	774	119	0	0	0	0
25	0	0	782	764	774	119	0	0	0	0
26	0	0	782	764	774	116	0	0	0	0
27	0	0	783	764	773	113	0	0	0	0
28	0	0	783	763	774	109	0	0	0	0
29	0	0	784	763	773	109	0	0	0	0
30	0	0	784	764	772	111	0	0	0	0
31	0	0	785	765	775	110	0	0	0	0
32	0	0	785	765	772	111	0	0	0	0
33	0	0	785	765	772	115	0	0	0	0
34	0	0	785	766	771	120	0	0	0	0
35	0	0	783	766	770	121	0	0	0	0
36	0	0	785	766	769	121	0	0	0	0
37	0	0	785	765	770	124	0	0	0	0
38	0	0	786	766	769	127	0	0	0	0
39	0	0	782	766	768	125	0	0	0	0
40	0	0	787	766	767	125	0	0	0	0
41	0	0	786	767	768	131	0	0	0	0
42	0	0	785	766	766	131	0	0	0	0
43	0	0	786	767	765	126	0	0	0	0
44	0	0	786	767	765	120	0	0	0	0
45	0	0	786	768	764	117	0	0	0	0
46	0	0	785	768	765	117	0	0	0	0
47	0	0	785	767	764	113	0	0	0	0
48	0	0	785	769	764	108	0	0	0	0
49	0	0	785	768	764	110	0	0	0	0
50	0	0	784	769	764	111	0	0	0	0
51	0	0	785	770	763	112	0	0	0	0
52	0	0	784	769	763	111	0	0	0	0
53	0	0	785	771	763	116	0	0	0	0
54	0	0	786	771	763	120	0	0	0	0
55	0	0	784	771	763	121	0	0	0	0
56	0	0	784	772	764	122	0	0	0	0
57	0	0	786	773	763	124	0	0	0	0
58	0	0	785	773	763	128	0	0	0	0
59	0	0	788	774	763	126	0	0	0	0
60	0	0	788	776	763	125	0	0	0	0
61	0	0	788	775	763	131	0	0	0	0
62	0	0	787	776	763	131	0	0	0	0
63	0	0	787	778	764	125	0	0	0	0
64	0	0	787	778	764	119	0	0	0	0
65	0	0	787	780	762	118	0	0	0	0
66	0	0	787	779	762	117	0	0	0	0
67	0	0	788	779	762	112	0	0	0	0
68	0	0	788	782	761	107	0	0	0	0
69	0	0	789	781	760	108	0	0	0	0
70	0	0	789	783	759	111	0	0	0	0
71	0	0	790	783	759	111	0	0	0	0
72	0	0	789	783	759	111	0	0	0	0
73	0	0	790	783	758	114	0	0	0	0
74	0	0	791	783	757	119	0	0	0	0
75	0	0	792	784	757	120	0	0	0	0
76	0	0	791	784	757	121	0	0	0	0
77	0	0	791	786	755	124	0	0	0	0
78	0	0	790	787	755	126	0	0	0	0
79	0	0	790	788	755	124	0	0	0	0
80	0	0	790	788	755	123	0	0	0	0
81	0	0	792	790	755	129	0	0	0	0
82	0	0	791	790	754	129	0	0	0	0
83	0	0	793	791	755	123	0	0	0	0
84	0	0	793	791	753	117	0	0	0	0
85	0	0	793	791	754	115	0	0	0	0
86	0	0	793	792	753	114	0	0	0	0
87	0	0	794	793	753	112	0	0	0	0
88	0	0	794	793	753	108	0	0	0	0
89	0	0	795	793	753	109	0	0	0	0
90	0	0	796	794	753	111	0	0	0	0
91	0	0	796	795	753	111	0	0	0	0
92	0	0	797	794	752	111	0	0	0	0
93	0	0	799	796	753	114	0	0	0	0
94	0	0	798	796	752	119	0	0	0	0
95	0	0	799	797	753	119	0	0	0	0
96	0	0	799	798	753	120	0	0	0	0
97	0	0	799	797	753	123	0	0	0	0
98	0	0	799	798	754	125	0	0	0	0
99	0	0	802	797	752	125	0	0	0	0
100	0	0	800	797	753	125	0	0	0	0
101	0	0	801	798	754	124	0	0	0	0
102	0	0	800	797	754	123	0	0	0	0
103	0	0	800	798	754	115	0	0	0	0
104	0	0	802	800	754	114	0	0	0	0
105	0	0	801	798	754	110	0	0	0	0
106	0	0	802	798	753	110	0	0	0	0
107	0	0	802	798	754	105	0	0	0	0
108	0	0	801	799	753	100	0	0	0	0
109	0	0	800	799	752	100	0	0	0	0
110	0	0	801	799	754	101	0	0	0	0
111	0	0	800	798	754	100	0	0	0	0
112	0	0	801	799	754	100	0	0	0	0
113	0	0	801	799	755	103	0	0	0	0
114	0	0	800	799	754	108	0	0	0	0
115	0	0	799	798	755	110	0	0	0	0
116	0	0	798	798	756	111	0	0	0	0
117	0	0	799	798	755	112	0	0	0	0
118	0	0	798	797	757	115	0	0	0	0
119	0	0	797	797	759	113	0	0	0	0
120	0	0	797	797	759	112	0	0	0	0
121	0	0	798	797	759	118	0	0	0	0
122	0	0	797	796	759	118	0	0	0	0
123	0	0	798	798	759	112	0	0	0	0
124	0	0	800	797	760	106	0	0	0	0
125	0	0	800	798	761	105	0	0	0	0
126	0	0	800	798	761	104	0	0	0	0
127	0	0	802	798	762	98	0	0	0	0
0	0	0	803	798	763	96	0	0	0	0
1	0	0	803	799	763	96	0	0	0	0
2	0	0	803	798	762	97	0	0	0	0
3	0	0	804	799	762	99	0	0	0	0
4	0	0	804	800	762	99	0	0	0	0
5	0	0	803	800	761	103	0	0	0	0
6	0	0	803	799	761	106	0	0	0	0
7	0	0	805	801	761	106	0	0	0	0
8	0	0	805	801	760	103	0	0	0	0
9	0	0	804	801	759	105	0	0	0	0
10	0	0	806	802	759	108	0	0	0	0
11	0	0	806	803	759	107	0	0	0	0
12	0	0	806	804	758	105	0	0	0	0
13	0	0	806	805	758	108	0	0	0	0
14	0	0	805	806	757	108	0	0	0	0
15	0	0	805	808	758	103	0	0	0	0
16	0	0	804	807	757	98	0	0	0	0
17	0	0	802	810	757	95	0	0	0	0
18	0	0	802	809	757	91	0	0	0	0
19	0	0	802	810	755	89	0	0	0	0
20	0	0	800	811	755	83	0	0	0	0
21	0	0	799	813	755	80	0	0	0	0
22	0	0	798	813	754	79	0	0	0	0
23	0	0	798	814	754	74	0	0	0	0
24	0	0	796	815	753	68	0	0	0	0
25	0	0	794	815	753	61	0	0	0	0
26	0	0	792	815	751	47	0	0	0	0
27	0	0	792	816	752	29	0	0	0	0
28	0	0	790	817	752	284	0	0	0	0
29	0	0	786	817	752	558	0	0	0	0
30	0	0	783	819	752	971	0	0	0	0
31	0	0	782	821	752	1413	0	0	0	0
32	0	0	780	822	751	1464	0	0	0	0
33	0	0	780	823	750	1541	0	0	0	0
34	0	0	783	824	747	1528	0	0	0	0
35	0	0	791	824	746	1451	0	0	0	0
36	0	0	801	823	745	1321	0	0	0	0
37	0	0	809	820	744	1227	0	0	0	0
38	0	0	812	817	744	1131	0	0	0	0
39	0	0	812	815	742	996	0	0	0	0
40	0	0	814	813	741	865	0	0	0	0
41	0	0	818	812	740	836	0	0	0	0
42	0	0	818	814	737	743	0	0	0	0
43	0	0	812	818	732	755	0	0	0	0
44	0	0	802	825	727	772	0	0	0	0
45	0	0	799	830	720	754	0	0	0	0
46	0	0	801	838	710	743	0	0	0	0
47	0	0	814	855	680	722	0	0	0	0
48	0	0	860	875	633	718	0	0	0	0
49	0	0	934	897	571	685	0	0	0	0
50	0	0	1037	914	497	700	0	0	0	0
51	0	0	1177	913	435	711	0	0	0	0
52	0	0	1308	898	410	693	0	0	0	0
53	0	0	1387	870	412	656	0	0	0	0
54	0	0	1433	830	424	584	0	0	0	0
55	0	0	1459	782	436	505	0	0	0	0
56	0	0	1456	709	446	496	0	0	0	0
57	0	0	1348	643	467	474	0	0	0	0
58	0	0	1166	600	469	451	0	0	0	0
59	0	0	984	572	448	398	0	0	0	0
60	0	0	865	570	391	404	0	0	0	0
61	0	0	842	601	329	384	0	0	0	0
62	0	0	856	645	277	348	0	0	0	0
63	0	0	886	681	241	366	0	0	0	0
64	0	0	929	710	210	400	0	0	0	0
65	0	0	980	735	180	411	0	0	0	0
66	0	0	1020	760	152	396	0	0	0	0
67	0	0	1041	757	125	389	0	0	0	0
68	0	0	1060	714	89	406	0	0	0	0
69	0	0	1074	629	65	416	0	0	0	0
70	0	0	1142	520	50	477	0	0	0	0
71	0	0	1265	404	43	519	0	0	0	0
72	0	0	1345	319	84	636	0	0	0	0
73	0	0	1376	252	199	696	0	0	0	0
74	0	0	1288	222	359	774	0	0	0	0
75	0	0	1131	214	555	790	0	0	0	0
76	0	0	966	218	719	831	0	0	0	0
77	0	0	774	224	836	878	0	0	0	0
78	0	0	589	250	936	899	0	0	0	0
79	0	0	454	211	995	964	0	0	0	0
80	0	0	329	144	1008	1056	0	0	0	0
81	0	0	228	96	985	1143	0	0	0	0
82	0	0	166	68	949	1192	0	0	0	0
83	0	0	116	50	875	1253	0	0	0	0
84	0	0	102	39	832	1306	0	0	0	0
85	0	0	109	33	796	1426	0	0	0	0
86	0	0	116	30	767	1452	0	0	0	0
87	0	0	137	28	747	1468	0	0	0	0
88	0	0	157	26	747	1512	0	0	0	0
89	0	0	172	28	735	1577	0	0	0	0
90	0	0	193	32	715	1625	0	0	0	0
91	0	0	237	49	714	1630	0	0	0	0
92	0	0	276	95	716	1681	0	0	0	0
93	0	0	342	135	714	1727	0	0	0	0
94	0	0	413	164	694	1781	0	0	0	0
95	0	0	476	194	672	1796	0	0	0	0
96	0	0	545	235	664	1867	0	0	0	0
97	0	0	604	263	646	1847	0	0	0	0
98	0	0	638	269	631	1860	0	0	0	0
99	0	0	657	269	599	1891	0	0	0	0
100	0	0	683	269	563	1916	0	0	0	0
101	0	0	719	244	527	1928	0	0	0	0
102	0	0	754	214	492	1949	0	0	0	0
103	0	0	794	181	460	1973	0	0	0	0
104	0	0	835	139	429	1983	0	0	0	0
105	0	0	879	98	395	1988	0	0	0	0
106	0	0	901	68	362	1995	0	0	0	0
107	0	0	924	49	329	1995	0	0	0	0
108	0	0	933	39	301	1990	0	0	0	0
109	0	0	931	33	277	1984	0	0	0	0
110	0	0	928	29	262	1982	0	0	0	0
111	0	0	928	27	254	1978	0	0	0	0
112	0	0	919	28	254	1967	0	0	0	0
113	0	0	897	29	258	1960	0	0	0	0
114	0	0	869	40	266	1959	0	0	0	0
115	0	0	835	72	271	1947	0	0	0	0
116	0	0	792	101	280	1940	0	0	0	0
117	0	0	743	139	288	1941	0	0	0	0
118	0	0	701	182	300	1947	0	0	0	0
119	0	0	665	223	311	1944	0	0	0	0
120	0	0	631	265	325	1942	0	0	0	0
121	0	0	598	295	338	1940	0	0	0	0
122	0	0	571	323	355	1938	0	0	0	0
123	0	0	550	354	373	1933	0	0	0	0
124	0	0	538	384	392	1929	0	0	0	0
125	0	0	534	413	411	1926	0	0	0	0
126	0	0	538	447	426	1927	0	0	0	0
127	0	0	546	464	444	1929	0	0	0	0
0	0	0	554	485	458	1931	0	0	0	0
1	0	0	574	506	473	1930	0	0	0	0
2	0	0	594	526	489	1932	0	0	0	0
3	0	0	616	549	505	1929	0	0	0	0
4	0	0	636	564	524	1921	0	0	0	0
5	0	0	653	579	542	1922	0	0	0	0
6	0	0	663	589	561	1914	0	0	0	0
7	0	0	670	599	582	1902	0	0	0	0
8	0	0	674	602	603	1892	0	0	0	0
9	0	0	674	606	627	1884	0	0	0	0
10	0	0	676	619	651	1874	0	0	0	0
11	0	0	680	628	676	1868	0	0	0	0
12	0	0	685	635	700	1867	0	0	0	0
13	0	0	691	638	720	1854	0	0	0	0
14	0	0	696	638	737	1846	0	0	0	0
15	0	0	699	634	752	1840	0	0	0	0
16	0	0	702	630	762	1836	0	0	0	0
17	0	0	705	627	770	1828	0	0	0	0
18	0	0	707	625	775	1820	0	0	0	0
19	0	0	709	623	778	1795	0	0	0	0
20	0	0	710	624	777	1776	0	0	0	0
21	0	0	713	623	776	1766	0	0	0	0
22	0	0	714	625	776	1755	0	0	0	0
23	0	0	716	627	774	1746	0	0	0	0
24	0	0	716	626	774	1742	0	0	0	0
25	0	0	719	630	774	1739	0	0	0	0
26	0	0	721	633	775	1736	0	0	0	0
27	0	0	726	635	778	1728	0	0	0	0
28	0	0	728	638	779	1724	0	0	0	0
29	0	0	732	637	782	1712	0	0	0	0
30	0	0	732	639	786	1706	0	0	0	0
31	0	0	735	637	789	1703	0	0	0	0
32	0	0	736	643	789	1686	0	0	0	0
33	0	0	738	639	790	1667	0	0	0	0
34	0	0	739	640	790	1662	0	0	0	0
35	0	0	740	642	788	1645	0	0	0	0
36	0	0	741	641	786	1636	0	0	0	0
37	0	0	743	640	788	1622	0	0	0	0
38	0	0	745	643	787	1596	0	0	0	0
39	0	0	746	642	785	1566	0	0	0	0
40	0	0	747	640	783	1529	0	0	0	0
41	0	0	749	638	781	1514	0	0	0	0
42	0	0	748	636	778	1502	0	0	0	0
43	0	0	747	632	776	1481	0	0	0	0
44	0	0	747	628	773	1473	0	0	0	0
45	0	0	749	622	770	1461	0	0	0	0
46	0	0	750	618	767	1441	0	0	0	0
47	0	0	751	614	765	1423	0	0	0	0
48	0	0	753	609	763	1412	0	0	0	0
49	0	0	752	603	761	1412	0	0	0	0
50	0	0	752	598	760	1408	0	0	0	0
51	0	0	753	591	759	1402	0	0	0	0
52	0	0	753	585	758	1396	0	0	0	0
53	0	0	752	582	757	1396	0	0	0	0
54	0	0	751	576	757	1382	0	0	0	0
55	0	0	751	573	755	1371	0	0	0	0
56	0	0	753	570	752	1366	0	0	0	0
57	0	0	753	566	751	1362	0	0	0	0
58	0	0	752	565	748	1346	0	0	0	0
59	0	0	751	564	746	1335	0	0	0	0
60	0	0	750	563	746	1324	0	0	0	0
61	0	0	750	562	744	1308	0	0	0	0
62	0	0	750	560	741	1301	0	0	0	0
63	0	0	749	558	737	1243	0	0	0	0
64	0	0	749	556	735	1250	0	0	0	0
65	0	0	750	555	732	1249	0	0	0	0
66	0	0	750	552	728	1257	0	0	0	0
67	0	0	754	549	726	1261	0	0	0	0
68	0	0	756	547	721	1272	0	0	0	0
69	0	0	760	543	717	1259	0	0	0	0
70	0	0	762	541	713	1265	0	0	0	0
71	0	0	764	536	707	1261	0	0	0	0
72	0	0	767	535	701	1232	0	0	0	0
73	0	0	770	532	696	1211	0	0	0	0
74	0	0	774	531	691	1189	0	0	0	0
75	0	0	780	529	686	1173	0	0	0	0
76	0	0	785	528	681	1163	0	0	0	0
77	0	0	791	526	676	1142	0	0	0	0
78	0	0	798	523	671	1138	0	0	0	0
79	0	0	806	523	665	1108	0	0	0	0
80	0	0	811	522	659	1086	0	0	0	0
81	0	0	817	521	654	1082	0	0	0	0
82	0	0	822	522	648	1077	0	0	0	0
83	0	0	828	522	643	1073	0	0	0	0
84	0	0	832	522	640	1068	0	0	0	0
85	0	0	836	522	636	1058	0	0	0	0
86	0	0	839	522	633	1040	0	0	0	0
87	0	0	841	521	631	1027	0	0	0	0
88	0	0	841	523	629	1027	0	0	0	0
89	0	0	841	524	627	1021	0	0	0	0
90	0	0	840	526	625	1015	0	0	0	0
91	0	0	838	528	624	1009	0	0	0	0
92	0	0	836	531	622	1002	0	0	0	0
93	0	0	833	535	622	1005	0	0	0	0
94	0	0	831	547	619	1006	0	0	0	0
95	0	0	828	543	619	1006	0	0	0	0
96	0	0	826	546	618	1005	0	0	0	0
97	0	0	824	548	619	1004	0	0	0	0
98	0	0	821	551	618	1005	0	0	0	0
99	0	0	820	555	619	1002	0	0	0	0
100	0	0	819	562	619	1000	0	0	0	0
101	0	0	817	567	619	993	0	0	0	0
102	0	0	817	571	618	988	0	0	0	0
103	0	0	816	575	619	979	0	0	0	0
104	0	0	814	581	620	977	0	0	0	0
105	0	0	813	585	621	971	0	0	0	0
106	0	0	811	590	622	963	0	0	0	0
107	0	0	811	594	624	947	0	0	0	0
108	0	0	811	600	625	935	0	0	0	0
109	0	0	810	603	628	930	0	0	0	0
110	0	0	810	609	631	915	0	0	0	0
111	0	0	807	612	632	901	0	0	0	0
112	0	0	805	617	633	882	0	0	0	0
113	0	0	804	622	636	859	0	0	0	0
114	0	0	802	628	638	841	0	0	0	0
115	0	0	800	635	640	823	0	0	0	0
116	0	0	796	639	642	808	0	0	0	0
117	0	0	796	643	645	809	0	0	0	0
118	0	0	795	650	646	807	0	0	0	0
119	0	0	793	655	649	811	0	0	0	0
120	0	0	791	659	652	814	0	0	0	0
121	0	0	789	665	656	802	0	0	0	0
122	0	0	788	672	658	797	0	0	0	0
123	0	0	785	679	659	794	0	0	0	0
124	0	0	783	681	663	797	0	0	0	0
125	0	0	781	689	666	791	0	0	0	0
126	0	0	780	690	665	785	0	0	0	0
127	0	0	779	691	669	782	0	0	0	0
0	0	0	778	697	671	773	0	0	0	0
1	0	0	777	701	673	752	0	0	0	0
2	0	0	776	707	677	713	0	0	0	0
3	0	0	774	710	677	667	0	0	0	0
4	0	0	773	713	679	671	0	0	0	0
5	0	0	773	717	681	691	0	0	0	0
6	0	0	774	721	683	697	0	0	0	0
7	0	0	773	725	685	685	0	0	0	0
8	0	0	773	727	686	672	0	0	0	0
9	0	0	773	732	687	660	0	0	0	0
10	0	0	773	732	688	637	0	0	0	0
11	0	0	774	741	689	643	0	0	0	0
12	0	0	774	739	690	624	0	0	0	0
13	0	0	775	740	690	626	0	0	0	0
14	0	0	776	739	699	633	0	0	0	0
15	0	0	775	721	693	614	0	0	0	0
16	0	0	779	746	694	596	0	0	0	0
17	0	0	779	750	693	566	0	0	0	0
18	0	0	783	750	693	566	0	0	0	0
19	0	0	782	750	695	562	0	0	0	0
20	0	0	782	755	696	555	0	0	0	0
21	0	0	783	758	699	539	0	0	0	0
22	0	0	783	750	701	531	0	0	0	0
23	0	0	784	757	700	502	0	0	0	0
24	0	0	786	758	703	518	0	0	0	0
25	0	0	787	757	705	478	0	0	0	0
26	0	0	788	757	707	453	0	0	0	0
27	0	0	788	758	709	435	0	0	0	0
28	0	0	789	757	711	425	0	0	0	0
29	0	0	790	757	712	420	0	0	0	0
30	0	0	790	756	712	419	0	0	0	0
31	0	0	791	757	715	411	0	0	0	0
32	0	0	791	755	717	422	0	0	0	0
33	0	0	792	756	718	438	0	0	0	0
34	0	0	792	754	720	424	0	0	0	0
35	0	0	793	754	721	414	0	0	0	0
36	0	0	793	752	723	398	0	0	0	0
37	0	0	796	752	724	389	0	0	0	0
38	0	0	795	751	725	389	0	0	0	0
39	0	0	797	751	727	374	0	0	0	0
40	0	0	798	752	727	369	0	0	0	0
41	0	0	799	749	729	371	0	0	0	0
42	0	0	800	748	729	367	0	0	0	0
43	0	0	799	748	732	359	0	0	0	0
44	0	0	801	747	731	357	0	0	0	0
45	0	0	802	746	730	356	0	0	0	0
46	0	0	802	745	732	360	0	0	0	0
47	0	0	803	745	731	358	0	0	0	0
48	0	0	805	744	731	356	0	0	0	0
49	0	0	806	743	731	312	0	0	0	0
50	0	0	806	743	732	298	0	0	0	0
51	0	0	807	743	732	296	0	0	0	0
52	0	0	809	744	732	300	0	0	0	0
53	0	0	810	742	731	305	0	0	0	0
54	0	0	811	742	731	301	0	0	0	0
55	0	0	811	742	731	307	0	0	0	0
56	0	0	813	743	730	308	0	0	0	0
57	0	0	815	742	730	311	0	0	0	0
58	0	0	816	741	731	312	0	0	0	0
59	0	0	816	741	729	311	0	0	0	0
60	0	0	815	740	729	310	0	0	0	0
61	0	0	816	738	727	314	0	0	0	0
62	0	0	818	738	729	315	0	0	0	0
63	0	0	820	736	730	348	0	0	0	0
64	0	0	822	738	730	373	0	0	0	0
65	0	0	823	732	731	377	0	0	0	0
66	0	0	824	735	730	380	0	0	0	0
67	0	0	825	736	729	384	0	0	0	0
68	0	0	827	733	728	386	0	0	0	0
69	0	0	826	733	730	386	0	0	0	0
70	0	0	826	735	729	392	0	0	0	0
71	0	0	823	715	734	397	0	0	0	0
72	0	0	822	713	729	401	0	0	0	0
73	0	0	832	735	728	407	0	0	0	0
74	0	0	824	739	726	410	0	0	0	0
75	0	0	829	732	726	417	0	0	0	0
76	0	0	829	729	726	420	0	0	0	0
77	0	0	829	727	725	425	0	0	0	0
78	0	0	828	725	726	427	0	0	0	0
79	0	0	828	734	723	432	0	0	0	0
80	0	0	827	723	726	429	0	0	0	0
81	0	0	828	730	724	428	0	0	0	0
82	0	0	825	729	724	425	0	0	0	0
83	0	0	829	729	724	424	0	0	0	0
84	0	0	828	728	723	426	0	0	0	0
85	0	0	829	730	723	427	0	0	0	0
86	0	0	829	727	724	431	0	0	0	0
87	0	0	828	726	725	436	0	0	0	0
88	0	0	825	726	723	442	0	0	0	0
89	0	0	824	726	725	445	0	0	0	0
90	0	0	822	727	724	452	0	0	0	0
91	0	0	822	725	724	457	0	0	0	0
92	0	0	822	726	725	465	0	0	0	0
93	0	0	821	727	725	469	0	0	0	0
94	0	0	821	726	725	465	0	0	0	0
95	0	0	821	725	725	463	0	0	0	0
96	0	0	820	726	726	470	0	0	0	0
97	0	0	817	721	727	480	0	0	0	0
98	0	0	817	727	725	501	0	0	0	0
99	0	0	814	722	724	529	0	0	0	0
100	0	0	814	723	725	555	0	0	0	0
101	0	0	815	719	727	567	0	0	0	0
102	0	0	812	723	727	591	0	0	0	0
103	0	0	811	721	726	597	0	0	0	0
104	0	0	810	716	727	591	0	0	0	0
105	0	0	809	717	725	586	0	0	0	0
106	0	0	807	719	725	604	0	0	0	0
107	0	0	806	718	725	587	0	0	0	0
108	0	0	805	711	724	590	0	0	0	0
109	0	0	804	713	724	575	0	0	0	0
110	0	0	803	712	721	573	0	0	0	0
111	0	0	803	710	720	583	0	0	0	0
112	0	0	801	712	721	586	0	0	0	0
113	0	0	802	709	718	613	0	0	0	0
114	0	0	799	707	717	589	0	0	0	0
115	0	0	797	706	715	599	0	0	0	0
116	0	0	796	704	714	596	0	0	0	0
117	0	0	795	703	712	604	0	0	0	0
118	0	0	795	700	711	607	0	0	0	0
119	0	0	793	698	709	604	0	0	0	0
120	0	0	792	697	707	608	0	0	0	0
121	0	0	793	695	706	618	0	0	0	0
122	0	0	790	692	705	601	0	0	0	0
123	0	0	790	691	702	607	0	0	0	0
124	0	0	790	689	700	613	0	0	0	0
125	0	0	791	688	699	619	0	0	0	0
126	0	0	792	687	698	633	0	0	0	0
127	0	0	791	684	696	641	0	0	0	0
0	0	0	791	682	693	640	0	0	0	0
1	0	0	790	681	691	633	0	0	0	0
2	0	0	790	678	690	638	0	0	0	0
3	0	0	791	676	689	637	0	0	0	0
4	0	0	790	674	686	637	0	0	0	0
5	0	0	792	671	685	639	0	0	0	0
6	0	0	792	668	684	645	0	0	0	0
7	0	0	791	664	682	645	0	0	0	0
8	0	0	792	660	682	644	0	0	0	0
9	0	0	792	657	680	650	0	0	0	0
10	0	0	791	654	680	655	0	0	0	0
11	0	0	792	651	680	658	0	0	0	0
12	0	0	790	646	679	657	0	0	0	0
13	0	0	790	642	680	653	0	0	0	0
14	0	0	791	639	680	655	0	0	0	0
15	0	0	791	635	679	654	0	0	0	0
16	0	0	792	632	681	651	0	0	0	0
