# bioPlux Text File Format
# Version: 1
# StartDateTime: 2012-03-21 16:55:24
# SamplingFrequency: 1000
# SampledChannels: 1 2 3 4 5 6 7 8
# SamplingResolution: 12
# AcquiringDevice: 00:07:80:93:66:BE
# EndOfHeader
0	0	0	796	649	683	1584	0	0	0	0
1	0	0	795	650	682	1582	0	0	0	0
2	0	0	796	649	683	1582	0	0	0	0
3	0	0	795	649	683	1582	0	0	0	0
4	0	0	794	649	682	1582	0	0	0	0
5	0	0	794	649	681	1583	0	0	0	0
6	0	0	794	650	682	1583	0	0	0	0
7	0	0	793	650	681	1583	0	0	0	0
8	0	0	794	650	682	1583	0	0	0	0
9	0	0	793	650	682	1581	0	0	0	0
10	0	0	794	650	682	1582	0	0	0	0
11	0	0	794	653	683	1583	0	0	0	0
12	0	0	794	651	681	1582	0	0	0	0
13	0	0	793	650	682	1583	0	0	0	0
14	0	0	794	651	681	1579	0	0	0	0
15	0	0	793	651	681	1579	0	0	0	0
16	0	0	793	651	681	1580	0	0	0	0
17	0	0	792	651	681	1581	0	0	0	0
18	0	0	793	651	681	1580	0	0	0	0
19	0	0	795	651	681	1579	0	0	0	0
20	0	0	794	651	681	1579	0	0	0	0
21	0	0	792	651	683	1583	0	0	0	0
22	0	0	792	651	682	1583	0	0	0	0
23	0	0	792	651	682	1584	0	0	0	0
24	0	0	793	651	682	1585	0	0	0	0
25	0	0	793	652	682	1585	0	0	0	0
26	0	0	793	652	682	1584	0	0	0	0
27	0	0	793	652	683	1585	0	0	0	0
28	0	0	794	652	682	1585	0	0	0	0
29	0	0	793	652	681	1584	0	0	0	0
30	0	0	793	652	682	1584	0	0	0	0
31	0	0	793	653	681	1584	0	0	0	0
32	0	0	795	651	682	1583	0	0	0	0
33	0	0	793	652	681	1584	0	0	0	0
34	0	0	792	651	681	1584	0	0	0	0
35	0	0	793	651	681	1583	0	0	0	0
36	0	0	793	651	681	1581	0	0	0	0
37	0	0	794	651	681	1583	0	0	0	0
38	0	0	794	650	681	1582	0	0	0	0
39	0	0	792	651	681	1582	0	0	0	0
40	0	0	793	651	681	1580	0	0	0	0
41	0	0	793	650	681	1584	0	0	0	0
42	0	0	793	651	682	1585	0	0	0	0
43	0	0	793	650	682	1583	0	0	0	0
44	0	0	793	650	681	1582	0	0	0	0
45	0	0	793	649	681	1582	0	0	0	0
46	0	0	791	650	681	1582	0	0	0	0
47	0	0	793	650	681	1581	0	0	0	0
48	0	0	792	649	682	1582	0	0	0	0
49	0	0	794	649	682	1582	0	0	0	0
50	0	0	793	648	682	1584	0	0	0	0
51	0	0	793	649	681	1584	0	0	0	0
52	0	0	793	648	681	1585	0	0	0	0
53	0	0	793	649	681	1584	0	0	0	0
54	0	0	794	648	681	1582	0	0	0	0
55	0	0	794	648	681	1577	0	0	0	0
56	0	0	794	647	681	1577	0	0	0	0
57	0	0	795	648	682	1579	0	0	0	0
58	0	0	796	648	682	1578	0	0	0	0
59	0	0	795	648	682	1579	0	0	0	0
60	0	0	794	648	681	1580	0	0	0	0
61	0	0	793	648	682	1580	0	0	0	0
62	0	0	793	648	682	1584	0	0	0	0
63	0	0	793	649	683	1583	0	0	0	0
64	0	0	795	649	682	1581	0	0	0	0
65	0	0	794	649	682	1583	0	0	0	0
66	0	0	794	649	681	1582	0	0	0	0
67	0	0	795	649	681	1585	0	0	0	0
68	0	0	794	649	683	1587	0	0	0	0
69	0	0	794	649	682	1586	0	0	0	0
70	0	0	795	648	682	1584	0	0	0	0
71	0	0	794	649	681	1581	0	0	0	0
72	0	0	794	649	682	1581	0	0	0	0
73	0	0	794	649	683	1582	0	0	0	0
74	0	0	795	650	682	1581	0	0	0	0
75	0	0	795	650	683	1580	0	0	0	0
76	0	0	793	650	684	1580	0	0	0	0
77	0	0	795	650	683	1579	0	0	0	0
78	0	0	795	650	682	1578	0	0	0	0
79	0	0	793	651	683	1577	0	0	0	0
80	0	0	793	651	683	1579	0	0	0	0
81	0	0	793	651	683	1579	0	0	0	0
82	0	0	794	651	682	1582	0	0	0	0
83	0	0	793	652	682	1582	0	0	0	0
84	0	0	793	652	683	1582	0	0	0	0
85	0	0	793	651	682	1579	0	0	0	0
86	0	0	793	652	683	1579	0	0	0	0
87	0	0	794	653	683	1576	0	0	0	0
88	0	0	793	653	683	1575	0	0	0	0
89	0	0	794	653	683	1576	0	0	0	0
90	0	0	794	652	682	1577	0	0	0	0
91	0	0	792	653	682	1576	0	0	0	0
92	0	0	793	653	683	1577	0	0	0	0
93	0	0	794	653	683	1578	0	0	0	0
94	0	0	794	654	683	1577	0	0	0	0
95	0	0	794	654	684	1575	0	0	0	0
96	0	0	794	654	683	1576	0	0	0	0
97	0	0	793	654	683	1579	0	0	0	0
98	0	0	793	656	682	1577	0	0	0	0
99	0	0	794	655	683	1577	0	0	0	0
100	0	0	794	654	682	1575	0	0	0	0
101	0	0	793	655	682	1577	0	0	0	0
102	0	0	793	655	682	1578	0	0	0	0
103	0	0	794	655	682	1580	0	0	0	0
104	0	0	794	655	682	1578	0	0	0	0
105	0	0	795	656	682	1578	0	0	0	0
106	0	0	795	656	683	1576	0	0	0	0
107	0	0	795	656	683	1576	0	0	0	0
108	0	0	794	656	683	1579	0	0	0	0
109	0	0	794	656	683	1577	0	0	0	0
110	0	0	793	657	682	1577	0	0	0	0
111	0	0	794	657	682	1577	0	0	0	0
112	0	0	794	657	682	1576	0	0	0	0
113	0	0	794	657	681	1577	0	0	0	0
114	0	0	794	657	681	1577	0	0	0	0
115	0	0	794	657	682	1579	0	0	0	0
116	0	0	794	658	682	1578	0	0	0	0
117	0	0	794	658	682	1576	0	0	0	0
118	0	0	795	658	681	1575	0	0	0	0
119	0	0	794	657	681	1576	0	0	0	0
120	0	0	795	657	682	1574	0	0	0	0
121	0	0	796	658	682	1574	0	0	0	0
122	0	0	795	657	683	1574	0	0	0	0
123	0	0	795	657	683	1576	0	0	0	0
124	0	0	795	657	683	1579	0	0	0	0
125	0	0	795	657	683	1576	0	0	0	0
126	0	0	796	657	682	1577	0	0	0	0
127	0	0	795	657	682	1581	0	0	0	0
0	0	0	795	657	683	1584	0	0	0	0
1	0	0	795	657	682	1580	0	0	0	0
2	0	0	794	657	683	1579	0	0	0	0
3	0	0	794	657	682	1580	0	0	0	0
4	0	0	795	657	683	1582	0	0	0	0
5	0	0	795	656	684	1581	0	0	0	0
6	0	0	794	655	680	1578	0	0	0	0
7	0	0	795	655	682	1580	0	0	0	0
8	0	0	795	656	682	1577	0	0	0	0
9	0	0	795	657	682	1582	0	0	0	0
10	0	0	796	656	683	1578	0	0	0	0
11	0	0	794	656	682	1579	0	0	0	0
12	0	0	795	655	683	1577	0	0	0	0
13	0	0	796	655	683	1577	0	0	0	0
14	0	0	797	654	682	1577	0	0	0	0
15	0	0	797	656	682	1579	0	0	0	0
16	0	0	795	654	682	1579	0	0	0	0
17	0	0	796	655	683	1580	0	0	0	0
18	0	0	795	654	682	1578	0	0	0	0
19	0	0	797	653	682	1579	0	0	0	0
20	0	0	797	654	682	1580	0	0	0	0
21	0	0	796	654	682	1580	0	0	0	0
22	0	0	797	655	682	1580	0	0	0	0
23	0	0	797	654	680	1580	0	0	0	0
24	0	0	798	653	681	1580	0	0	0	0
25	0	0	799	654	680	1580	0	0	0	0
26	0	0	798	654	681	1577	0	0	0	0
27	0	0	796	655	682	1577	0	0	0	0
28	0	0	798	655	682	1576	0	0	0	0
29	0	0	798	653	682	1575	0	0	0	0
30	0	0	798	654	682	1576	0	0	0	0
31	0	0	797	654	681	1573	0	0	0	0
32	0	0	798	653	682	1572	0	0	0	0
33	0	0	798	653	682	1572	0	0	0	0
34	0	0	798	654	682	1573	0	0	0	0
35	0	0	799	654	681	1572	0	0	0	0
36	0	0	798	653	681	1572	0	0	0	0
37	0	0	798	653	682	1574	0	0	0	0
38	0	0	799	654	681	1573	0	0	0	0
39	0	0	800	651	681	1574	0	0	0	0
40	0	0	799	654	681	1573	0	0	0	0
41	0	0	799	654	680	1572	0	0	0	0
42	0	0	800	654	681	1571	0	0	0	0
43	0	0	800	654	680	1572	0	0	0	0
44	0	0	800	654	679	1571	0	0	0	0
45	0	0	799	654	680	1569	0	0	0	0
46	0	0	801	653	680	1567	0	0	0	0
47	0	0	800	652	679	1567	0	0	0	0
48	0	0	801	653	680	1568	0	0	0	0
49	0	0	800	653	680	1570	0	0	0	0
50	0	0	801	653	680	1569	0	0	0	0
51	0	0	801	653	680	1569	0	0	0	0
52	0	0	800	653	680	1567	0	0	0	0
53	0	0	799	653	680	1562	0	0	0	0
54	0	0	799	651	680	1559	0	0	0	0
55	0	0	800	654	680	1558	0	0	0	0
56	0	0	801	654	679	1555	0	0	0	0
57	0	0	801	654	680	1558	0	0	0	0
58	0	0	801	654	679	1558	0	0	0	0
59	0	0	802	654	679	1556	0	0	0	0
60	0	0	799	654	681	1557	0	0	0	0
61	0	0	801	655	679	1556	0	0	0	0
62	0	0	800	655	680	1556	0	0	0	0
63	0	0	801	655	679	1556	0	0	0	0
64	0	0	800	653	681	1557	0	0	0	0
65	0	0	800	656	680	1557	0	0	0	0
66	0	0	800	656	680	1555	0	0	0	0
67	0	0	799	655	680	1552	0	0	0	0
68	0	0	801	655	680	1553	0	0	0	0
69	0	0	802	655	681	1552	0	0	0	0
70	0	0	801	655	681	1550	0	0	0	0
71	0	0	801	656	681	1547	0	0	0	0
72	0	0	802	656	680	1544	0	0	0	0
73	0	0	803	655	680	1545	0	0	0	0
74	0	0	802	656	680	1545	0	0	0	0
75	0	0	802	657	680	1545	0	0	0	0
76	0	0	803	657	680	1545	0	0	0	0
77	0	0	802	657	679	1544	0	0	0	0
78	0	0	803	657	680	1545	0	0	0	0
79	0	0	804	657	680	1546	0	0	0	0
80	0	0	804	657	680	1547	0	0	0	0
81	0	0	802	657	680	1547	0	0	0	0
82	0	0	802	658	680	1547	0	0	0	0
83	0	0	803	658	680	1547	0	0	0	0
84	0	0	803	658	680	1549	0	0	0	0
85	0	0	803	658	681	1548	0	0	0	0
86	0	0	802	657	680	1546	0	0	0	0
87	0	0	803	658	680	1543	0	0	0	0
88	0	0	803	659	681	1541	0	0	0	0
89	0	0	805	659	680	1540	0	0	0	0
90	0	0	804	660	681	1538	0	0	0	0
91	0	0	804	658	680	1539	0	0	0	0
92	0	0	803	660	681	1537	0	0	0	0
93	0	0	803	661	679	1536	0	0	0	0
94	0	0	803	661	680	1537	0	0	0	0
95	0	0	803	661	680	1534	0	0	0	0
96	0	0	804	661	680	1538	0	0	0	0
97	0	0	804	662	681	1533	0	0	0	0
98	0	0	804	661	680	1527	0	0	0	0
99	0	0	804	661	680	1526	0	0	0	0
100	0	0	804	663	680	1528	0	0	0	0
101	0	0	805	663	681	1525	0	0	0	0
102	0	0	804	663	680	1527	0	0	0	0
103	0	0	804	663	681	1527	0	0	0	0
104	0	0	805	664	680	1528	0	0	0	0
105	0	0	806	664	681	1528	0	0	0	0
106	0	0	807	666	681	1521	0	0	0	0
107	0	0	806	664	681	1512	0	0	0	0
108	0	0	806	666	680	1517	0	0	0	0
109	0	0	806	667	680	1509	0	0	0	0
110	0	0	807	667	681	1505	0	0	0	0
111	0	0	807	667	679	1506	0	0	0	0
112	0	0	806	668	680	1506	0	0	0	0
113	0	0	806	669	680	1504	0	0	0	0
114	0	0	806	671	679	1503	0	0	0	0
115	0	0	807	670	679	1502	0	0	0	0
116	0	0	806	670	680	1501	0	0	0	0
117	0	0	807	672	680	1503	0	0	0	0
118	0	0	807	671	680	1501	0	0	0	0
119	0	0	807	672	682	1498	0	0	0	0
120	0	0	809	673	681	1497	0	0	0	0
121	0	0	808	673	682	1493	0	0	0	0
122	0	0	808	673	682	1490	0	0	0	0
123	0	0	806	673	682	1489	0	0	0	0
124	0	0	808	675	683	1487	0	0	0	0
125	0	0	809	676	683	1482	0	0	0	0
126	0	0	810	675	682	1481	0	0	0	0
127	0	0	811	675	683	1467	0	0	0	0
0	0	0	811	675	685	1467	0	0	0	0
1	0	0	811	676	683	1469	0	0	0	0
2	0	0	812	676	685	1458	0	0	0	0
3	0	0	813	679	684	1456	0	0	0	0
4	0	0	813	678	684	1450	0	0	0	0
5	0	0	813	678	685	1454	0	0	0	0
6	0	0	814	678	685	1450	0	0	0	0
7	0	0	815	678	686	1446	0	0	0	0
8	0	0	813	679	687	1439	0	0	0	0
9	0	0	813	679	687	1436	0	0	0	0
10	0	0	813	682	687	1431	0	0	0	0
11	0	0	813	683	689	1427	0	0	0	0
12	0	0	814	683	687	1423	0	0	0	0
13	0	0	815	684	688	1420	0	0	0	0
14	0	0	815	684	688	1413	0	0	0	0
15	0	0	815	685	689	1408	0	0	0	0
16	0	0	815	684	689	1405	0	0	0	0
17	0	0	815	685	690	1398	0	0	0	0
18	0	0	815	686	690	1390	0	0	0	0
19	0	0	815	687	691	1388	0	0	0	0
20	0	0	817	686	690	1379	0	0	0	0
21	0	0	817	686	691	1370	0	0	0	0
22	0	0	816	687	692	1363	0	0	0	0
23	0	0	817	688	693	1359	0	0	0	0
24	0	0	817	688	692	1354	0	0	0	0
25	0	0	816	688	693	1347	0	0	0	0
26	0	0	817	690	693	1336	0	0	0	0
27	0	0	817	689	694	1325	0	0	0	0
28	0	0	818	690	695	1319	0	0	0	0
29	0	0	818	690	695	1312	0	0	0	0
30	0	0	818	691	697	1314	0	0	0	0
31	0	0	817	692	697	1313	0	0	0	0
32	0	0	817	692	698	1305	0	0	0	0
33	0	0	817	692	699	1297	0	0	0	0
34	0	0	817	693	699	1286	0	0	0	0
35	0	0	817	693	699	1277	0	0	0	0
36	0	0	817	695	700	1279	0	0	0	0
37	0	0	816	695	701	1274	0	0	0	0
38	0	0	817	695	702	1260	0	0	0	0
39	0	0	816	695	701	1257	0	0	0	0
40	0	0	815	696	703	1253	0	0	0	0
41	0	0	815	696	703	1258	0	0	0	0
42	0	0	815	698	702	1250	0	0	0	0
43	0	0	815	697	702	1244	0	0	0	0
44	0	0	814	697	703	1249	0	0	0	0
45	0	0	813	698	702	1245	0	0	0	0
46	0	0	812	697	702	1247	0	0	0	0
47	0	0	810	697	701	1239	0	0	0	0
48	0	0	807	696	702	1238	0	0	0	0
49	0	0	804	698	704	1237	0	0	0	0
50	0	0	806	699	705	1235	0	0	0	0
51	0	0	805	700	705	1238	0	0	0	0
52	0	0	802	701	706	1240	0	0	0	0
53	0	0	801	700	706	1237	0	0	0	0
54	0	0	800	702	707	1242	0	0	0	0
55	0	0	800	704	706	1236	0	0	0	0
56	0	0	800	704	707	1238	0	0	0	0
57	0	0	799	705	707	1237	0	0	0	0
58	0	0	799	707	708	1242	0	0	0	0
59	0	0	799	708	709	1244	0	0	0	0
60	0	0	798	708	709	1245	0	0	0	0
61	0	0	797	709	710	1251	0	0	0	0
62	0	0	796	709	710	1242	0	0	0	0
63	0	0	796	711	709	1241	0	0	0	0
64	0	0	796	710	710	1240	0	0	0	0
65	0	0	796	711	711	1240	0	0	0	0
66	0	0	795	712	711	1242	0	0	0	0
67	0	0	794	713	712	1242	0	0	0	0
68	0	0	794	713	712	1245	0	0	0	0
69	0	0	794	714	712	1243	0	0	0	0
70	0	0	792	714	711	1240	0	0	0	0
71	0	0	792	715	711	1242	0	0	0	0
72	0	0	791	714	712	1241	0	0	0	0
73	0	0	791	714	712	1236	0	0	0	0
74	0	0	791	715	713	1238	0	0	0	0
75	0	0	792	714	712	1244	0	0	0	0
76	0	0	790	715	711	1245	0	0	0	0
77	0	0	790	715	712	1243	0	0	0	0
78	0	0	789	714	712	1232	0	0	0	0
79	0	0	790	715	712	1227	0	0	0	0
80	0	0	790	714	709	1228	0	0	0	0
81	0	0	790	716	713	1231	0	0	0	0
82	0	0	790	715	713	1229	0	0	0	0
83	0	0	790	715	712	1225	0	0	0	0
84	0	0	789	715	712	1223	0	0	0	0
85	0	0	789	715	713	1224	0	0	0	0
86	0	0	789	715	712	1220	0	0	0	0
87	0	0	789	715	713	1224	0	0	0	0
88	0	0	788	715	712	1229	0	0	0	0
89	0	0	788	714	712	1229	0	0	0	0
90	0	0	788	714	712	1221	0	0	0	0
91	0	0	788	714	712	1219	0	0	0	0
92	0	0	789	712	713	1222	0	0	0	0
93	0	0	789	712	713	1222	0	0	0	0
94	0	0	788	712	712	1226	0	0	0	0
95	0	0	789	712	712	1228	0	0	0	0
96	0	0	790	711	713	1231	0	0	0	0
97	0	0	789	711	712	1235	0	0	0	0
98	0	0	790	710	712	1240	0	0	0	0
99	0	0	790	709	711	1238	0	0	0	0
100	0	0	790	709	712	1239	0	0	0	0
101	0	0	790	708	713	1242	0	0	0	0
102	0	0	788	707	712	1236	0	0	0	0
103	0	0	790	708	712	1227	0	0	0	0
104	0	0	790	706	712	1219	0	0	0	0
105	0	0	791	706	712	1217	0	0	0	0
106	0	0	791	706	713	1222	0	0	0	0
107	0	0	788	705	712	1226	0	0	0	0
108	0	0	789	705	713	1229	0	0	0	0
109	0	0	789	703	713	1228	0	0	0	0
110	0	0	789	704	713	1228	0	0	0	0
111	0	0	788	703	713	1227	0	0	0	0
112	0	0	788	702	713	1221	0	0	0	0
113	0	0	789	701	714	1220	0	0	0	0
114	0	0	789	700	714	1227	0	0	0	0
115	0	0	789	700	715	1229	0	0	0	0
116	0	0	789	697	716	1225	0	0	0	0
117	0	0	790	699	714	1225	0	0	0	0
118	0	0	789	699	715	1222	0	0	0	0
119	0	0	789	699	715	1212	0	0	0	0
120	0	0	790	698	716	1223	0	0	0	0
121	0	0	789	697	715	1225	0	0	0	0
122	0	0	789	698	716	1219	0	0	0	0
123	0	0	788	698	717	1217	0	0	0	0
124	0	0	788	697	717	1221	0	0	0	0
125	0	0	787	697	717	1205	0	0	0	0
126	0	0	787	699	719	1206	0	0	0	0
127	0	0	788	698	719	1209	0	0	0	0
0	0	0	787	696	718	1223	0	0	0	0
1	0	0	786	696	719	1224	0	0	0	0
2	0	0	786	695	719	1227	0	0	0	0
3	0	0	788	694	719	1228	0	0	0	0
4	0	0	787	695	721	1233	0	0	0	0
5	0	0	788	695	720	1237	0	0	0	0
6	0	0	788	696	721	1240	0	0	0	0
7	0	0	789	696	720	1241	0	0	0	0
8	0	0	790	696	720	1247	0	0	0	0
9	0	0	789	695	720	1248	0	0	0	0
10	0	0	788	694	720	1248	0	0	0	0
11	0	0	788	694	721	1249	0	0	0	0
12	0	0	787	694	720	1248	0	0	0	0
13	0	0	787	693	721	1252	0	0	0	0
14	0	0	787	693	721	1250	0	0	0	0
15	0	0	788	693	721	1248	0	0	0	0
16	0	0	788	692	722	1251	0	0	0	0
17	0	0	788	691	722	1251	0	0	0	0
18	0	0	790	690	722	1251	0	0	0	0
19	0	0	790	690	723	1253	0	0	0	0
20	0	0	790	690	723	1257	0	0	0	0
21	0	0	791	690	723	1260	0	0	0	0
22	0	0	793	689	725	1265	0	0	0	0
23	0	0	795	688	723	1278	0	0	0	0
24	0	0	796	688	724	1288	0	0	0	0
25	0	0	796	687	723	1302	0	0	0	0
26	0	0	797	686	724	1315	0	0	0	0
27	0	0	799	685	725	1314	0	0	0	0
28	0	0	800	684	724	1321	0	0	0	0
29	0	0	801	683	724	1323	0	0	0	0
30	0	0	802	682	724	1324	0	0	0	0
31	0	0	803	682	724	1327	0	0	0	0
32	0	0	804	681	724	1326	0	0	0	0
33	0	0	805	681	723	1336	0	0	0	0
34	0	0	806	680	724	1341	0	0	0	0
35	0	0	805	678	724	1342	0	0	0	0
36	0	0	807	678	723	1351	0	0	0	0
37	0	0	806	678	723	1353	0	0	0	0
38	0	0	808	676	723	1362	0	0	0	0
39	0	0	806	677	723	1372	0	0	0	0
40	0	0	808	677	721	1376	0	0	0	0
41	0	0	809	676	722	1380	0	0	0	0
42	0	0	809	675	722	1384	0	0	0	0
43	0	0	810	675	720	1388	0	0	0	0
44	0	0	809	675	719	1392	0	0	0	0
45	0	0	809	676	719	1396	0	0	0	0
46	0	0	808	679	720	1408	0	0	0	0
47	0	0	807	676	720	1421	0	0	0	0
48	0	0	807	673	720	1430	0	0	0	0
49	0	0	805	677	720	1435	0	0	0	0
50	0	0	805	676	720	1438	0	0	0	0
51	0	0	805	676	719	1441	0	0	0	0
52	0	0	804	676	720	1443	0	0	0	0
53	0	0	804	677	720	1447	0	0	0	0
54	0	0	804	676	719	1453	0	0	0	0
55	0	0	804	676	718	1456	0	0	0	0
56	0	0	805	675	718	1462	0	0	0	0
57	0	0	803	675	719	1468	0	0	0	0
58	0	0	803	676	717	1472	0	0	0	0
59	0	0	801	677	717	1481	0	0	0	0
60	0	0	804	677	717	1490	0	0	0	0
61	0	0	804	678	718	1504	0	0	0	0
62	0	0	803	677	718	1503	0	0	0	0
63	0	0	805	677	717	1508	0	0	0	0
64	0	0	802	678	716	1514	0	0	0	0
65	0	0	804	678	717	1524	0	0	0	0
66	0	0	803	677	715	1526	0	0	0	0
67	0	0	804	678	715	1529	0	0	0	0
68	0	0	805	678	715	1526	0	0	0	0
69	0	0	805	679	713	1531	0	0	0	0
70	0	0	804	678	712	1537	0	0	0	0
71	0	0	806	678	712	1547	0	0	0	0
72	0	0	807	679	711	1551	0	0	0	0
73	0	0	808	679	710	1553	0	0	0	0
74	0	0	808	679	710	1558	0	0	0	0
75	0	0	808	679	709	1566	0	0	0	0
76	0	0	809	678	709	1574	0	0	0	0
77	0	0	810	679	707	1582	0	0	0	0
78	0	0	810	679	707	1583	0	0	0	0
79	0	0	810	679	705	1596	0	0	0	0
80	0	0	808	680	705	1604	0	0	0	0
81	0	0	811	679	704	1616	0	0	0	0
82	0	0	809	681	705	1622	0	0	0	0
83	0	0	810	681	703	1628	0	0	0	0
84	0	0	810	682	702	1633	0	0	0	0
85	0	0	810	682	701	1635	0	0	0	0
86	0	0	810	682	699	1636	0	0	0	0
87	0	0	811	681	698	1644	0	0	0	0
88	0	0	810	682	696	1646	0	0	0	0
89	0	0	809	681	696	1649	0	0	0	0
90	0	0	809	682	695	1649	0	0	0	0
91	0	0	810	682	693	1659	0	0	0	0
92	0	0	808	683	692	1662	0	0	0	0
93	0	0	808	684	691	1665	0	0	0	0
94	0	0	807	685	690	1668	0	0	0	0
95	0	0	806	685	689	1673	0	0	0	0
96	0	0	805	686	689	1674	0	0	0	0
97	0	0	806	688	688	1678	0	0	0	0
98	0	0	805	687	687	1677	0	0	0	0
99	0	0	806	689	687	1679	0	0	0	0
100	0	0	804	689	685	1683	0	0	0	0
101	0	0	803	690	684	1685	0	0	0	0
102	0	0	803	693	684	1692	0	0	0	0
103	0	0	801	694	683	1700	0	0	0	0
104	0	0	800	695	684	1706	0	0	0	0
105	0	0	799	696	682	1707	0	0	0	0
106	0	0	799	696	681	1716	0	0	0	0
107	0	0	799	697	680	1722	0	0	0	0
108	0	0	798	699	680	1741	0	0	0	0
109	0	0	797	699	680	1750	0	0	0	0
110	0	0	795	700	680	1763	0	0	0	0
111	0	0	795	701	678	1767	0	0	0	0
112	0	0	794	701	676	1778	0	0	0	0
113	0	0	795	701	676	1786	0	0	0	0
114	0	0	794	703	676	1795	0	0	0	0
115	0	0	794	703	673	1801	0	0	0	0
116	0	0	794	703	672	1809	0	0	0	0
117	0	0	795	704	671	1814	0	0	0	0
118	0	0	797	704	670	1822	0	0	0	0
119	0	0	798	704	669	1851	0	0	0	0
120	0	0	800	705	668	1877	0	0	0	0
121	0	0	800	703	666	1892	0	0	0	0
122	0	0	800	702	665	1900	0	0	0	0
123	0	0	801	702	663	1904	0	0	0	0
124	0	0	802	702	664	1916	0	0	0	0
125	0	0	803	701	662	1918	0	0	0	0
126	0	0	802	701	662	1931	0	0	0	0
127	0	0	803	699	662	1949	0	0	0	0
0	0	0	803	699	660	1957	0	0	0	0
1	0	0	803	697	661	1958	0	0	0	0
2	0	0	803	697	659	1966	0	0	0	0
3	0	0	804	696	659	1988	0	0	0	0
4	0	0	803	693	659	2000	0	0	0	0
5	0	0	801	693	658	2006	0	0	0	0
6	0	0	802	690	658	2001	0	0	0	0
7	0	0	802	687	657	2005	0	0	0	0
8	0	0	803	686	657	2011	0	0	0	0
9	0	0	803	686	657	2010	0	0	0	0
10	0	0	803	684	657	2014	0	0	0	0
11	0	0	802	681	656	2020	0	0	0	0
12	0	0	802	679	655	2026	0	0	0	0
13	0	0	803	678	654	2035	0	0	0	0
14	0	0	803	677	654	2041	0	0	0	0
15	0	0	805	676	654	2046	0	0	0	0
16	0	0	806	673	654	2060	0	0	0	0
17	0	0	808	672	653	2074	0	0	0	0
18	0	0	809	671	653	2086	0	0	0	0
19	0	0	810	670	653	2098	0	0	0	0
20	0	0	811	668	652	2104	0	0	0	0
21	0	0	813	666	652	2109	0	0	0	0
22	0	0	813	663	650	2112	0	0	0	0
23	0	0	814	661	650	2113	0	0	0	0
24	0	0	816	658	649	2121	0	0	0	0
25	0	0	817	655	649	2128	0	0	0	0
26	0	0	818	652	649	2132	0	0	0	0
27	0	0	817	649	647	2147	0	0	0	0
28	0	0	817	646	647	2157	0	0	0	0
29	0	0	818	646	647	2168	0	0	0	0
30	0	0	818	642	645	2184	0	0	0	0
31	0	0	817	640	645	2199	0	0	0	0
32	0	0	815	636	644	2210	0	0	0	0
33	0	0	813	633	644	2217	0	0	0	0
34	0	0	811	631	642	2214	0	0	0	0
35	0	0	809	628	641	2218	0	0	0	0
36	0	0	808	625	642	2229	0	0	0	0
37	0	0	807	622	641	2237	0	0	0	0
38	0	0	806	620	641	2248	0	0	0	0
39	0	0	806	620	639	2251	0	0	0	0
40	0	0	805	617	639	2262	0	0	0	0
41	0	0	803	615	639	2265	0	0	0	0
42	0	0	802	615	637	2266	0	0	0	0
43	0	0	800	614	638	2267	0	0	0	0
44	0	0	799	613	638	2265	0	0	0	0
45	0	0	799	615	639	2266	0	0	0	0
46	0	0	798	615	641	2273	0	0	0	0
47	0	0	795	614	640	2275	0	0	0	0
48	0	0	792	611	641	2281	0	0	0	0
49	0	0	791	613	642	2288	0	0	0	0
50	0	0	791	615	641	2292	0	0	0	0
51	0	0	788	616	643	2295	0	0	0	0
52	0	0	787	615	642	2297	0	0	0	0
53	0	0	783	616	642	2303	0	0	0	0
54	0	0	780	616	642	2306	0	0	0	0
55	0	0	778	616	643	2307	0	0	0	0
56	0	0	776	615	644	2316	0	0	0	0
57	0	0	776	613	645	2325	0	0	0	0
58	0	0	777	615	648	2329	0	0	0	0
59	0	0	778	615	650	2334	0	0	0	0
60	0	0	781	615	652	2341	0	0	0	0
61	0	0	782	614	652	2351	0	0	0	0
62	0	0	785	613	654	2352	0	0	0	0
63	0	0	787	615	655	2353	0	0	0	0
64	0	0	788	618	658	2356	0	0	0	0
65	0	0	790	622	660	2353	0	0	0	0
66	0	0	792	626	662	2361	0	0	0	0
67	0	0	793	627	663	2365	0	0	0	0
68	0	0	793	629	665	2376	0	0	0	0
69	0	0	792	631	665	2374	0	0	0	0
70	0	0	792	633	665	2375	0	0	0	0
71	0	0	791	635	665	2380	0	0	0	0
72	0	0	794	636	664	2383	0	0	0	0
73	0	0	795	637	662	2387	0	0	0	0
74	0	0	794	635	664	2391	0	0	0	0
75	0	0	797	634	661	2396	0	0	0	0
76	0	0	798	636	662	2398	0	0	0	0
77	0	0	799	637	661	2397	0	0	0	0
78	0	0	801	637	659	2395	0	0	0	0
79	0	0	803	637	659	2397	0	0	0	0
80	0	0	807	638	657	2400	0	0	0	0
81	0	0	807	639	655	2402	0	0	0	0
82	0	0	809	640	654	2403	0	0	0	0
83	0	0	811	641	653	2403	0	0	0	0
84	0	0	812	641	651	2403	0	0	0	0
85	0	0	816	641	650	2404	0	0	0	0
86	0	0	815	642	649	2406	0	0	0	0
87	0	0	818	640	648	2405	0	0	0	0
88	0	0	818	640	648	2407	0	0	0	0
89	0	0	819	639	648	2411	0	0	0	0
90	0	0	819	638	646	2414	0	0	0	0
91	0	0	820	639	645	2416	0	0	0	0
92	0	0	820	639	643	2419	0	0	0	0
93	0	0	820	639	643	2420	0	0	0	0
94	0	0	822	639	642	2422	0	0	0	0
95	0	0	824	640	641	2425	0	1	0	0
96	0	0	825	638	641	2427	0	0	0	0
97	0	0	824	638	640	2428	0	0	0	0
98	0	0	821	638	638	2435	0	0	0	0
99	0	0	827	638	639	2435	0	0	0	0
100	0	0	825	637	637	2436	0	0	0	0
101	0	0	825	637	637	2438	0	0	0	0
102	0	0	826	636	635	2439	0	0	0	0
103	0	0	824	637	634	2438	0	0	0	0
104	0	0	824	635	633	2441	0	0	0	0
105	0	0	825	635	633	2441	0	0	0	0
106	0	0	826	634	631	2442	0	0	0	0
107	0	0	824	631	630	2444	0	0	0	0
108	0	0	825	629	630	2448	0	0	0	0
109	0	0	826	628	628	2454	0	0	0	0
110	0	0	826	626	627	2457	0	0	0	0
111	0	0	825	624	625	2461	0	0	0	0
112	0	0	826	622	624	2465	0	0	0	0
113	0	0	825	619	622	2467	0	0	0	0
114	0	0	826	618	619	2471	0	0	0	0
115	0	0	828	616	617	2475	0	0	0	0
116	0	0	828	614	616	2477	0	0	0	0
117	0	0	830	610	615	2478	0	0	0	0
118	0	0	831	607	614	2480	0	0	0	0
119	0	0	831	606	614	2487	0	0	0	0
120	0	0	832	603	612	2490	0	0	0	0
121	0	0	832	603	610	2493	0	0	0	0
122	0	0	832	600	609	2500	0	0	0	0
123	0	0	834	596	608	2504	0	0	0	0
124	0	0	834	596	608	2507	0	0	0	0
125	0	0	834	595	608	2511	0	0	0	0
126	0	0	834	593	608	2515	0	0	0	0
127	0	0	834	591	607	2525	0	0	0	0
0	0	0	836	589	606	2529	0	0	0	0
1	0	0	834	586	608	2533	0	0	0	0
2	0	0	836	585	608	2539	0	0	0	0
3	0	0	836	583	608	2547	0	0	0	0
4	0	0	837	582	609	2553	0	0	0	0
5	0	0	836	580	611	2557	0	0	0	0
6	0	0	835	579	612	2563	0	0	0	0
7	0	0	834	578	614	2568	0	0	0	0
8	0	0	831	577	616	2571	0	0	0	0
9	0	0	830	576	617	2573	0	0	0	0
10	0	0	826	575	618	2577	0	0	0	0
11	0	0	826	573	621	2578	0	0	0	0
12	0	0	825	571	623	2581	0	0	0	0
13	0	0	821	571	623	2582	0	0	0	0
14	0	0	819	569	625	2584	0	0	0	0
15	0	0	818	568	627	2585	0	0	0	0
16	0	0	816	568	628	2588	0	0	0	0
17	0	0	816	565	629	2596	0	0	0	0
18	0	0	815	564	630	2598	0	0	0	0
19	0	0	813	563	630	2602	0	0	0	0
20	0	0	814	561	630	2603	0	0	0	0
21	0	0	811	560	631	2607	0	0	0	0
22	0	0	810	559	630	2611	0	0	0	0
23	0	0	809	557	631	2612	0	0	0	0
24	0	0	808	557	631	2613	0	0	0	0
25	0	0	806	556	630	2618	0	0	0	0
26	0	0	806	555	631	2624	0	0	0	0
27	0	0	805	553	628	2627	0	0	0	0
28	0	0	806	553	630	2631	0	0	0	0
29	0	0	804	552	630	2632	0	0	0	0
30	0	0	803	551	631	2638	0	0	0	0
31	0	0	803	550	631	2637	0	0	0	0
32	0	0	802	549	630	2641	0	0	0	0
33	0	0	803	548	630	2641	0	0	0	0
34	0	0	803	546	628	2643	0	0	0	0
35	0	0	804	545	630	2648	0	0	0	0
36	0	0	805	545	628	2656	0	0	0	0
37	0	0	803	545	629	2662	0	0	0	0
38	0	0	803	544	628	2665	0	0	0	0
39	0	0	803	543	627	2665	0	0	0	0
40	0	0	804	543	627	2667	0	0	0	0
41	0	0	807	541	626	2670	0	0	0	0
42	0	0	806	540	625	2675	0	0	0	0
43	0	0	808	539	625	2674	0	0	0	0
44	0	0	808	538	625	2674	0	0	0	0
45	0	0	807	537	626	2677	0	0	0	0
46	0	0	807	535	624	2678	0	0	0	0
47	0	0	808	535	624	2679	0	0	0	0
48	0	0	807	531	621	2680	0	0	0	0
49	0	0	808	531	620	2682	0	0	0	0
50	0	0	808	530	619	2684	0	0	0	0
51	0	0	806	528	618	2685	0	0	0	0
52	0	0	806	527	618	2685	0	0	0	0
53	0	0	806	525	616	2685	0	0	0	0
54	0	0	806	525	616	2687	0	0	0	0
55	0	0	805	524	615	2685	0	0	0	0
56	0	0	804	523	614	2685	0	0	0	0
57	0	0	804	522	613	2686	0	0	0	0
58	0	0	804	520	611	2690	0	0	0	0
59	0	0	804	520	609	2691	0	0	0	0
60	0	0	803	518	608	2694	0	0	0	0
61	0	0	802	518	608	2692	0	0	0	0
62	0	0	801	516	606	2694	0	0	0	0
63	0	0	799	515	605	2694	0	0	0	0
64	0	0	799	514	605	2695	0	0	0	0
65	0	0	798	514	604	2696	0	0	0	0
66	0	0	797	513	603	2696	0	0	0	0
67	0	0	797	513	604	2699	0	0	0	0
68	0	0	798	513	603	2699	0	0	0	0
69	0	0	799	514	605	2699	0	0	0	0
70	0	0	797	510	604	2700	0	0	0	0
71	0	0	798	514	605	2701	0	0	0	0
72	0	0	798	515	606	2702	0	0	0	0
73	0	0	797	516	606	2702	0	0	0	0
74	0	0	796	518	607	2702	0	0	0	0
75	0	0	795	520	608	2703	0	0	0	0
76	0	0	794	522	611	2702	0	0	0	0
77	0	0	792	523	611	2703	0	0	0	0
78	0	0	793	524	612	2702	0	0	0	0
79	0	0	791	526	612	2704	0	0	0	0
80	0	0	792	527	613	2704	0	0	0	0
81	0	0	791	528	613	2705	0	0	0	0
82	0	0	791	529	613	2706	0	0	0	0
83	0	0	790	529	613	2707	0	0	0	0
84	0	0	790	530	614	2706	0	0	0	0
85	0	0	791	531	613	2708	0	0	0	0
86	0	0	792	531	612	2708	0	0	0	0
87	0	0	794	532	612	2709	0	0	0	0
88	0	0	794	531	613	2708	0	0	0	0
89	0	0	795	533	611	2708	0	0	0	0
90	0	0	796	535	611	2709	0	0	0	0
91	0	0	797	536	610	2709	0	0	0	0
92	0	0	798	536	611	2708	0	0	0	0
93	0	0	799	537	610	2709	0	0	0	0
94	0	0	800	537	609	2710	0	0	0	0
95	0	0	802	537	609	2709	0	0	0	0
96	0	0	802	537	609	2709	0	0	0	0
97	0	0	803	539	608	2709	0	0	0	0
98	0	0	803	539	607	2708	0	0	0	0
99	0	0	805	540	607	2711	0	0	0	0
100	0	0	804	540	606	2711	0	0	0	0
101	0	0	802	541	606	2712	0	0	0	0
102	0	0	803	541	605	2714	0	0	0	0
103	0	0	803	541	604	2715	0	0	0	0
104	0	0	803	542	605	2718	0	0	0	0
105	0	0	803	542	605	2721	0	0	0	0
106	0	0	804	543	604	2723	0	0	0	0
107	0	0	805	543	605	2727	0	0	0	0
108	0	0	806	543	605	2730	0	0	0	0
109	0	0	807	544	604	2733	0	0	0	0
110	0	0	806	544	603	2736	0	0	0	0
111	0	0	807	544	603	2740	0	0	0	0
112	0	0	806	544	604	2742	0	0	0	0
113	0	0	806	544	605	2744	0	0	0	0
114	0	0	806	544	603	2746	0	0	0	0
115	0	0	805	544	604	2746	0	0	0	0
116	0	0	806	542	604	2748	0	0	0	0
117	0	0	805	541	603	2748	0	0	0	0
118	0	0	806	539	603	2749	0	0	0	0
119	0	0	806	538	603	2750	0	0	0	0
120	0	0	807	536	602	2750	0	0	0	0
121	0	0	807	535	602	2753	0	0	0	0
122	0	0	807	534	602	2760	0	0	0	0
123	0	0	807	532	601	2763	0	0	0	0
124	0	0	808	532	601	2764	0	0	0	0
125	0	0	807	531	601	2768	0	0	0	0
126	0	0	807	531	600	2771	0	0	0	0
127	0	0	809	530	600	2773	0	0	0	0
0	0	0	809	531	599	2774	0	0	0	0
1	0	0	810	530	599	2777	0	0	0	0
2	0	0	809	530	598	2778	0	0	0	0
3	0	0	810	528	597	2779	0	0	0	0
4	0	0	811	528	596	2782	0	0	0	0
5	0	0	811	525	595	2785	0	0	0	0
6	0	0	813	526	594	2788	0	0	0	0
7	0	0	813	526	593	2787	0	0	0	0
8	0	0	813	525	591	2789	0	0	0	0
9	0	0	814	525	591	2791	0	0	0	0
10	0	0	814	524	589	2792	0	0	0	0
11	0	0	815	523	588	2793	0	0	0	0
12	0	0	815	522	586	2795	0	0	0	0
13	0	0	815	523	585	2798	0	0	0	0
14	0	0	815	521	584	2802	0	0	0	0
15	0	0	814	521	583	2804	0	0	0	0
16	0	0	815	521	582	2808	0	0	0	0
17	0	0	815	520	580	2809	0	0	0	0
18	0	0	815	521	580	2810	0	0	0	0
19	0	0	814	521	579	2812	0	0	0	0
20	0	0	812	520	577	2811	0	0	0	0
21	0	0	812	519	578	2813	0	0	0	0
22	0	0	810	518	576	2813	0	0	0	0
23	0	0	810	521	574	2815	0	0	0	0
24	0	0	809	521	573	2816	0	0	0	0
25	0	0	809	520	572	2820	0	0	0	0
26	0	0	807	522	573	2822	0	0	0	0
27	0	0	806	522	573	2824	0	0	0	0
28	0	0	806	523	572	2824	0	0	0	0
29	0	0	804	524	573	2828	0	0	0	0
30	0	0	802	525	573	2831	0	0	0	0
31	0	0	800	525	574	2831	0	0	0	0
32	0	0	798	526	574	2831	0	0	0	0
33	0	0	794	528	574	2833	0	0	0	0
34	0	0	794	529	574	2835	0	0	0	0
35	0	0	792	528	575	2836	0	0	0	0
36	0	0	791	529	575	2838	0	0	0	0
37	0	0	788	530	576	2838	0	0	0	0
38	0	0	785	531	576	2837	0	0	0	0
39	0	0	783	532	578	2838	0	0	0	0
40	0	0	782	532	577	2839	0	0	0	0
41	0	0	780	531	579	2840	0	0	0	0
42	0	0	778	531	580	2843	0	0	0	0
43	0	0	777	532	581	2840	0	0	0	0
44	0	0	775	532	581	2841	0	0	0	0
45	0	0	773	531	582	2844	0	0	0	0
46	0	0	773	531	581	2844	0	0	0	0
47	0	0	774	531	583	2845	0	0	0	0
48	0	0	773	530	584	2846	0	0	0	0
49	0	0	773	529	584	2848	0	0	0	0
50	0	0	773	528	582	2849	0	0	0	0
51	0	0	771	527	582	2849	0	0	0	0
52	0	0	770	527	582	2853	0	0	0	0
53	0	0	770	527	582	2855	0	0	0	0
54	0	0	771	526	583	2856	0	0	0	0
55	0	0	771	524	583	2859	0	0	0	0
56	0	0	772	523	584	2861	0	0	0	0
57	0	0	769	521	584	2862	0	0	0	0
58	0	0	769	521	585	2866	0	0	0	0
59	0	0	769	521	585	2867	0	0	0	0
60	0	0	769	519	586	2869	0	0	0	0
61	0	0	768	518	586	2871	0	0	0	0
62	0	0	767	517	585	2874	0	0	0	0
63	0	0	767	517	585	2875	0	0	0	0
64	0	0	768	518	587	2878	0	0	0	0
65	0	0	767	516	587	2880	0	0	0	0
66	0	0	766	515	588	2879	0	0	0	0
67	0	0	765	515	589	2882	0	0	0	0
68	0	0	766	514	588	2882	0	0	0	0
69	0	0	767	513	590	2882	0	0	0	0
70	0	0	767	513	590	2884	0	0	0	0
71	0	0	767	513	590	2885	0	0	0	0
72	0	0	767	512	591	2885	0	0	0	0
73	0	0	765	509	590	2886	0	0	0	0
74	0	0	765	509	591	2887	0	0	0	0
75	0	0	765	510	592	2887	0	0	0	0
76	0	0	766	508	593	2889	0	0	0	0
77	0	0	765	508	594	2889	0	0	0	0
78	0	0	766	508	596	2891	0	0	0	0
79	0	0	766	507	597	2893	0	0	0	0
80	0	0	765	506	597	2894	0	0	0	0
81	0	0	766	507	599	2892	0	0	0	0
82	0	0	767	507	600	2891	0	0	0	0
83	0	0	766	507	602	2890	0	0	0	0
84	0	0	768	508	602	2892	0	0	0	0
85	0	0	767	508	604	2894	0	0	0	0
86	0	0	767	508	605	2894	0	0	0	0
87	0	0	767	507	606	2894	0	0	0	0
88	0	0	765	507	607	2894	0	0	0	0
89	0	0	767	508	608	2895	0	0	0	0
90	0	0	767	510	609	2896	0	0	0	0
91	0	0	767	512	611	2896	0	0	0	0
92	0	0	766	512	612	2897	0	0	0	0
93	0	0	766	513	613	2899	0	0	0	0
94	0	0	766	513	614	2902	0	0	0	0
95	0	0	766	514	614	2903	0	0	0	0
96	0	0	767	514	616	2904	0	0	0	0
97	0	0	767	515	617	2907	0	0	0	0
98	0	0	768	518	617	2909	0	0	0	0
99	0	0	770	517	619	2913	0	0	0	0
100	0	0	772	519	617	2918	0	0	0	0
101	0	0	773	519	617	2920	0	0	0	0
102	0	0	776	521	618	2924	0	0	0	0
103	0	0	777	522	617	2930	0	0	0	0
104	0	0	778	523	617	2937	0	0	0	0
105	0	0	777	524	616	2942	0	0	0	0
106	0	0	778	526	615	2942	0	0	0	0
107	0	0	781	527	614	2944	0	0	0	0
108	0	0	782	528	613	2947	0	0	0	0
109	0	0	785	531	612	2956	0	0	0	0
110	0	0	788	533	612	2964	0	0	0	0
111	0	0	790	534	611	2970	0	0	0	0
112	0	0	793	535	612	2971	0	0	0	0
113	0	0	797	538	611	2972	0	0	0	0
114	0	0	799	539	611	2980	0	0	0	0
115	0	0	803	543	610	2986	0	0	0	0
116	0	0	807	544	610	2994	0	0	0	0
117	0	0	811	546	610	3003	0	0	0	0
118	0	0	814	547	609	3008	0	0	0	0
119	0	0	817	549	611	3011	0	0	0	0
120	0	0	820	551	609	3017	0	0	0	0
121	0	0	821	552	611	3021	0	0	0	0
122	0	0	826	553	612	3024	0	0	0	0
123	0	0	828	554	611	3031	0	0	0	0
124	0	0	831	556	612	3038	0	0	0	0
125	0	0	835	559	613	3044	0	0	0	0
126	0	0	837	560	614	3048	0	0	0	0
127	0	0	841	562	615	3051	0	0	0	0
0	0	0	844	564	615	3055	0	0	0	0
1	0	0	847	565	616	3063	0	0	0	0
2	0	0	849	567	616	3063	0	0	0	0
3	0	0	850	568	617	3069	0	0	0	0
4	0	0	853	571	618	3076	0	0	0	0
5	0	0	854	572	619	3085	0	0	0	0
6	0	0	858	575	619	3090	0	0	0	0
7	0	0	860	575	619	3097	0	0	0	0
8	0	0	863	576	620	3099	0	0	0	0
9	0	0	864	577	620	3107	0	0	0	0
10	0	0	865	579	620	3110	0	0	0	0
11	0	0	866	580	621	3113	0	0	0	0
12	0	0	865	582	622	3121	0	0	0	0
13	0	0	865	584	622	3123	0	0	0	0
14	0	0	867	586	622	3129	0	0	0	0
15	0	0	867	588	622	3138	0	0	0	0
16	0	0	868	590	623	3140	0	0	0	0
17	0	0	869	591	623	3144	0	0	0	0
18	0	0	869	594	623	3152	0	0	0	0
19	0	0	869	596	623	3153	0	0	0	0
20	0	0	868	598	622	3154	0	0	0	0
21	0	0	870	603	622	3156	0	0	0	0
22	0	0	869	605	624	3156	0	0	0	0
23	0	0	868	607	623	3155	0	0	0	0
24	0	0	868	610	625	3158	0	0	0	0
25	0	0	866	613	625	3158	0	0	0	0
26	0	0	866	615	627	3156	0	0	0	0
27	0	0	862	618	628	3154	0	0	0	0
28	0	0	862	622	632	3151	0	0	0	0
29	0	0	862	626	633	3150	0	0	0	0
30	0	0	861	628	637	3146	0	0	0	0
31	0	0	860	632	640	3143	0	0	0	0
32	0	0	859	634	640	3140	0	0	0	0
33	0	0	859	636	644	3119	0	0	0	0
34	0	0	858	640	646	3111	0	0	0	0
35	0	0	858	644	650	3097	0	0	0	0
36	0	0	858	647	652	3084	0	0	0	0
37	0	0	858	649	655	3072	0	0	0	0
38	0	0	855	651	658	3052	0	0	0	0
39	0	0	854	653	661	3036	0	0	0	0
40	0	0	853	656	662	3017	0	0	0	0
41	0	0	851	659	667	2992	0	0	0	0
42	0	0	848	661	668	2970	0	0	0	0
43	0	0	846	664	671	2942	0	0	0	0
44	0	0	844	665	673	2906	0	0	0	0
45	0	0	841	670	676	2856	0	0	0	0
46	0	0	839	671	679	2826	0	0	0	0
47	0	0	837	675	682	2788	0	0	0	0
48	0	0	835	678	685	2712	0	0	0	0
49	0	0	833	683	688	2635	0	0	0	0
50	0	0	830	684	689	2598	0	0	0	0
51	0	0	829	686	692	2552	0	0	0	0
52	0	0	828	689	694	2476	0	0	0	0
53	0	0	827	692	698	2389	0	0	0	0
54	0	0	825	695	699	2283	0	0	0	0
55	0	0	823	696	702	2180	0	0	0	0
56	0	0	822	698	705	2062	0	0	0	0
57	0	0	820	702	707	1961	0	0	0	0
58	0	0	819	706	709	1836	0	0	0	0
59	0	0	819	708	710	1732	0	0	0	0
60	0	0	819	712	713	1584	0	0	0	0
61	0	0	818	715	714	1452	0	0	0	0
62	0	0	818	717	715	1343	0	0	0	0
63	0	0	818	721	717	1192	0	0	0	0
64	0	0	819	723	717	1047	0	0	0	0
65	0	0	820	726	718	925	0	0	0	0
66	0	0	823	729	717	863	0	0	0	0
67	0	0	825	733	717	700	0	0	0	0
68	0	0	829	735	717	556	0	0	0	0
69	0	0	832	739	716	529	0	0	0	0
70	0	0	835	742	717	537	0	0	0	0
71	0	0	838	745	715	529	0	0	0	0
72	0	0	840	747	713	525	0	0	0	0
73	0	0	844	750	711	508	0	0	0	0
74	0	0	846	753	712	490	0	0	0	0
75	0	0	849	757	711	469	0	0	0	0
76	0	0	853	761	712	474	0	0	0	0
77	0	0	855	765	712	482	0	0	0	0
78	0	0	858	768	710	474	0	0	0	0
79	0	0	858	772	710	485	0	0	0	0
80	0	0	860	775	710	462	0	0	0	0
81	0	0	861	780	710	417	0	0	0	0
82	0	0	862	783	710	406	0	0	0	0
83	0	0	863	787	710	410	0	0	0	0
84	0	0	864	792	709	407	0	0	0	0
85	0	0	863	796	712	420	0	0	0	0
86	0	0	862	803	712	422	0	0	0	0
87	0	0	861	808	712	414	0	0	0	0
88	0	0	859	812	713	414	0	0	0	0
89	0	0	858	818	714	423	0	0	0	0
90	0	0	857	824	715	422	0	0	0	0
91	0	0	858	829	716	420	0	0	0	0
92	0	0	857	834	717	413	0	0	0	0
93	0	0	857	838	717	397	0	0	0	0
94	0	0	857	844	718	381	0	0	0	0
95	0	0	857	848	719	346	0	0	0	0
96	0	0	856	853	718	303	0	0	0	0
97	0	0	856	858	719	279	0	0	0	0
98	0	0	854	863	719	274	0	0	0	0
99	0	0	852	867	719	177	0	0	0	0
100	0	0	848	872	719	151	0	0	0	0
101	0	0	847	877	719	147	0	0	0	0
102	0	0	846	881	718	154	0	0	0	0
103	0	0	846	883	721	154	0	0	0	0
104	0	0	843	887	720	177	0	0	0	0
105	0	0	840	889	719	174	0	0	0	0
106	0	0	840	892	720	125	0	0	0	0
107	0	0	839	895	719	120	0	0	0	0
108	0	0	839	897	718	126	0	0	0	0
109	0	0	838	899	718	145	0	0	0	0
110	0	0	839	901	717	146	0	0	0	0
111	0	0	838	905	718	160	0	0	0	0
112	0	0	840	909	719	159	0	0	0	0
113	0	0	838	909	719	163	0	0	0	0
114	0	0	840	912	720	160	0	0	0	0
115	0	0	842	912	721	144	0	0	0	0
116	0	0	842	915	723	143	0	0	0	0
117	0	0	844	918	723	134	0	0	0	0
118	0	0	846	921	723	145	0	0	0	0
119	0	0	847	924	725	149	0	0	0	0
120	0	0	850	927	728	138	0	0	0	0
121	0	0	850	929	730	134	0	0	0	0
122	0	0	851	932	730	118	0	0	0	0
123	0	0	852	934	732	115	0	0	0	0
124	0	0	852	934	733	116	0	0	0	0
125	0	0	853	935	736	109	0	0	0	0
126	0	0	852	935	735	107	0	0	0	0
127	0	0	854	934	738	106	0	0	0	0
0	0	0	853	932	739	106	0	0	0	0
1	0	0	854	929	740	108	0	0	0	0
2	0	0	855	927	742	113	0	0	0	0
3	0	0	856	925	741	110	0	0	0	0
4	0	0	853	921	744	115	0	0	0	0
5	0	0	853	919	746	122	0	0	0	0
6	0	0	850	917	747	124	0	0	0	0
7	0	0	848	914	749	119	0	0	0	0
8	0	0	847	911	750	121	0	0	0	0
9	0	0	845	908	751	119	0	0	0	0
10	0	0	843	905	753	117	0	0	0	0
11	0	0	842	902	754	116	0	0	0	0
12	0	0	840	900	755	108	0	0	0	0
13	0	0	841	898	756	104	0	0	0	0
14	0	0	841	895	758	99	0	0	0	0
15	0	0	840	893	759	97	0	0	0	0
16	0	0	839	891	760	96	0	0	0	0
17	0	0	838	889	762	97	0	0	0	0
18	0	0	838	886	763	99	0	0	0	0
19	0	0	836	884	764	98	0	0	0	0
20	0	0	835	883	765	98	0	0	0	0
21	0	0	834	882	766	102	0	0	0	0
22	0	0	833	881	767	105	0	0	0	0
23	0	0	830	879	769	105	0	0	0	0
24	0	0	828	877	768	110	0	0	0	0
25	0	0	827	874	767	113	0	0	0	0
26	0	0	828	871	768	114	0	0	0	0
27	0	0	827	868	767	111	0	0	0	0
28	0	0	827	865	767	116	0	0	0	0
29	0	0	826	862	768	116	0	0	0	0
30	0	0	826	858	768	115	0	0	0	0
31	0	0	825	856	768	107	0	0	0	0
32	0	0	824	853	769	103	0	0	0	0
33	0	0	823	850	768	103	0	0	0	0
34	0	0	821	847	769	99	0	0	0	0
35	0	0	821	845	769	100	0	0	0	0
36	0	0	820	843	769	100	0	0	0	0
37	0	0	818	839	769	102	0	0	0	0
38	0	0	816	837	769	104	0	0	0	0
39	0	0	816	835	769	104	0	0	0	0
40	0	0	815	832	768	105	0	0	0	0
41	0	0	814	830	768	109	0	0	0	0
42	0	0	813	829	768	111	0	0	0	0
43	0	0	811	827	767	111	0	0	0	0
44	0	0	809	825	767	114	0	0	0	0
45	0	0	806	823	768	116	0	0	0	0
46	0	0	808	821	767	117	0	0	0	0
47	0	0	806	819	767	116	0	0	0	0
48	0	0	804	817	767	121	0	0	0	0
49	0	0	802	814	768	127	0	0	0	0
50	0	0	800	812	767	125	0	0	0	0
51	0	0	800	811	766	119	0	0	0	0
52	0	0	800	807	766	116	0	0	0	0
53	0	0	799	805	766	114	0	0	0	0
54	0	0	800	802	767	106	0	0	0	0
55	0	0	800	799	767	105	0	0	0	0
56	0	0	799	796	766	101	0	0	0	0
57	0	0	799	795	767	103	0	0	0	0
58	0	0	799	793	765	92	0	0	1	0
59	0	0	799	789	765	87	0	0	0	0
60	0	0	798	786	765	89	0	0	0	0
61	0	0	798	782	763	109	0	0	0	0
62	0	0	797	780	764	99	0	0	0	0
63	0	0	796	777	763	101	0	0	0	0
64	0	0	796	775	762	96	0	0	0	0
65	0	0	795	773	762	91	0	0	0	0
66	0	0	795	771	761	90	0	0	0	0
67	0	0	795	771	760	84	0	0	0	0
68	0	0	796	769	761	87	0	0	0	0
69	0	0	797	768	761	87	0	0	0	0
70	0	0	798	768	761	82	0	0	0	0
71	0	0	799	766	760	71	0	0	0	0
72	0	0	800	765	761	67	0	0	0	0
73	0	0	801	764	760	63	0	0	0	0
74	0	0	801	763	759	56	0	0	0	0
75	0	0	801	762	759	58	0	0	0	0
76	0	0	803	761	759	52	0	0	0	0
77	0	0	802	761	758	52	0	0	0	0
78	0	0	803	759	757	56	0	0	0	0
79	0	0	803	759	757	55	0	0	0	0
80	0	0	805	758	756	53	0	0	0	0
81	0	0	806	756	756	60	0	0	0	0
82	0	0	806	756	756	66	0	0	0	0
83	0	0	805	756	755	67	0	0	0	0
84	0	0	805	754	754	70	0	0	0	0
85	0	0	805	753	754	68	0	0	0	0
86	0	0	807	751	753	71	0	0	0	0
87	0	0	806	751	753	69	0	0	0	0
88	0	0	805	749	752	71	0	0	0	0
89	0	0	804	748	751	71	0	0	0	0
90	0	0	804	747	751	70	0	0	0	0
91	0	0	805	747	751	65	0	0	0	0
92	0	0	806	747	750	68	0	0	0	0
93	0	0	805	746	751	60	0	0	0	0
94	0	0	806	745	750	53	0	0	0	0
95	0	0	804	745	750	49	0	0	0	0
96	0	0	804	745	750	48	0	0	0	0
97	0	0	801	744	750	49	0	0	0	0
98	0	0	803	744	750	49	0	0	0	0
99	0	0	804	743	750	58	0	0	0	0
100	0	0	805	744	750	64	0	0	0	0
101	0	0	805	745	749	68	0	0	0	0
102	0	0	804	744	749	71	0	0	0	0
103	0	0	802	744	748	71	0	0	0	0
104	0	0	801	745	749	75	0	0	0	0
105	0	0	800	746	749	76	0	0	0	0
106	0	0	800	746	749	71	0	0	0	0
107	0	0	799	746	749	74	0	0	0	0
108	0	0	798	747	749	77	0	0	0	0
109	0	0	798	748	749	78	0	0	0	0
110	0	0	797	748	750	76	0	0	0	0
111	0	0	796	749	750	69	0	0	0	0
112	0	0	795	748	751	65	0	0	0	0
113	0	0	795	751	751	63	0	0	0	0
114	0	0	793	752	751	58	0	0	0	0
115	0	0	792	753	752	59	0	0	0	0
116	0	0	791	754	753	57	0	0	0	0
117	0	0	791	754	754	60	0	0	0	0
118	0	0	789	755	754	62	0	0	0	0
119	0	0	788	755	755	62	0	0	0	0
120	0	0	789	756	756	63	0	0	0	0
121	0	0	788	756	756	69	0	0	0	0
122	0	0	787	755	756	71	0	0	0	0
123	0	0	789	755	756	72	0	0	0	0
124	0	0	790	756	758	73	0	0	0	0
125	0	0	786	757	759	76	0	0	0	0
126	0	0	786	756	758	73	0	0	0	0
127	0	0	784	755	761	73	0	0	0	0
0	0	0	783	755	761	77	0	0	0	0
1	0	0	783	755	762	77	0	0	0	0
2	0	0	784	756	762	71	0	0	0	0
3	0	0	785	756	764	65	0	0	0	0
4	0	0	786	757	765	66	0	0	0	0
5	0	0	786	757	766	66	0	0	0	0
6	0	0	788	758	766	58	0	0	0	0
7	0	0	786	757	767	56	0	0	0	0
8	0	0	788	758	768	53	0	0	0	0
9	0	0	790	759	769	59	0	0	0	0
10	0	0	791	759	769	58	0	0	0	0
11	0	0	791	759	769	57	0	0	0	0
12	0	0	791	759	769	59	0	0	0	0
13	0	0	793	760	770	64	0	0	0	0
14	0	0	793	761	770	68	0	0	0	0
15	0	0	794	762	771	65	0	0	0	0
16	0	0	795	763	770	70	0	0	0	0
17	0	0	796	763	771	71	0	0	0	0
18	0	0	795	764	772	71	0	0	0	0
19	0	0	799	763	772	71	0	0	0	0
20	0	0	799	764	772	72	0	0	0	0
21	0	0	799	764	772	76	0	0	0	0
22	0	0	801	765	773	73	0	0	0	0
23	0	0	801	764	773	69	0	0	0	0
24	0	0	802	764	772	72	0	0	0	0
25	0	0	801	765	773	70	0	0	0	0
26	0	0	801	764	771	60	0	0	0	0
27	0	0	803	765	773	61	0	0	0	0
28	0	0	803	765	773	57	0	0	0	0
29	0	0	803	763	772	62	0	0	0	0
30	0	0	804	764	772	65	0	0	0	0
31	0	0	805	765	773	73	0	0	0	0
32	0	0	806	766	772	77	0	0	0	0
33	0	0	807	766	772	80	0	0	0	0
34	0	0	806	767	772	83	0	0	0	0
35	0	0	806	766	772	82	0	0	0	0
36	0	0	808	766	772	87	0	0	0	0
37	0	0	808	767	771	89	0	0	0	0
38	0	0	808	767	771	89	0	0	0	0
39	0	0	808	768	771	86	0	0	0	0
40	0	0	808	769	771	89	0	0	0	0
41	0	0	809	770	771	87	0	0	0	0
42	0	0	810	769	770	74	0	0	0	0
43	0	0	809	770	770	81	0	0	0	0
44	0	0	808	770	771	80	0	0	0	0
45	0	0	809	770	772	79	0	0	0	0
46	0	0	810	770	771	70	0	0	0	0
47	0	0	809	770	771	70	0	0	0	0
48	0	0	807	771	771	67	0	0	0	0
49	0	0	808	772	771	62	0	0	0	0
50	0	0	808	772	771	61	0	0	0	0
51	0	0	808	772	771	63	0	0	0	0
52	0	0	806	771	772	60	0	0	0	0
53	0	0	805	772	772	71	0	0	0	0
54	0	0	804	772	771	80	0	0	0	0
55	0	0	803	773	772	81	0	0	0	0
56	0	0	803	774	772	85	0	0	0	0
57	0	0	803	773	773	85	0	0	0	0
58	0	0	803	774	773	84	0	0	0	0
59	0	0	802	774	773	84	0	0	0	0
60	0	0	802	775	773	91	0	0	0	0
61	0	0	801	775	772	90	0	0	0	0
62	0	0	800	775	773	84	0	0	0	0
63	0	0	800	774	772	79	0	0	0	0
64	0	0	800	775	772	76	0	0	0	0
65	0	0	800	775	772	77	0	0	0	0
66	0	0	800	776	771	74	0	0	0	0
67	0	0	800	777	772	70	0	0	0	0
68	0	0	800	777	771	69	0	0	0	0
69	0	0	800	776	771	73	0	0	0	0
70	0	0	800	778	772	75	0	0	0	0
71	0	0	798	778	771	74	0	0	0	0
72	0	0	797	778	771	74	0	0	0	0
73	0	0	797	779	770	80	0	0	0	0
74	0	0	797	779	771	80	0	0	0	0
75	0	0	797	780	770	80	0	0	0	0
76	0	0	796	781	769	79	0	0	0	0
77	0	0	797	781	768	80	0	0	0	0
78	0	0	796	782	769	82	0	0	0	0
79	0	0	796	782	769	84	0	0	0	0
80	0	0	794	782	769	91	0	0	0	0
81	0	0	795	782	769	89	0	0	0	0
82	0	0	794	783	768	85	0	0	0	0
83	0	0	794	784	768	82	0	0	0	0
84	0	0	795	784	768	81	0	0	0	0
85	0	0	795	784	765	80	0	0	0	0
86	0	0	795	784	764	75	0	0	0	0
87	0	0	797	786	765	72	0	0	0	0
88	0	0	797	786	765	55	0	0	0	0
89	0	0	796	787	764	58	0	0	0	0
90	0	0	796	789	763	61	0	0	0	0
91	0	0	796	789	762	57	0	0	0	0
92	0	0	796	789	762	63	0	0	0	0
93	0	0	795	788	762	65	0	0	0	0
94	0	0	795	788	762	70	0	0	0	0
95	0	0	795	788	761	75	0	0	0	0
96	0	0	792	787	761	80	0	0	0	0
97	0	0	793	788	761	79	0	0	0	0
98	0	0	792	787	759	81	0	0	0	0
99	0	0	791	787	760	78	0	0	0	0
100	0	0	789	788	761	80	0	0	0	0
101	0	0	789	787	760	78	0	0	0	0
102	0	0	787	788	761	77	0	0	0	0
103	0	0	788	788	761	78	0	0	0	0
104	0	0	787	788	762	78	0	0	0	0
105	0	0	785	787	762	76	0	0	0	0
106	0	0	785	787	762	74	0	0	0	0
107	0	0	785	787	762	70	0	0	0	0
108	0	0	784	787	764	66	0	0	0	0
109	0	0	784	787	764	68	0	0	0	0
110	0	0	784	788	763	70	0	0	0	0
111	0	0	782	788	764	71	0	0	0	0
112	0	0	782	786	763	71	0	0	0	0
113	0	0	782	786	763	75	0	0	0	0
114	0	0	783	787	764	77	0	0	0	0
115	0	0	781	787	763	78	0	0	0	0
116	0	0	781	787	763	81	0	0	0	0
117	0	0	780	786	763	82	0	0	0	0
118	0	0	781	784	762	82	0	0	0	0
119	0	0	782	784	762	80	0	0	0	0
120	0	0	782	784	762	84	0	0	0	0
121	0	0	781	784	762	84	0	0	0	0
122	0	0	781	784	762	81	0	0	0	0
123	0	0	781	783	762	67	0	0	0	0
124	0	0	782	781	762	59	0	0	0	0
125	0	0	781	784	762	57	0	0	0	0
126	0	0	781	782	761	54	0	0	0	0
127	0	0	781	782	760	55	0	0	0	0
0	0	0	781	782	761	52	0	0	0	0
1	0	0	782	782	760	51	0	0	0	0
2	0	0	781	781	760	57	0	0	0	0
3	0	0	781	781	760	56	0	0	0	0
4	0	0	781	781	760	54	0	0	0	0
5	0	0	780	781	760	59	0	0	0	0
6	0	0	781	781	761	61	0	0	0	0
7	0	0	779	781	761	62	0	0	0	0
8	0	0	780	781	760	62	0	0	0	0
9	0	0	781	781	761	61	0	0	0	0
10	0	0	781	781	761	59	0	0	0	0
11	0	0	781	782	761	55	0	0	0	0
12	0	0	782	782	760	51	0	0	0	0
13	0	0	781	783	760	46	0	0	0	0
14	0	0	780	784	759	37	0	0	0	0
15	0	0	780	784	760	24	0	0	0	0
16	0	0	781	784	760	20	0	0	0	0
17	0	0	781	784	760	0	0	0	0	0
18	0	0	783	785	761	0	0	0	0	0
19	0	0	782	784	760	64	0	0	0	0
20	0	0	780	786	759	47	0	0	0	0
21	0	0	779	787	757	20	0	0	0	0
22	0	0	780	787	755	38	0	0	0	0
23	0	0	780	790	754	41	0	0	0	0
24	0	0	786	789	750	75	0	0	0	0
25	0	0	794	787	746	103	0	0	0	0
26	0	0	801	786	744	101	0	0	0	0
27	0	0	806	784	744	177	0	0	0	0
28	0	0	807	781	741	232	0	0	0	0
29	0	0	809	781	739	282	0	0	0	0
30	0	0	815	781	735	504	0	0	0	0
31	0	0	822	781	731	777	0	0	0	0
32	0	0	826	783	728	970	0	0	0	0
33	0	0	827	782	724	1144	0	0	0	0
34	0	0	822	784	720	1301	0	0	0	0
35	0	0	814	787	718	1416	0	0	0	0
36	0	0	808	788	718	1545	0	0	0	0
37	0	0	803	788	718	1768	0	0	0	0
38	0	0	800	791	714	1853	0	0	0	0
39	0	0	800	798	701	1985	0	0	0	0
40	0	0	807	808	680	2154	0	0	0	0
41	0	0	838	816	643	2219	0	0	0	0
42	0	0	915	817	596	2234	0	0	0	0
43	0	0	1031	805	546	2340	0	0	0	0
44	0	0	1188	784	496	2295	0	0	0	0
45	0	0	1316	759	446	2241	0	0	0	0
46	0	0	1393	730	384	2191	0	0	0	0
47	0	0	1436	687	335	2060	0	0	0	0
48	0	0	1461	655	317	1958	0	0	0	0
49	0	0	1476	603	321	1887	0	0	0	0
50	0	0	1392	557	321	1702	0	0	0	0
51	0	0	1222	545	324	1512	0	0	0	0
52	0	0	1047	559	333	1478	0	0	0	0
53	0	0	882	579	338	1425	0	0	0	0
54	0	0	778	620	319	1382	0	0	0	0
55	0	0	768	669	283	1275	0	0	0	0
56	0	0	801	718	240	1325	0	0	0	0
57	0	0	842	755	198	1319	0	0	0	0
58	0	0	879	783	148	1291	0	0	0	0
59	0	0	905	793	110	1312	0	0	0	0
60	0	0	910	779	89	1299	0	0	0	0
61	0	0	927	742	82	1386	0	0	0	0
62	0	0	965	701	83	1402	0	0	0	0
63	0	0	1019	660	99	1412	0	0	0	0
64	0	0	1073	615	119	1414	0	0	0	0
65	0	0	1127	571	149	1416	0	0	0	0
66	0	0	1111	536	219	1438	0	0	0	0
67	0	0	1024	487	323	1449	0	0	0	0
68	0	0	843	429	446	1453	0	0	0	0
69	0	0	669	359	577	1444	0	0	0	0
70	0	0	532	290	706	1443	0	0	0	0
71	0	0	442	240	801	1439	0	0	0	0
72	0	0	461	200	856	1435	0	0	0	0
73	0	0	441	141	899	1430	0	0	0	0
74	0	0	387	95	918	1403	0	0	0	0
75	0	0	360	68	914	1405	0	0	0	0
76	0	0	352	51	913	1407	0	0	0	0
77	0	0	349	41	905	1404	0	0	0	0
78	0	0	308	34	885	1386	0	0	0	0
79	0	0	278	33	887	1384	0	0	0	0
80	0	0	271	35	891	1354	0	0	0	0
81	0	0	279	67	903	1344	0	0	0	0
82	0	0	292	111	905	1313	0	0	0	0
83	0	0	291	161	890	1290	0	0	0	0
84	0	0	318	204	862	1252	0	0	0	0
85	0	0	392	253	839	1258	0	0	0	0
86	0	0	488	295	822	1229	0	0	0	0
87	0	0	584	318	802	1229	0	0	0	0
88	0	0	678	322	781	1230	0	0	0	0
89	0	0	758	328	763	1246	0	0	0	0
90	0	0	832	331	749	1251	0	0	0	0
91	0	0	872	335	735	1243	0	0	0	0
92	0	0	882	338	718	1236	0	0	0	0
93	0	0	882	335	698	1233	0	0	0	0
94	0	0	873	317	676	1239	0	0	0	0
95	0	0	866	290	649	1248	0	0	0	0
96	0	0	867	265	625	1243	0	0	0	0
97	0	0	874	241	607	1255	0	0	0	0
98	0	0	877	217	590	1268	0	0	0	0
99	0	0	875	190	575	1302	0	0	0	0
100	0	0	865	169	559	1328	0	0	0	0
101	0	0	852	146	548	1320	0	0	0	0
102	0	0	831	129	537	1325	0	0	0	0
103	0	0	811	117	528	1328	0	0	0	0
104	0	0	785	108	515	1328	0	0	0	0
105	0	0	762	109	503	1331	0	0	0	0
106	0	0	738	110	492	1332	0	0	0	0
107	0	0	715	110	479	1328	0	0	0	0
108	0	0	691	122	471	1332	0	0	0	0
109	0	0	665	135	465	1331	0	0	0	0
110	0	0	644	151	461	1333	0	0	0	0
111	0	0	622	170	457	1321	0	0	0	0
112	0	0	600	189	455	1318	0	0	0	0
113	0	0	582	207	457	1311	0	0	0	0
114	0	0	572	230	456	1296	0	0	0	0
115	0	0	572	253	457	1289	0	0	0	0
116	0	0	578	279	457	1286	0	0	0	0
117	0	0	591	308	459	1282	0	0	0	0
118	0	0	607	351	458	1278	0	0	0	0
119	0	0	622	373	462	1286	0	0	0	0
120	0	0	636	393	467	1291	0	0	0	0
121	0	0	652	411	471	1286	0	0	0	0
122	0	0	666	433	474	1280	0	0	0	0
123	0	0	677	446	479	1278	0	0	0	0
124	0	0	684	480	485	1274	0	0	0	0
125	0	0	688	483	490	1278	0	0	0	0
126	0	0	686	500	491	1280	0	0	0	0
127	0	0	684	512	498	1279	0	0	0	0
0	0	0	683	523	504	1278	0	0	0	0
1	0	0	680	523	510	1287	0	0	0	0
2	0	0	675	522	520	1287	0	0	0	0
3	0	0	665	540	532	1285	0	0	0	0
4	0	0	663	561	545	1289	0	0	0	0
5	0	0	670	575	560	1293	0	0	0	0
6	0	0	681	581	565	1296	0	0	0	0
7	0	0	684	593	581	1298	0	0	0	0
8	0	0	678	591	595	1301	0	0	0	0
9	0	0	673	592	604	1310	0	0	0	0
10	0	0	667	595	615	1309	0	0	0	0
11	0	0	667	598	628	1313	0	0	0	0
12	0	0	667	599	640	1319	0	0	0	0
13	0	0	669	597	651	1318	0	0	0	0
14	0	0	675	592	662	1315	0	0	0	0
15	0	0	677	584	671	1313	0	0	0	0
16	0	0	680	578	679	1318	0	0	0	0
17	0	0	686	578	687	1322	0	0	0	0
18	0	0	693	582	694	1327	0	0	0	0
19	0	0	702	581	699	1330	0	0	0	0
20	0	0	710	575	703	1335	0	0	0	0
21	0	0	717	573	706	1346	0	0	0	0
22	0	0	725	580	709	1334	0	0	0	0
23	0	0	729	576	711	1334	0	0	0	0
24	0	0	734	577	713	1334	0	0	0	0
25	0	0	739	579	713	1333	0	0	0	0
26	0	0	743	583	715	1335	0	0	0	0
27	0	0	747	587	716	1339	0	0	0	0
28	0	0	751	593	715	1336	0	0	0	0
29	0	0	757	600	716	1338	0	0	0	0
30	0	0	763	607	715	1334	0	0	0	0
31	0	0	768	611	713	1334	0	0	0	0
32	0	0	773	616	712	1339	0	0	0	0
33	0	0	775	620	709	1345	0	0	0	0
34	0	0	777	619	707	1341	0	0	0	0
35	0	0	777	623	705	1341	0	0	0	0
36	0	0	775	627	700	1343	0	0	0	0
37	0	0	773	623	695	1350	0	0	0	0
38	0	0	770	619	690	1349	0	0	0	0
39	0	0	766	617	685	1357	0	0	0	0
40	0	0	763	615	681	1366	0	0	0	0
41	0	0	761	613	677	1368	0	0	0	0
42	0	0	759	610	674	1373	0	0	0	0
43	0	0	757	606	672	1375	0	0	0	0
44	0	0	754	602	670	1380	0	0	0	0
45	0	0	755	597	669	1386	0	0	0	0
46	0	0	754	594	667	1398	0	0	0	0
47	0	0	751	591	667	1414	0	0	0	0
48	0	0	751	590	667	1421	0	0	0	0
49	0	0	749	586	667	1440	0	0	0	0
50	0	0	749	583	668	1448	0	0	0	0
51	0	0	747	580	670	1469	0	0	0	0
52	0	0	747	576	670	1478	0	0	0	0
53	0	0	746	576	671	1488	0	0	0	0
54	0	0	745	574	672	1488	0	0	0	0
55	0	0	744	572	672	1497	0	0	0	0
56	0	0	742	568	673	1503	0	0	0	0
57	0	0	742	563	671	1508	0	0	0	0
58	0	0	742	559	670	1510	0	0	0	0
59	0	0	741	555	669	1522	0	0	0	0
60	0	0	745	550	667	1541	0	0	0	0
61	0	0	747	547	665	1551	0	0	0	0
62	0	0	750	545	664	1566	0	0	0	0
63	0	0	753	543	663	1575	0	0	0	0
64	0	0	757	541	661	1579	0	0	0	0
65	0	0	761	540	660	1582	0	0	0	0
66	0	0	766	536	658	1590	0	0	0	0
67	0	0	771	534	655	1580	0	0	0	0
68	0	0	776	532	652	1563	0	0	0	0
69	0	0	780	530	647	1587	0	0	0	0
70	0	0	784	528	644	1593	0	0	0	0
71	0	0	788	523	638	1604	0	0	0	0
72	0	0	790	518	634	1604	0	0	0	0
73	0	0	792	513	629	1596	0	0	0	0
74	0	0	792	509	624	1619	0	0	0	0
75	0	0	792	507	620	1633	0	0	0	0
76	0	0	792	503	616	1640	0	0	0	0
77	0	0	791	501	613	1644	0	0	0	0
78	0	0	791	501	611	1658	0	0	0	0
79	0	0	790	498	610	1660	0	0	0	0
80	0	0	791	498	610	1647	0	0	0	0
81	0	0	793	497	609	1660	0	0	0	0
82	0	0	794	498	610	1660	0	0	0	0
83	0	0	796	500	610	1654	0	0	0	0
84	0	0	798	501	611	1654	0	0	0	0
85	0	0	800	502	612	1651	0	0	0	0
86	0	0	801	504	613	1652	0	0	0	0
87	0	0	801	506	614	1652	0	0	0	0
88	0	0	802	508	614	1649	0	0	0	0
89	0	0	801	512	617	1642	0	0	0	0
90	0	0	800	515	617	1640	0	0	0	0
91	0	0	799	518	619	1640	0	0	0	0
92	0	0	797	519	619	1648	0	0	0	0
93	0	0	795	524	621	1651	0	0	0	0
94	0	0	794	526	623	1656	0	0	0	0
95	0	0	792	529	624	1658	0	0	0	0
96	0	0	790	532	625	1654	0	0	0	0
97	0	0	787	534	625	1652	0	0	0	0
98	0	0	784	537	628	1650	0	0	0	0
99	0	0	784	541	628	1646	0	0	0	0
100	0	0	782	543	629	1646	0	0	0	0
101	0	0	781	546	629	1643	0	0	0	0
102	0	0	781	548	630	1643	0	0	0	0
103	0	0	780	551	630	1644	0	0	0	0
104	0	0	779	554	631	1644	0	0	0	0
105	0	0	778	556	631	1643	0	0	0	0
106	0	0	778	561	632	1645	0	0	0	0
107	0	0	780	565	633	1643	0	0	0	0
108	0	0	779	569	634	1642	0	0	0	0
109	0	0	778	572	636	1638	0	0	0	0
110	0	0	777	575	636	1636	0	0	0	0
111	0	0	778	579	638	1632	0	0	0	0
112	0	0	778	583	639	1629	0	0	0	0
113	0	0	778	587	641	1627	0	0	0	0
114	0	0	779	591	643	1625	0	0	0	0
115	0	0	778	594	645	1624	0	0	0	0
116	0	0	778	598	648	1624	0	0	0	0
117	0	0	777	600	650	1619	0	0	0	0
118	0	0	776	606	651	1617	0	0	0	0
119	0	0	776	610	655	1616	0	0	0	0
120	0	0	775	612	657	1614	0	0	0	0
121	0	0	774	616	659	1608	0	0	0	0
122	0	0	775	620	661	1605	0	0	0	0
123	0	0	775	623	664	1600	0	0	0	0
124	0	0	775	628	667	1597	0	0	0	0
125	0	0	775	630	671	1596	0	0	0	0
126	0	0	774	633	672	1594	0	0	0	0
127	0	0	773	637	674	1592	0	0	0	0
0	0	0	774	640	677	1588	0	0	0	0
1	0	0	773	644	679	1585	0	0	0	0
2	0	0	773	648	681	1582	0	0	0	0
3	0	0	773	651	683	1579	0	0	0	0
4	0	0	773	653	685	1574	0	0	0	0
5	0	0	774	657	687	1571	0	0	0	0
6	0	0	772	660	688	1563	0	0	0	0
7	0	0	774	662	691	1556	0	0	0	0
8	0	0	774	665	693	1552	0	0	0	0
9	0	0	775	667	695	1551	0	0	0	0
10	0	0	776	670	697	1546	0	0	0	0
11	0	0	779	673	699	1529	0	0	0	0
12	0	0	778	672	700	1521	0	0	0	0
13	0	0	778	676	703	1518	0	0	0	0
14	0	0	778	679	704	1514	0	0	0	0
15	0	0	779	681	707	1510	0	0	0	0
16	0	0	777	684	708	1505	0	0	0	0
17	0	0	777	687	711	1503	0	0	0	0
18	0	0	777	689	712	1494	0	0	0	0
19	0	0	778	691	714	1489	0	0	0	0
20	0	0	779	694	716	1484	0	0	0	0
21	0	0	778	696	717	1478	0	0	0	0
22	0	0	779	698	719	1469	0	0	0	0
23	0	0	779	700	721	1463	0	0	0	0
24	0	0	780	703	721	1457	0	0	0	0
25	0	0	779	704	722	1451	0	0	0	0
26	0	0	780	705	724	1441	0	0	0	0
27	0	0	781	707	724	1441	0	0	0	0
28	0	0	781	708	726	1439	0	0	0	0
29	0	0	782	710	725	1440	0	0	0	0
30	0	0	782	712	728	1437	0	0	0	0
31	0	0	782	714	729	1435	0	0	0	0
32	0	0	783	713	729	1434	0	0	0	0
33	0	0	782	715	729	1430	0	0	0	0
34	0	0	784	716	731	1426	0	0	0	0
35	0	0	784	718	731	1420	0	0	0	0
36	0	0	784	719	732	1421	0	0	0	0
37	0	0	787	721	732	1416	0	0	0	0
38	0	0	789	722	732	1413	0	0	0	0
39	0	0	791	723	732	1405	0	0	0	0
40	0	0	792	725	732	1402	0	0	0	0
41	0	0	793	724	732	1398	0	0	0	0
42	0	0	794	723	732	1398	0	0	0	0
43	0	0	795	724	733	1391	0	0	0	0
44	0	0	796	726	732	1388	0	0	0	0
45	0	0	798	727	733	1379	0	0	0	0
46	0	0	798	727	734	1377	0	0	0	0
47	0	0	799	729	733	1374	0	0	0	0
48	0	0	800	729	732	1371	0	0	0	0
49	0	0	805	730	731	1361	0	0	0	0
50	0	0	802	731	732	1346	0	0	0	0
51	0	0	802	733	731	1338	0	0	0	0
52	0	0	801	733	730	1327	0	0	0	0
53	0	0	804	735	730	1321	0	0	0	0
54	0	0	806	734	730	1317	0	0	0	0
55	0	0	805	735	731	1307	0	0	0	0
56	0	0	804	735	730	1308	0	0	0	0
57	0	0	805	736	729	1296	0	0	0	0
58	0	0	802	737	728	1293	0	0	0	0
59	0	0	804	738	730	1287	0	0	0	0
60	0	0	805	738	729	1279	0	0	0	0
61	0	0	803	737	729	1275	0	0	0	0
62	0	0	804	737	729	1275	0	0	0	0
63	0	0	805	735	729	1271	0	0	0	0
64	0	0	805	740	729	1261	0	0	0	0
65	0	0	805	735	729	1250	0	0	0	0
66	0	0	806	739	728	1239	0	0	0	0
67	0	0	805	739	727	1219	0	0	0	0
68	0	0	806	738	729	1220	0	0	0	0
69	0	0	806	739	730	1216	0	0	0	0
70	0	0	806	739	729	1214	0	0	0	0
71	0	0	808	742	731	1213	0	0	0	0
72	0	0	808	743	732	1211	0	0	0	0
73	0	0	809	752	733	1208	0	0	0	0
74	0	0	810	745	734	1204	0	0	0	0
75	0	0	811	746	735	1199	0	0	0	0
76	0	0	811	747	736	1199	0	0	0	0
77	0	0	815	748	738	1196	0	0	0	0
78	0	0	814	750	739	1193	0	0	0	0
79	0	0	813	750	741	1183	0	0	0	0
80	0	0	813	753	742	1180	0	0	0	0
81	0	0	814	754	743	1176	0	0	0	0
82	0	0	814	757	743	1177	0	0	0	0
83	0	0	814	759	745	1163	0	0	0	0
84	0	0	816	759	745	1161	0	0	0	0
85	0	0	814	760	747	1164	0	0	0	0
86	0	0	813	758	747	1163	0	0	0	0
87	0	0	819	765	748	1161	0	0	0	0
88	0	0	816	763	749	1160	0	0	0	0
89	0	0	815	763	750	1161	0	0	0	0
90	0	0	816	769	750	1162	0	0	0	0
91	0	0	815	768	750	1162	0	0	0	0
92	0	0	815	771	752	1166	0	0	0	0
93	0	0	815	770	749	1166	0	0	0	0
94	0	0	812	770	752	1165	0	0	0	0
95	0	0	815	774	753	1171	0	0	0	0
96	0	0	814	773	753	1170	0	0	0	0
97	0	0	811	770	754	1166	0	0	0	0
98	0	0	813	773	753	1166	0	0	0	0
99	0	0	812	773	754	1168	0	0	0	0
100	0	0	811	772	754	1169	0	0	0	0
101	0	0	811	774	754	1174	0	0	0	0
102	0	0	810	771	755	1178	0	0	0	0
103	0	0	809	771	754	1179	0	0	0	0
104	0	0	808	771	754	1175	0	0	0	0
105	0	0	810	773	753	1177	0	0	0	0
106	0	0	809	773	753	1182	0	0	0	0
107	0	0	807	772	752	1183	0	0	0	0
108	0	0	806	772	751	1188	0	0	0	0
109	0	0	804	770	750	1193	0	0	0	0
110	0	0	803	770	749	1195	0	0	0	0
111	0	0	802	768	746	1196	0	0	0	0
112	0	0	804	769	743	1205	0	0	0	0
113	0	0	801	766	742	1216	0	0	0	0
114	0	0	801	765	740	1222	0	0	0	0
115	0	0	802	763	737	1224	0	0	0	0
116	0	0	802	762	736	1231	0	0	0	0
117	0	0	801	759	734	1235	0	0	0	0
118	0	0	799	761	733	1235	0	0	0	0
119	0	0	799	759	729	1235	0	0	0	0
120	0	0	801	758	729	1238	0	0	0	0
121	0	0	801	758	728	1239	0	0	0	0
122	0	0	800	753	727	1241	0	0	0	0
123	0	0	800	748	726	1244	0	0	0	0
124	0	0	800	748	724	1253	0	0	0	0
125	0	0	801	750	723	1265	0	0	0	0
126	0	0	801	748	721	1275	0	0	0	0
127	0	0	800	747	720	1279	0	0	0	0
0	0	0	801	746	718	1288	0	0	0	0
1	0	0	801	746	717	1292	0	0	0	0
2	0	0	803	745	715	1302	0	0	0	0
3	0	0	805	741	715	1313	0	0	0	0
4	0	0	806	744	713	1326	0	0	0	0
5	0	0	805	742	711	1333	0	0	0	0
6	0	0	806	740	707	1343	0	0	0	0
7	0	0	806	737	706	1353	0	0	0	0
8	0	0	807	734	703	1359	0	0	0	0
9	0	0	806	732	703	1361	0	0	0	0
10	0	0	807	728	701	1363	0	0	0	0
11	0	0	808	725	699	1370	0	0	0	0
12	0	0	808	722	695	1377	0	0	0	0
13	0	0	808	719	693	1380	0	0	0	0
14	0	0	810	716	691	1384	0	0	0	0
15	0	0	808	711	688	1390	0	0	0	0
16	0	0	810	708	686	1399	0	0	0	0
17	0	0	809	704	682	1402	0	0	0	0
18	0	0	809	701	681	1406	0	0	0	0
19	0	0	810	695	679	1406	0	0	0	0
20	0	0	810	691	677	1406	0	0	0	0
21	0	0	810	688	675	1405	0	0	0	0
22	0	0	810	683	672	1409	0	0	0	0
23	0	0	811	679	672	1416	0	0	0	0
24	0	0	811	674	670	1418	0	0	0	0
25	0	0	810	670	669	1422	0	0	0	0
26	0	0	811	667	668	1425	0	0	0	0
27	0	0	810	661	667	1431	0	0	0	0
28	0	0	811	658	667	1437	0	0	0	0
29	0	0	811	652	666	1454	0	0	0	0
30	0	0	811	647	666	1464	0	0	0	0
31	0	0	811	644	665	1467	0	0	0	0
32	0	0	811	638	664	1466	0	0	0	0
33	0	0	811	633	665	1473	0	0	0	0
34	0	0	811	631	665	1478	0	0	0	0
35	0	0	810	626	665	1480	0	0	0	0
36	0	0	811	623	665	1480	0	0	0	0
37	0	0	811	620	666	1486	0	0	0	0
38	0	0	811	617	664	1495	0	0	0	0
39	0	0	810	613	667	1501	0	0	0	0
40	0	0	811	609	668	1508	0	0	0	0
41	0	0	809	607	668	1518	0	0	0	0
42	0	0	808	603	668	1522	0	0	0	0
43	0	0	807	601	670	1525	0	0	0	0
44	0	0	805	597	670	1533	0	0	0	0
45	0	0	806	596	670	1540	0	0	0	0
46	0	0	806	593	671	1549	0	0	0	0
47	0	0	806	592	672	1554	0	0	0	0
48	0	0	805	590	673	1557	0	0	0	0
49	0	0	805	589	674	1561	0	0	0	0
50	0	0	803	588	674	1562	0	0	0	0
51	0	0	804	588	674	1567	0	0	0	0
52	0	0	805	586	674	1570	0	0	0	0
53	0	0	802	586	674	1571	0	0	0	0
54	0	0	802	584	674	1575	0	0	0	0
55	0	0	801	582	674	1579	0	0	0	0
56	0	0	802	584	673	1581	0	0	0	0
57	0	0	802	583	674	1583	0	0	0	0
58	0	0	801	584	675	1586	0	0	0	0
59	0	0	801	584	674	1595	0	0	0	0
60	0	0	802	584	674	1598	0	0	0	0
61	0	0	803	585	674	1598	0	0	0	0
62	0	0	803	585	673	1601	0	1	0	0
63	0	0	803	586	672	1600	0	0	0	0
64	0	0	804	587	672	1603	0	0	0	0
65	0	0	802	588	671	1606	0	0	0	0
66	0	0	804	590	670	1605	0	0	0	0
67	0	0	806	591	670	1607	0	0	0	0
68	0	0	806	592	670	1607	0	0	0	0
69	0	0	807	594	669	1610	0	0	0	0
70	0	0	807	595	667	1609	0	0	0	0
71	0	0	806	597	667	1609	0	0	0	0
72	0	0	807	598	666	1611	0	0	0	0
73	0	0	805	599	666	1614	0	0	0	0
74	0	0	807	601	665	1611	0	0	0	0
75	0	0	806	601	664	1610	0	0	0	0
76	0	0	806	603	663	1610	0	0	0	0
77	0	0	806	605	664	1612	0	1	0	0
78	0	0	806	606	663	1613	0	0	0	0
79	0	0	805	607	663	1614	0	0	0	0
80	0	0	804	608	663	1617	0	0	0	0
81	0	0	802	612	662	1617	0	0	0	0
82	0	0	803	613	660	1617	0	0	0	0
83	0	0	803	614	662	1621	0	0	0	0
84	0	0	802	615	660	1622	0	0	0	0
85	0	0	802	615	660	1622	0	0	0	0
86	0	0	801	618	661	1625	0	0	0	0
87	0	0	799	619	661	1627	0	0	0	0
88	0	0	799	620	663	1626	0	0	0	0
89	0	0	796	623	661	1624	0	0	0	0
90	0	0	795	623	661	1624	0	0	0	0
91	0	0	795	623	661	1621	0	0	0	0
92	0	0	796	623	662	1621	0	0	0	0
93	0	0	797	623	663	1623	0	0	0	0
94	0	0	797	624	665	1622	0	0	0	0
95	0	0	796	626	665	1621	0	0	0	0
96	0	0	794	626	665	1620	0	0	0	0
97	0	0	794	628	666	1622	0	0	0	0
98	0	0	794	629	667	1622	0	0	0	0
99	0	0	794	630	668	1622	0	0	0	0
100	0	0	794	631	668	1623	0	0	0	0
101	0	0	794	631	669	1625	0	0	0	0
102	0	0	794	632	671	1626	0	0	0	0
103	0	0	794	633	672	1624	0	0	0	0
104	0	0	794	635	672	1626	0	0	0	0
105	0	0	789	636	675	1626	0	0	0	0
106	0	0	792	637	676	1627	0	0	0	0
107	0	0	791	638	675	1627	0	0	0	0
108	0	0	791	640	679	1625	0	0	0	0
109	0	0	792	641	679	1627	0	0	0	0
110	0	0	792	642	680	1629	0	0	0	0
111	0	0	792	643	683	1627	0	0	0	0
112	0	0	792	645	684	1626	0	0	0	0
113	0	0	791	645	685	1622	0	0	0	0
114	0	0	790	646	684	1619	0	0	0	0
115	0	0	789	648	685	1616	0	0	0	0
116	0	0	790	650	686	1617	0	0	0	0
117	0	0	790	651	687	1619	0	0	0	0
118	0	0	790	653	687	1620	0	0	0	0
119	0	0	789	653	687	1619	0	0	0	0
120	0	0	788	654	688	1618	0	0	0	0
121	0	0	788	656	688	1619	0	0	0	0
122	0	0	790	657	689	1620	0	0	0	0
123	0	0	789	658	691	1619	0	0	0	0
124	0	0	789	658	692	1620	0	0	0	0
125	0	0	789	660	692	1617	0	0	0	0
126	0	0	788	660	692	1617	0	0	0	0
127	0	0	789	661	693	1616	0	0	0	0
0	0	0	788	661	694	1614	0	0	0	0
1	0	0	789	663	694	1612	0	0	0	0
2	0	0	789	664	693	1610	0	0	0	0
3	0	0	789	665	694	1609	0	0	0	0
4	0	0	790	665	696	1609	0	0	0	0
5	0	0	790	665	695	1610	0	0	0	0
6	0	0	791	666	696	1608	0	0	0	0
7	0	0	792	666	697	1607	0	0	0	0
8	0	0	792	665	697	1608	0	0	0	0
9	0	0	792	667	697	1610	0	0	0	0
10	0	0	792	667	697	1610	0	0	0	0
11	0	0	793	668	698	1607	0	0	0	0
12	0	0	793	668	698	1612	0	0	0	0
13	0	0	794	669	698	1606	0	0	0	0
14	0	0	795	669	698	1603	0	0	0	0
15	0	0	795	669	697	1599	0	0	0	0
16	0	0	796	669	698	1600	0	0	0	0
17	0	0	795	669	698	1600	0	0	0	0
18	0	0	796	669	699	1601	0	0	0	0
19	0	0	797	670	698	1600	0	0	0	0
20	0	0	797	669	697	1599	0	0	0	0
21	0	0	797	672	697	1601	0	0	0	0
22	0	0	798	671	698	1598	0	0	0	0
23	0	0	799	671	698	1595	0	0	0	0
24	0	0	799	672	697	1591	0	0	0	0
25	0	0	799	670	696	1586	0	0	0	0
26	0	0	800	671	696	1581	0	0	0	0
27	0	0	801	670	697	1579	0	0	0	0
28	0	0	801	670	696	1575	0	0	0	0
29	0	0	802	671	695	1570	0	0	0	0
30	0	0	801	671	696	1566	0	0	0	0
31	0	0	803	670	697	1566	0	0	0	0
32	0	0	801	670	695	1564	0	0	0	0
33	0	0	803	669	695	1566	0	0	0	0
34	0	0	804	671	696	1565	0	0	0	0
35	0	0	803	670	695	1556	0	0	0	0
36	0	0	804	671	695	1556	0	0	0	0
37	0	0	802	671	694	1553	0	0	0	0
38	0	0	802	670	695	1554	0	0	0	0
39	0	0	801	670	694	1549	0	0	0	0
40	0	0	803	670	693	1557	0	0	0	0
41	0	0	803	671	693	1558	0	0	0	0
42	0	0	803	671	693	1551	0	0	0	0
43	0	0	803	671	693	1553	0	0	0	0
44	0	0	802	671	694	1547	0	0	0	0
45	0	0	801	671	693	1548	0	0	0	0
46	0	0	801	671	693	1546	0	0	0	0
47	0	0	801	670	694	1542	0	0	0	0
48	0	0	800	671	693	1539	0	0	0	0
49	0	0	799	671	693	1538	0	0	0	0
50	0	0	800	670	693	1534	0	0	0	0
51	0	0	802	671	692	1536	0	0	0	0
52	0	0	801	670	692	1537	0	0	0	0
53	0	0	801	671	693	1541	0	0	0	0
54	0	0	801	671	691	1534	0	0	0	0
55	0	0	801	672	693	1536	0	0	0	0
56	0	0	800	670	692	1542	0	0	0	0
57	0	0	800	670	693	1547	0	0	0	0
58	0	0	800	669	692	1549	0	0	0	0
59	0	0	798	669	692	1546	0	0	0	0
60	0	0	800	670	692	1546	0	0	0	0
61	0	0	801	670	691	1543	0	0	0	0
62	0	0	801	670	691	1541	0	0	0	0
63	0	0	801	671	691	1542	0	0	0	0
64	0	0	802	671	691	1540	0	0	0	0
65	0	0	801	670	691	1536	0	0	0	0
66	0	0	800	669	690	1532	0	0	0	0
67	0	0	801	669	690	1534	0	0	0	0
68	0	0	802	670	690	1531	0	0	0	0
69	0	0	802	669	690	1533	0	0	0	0
70	0	0	801	669	689	1534	0	0	0	0
71	0	0	801	669	689	1536	0	0	0	0
72	0	0	801	669	688	1537	0	0	0	0
73	0	0	802	669	687	1539	0	0	0	0
74	0	0	802	668	687	1539	0	0	0	0
75	0	0	801	667	686	1537	0	0	0	0
76	0	0	800	667	686	1541	0	0	0	0
77	0	0	801	667	686	1540	0	0	0	0
78	0	0	801	666	684	1532	0	0	0	0
79	0	0	801	667	685	1530	0	0	0	0
80	0	0	801	667	685	1530	0	0	0	0
81	0	0	802	667	685	1531	0	0	0	0
82	0	0	801	668	685	1531	0	0	0	0
83	0	0	801	668	684	1530	0	0	0	0
84	0	0	800	667	684	1533	0	0	0	0
85	0	0	800	667	684	1534	0	0	0	0
86	0	0	800	667	683	1533	0	0	0	0
87	0	0	801	667	683	1534	0	0	0	0
88	0	0	799	666	682	1536	0	0	0	0
89	0	0	800	665	681	1538	0	0	0	0
90	0	0	800	664	682	1539	0	0	0	0
91	0	0	800	663	681	1542	0	0	0	0
92	0	0	802	663	680	1539	0	0	0	0
93	0	0	801	663	680	1542	0	0	0	0
94	0	0	802	664	680	1542	0	0	0	0
95	0	0	801	662	679	1544	0	0	0	0
96	0	0	801	661	679	1543	0	0	0	0
97	0	0	801	661	680	1543	0	0	0	0
98	0	0	802	662	679	1546	0	0	0	0
99	0	0	802	661	679	1545	0	0	0	0
100	0	0	802	660	678	1558	0	0	0	0
101	0	0	803	661	677	1557	0	0	0	0
102	0	0	802	660	677	1558	0	0	0	0
103	0	0	805	660	676	1559	0	0	0	0
104	0	0	804	659	676	1557	0	0	0	0
105	0	0	805	658	675	1558	0	0	0	0
106	0	0	807	658	675	1557	0	0	0	0
107	0	0	806	658	674	1557	0	0	0	0
108	0	0	807	657	674	1556	0	0	0	0
109	0	0	808	657	674	1558	0	0	0	0
110	0	0	807	656	674	1559	0	0	0	0
111	0	0	808	656	673	1558	0	0	0	0
112	0	0	808	655	673	1561	0	0	0	0
113	0	0	809	654	673	1564	0	0	0	0
114	0	0	809	655	673	1561	0	0	0	0
115	0	0	809	653	672	1559	0	0	0	0
116	0	0	809	653	672	1560	0	0	0	0
117	0	0	810	653	672	1562	0	0	0	0
118	0	0	810	653	671	1561	0	0	0	0
119	0	0	809	646	674	1560	0	0	0	0
120	0	0	810	647	672	1563	0	0	0	0
121	0	0	808	651	670	1561	0	0	0	0
122	0	0	810	651	671	1560	0	0	0	0
123	0	0	810	652	670	1559	0	0	0	0
124	0	0	812	652	671	1563	0	0	0	0
125	0	0	811	650	671	1562	0	0	0	0
126	0	0	810	649	670	1554	0	0	0	0
127	0	0	809	647	670	1550	0	0	0	0
0	0	0	809	646	670	1549	0	0	0	0
1	0	0	809	647	669	1549	0	0	0	0
2	0	0	809	647	670	1549	0	0	0	0
3	0	0	810	646	670	1547	0	0	0	0
4	0	0	810	646	671	1548	0	0	0	0
5	0	0	810	646	671	1550	0	0	0	0
6	0	0	810	647	670	1553	0	0	0	0
7	0	0	809	643	670	1552	0	0	0	0
8	0	0	807	645	671	1551	0	0	0	0
9	0	0	807	646	672	1551	0	0	0	0
10	0	0	806	644	672	1551	0	0	0	0
11	0	0	806	644	672	1551	0	0	0	0
12	0	0	805	643	672	1552	0	0	0	0
13	0	0	806	643	673	1553	0	0	0	0
14	0	0	804	642	672	1550	0	0	0	0
15	0	0	804	642	672	1553	0	0	0	0
16	0	0	805	642	672	1553	0	0	0	0
17	0	0	804	642	673	1553	0	0	0	0
18	0	0	804	641	673	1551	0	0	0	0
19	0	0	804	641	672	1551	0	0	0	0
20	0	0	804	640	672	1551	0	0	0	0
21	0	0	805	641	671	1551	0	0	0	0
22	0	0	804	639	671	1552	0	0	0	0
23	0	0	804	639	672	1552	0	0	0	0
24	0	0	803	639	671	1552	0	0	0	0
25	0	0	803	639	672	1551	0	0	0	0
26	0	0	803	637	671	1554	0	0	0	0
27	0	0	803	637	671	1556	0	0	0	0
28	0	0	804	636	671	1557	0	0	0	0
29	0	0	800	639	670	1557	0	0	0	0
30	0	0	801	636	670	1557	0	0	0	0
31	0	0	802	637	670	1554	0	0	0	0
32	0	0	803	636	669	1556	0	0	0	0
33	0	0	802	636	669	1555	0	0	0	0
34	0	0	803	636	669	1554	0	0	0	0
35	0	0	803	636	668	1553	0	0	0	0
36	0	0	804	637	670	1553	0	0	0	0
37	0	0	803	637	668	1552	0	0	0	0
38	0	0	803	636	668	1550	0	0	0	0
39	0	0	803	636	669	1549	0	0	0	0
40	0	0	804	636	667	1548	0	0	0	0
41	0	0	804	637	665	1548	0	0	0	0
42	0	0	805	636	667	1548	0	0	0	0
43	0	0	805	637	667	1547	0	0	0	0
44	0	0	806	634	665	1546	0	0	0	0
45	0	0	804	636	666	1547	0	0	0	0
46	0	0	805	636	666	1545	0	0	0	0
47	0	0	804	635	666	1545	0	0	0	0
48	0	0	804	635	665	1544	0	0	0	0
49	0	0	805	636	665	1543	0	0	0	0
50	0	0	805	635	662	1541	0	0	0	0
51	0	0	805	636	665	1541	0	0	0	0
52	0	0	805	636	664	1541	0	0	0	0
53	0	0	805	636	665	1540	0	0	0	0
54	0	0	804	636	665	1537	0	0	0	0
55	0	0	805	636	664	1536	0	0	0	0
56	0	0	805	637	665	1533	0	0	0	0
57	0	0	805	637	665	1532	0	0	0	0
58	0	0	805	637	664	1528	0	0	0	0
59	0	0	806	637	666	1528	0	0	0	0
60	0	0	806	639	666	1526	0	0	0	0
61	0	0	807	639	665	1526	0	0	0	0
62	0	0	806	639	666	1528	0	0	0	0
63	0	0	806	641	666	1524	0	0	0	0
64	0	0	805	640	666	1526	0	0	0	0
65	0	0	804	640	666	1525	0	0	0	0
66	0	0	805	641	667	1519	0	0	0	0
67	0	0	805	641	667	1513	0	0	0	0
68	0	0	803	641	667	1506	0	0	0	0
69	0	0	802	641	667	1503	0	0	0	0
70	0	0	802	642	666	1502	0	0	0	0
71	0	0	802	643	667	1500	0	0	0	0
72	0	0	802	643	667	1500	0	0	0	0
73	0	0	801	643	667	1498	0	0	0	0
74	0	0	801	643	669	1493	0	0	0	0
75	0	0	800	643	669	1493	0	0	0	0
76	0	0	800	644	668	1490	0	0	0	0
77	0	0	799	644	668	1487	0	0	0	0
78	0	0	800	644	668	1484	0	0	0	0
79	0	0	799	644	667	1482	0	0	0	0
80	0	0	800	645	668	1480	0	0	0	0
81	0	0	800	645	669	1479	0	0	0	0
82	0	0	798	645	667	1483	0	0	0	0
83	0	0	798	646	667	1481	0	0	0	0
84	0	0	799	645	668	1481	0	0	0	0
85	0	0	798	646	666	1479	0	0	0	0
86	0	0	798	647	668	1477	0	0	0	0
87	0	0	798	647	668	1487	0	0	0	0
88	0	0	798	647	668	1483	0	0	0	0
89	0	0	797	647	669	1480	0	0	0	0
90	0	0	797	647	668	1479	0	0	0	0
91	0	0	796	648	668	1475	0	0	0	0
92	0	0	796	649	669	1476	0	0	0	0
93	0	0	795	649	669	1475	0	0	0	0
94	0	0	796	649	669	1475	0	0	0	0
95	0	0	795	650	669	1475	0	0	0	0
96	0	0	795	651	670	1471	0	0	0	0
97	0	0	794	652	670	1471	0	0	0	0
98	0	0	794	651	671	1468	0	0	0	0
99	0	0	793	651	672	1467	0	0	0	0
100	0	0	793	653	671	1467	0	0	0	0
101	0	0	793	653	672	1467	0	0	0	0
102	0	0	793	654	670	1473	0	0	0	0
103	0	0	791	654	671	1473	0	0	0	0
104	0	0	791	655	672	1472	0	0	0	0
105	0	0	789	655	672	1472	0	0	0	0
106	0	0	790	655	673	1471	0	0	0	0
107	0	0	790	656	673	1473	0	0	0	0
108	0	0	788	656	674	1473	0	0	0	0
109	0	0	789	657	674	1475	0	0	0	0
110	0	0	788	657	674	1475	0	0	0	0
111	0	0	787	657	674	1475	0	0	0	0
112	0	0	789	657	675	1476	0	0	0	0
113	0	0	790	659	675	1475	0	0	0	0
114	0	0	790	658	676	1476	0	0	0	0
115	0	0	788	659	676	1475	0	0	0	0
116	0	0	789	659	677	1473	0	0	0	0
117	0	0	789	660	677	1473	0	0	0	0
118	0	0	789	660	677	1470	0	0	0	0
119	0	0	789	661	678	1471	0	0	0	0
120	0	0	789	661	678	1474	0	0	0	0
121	0	0	790	663	679	1471	0	0	0	0
122	0	0	790	662	680	1473	0	0	0	0
123	0	0	791	662	679	1472	0	0	0	0
124	0	0	791	663	681	1473	0	0	0	0
125	0	0	791	663	681	1472	0	0	0	0
126	0	0	792	664	682	1469	0	0	0	0
127	0	0	791	664	681	1468	0	0	0	0
0	0	0	792	665	682	1470	0	0	0	0
1	0	0	791	664	682	1471	0	0	0	0
2	0	0	794	665	683	1469	0	0	0	0
3	0	0	791	665	683	1469	0	0	0	0
4	0	0	792	665	682	1472	0	0	0	0
5	0	0	791	666	684	1473	0	0	0	0
6	0	0	792	664	684	1472	0	0	0	0
7	0	0	791	666	684	1464	0	0	0	0
8	0	0	792	665	686	1464	0	0	0	0
9	0	0	792	665	686	1468	0	0	0	0
10	0	0	793	665	685	1468	0	0	0	0
11	0	0	792	665	686	1464	0	0	0	0
12	0	0	793	665	688	1461	0	0	0	0
13	0	0	792	664	688	1462	0	0	0	0
14	0	0	792	664	688	1461	0	0	0	0
15	0	0	792	664	689	1464	0	0	0	0
16	0	0	793	662	689	1462	0	0	0	0
17	0	0	794	663	691	1464	0	0	0	0
18	0	0	793	664	691	1465	0	0	0	0
19	0	0	793	664	691	1466	0	0	0	0
20	0	0	792	663	691	1467	0	0	0	0
21	0	0	794	664	692	1471	0	0	0	0
22	0	0	793	664	693	1471	0	0	0	0
23	0	0	793	663	694	1470	0	0	0	0
24	0	0	793	663	694	1469	0	0	0	0
25	0	0	793	662	695	1471	0	0	0	0
26	0	0	794	662	696	1472	0	0	0	0
