# bioPlux Text File Format
# Version: 1
# StartDateTime: 2012-03-21 17:42:32
# SamplingFrequency: 1000
# SampledChannels: 1 2 3 4 5 6 7 8
# SamplingResolution: 12
# AcquiringDevice: 00:07:80:93:66:BE
# EndOfHeader
0	0	0	775	661	855	1278	0	0	0	0
1	0	0	775	662	852	1279	0	0	0	0
2	0	0	774	662	855	1279	0	0	0	0
3	0	0	774	661	855	1279	0	0	0	0
4	0	0	773	661	856	1277	0	0	0	0
5	0	0	773	662	855	1278	0	0	0	0
6	0	0	774	662	855	1277	0	0	0	0
7	0	0	774	662	856	1275	0	0	0	0
8	0	0	773	661	856	1273	0	0	0	0
9	0	0	773	661	856	1274	0	0	0	0
10	0	0	773	662	855	1273	0	0	0	0
11	0	0	773	661	855	1273	0	0	0	0
12	0	0	774	661	856	1272	0	0	0	0
13	0	0	775	661	856	1273	0	0	0	0
14	0	0	773	662	855	1275	0	0	0	0
15	0	0	774	662	855	1275	0	0	0	0
16	0	0	774	662	856	1275	0	0	0	0
17	0	0	773	661	856	1275	0	0	0	0
18	0	0	774	662	856	1276	0	0	0	0
19	0	0	773	662	856	1277	0	0	0	0
20	0	0	774	661	856	1277	0	0	0	0
21	0	0	774	662	855	1278	0	0	0	0
22	0	0	774	662	855	1278	0	0	0	0
23	0	0	773	662	855	1276	0	0	0	0
24	0	0	773	662	856	1277	0	0	0	0
25	0	0	774	661	856	1278	0	0	0	0
26	0	0	774	661	854	1277	0	0	0	0
27	0	0	774	661	855	1277	0	0	0	0
28	0	0	774	661	856	1274	0	0	0	0
29	0	0	774	661	856	1275	0	0	0	0
30	0	0	773	661	855	1273	0	0	0	0
31	0	0	774	661	855	1271	0	0	0	0
32	0	0	773	661	856	1271	0	0	0	0
33	0	0	773	661	855	1271	0	0	0	0
34	0	0	772	661	855	1271	0	0	0	0
35	0	0	773	661	856	1272	0	0	0	0
36	0	0	773	661	856	1273	0	0	0	0
37	0	0	774	662	856	1273	0	0	0	0
38	0	0	773	661	855	1273	0	0	0	0
39	0	0	773	661	856	1272	0	0	0	0
40	0	0	774	662	855	1271	0	0	0	0
41	0	0	773	661	855	1274	0	0	0	0
42	0	0	773	662	855	1271	0	0	0	0
43	0	0	773	662	855	1271	0	0	0	0
44	0	0	773	662	855	1270	0	0	0	0
45	0	0	773	661	855	1269	0	0	0	0
46	0	0	772	661	855	1271	0	0	0	0
47	0	0	771	661	855	1269	0	0	0	0
48	0	0	772	661	855	1267	0	0	0	0
49	0	0	771	662	855	1268	0	0	0	0
50	0	0	771	662	854	1264	0	0	0	0
51	0	0	771	662	855	1264	0	0	0	0
52	0	0	771	662	854	1263	0	0	0	0
53	0	0	771	662	854	1263	0	0	0	0
54	0	0	771	663	854	1266	0	0	0	0
55	0	0	771	662	855	1264	0	0	0	0
56	0	0	773	662	854	1265	0	0	0	0
57	0	0	772	662	855	1264	0	0	0	0
58	0	0	772	662	855	1267	0	0	0	0
59	0	0	771	662	855	1267	0	0	0	0
60	0	0	771	661	855	1267	0	0	0	0
61	0	0	772	663	855	1267	0	0	0	0
62	0	0	771	662	855	1269	0	0	0	0
63	0	0	771	662	856	1267	0	0	0	0
64	0	0	771	662	855	1268	0	0	0	0
65	0	0	771	663	855	1268	0	0	0	0
66	0	0	772	663	855	1266	0	0	0	0
67	0	0	772	662	855	1265	0	0	0	0
68	0	0	771	662	855	1264	0	0	0	0
69	0	0	770	662	856	1262	0	0	0	0
70	0	0	772	661	855	1259	0	0	0	0
71	0	0	771	662	856	1259	0	0	0	0
72	0	0	771	661	856	1260	0	0	0	0
73	0	0	770	662	856	1262	0	0	0	0
74	0	0	770	662	855	1262	0	0	0	0
75	0	0	771	662	855	1260	0	0	0	0
76	0	0	771	662	855	1270	0	0	0	0
77	0	0	773	662	855	1261	0	0	0	0
78	0	0	772	663	856	1257	0	0	0	0
79	0	0	771	662	855	1258	0	0	0	0
80	0	0	773	662	856	1259	0	0	0	0
81	0	0	772	662	856	1259	0	0	0	0
82	0	0	771	662	855	1259	0	0	0	0
83	0	0	772	662	856	1256	0	0	0	0
84	0	0	772	662	855	1255	0	0	0	0
85	0	0	772	662	856	1253	0	0	0	0
86	0	0	772	662	856	1249	0	0	0	0
87	0	0	771	661	856	1247	0	0	0	0
88	0	0	772	662	857	1246	0	0	0	0
89	0	0	771	663	856	1245	0	0	0	0
90	0	0	772	662	855	1245	0	0	0	0
91	0	0	772	663	856	1241	0	0	0	0
92	0	0	772	662	855	1242	0	0	0	0
93	0	0	773	663	856	1243	0	0	0	0
94	0	0	773	662	856	1244	0	0	0	0
95	0	0	772	663	856	1241	0	0	0	0
96	0	0	772	662	857	1240	0	0	0	0
97	0	0	773	661	857	1240	0	0	0	0
98	0	0	772	661	856	1241	0	0	0	0
99	0	0	772	661	855	1240	0	0	0	0
100	0	0	772	662	857	1236	0	0	0	0
101	0	0	772	663	856	1235	0	0	0	0
102	0	0	772	661	857	1230	0	0	0	0
103	0	0	773	662	857	1213	0	0	0	0
104	0	0	774	662	856	1205	0	0	0	0
105	0	0	775	663	857	1200	0	0	0	0
106	0	0	775	663	857	1194	0	0	0	0
107	0	0	774	661	856	1175	0	0	0	0
108	0	0	774	663	857	1170	0	0	0	0
109	0	0	774	663	857	1168	0	0	0	0
110	0	0	774	663	856	1163	0	0	0	0
111	0	0	775	663	855	1165	0	0	0	0
112	0	0	775	663	856	1165	0	0	0	0
113	0	0	775	663	857	1159	0	0	0	0
114	0	0	775	663	856	1155	0	0	0	0
115	0	0	775	662	856	1167	0	0	0	0
116	0	0	776	663	857	1171	0	0	0	0
117	0	0	775	662	856	1169	0	0	0	0
118	0	0	775	663	856	1170	0	0	0	0
119	0	0	776	664	856	1165	0	0	0	0
120	0	0	776	663	856	1160	0	0	0	0
121	0	0	775	663	856	1162	0	0	0	0
122	0	0	775	663	855	1157	0	0	0	0
123	0	0	776	664	855	1154	0	0	0	0
124	0	0	776	663	855	1149	0	0	0	0
125	0	0	776	663	855	1152	0	0	0	0
126	0	0	776	664	854	1148	0	0	0	0
127	0	0	776	664	856	1146	0	0	0	0
0	0	0	776	663	856	1148	0	0	0	0
1	0	0	774	663	856	1139	0	0	0	0
2	0	0	775	664	855	1139	0	0	0	0
3	0	0	774	664	856	1137	0	0	0	0
4	0	0	775	663	856	1128	0	0	0	0
5	0	0	774	664	856	1126	0	0	0	0
6	0	0	774	665	857	1124	0	0	0	0
7	0	0	773	664	857	1127	0	0	0	0
8	0	0	773	664	858	1119	0	0	0	0
9	0	0	772	663	859	1134	0	0	0	0
10	0	0	773	662	859	1137	0	0	0	0
11	0	0	773	663	860	1138	0	0	0	0
12	0	0	773	662	859	1144	0	0	0	0
13	0	0	773	663	858	1146	0	0	0	0
14	0	0	772	663	860	1148	0	0	0	0
15	0	0	771	662	859	1145	0	0	0	0
16	0	0	772	661	859	1136	0	0	0	0
17	0	0	771	661	859	1138	0	0	0	0
18	0	0	772	660	860	1139	0	0	0	0
19	0	0	771	660	858	1142	0	0	0	0
20	0	0	771	660	858	1135	0	0	0	0
21	0	0	771	659	858	1126	0	0	0	0
22	0	0	772	660	858	1124	0	0	0	0
23	0	0	773	658	859	1130	0	0	0	0
24	0	0	773	658	858	1126	0	0	0	0
25	0	0	773	658	858	1130	0	0	0	0
26	0	0	774	658	858	1126	0	0	0	0
27	0	0	773	657	858	1128	0	0	0	0
28	0	0	773	657	858	1126	0	0	0	0
29	0	0	772	656	857	1128	0	0	0	0
30	0	0	774	657	857	1127	0	0	0	0
31	0	0	774	656	855	1127	0	0	0	0
32	0	0	774	655	857	1126	0	0	0	0
33	0	0	774	656	857	1126	0	0	0	0
34	0	0	774	654	857	1125	0	0	0	0
35	0	0	776	655	857	1128	0	0	0	0
36	0	0	776	654	856	1125	0	0	0	0
37	0	0	775	655	856	1136	0	0	0	0
38	0	0	776	655	858	1129	0	0	0	0
39	0	0	775	655	856	1123	0	0	0	0
40	0	0	775	654	856	1121	0	0	0	0
41	0	0	777	654	857	1118	0	0	0	0
42	0	0	777	654	855	1117	0	0	0	0
43	0	0	777	654	855	1114	0	0	0	0
44	0	0	776	654	855	1115	0	0	0	0
45	0	0	775	655	855	1115	0	0	0	0
46	0	0	775	654	854	1120	0	0	0	0
47	0	0	775	655	854	1118	0	0	0	0
48	0	0	775	655	854	1118	0	0	0	0
49	0	0	774	655	854	1120	0	0	0	0
50	0	0	776	656	854	1122	0	0	0	0
51	0	0	776	656	854	1123	0	0	0	0
52	0	0	775	655	853	1124	0	0	0	0
53	0	0	776	656	853	1127	0	0	0	0
54	0	0	776	657	854	1124	0	0	0	0
55	0	0	776	657	853	1121	0	0	0	0
56	0	0	776	656	854	1119	0	0	0	0
57	0	0	776	658	853	1126	0	0	0	0
58	0	0	775	657	854	1123	0	0	0	0
59	0	0	774	657	853	1121	0	0	0	0
60	0	0	774	658	854	1124	0	0	0	0
61	0	0	774	658	854	1122	0	0	0	0
62	0	0	775	658	854	1135	0	0	0	0
63	0	0	775	658	852	1121	0	0	0	0
64	0	0	775	658	853	1139	0	0	0	0
65	0	0	775	659	854	1147	0	0	0	0
66	0	0	776	658	854	1148	0	0	0	0
67	0	0	775	658	854	1149	0	0	0	0
68	0	0	776	659	854	1150	0	0	0	0
69	0	0	776	658	854	1152	0	0	0	0
70	0	0	777	658	855	1154	0	0	0	0
71	0	0	777	658	854	1157	0	0	0	0
72	0	0	777	659	854	1157	0	0	0	0
73	0	0	778	658	854	1157	0	0	0	0
74	0	0	777	658	854	1157	0	0	0	0
75	0	0	778	658	854	1157	0	0	0	0
76	0	0	778	659	854	1156	0	0	0	0
77	0	0	778	659	855	1159	0	0	0	0
78	0	0	779	660	855	1150	0	0	0	0
79	0	0	778	659	853	1135	0	0	0	0
80	0	0	778	660	853	1136	0	0	0	0
81	0	0	778	660	853	1139	0	0	0	0
82	0	0	778	660	853	1143	0	0	0	0
83	0	0	777	660	853	1143	0	0	0	0
84	0	0	778	661	853	1138	0	0	0	0
85	0	0	778	661	852	1133	0	0	0	0
86	0	0	780	661	852	1133	0	0	0	0
87	0	0	779	662	852	1127	0	0	0	0
88	0	0	780	662	853	1129	0	0	0	0
89	0	0	779	662	853	1130	0	0	0	0
90	0	0	780	662	852	1132	0	0	0	0
91	0	0	780	663	852	1131	0	0	0	0
92	0	0	780	663	852	1131	0	0	0	0
93	0	0	779	663	852	1127	0	0	0	0
94	0	0	781	664	852	1135	0	0	0	0
95	0	0	780	663	852	1136	0	0	0	0
96	0	0	780	663	852	1134	0	0	0	0
97	0	0	780	663	852	1141	0	0	0	0
98	0	0	780	664	852	1137	0	0	0	0
99	0	0	780	664	852	1139	0	0	0	0
100	0	0	781	664	852	1141	0	0	0	0
101	0	0	780	664	851	1140	0	0	0	0
102	0	0	781	663	852	1139	0	0	0	0
103	0	0	781	664	851	1139	0	0	0	0
104	0	0	781	664	851	1145	0	0	0	0
105	0	0	781	665	852	1141	0	0	0	0
106	0	0	780	663	851	1144	0	0	0	0
107	0	0	781	664	851	1139	0	0	0	0
108	0	0	782	664	852	1138	0	0	0	0
109	0	0	781	664	851	1140	0	0	0	0
110	0	0	781	666	851	1142	0	0	0	0
111	0	0	782	664	851	1142	0	0	0	0
112	0	0	781	664	851	1144	0	0	0	0
113	0	0	782	665	851	1142	0	0	0	0
114	0	0	781	664	850	1145	0	0	0	0
115	0	0	781	664	850	1151	0	0	0	0
116	0	0	781	664	850	1151	0	0	0	0
117	0	0	782	663	850	1151	0	0	0	0
118	0	0	782	663	850	1148	0	0	0	0
119	0	0	782	664	850	1146	0	0	0	0
120	0	0	781	664	849	1146	0	0	0	0
121	0	0	781	664	849	1145	0	0	0	0
122	0	0	781	663	849	1146	0	0	0	0
123	0	0	780	663	850	1144	0	0	0	0
124	0	0	782	663	850	1144	0	0	0	0
125	0	0	782	662	849	1146	0	0	0	0
126	0	0	782	662	849	1147	0	0	0	0
127	0	0	782	662	847	1146	0	0	0	0
0	0	0	782	663	849	1149	0	0	0	0
1	0	0	781	662	849	1147	0	0	0	0
2	0	0	782	662	849	1147	0	0	0	0
3	0	0	782	662	849	1147	0	0	0	0
4	0	0	782	662	849	1153	0	0	0	0
5	0	0	782	662	849	1148	0	0	0	0
6	0	0	783	662	848	1150	0	0	0	0
7	0	0	783	661	848	1150	0	0	0	0
8	0	0	782	662	849	1153	0	0	0	0
9	0	0	782	661	849	1153	0	0	0	0
10	0	0	782	662	848	1153	0	0	0	0
11	0	0	781	661	848	1157	0	0	0	0
12	0	0	781	661	848	1158	0	0	0	0
13	0	0	782	661	847	1153	0	0	0	0
14	0	0	782	661	847	1159	0	0	0	0
15	0	0	782	660	848	1159	0	0	0	0
16	0	0	781	659	849	1158	0	0	0	0
17	0	0	781	660	849	1163	0	0	0	0
18	0	0	781	657	848	1166	0	0	0	0
19	0	0	781	659	848	1169	0	0	0	0
20	0	0	782	659	848	1171	0	0	0	0
21	0	0	781	659	848	1170	0	0	0	0
22	0	0	781	659	849	1175	0	0	0	0
23	0	0	780	659	848	1172	0	0	0	0
24	0	0	778	659	847	1170	0	0	0	0
25	0	0	781	658	849	1177	0	0	0	0
26	0	0	780	658	848	1183	0	0	0	0
27	0	0	780	659	848	1185	0	0	0	0
28	0	0	780	659	847	1180	0	0	0	0
29	0	0	779	657	847	1182	0	0	0	0
30	0	0	779	657	848	1186	0	0	0	0
31	0	0	779	658	847	1199	0	0	0	0
32	0	0	780	658	848	1198	0	0	0	0
33	0	0	778	657	847	1205	0	0	0	0
34	0	0	779	658	848	1207	0	0	0	0
35	0	0	780	658	849	1209	0	0	0	0
36	0	0	779	657	848	1209	0	0	0	0
37	0	0	779	657	849	1211	0	0	0	0
38	0	0	778	654	848	1220	0	0	0	0
39	0	0	778	657	848	1220	0	0	0	0
40	0	0	779	656	848	1221	0	0	0	0
41	0	0	779	656	848	1223	0	0	0	0
42	0	0	780	657	849	1227	0	0	0	0
43	0	0	778	655	848	1222	0	0	0	0
44	0	0	779	655	849	1219	0	0	0	0
45	0	0	779	656	848	1230	0	0	0	0
46	0	0	779	657	849	1235	0	0	0	0
47	0	0	779	657	849	1234	0	0	0	0
48	0	0	779	656	849	1238	0	0	0	0
49	0	0	779	656	849	1240	0	0	0	0
50	0	0	779	656	848	1240	0	0	0	0
51	0	0	779	657	849	1235	0	0	0	0
52	0	0	777	656	849	1232	0	0	0	0
53	0	0	777	656	849	1234	0	0	0	0
54	0	0	777	657	849	1233	0	0	0	0
55	0	0	778	657	850	1229	0	0	0	0
56	0	0	777	656	849	1225	0	0	0	0
57	0	0	777	656	849	1229	0	0	0	0
58	0	0	777	656	851	1231	0	0	0	0
59	0	0	776	657	850	1230	0	0	0	0
60	0	0	778	657	850	1228	0	0	0	0
61	0	0	777	657	850	1229	0	0	0	0
62	0	0	776	657	850	1237	0	0	0	0
63	0	0	778	657	850	1234	0	0	0	0
64	0	0	778	657	851	1234	0	0	0	0
65	0	0	777	657	851	1229	0	0	0	0
66	0	0	777	657	851	1228	0	0	0	0
67	0	0	778	657	852	1228	0	0	0	0
68	0	0	777	658	851	1229	0	0	0	0
69	0	0	778	657	851	1231	0	0	0	0
70	0	0	777	657	852	1232	0	0	0	0
71	0	0	777	658	852	1233	0	0	0	0
72	0	0	777	658	851	1235	0	0	0	0
73	0	0	777	658	850	1233	0	0	0	0
74	0	0	778	658	851	1233	0	0	0	0
75	0	0	778	658	851	1231	0	0	0	0
76	0	0	778	658	852	1231	0	0	0	0
77	0	0	777	657	851	1234	0	0	0	0
78	0	0	778	657	851	1234	0	0	0	0
79	0	0	779	656	852	1234	0	0	0	0
80	0	0	778	657	852	1233	0	0	0	0
81	0	0	778	658	852	1237	0	0	0	0
82	0	0	777	658	852	1247	0	0	0	0
83	0	0	777	657	852	1250	0	0	0	0
84	0	0	777	658	852	1252	0	0	0	0
85	0	0	777	658	852	1251	0	0	0	0
86	0	0	777	659	852	1252	0	0	0	0
87	0	0	776	659	852	1250	0	0	0	0
88	0	0	776	658	851	1249	0	0	0	0
89	0	0	776	659	852	1253	0	0	0	0
90	0	0	777	659	852	1249	0	0	0	0
91	0	0	776	660	853	1246	0	0	0	0
92	0	0	775	659	852	1245	0	0	0	0
93	0	0	776	659	852	1245	0	0	0	0
94	0	0	777	660	853	1250	0	0	0	0
95	0	0	776	660	853	1247	0	0	0	0
96	0	0	776	660	853	1247	0	0	0	0
97	0	0	776	660	852	1250	0	0	0	0
98	0	0	776	660	852	1248	0	0	0	0
99	0	0	775	660	853	1249	0	0	0	0
100	0	0	775	660	853	1248	0	0	0	0
101	0	0	775	661	853	1262	0	0	0	0
102	0	0	776	661	852	1252	0	0	0	0
103	0	0	775	661	852	1247	0	0	0	0
104	0	0	775	661	852	1250	0	0	0	0
105	0	0	775	662	853	1261	0	0	0	0
106	0	0	773	662	853	1257	0	0	0	0
107	0	0	774	662	853	1256	0	0	0	0
108	0	0	775	660	853	1259	0	0	0	0
109	0	0	774	662	853	1261	0	0	0	0
110	0	0	773	662	852	1259	0	0	0	0
111	0	0	772	662	853	1265	0	0	0	0
112	0	0	774	663	853	1266	0	0	0	0
113	0	0	772	662	852	1265	0	0	0	0
114	0	0	774	663	852	1262	0	0	0	0
115	0	0	773	663	853	1252	0	0	0	0
116	0	0	773	662	851	1248	0	0	0	0
117	0	0	773	662	852	1248	0	0	0	0
118	0	0	773	663	852	1251	0	0	0	0
119	0	0	773	662	853	1250	0	0	0	0
120	0	0	772	663	852	1250	0	0	0	0
121	0	0	773	663	854	1250	0	0	0	0
122	0	0	772	663	853	1254	0	0	0	0
123	0	0	774	663	853	1254	0	0	0	0
124	0	0	772	663	852	1258	0	0	0	0
125	0	0	774	664	852	1257	0	0	0	0
126	0	0	773	664	853	1258	0	0	0	0
127	0	0	774	663	853	1259	0	0	0	0
0	0	0	773	663	852	1258	0	0	0	0
1	0	0	774	664	852	1261	0	0	0	0
2	0	0	774	663	852	1259	0	0	0	0
3	0	0	772	663	853	1259	0	0	0	0
4	0	0	772	663	853	1260	0	0	0	0
5	0	0	772	663	852	1260	0	0	0	0
6	0	0	770	664	853	1257	0	0	0	0
7	0	0	772	664	852	1254	0	0	0	0
8	0	0	772	663	854	1254	0	0	0	0
9	0	0	773	664	853	1249	0	0	0	0
10	0	0	772	663	852	1254	0	0	0	0
11	0	0	772	664	853	1250	0	0	0	0
12	0	0	771	664	854	1257	0	0	0	0
13	0	0	772	664	852	1258	0	0	0	0
14	0	0	772	665	853	1260	0	0	0	0
15	0	0	772	664	852	1259	0	0	0	0
16	0	0	773	664	853	1257	0	0	0	0
17	0	0	772	664	853	1260	0	0	0	0
18	0	0	771	664	854	1259	0	0	0	0
19	0	0	771	664	854	1257	0	0	0	0
20	0	0	771	664	854	1257	0	0	0	0
21	0	0	772	663	854	1258	0	0	0	0
22	0	0	773	664	855	1260	0	0	0	0
23	0	0	772	664	854	1257	0	0	0	0
24	0	0	771	665	855	1255	0	0	0	0
25	0	0	772	664	855	1255	0	0	0	0
26	0	0	771	664	855	1254	0	0	0	0
27	0	0	772	664	855	1255	0	0	0	0
28	0	0	771	664	855	1253	0	0	0	0
29	0	0	772	663	855	1250	0	0	0	0
30	0	0	770	663	856	1253	0	0	0	0
31	0	0	771	663	856	1255	0	0	0	0
32	0	0	770	663	856	1253	0	0	0	0
33	0	0	770	663	855	1251	0	0	0	0
34	0	0	768	663	856	1255	0	0	0	0
35	0	0	769	663	853	1257	0	0	0	0
36	0	0	770	664	856	1257	0	0	0	0
37	0	0	770	663	857	1260	0	0	0	0
38	0	0	770	662	857	1262	0	0	0	0
39	0	0	769	663	856	1263	0	0	0	0
40	0	0	770	663	857	1264	0	0	0	0
41	0	0	770	664	857	1267	0	0	0	0
42	0	0	769	663	858	1263	0	0	0	0
43	0	0	770	663	860	1262	0	0	0	0
44	0	0	770	662	858	1258	0	0	0	0
45	0	0	769	663	858	1256	0	0	0	0
46	0	0	771	663	858	1251	0	0	0	0
47	0	0	769	663	858	1252	0	0	0	0
48	0	0	769	663	858	1253	0	0	0	0
49	0	0	770	662	858	1260	0	0	0	0
50	0	0	769	663	858	1251	0	0	0	0
51	0	0	768	663	859	1252	0	0	0	0
52	0	0	767	663	859	1253	0	0	0	0
53	0	0	769	664	859	1256	0	0	0	0
54	0	0	769	663	860	1257	0	0	0	0
55	0	0	768	663	859	1257	0	0	0	0
56	0	0	770	663	859	1261	0	0	0	0
57	0	0	768	662	860	1265	0	0	0	0
58	0	0	767	662	861	1266	0	0	0	0
59	0	0	769	663	860	1265	0	0	0	0
60	0	0	770	662	859	1267	0	0	0	0
61	0	0	769	663	860	1264	0	0	0	0
62	0	0	769	663	860	1265	0	0	0	0
63	0	0	768	662	860	1264	0	0	0	0
64	0	0	769	663	860	1260	0	0	0	0
65	0	0	769	662	860	1259	0	0	0	0
66	0	0	770	662	860	1267	0	0	0	0
67	0	0	769	662	860	1263	0	0	0	0
68	0	0	768	662	860	1264	0	0	0	0
69	0	0	768	662	861	1266	0	0	0	0
70	0	0	768	663	861	1264	0	0	0	0
71	0	0	768	662	861	1267	0	0	0	0
72	0	0	769	663	861	1262	0	0	0	0
73	0	0	768	663	861	1262	0	0	0	0
74	0	0	769	663	861	1262	0	0	0	0
75	0	0	769	664	861	1260	0	0	0	0
76	0	0	769	663	861	1260	0	0	0	0
77	0	0	768	663	861	1266	0	0	0	0
78	0	0	768	664	861	1279	0	0	0	0
79	0	0	767	665	861	1277	0	0	0	0
80	0	0	766	665	861	1272	0	0	0	0
81	0	0	766	664	862	1262	0	0	0	0
82	0	0	765	665	861	1263	0	0	0	0
83	0	0	766	664	862	1263	0	0	0	0
84	0	0	765	664	861	1263	0	0	0	0
85	0	0	766	664	862	1268	0	0	0	0
86	0	0	766	664	862	1264	0	0	0	0
87	0	0	766	664	861	1264	0	0	0	0
88	0	0	766	664	861	1263	0	0	0	0
89	0	0	766	665	862	1262	0	0	0	0
90	0	0	765	666	862	1261	0	0	0	0
91	0	0	766	666	862	1260	0	0	0	0
92	0	0	764	666	861	1259	0	0	0	0
93	0	0	764	666	861	1262	0	0	0	0
94	0	0	764	666	862	1261	0	0	0	0
95	0	0	764	666	861	1262	0	0	0	0
96	0	0	764	666	861	1261	0	0	0	0
97	0	0	763	665	862	1260	0	0	0	0
98	0	0	766	666	862	1263	0	0	0	0
99	0	0	765	665	861	1263	0	0	0	0
100	0	0	764	665	862	1260	0	0	0	0
101	0	0	765	666	862	1262	0	0	0	0
102	0	0	764	666	862	1261	0	0	0	0
103	0	0	765	666	861	1255	0	0	0	0
104	0	0	766	666	861	1251	0	0	0	0
105	0	0	765	665	862	1251	0	0	0	0
106	0	0	765	666	863	1251	0	0	0	0
107	0	0	765	667	862	1252	0	0	0	0
108	0	0	764	667	861	1252	0	0	0	0
109	0	0	765	667	862	1250	0	0	0	0
110	0	0	765	665	861	1245	0	0	0	0
111	0	0	766	667	861	1251	0	0	0	0
112	0	0	765	668	861	1254	0	0	0	0
113	0	0	764	667	861	1247	0	0	0	0
114	0	0	764	666	862	1250	0	0	0	0
115	0	0	764	667	862	1252	0	0	0	0
116	0	0	763	668	862	1251	0	0	0	0
117	0	0	764	668	862	1254	0	0	0	0
118	0	0	764	668	861	1252	0	0	0	0
119	0	0	765	669	861	1254	0	0	0	0
120	0	0	764	670	861	1248	0	0	0	0
121	0	0	764	669	861	1251	0	0	0	0
122	0	0	765	670	861	1253	0	0	0	0
123	0	0	765	669	861	1254	0	0	0	0
124	0	0	764	669	861	1248	0	0	0	0
125	0	0	765	668	861	1237	0	0	0	0
126	0	0	765	669	861	1233	0	0	0	0
127	0	0	765	670	861	1227	0	0	0	0
0	0	0	765	670	861	1233	0	0	0	0
1	0	0	764	670	860	1228	0	0	0	0
2	0	0	765	670	860	1227	0	0	0	0
3	0	0	764	669	861	1227	0	0	0	0
4	0	0	764	670	861	1223	0	0	0	0
5	0	0	764	670	859	1219	0	0	0	0
6	0	0	765	671	861	1216	0	0	0	0
7	0	0	764	670	860	1212	0	0	0	0
8	0	0	764	671	860	1209	0	0	0	0
9	0	0	764	671	860	1204	0	0	0	0
10	0	0	764	672	861	1190	0	0	0	0
11	0	0	765	671	861	1181	0	0	0	0
12	0	0	763	671	860	1175	0	0	0	0
13	0	0	763	671	861	1179	0	0	0	0
14	0	0	762	671	861	1167	0	0	0	0
15	0	0	761	671	861	1140	0	0	0	0
16	0	0	762	671	862	1127	0	0	0	0
17	0	0	760	672	861	1133	0	0	0	0
18	0	0	761	672	861	1131	0	0	0	0
19	0	0	762	672	862	1124	0	0	0	0
20	0	0	760	672	861	1119	0	0	0	0
21	0	0	760	673	861	1115	0	0	0	0
22	0	0	759	672	861	1115	0	0	0	0
23	0	0	760	673	862	1119	0	0	0	0
24	0	0	760	673	862	1118	0	0	0	0
25	0	0	759	673	861	1120	0	0	0	0
26	0	0	759	674	861	1118	0	0	0	0
27	0	0	759	674	862	1114	0	0	0	0
28	0	0	760	675	860	1102	0	0	0	0
29	0	0	758	675	860	1099	0	0	0	0
30	0	0	758	675	860	1097	0	0	0	0
31	0	0	759	675	861	1093	0	0	0	0
32	0	0	758	676	861	1093	0	0	0	0
33	0	0	759	675	861	1091	0	0	0	0
34	0	0	758	676	861	1089	0	0	0	0
35	0	0	758	675	860	1089	0	0	0	0
36	0	0	757	675	860	1085	0	0	0	0
37	0	0	758	677	860	1080	0	0	0	0
38	0	0	758	677	860	1077	0	0	0	0
39	0	0	757	677	860	1074	0	0	0	0
40	0	0	758	677	860	1071	0	0	0	0
41	0	0	758	677	861	1069	0	0	0	0
42	0	0	758	679	860	1070	0	0	0	0
43	0	0	756	678	861	1065	0	0	0	0
44	0	0	757	679	861	1061	0	0	0	0
45	0	0	757	679	859	1062	0	0	0	0
46	0	0	756	680	860	1063	0	0	0	0
47	0	0	757	680	859	1063	0	0	0	0
48	0	0	757	681	858	1060	0	0	0	0
49	0	0	756	682	859	1040	0	0	0	0
50	0	0	756	682	858	1030	0	0	0	0
51	0	0	756	682	859	1018	0	0	0	0
52	0	0	756	682	858	1014	0	0	0	0
53	0	0	756	683	859	1009	0	0	0	0
54	0	0	755	683	858	1007	0	0	0	0
55	0	0	756	684	858	1001	0	0	0	0
56	0	0	755	685	857	998	0	0	0	0
57	0	0	755	686	857	986	0	0	0	0
58	0	0	754	686	857	973	0	0	0	0
59	0	0	757	687	858	969	0	0	0	0
60	0	0	756	687	858	975	0	0	0	0
61	0	0	755	687	856	971	0	0	0	0
62	0	0	754	689	856	965	0	0	0	0
63	0	0	754	689	856	961	0	0	0	0
64	0	0	753	690	855	947	0	0	0	0
65	0	0	753	691	854	946	0	0	0	0
66	0	0	754	691	855	944	0	0	0	0
67	0	0	754	693	853	936	0	0	0	0
68	0	0	755	693	854	933	0	0	0	0
69	0	0	754	694	854	931	0	0	0	0
70	0	0	755	695	853	928	0	0	0	0
71	0	0	754	695	853	927	0	0	0	0
72	0	0	755	696	852	915	0	0	0	0
73	0	0	755	697	852	915	0	0	0	0
74	0	0	755	698	852	911	0	0	0	0
75	0	0	754	698	851	905	0	0	0	0
76	0	0	753	701	851	903	0	0	0	0
77	0	0	755	701	849	897	0	0	0	0
78	0	0	755	702	850	886	0	0	0	0
79	0	0	755	704	850	871	0	0	0	0
80	0	0	755	705	848	865	0	0	0	0
81	0	0	755	705	849	860	0	0	0	0
82	0	0	756	708	846	857	0	0	0	0
83	0	0	756	708	848	862	0	0	0	0
84	0	0	756	709	847	859	0	0	0	0
85	0	0	756	710	847	859	0	0	0	0
86	0	0	755	711	846	866	0	0	0	0
87	0	0	756	713	846	849	0	0	0	0
88	0	0	758	713	846	840	0	0	0	0
89	0	0	758	715	846	837	0	0	0	0
90	0	0	757	716	845	828	0	0	0	0
91	0	0	757	717	845	823	0	0	0	0
92	0	0	758	719	843	824	0	0	0	0
93	0	0	760	721	842	827	0	0	0	0
94	0	0	760	722	843	822	0	0	0	0
95	0	0	759	723	842	816	0	0	0	0
96	0	0	760	725	841	811	0	0	0	0
97	0	0	762	726	840	810	0	0	0	0
98	0	0	762	727	839	808	0	0	0	0
99	0	0	763	729	838	803	0	0	0	0
100	0	0	763	730	837	794	0	0	0	0
101	0	0	764	732	837	789	0	0	0	0
102	0	0	765	733	836	781	0	0	0	0
103	0	0	765	734	835	781	0	0	0	0
104	0	0	766	737	835	782	0	0	0	0
105	0	0	766	737	833	784	0	0	0	0
106	0	0	765	739	834	782	0	0	0	0
107	0	0	764	742	834	782	0	0	0	0
108	0	0	765	742	834	779	0	0	0	0
109	0	0	769	742	832	782	0	0	0	0
110	0	0	771	744	830	782	0	0	0	0
111	0	0	770	745	829	777	0	0	0	0
112	0	0	770	747	828	780	0	0	0	0
113	0	0	772	748	827	783	0	0	0	0
114	0	0	773	750	827	784	0	0	0	0
115	0	0	773	750	827	784	0	0	0	0
116	0	0	774	751	826	786	0	0	0	0
117	0	0	774	752	825	789	0	0	0	0
118	0	0	774	752	824	792	0	0	0	0
119	0	0	773	753	823	794	0	0	0	0
120	0	0	774	755	822	796	0	0	0	0
121	0	0	775	755	821	797	0	0	0	0
122	0	0	775	757	820	797	0	0	0	0
123	0	0	775	759	819	800	0	0	0	0
124	0	0	775	759	819	801	0	0	0	0
125	0	0	777	760	818	805	0	0	0	0
126	0	0	778	761	817	807	0	0	0	0
127	0	0	778	760	816	807	0	0	0	0
0	0	0	779	759	815	813	0	0	0	0
1	0	0	780	762	814	819	0	0	0	0
2	0	0	780	762	812	821	0	0	0	0
3	0	0	780	763	812	820	0	0	0	0
4	0	0	781	763	810	828	0	0	0	0
5	0	0	782	764	810	828	0	0	0	0
6	0	0	782	765	809	831	0	0	0	0
7	0	0	783	765	806	834	0	0	0	0
8	0	0	785	765	806	835	0	0	0	0
9	0	0	785	765	807	833	0	0	0	0
10	0	0	786	765	805	832	0	0	0	0
11	0	0	786	765	803	832	0	0	0	0
12	0	0	787	765	802	833	0	0	0	0
13	0	0	786	765	802	832	0	0	0	0
14	0	0	789	764	801	834	0	0	0	0
15	0	0	791	762	800	836	0	0	0	0
16	0	0	790	763	799	837	0	0	0	0
17	0	0	791	763	798	838	0	0	0	0
18	0	0	793	763	797	840	0	0	0	0
19	0	0	795	762	797	841	0	0	0	0
20	0	0	796	762	795	845	0	0	0	0
21	0	0	796	762	795	843	0	0	0	0
22	0	0	798	761	793	848	0	0	0	0
23	0	0	799	761	792	847	0	0	0	0
24	0	0	800	761	792	849	0	0	0	0
25	0	0	800	761	791	854	0	0	0	0
26	0	0	801	760	791	858	0	0	0	0
27	0	0	800	760	790	863	0	0	0	0
28	0	0	800	759	791	862	0	0	0	0
29	0	0	801	758	788	862	0	0	0	0
30	0	0	801	757	788	875	0	0	0	0
31	0	0	802	757	788	877	0	0	0	0
32	0	0	802	755	787	881	0	0	0	0
33	0	0	802	755	788	886	0	0	0	0
34	0	0	803	754	787	897	0	0	0	0
35	0	0	802	754	786	897	0	0	0	0
36	0	0	802	753	787	907	0	0	0	0
37	0	0	802	751	786	912	0	0	0	0
38	0	0	801	751	787	915	0	0	0	0
39	0	0	802	750	786	914	0	0	0	0
40	0	0	802	748	787	912	0	0	0	0
41	0	0	803	747	788	910	0	0	0	0
42	0	0	803	745	787	908	0	0	0	0
43	0	0	802	744	789	905	0	0	0	0
44	0	0	802	742	788	902	0	0	0	0
45	0	0	802	740	789	908	0	0	0	0
46	0	0	801	738	790	909	0	0	0	0
47	0	0	801	737	790	903	0	0	0	0
48	0	0	801	735	790	897	0	0	0	0
49	0	0	802	733	790	899	0	0	0	0
50	0	0	801	733	791	891	0	0	0	0
51	0	0	800	731	792	886	0	0	0	0
52	0	0	800	730	792	888	0	0	0	0
53	0	0	800	729	793	888	0	0	0	0
54	0	0	800	727	794	902	0	0	0	0
55	0	0	799	725	795	900	0	0	0	0
56	0	0	799	723	796	899	0	0	0	0
57	0	0	798	723	796	898	0	0	0	0
58	0	0	798	721	796	900	0	0	0	0
59	0	0	797	720	797	902	0	0	0	0
60	0	0	797	719	798	909	0	0	0	0
61	0	0	796	718	799	910	0	0	0	0
62	0	0	795	716	799	913	0	0	0	0
63	0	0	794	714	801	916	0	0	0	0
64	0	0	795	713	802	918	0	0	0	0
65	0	0	794	712	803	920	0	0	0	0
66	0	0	796	709	805	925	0	0	0	0
67	0	0	795	707	805	924	0	0	0	0
68	0	0	794	705	807	928	0	0	0	0
69	0	0	794	703	808	928	0	0	0	0
70	0	0	794	701	810	929	0	0	0	0
71	0	0	793	700	811	932	0	0	0	0
72	0	0	793	699	813	939	0	0	0	0
73	0	0	793	696	812	943	0	0	0	0
74	0	0	794	695	814	943	0	0	0	0
75	0	0	794	694	816	945	0	0	0	0
76	0	0	793	694	817	951	0	0	0	0
77	0	0	793	692	817	955	0	0	0	0
78	0	0	793	691	820	958	0	0	0	0
79	0	0	793	690	820	964	0	0	0	0
80	0	0	791	690	819	965	0	0	0	0
81	0	0	794	688	820	968	0	0	0	0
82	0	0	793	687	822	970	0	0	0	0
83	0	0	793	686	823	972	0	0	0	0
84	0	0	793	686	825	974	0	0	0	0
85	0	0	793	685	826	979	0	0	0	0
86	0	0	793	684	828	985	0	0	0	0
87	0	0	793	683	831	989	0	0	0	0
88	0	0	792	682	833	996	0	0	0	0
89	0	0	793	683	837	1002	0	0	0	0
90	0	0	794	683	836	1016	0	0	0	0
91	0	0	793	684	837	1023	0	0	0	0
92	0	0	793	684	839	1026	0	0	0	0
93	0	0	792	685	840	1031	0	0	0	0
94	0	0	791	686	841	1033	0	0	0	0
95	0	0	790	687	842	1035	0	0	0	0
96	0	0	789	686	844	1055	0	0	0	0
97	0	0	789	687	844	1071	0	0	0	0
98	0	0	787	687	845	1077	0	0	0	0
99	0	0	787	687	846	1065	0	0	0	0
100	0	0	786	688	847	1065	0	0	0	0
101	0	0	783	687	847	1067	0	0	0	0
102	0	0	782	687	848	1071	0	0	0	0
103	0	0	780	687	850	1074	0	0	0	0
104	0	0	779	688	849	1069	0	0	0	0
105	0	0	777	685	850	1081	0	0	0	0
106	0	0	776	685	850	1085	0	0	0	0
107	0	0	774	684	851	1100	0	0	0	0
108	0	0	773	684	852	1103	0	0	0	0
109	0	0	772	684	852	1111	0	0	0	0
110	0	0	771	683	852	1105	0	0	0	0
111	0	0	771	682	853	1105	0	0	0	0
112	0	0	771	681	852	1119	0	0	0	0
113	0	0	769	680	853	1127	0	0	0	0
114	0	0	770	680	853	1124	0	0	0	0
115	0	0	771	679	853	1123	0	0	0	0
116	0	0	770	678	852	1132	0	0	0	0
117	0	0	771	678	851	1145	0	0	0	0
118	0	0	770	678	851	1157	0	0	0	0
119	0	0	772	677	851	1184	0	0	0	0
120	0	0	771	678	851	1192	0	0	0	0
121	0	0	772	678	851	1213	0	0	0	0
122	0	0	772	678	851	1228	0	0	0	0
123	0	0	772	679	851	1234	0	0	0	0
124	0	0	771	679	850	1233	0	0	0	0
125	0	0	771	680	850	1236	0	0	0	0
126	0	0	771	680	851	1241	0	0	0	0
127	0	0	771	681	850	1249	0	0	0	0
0	0	0	770	683	851	1261	0	0	0	0
1	0	0	771	684	850	1263	0	0	0	0
2	0	0	770	681	850	1266	0	0	0	0
3	0	0	770	683	851	1274	0	0	0	0
4	0	0	769	684	851	1288	0	0	0	0
5	0	0	768	684	852	1280	0	0	0	0
6	0	0	768	684	852	1311	0	0	0	0
7	0	0	768	685	851	1327	0	0	0	0
8	0	0	768	686	852	1338	0	0	0	0
9	0	0	767	685	852	1334	0	0	0	0
10	0	0	766	687	853	1330	0	0	0	0
11	0	0	765	686	852	1330	0	0	0	0
12	0	0	764	686	852	1333	0	0	0	0
13	0	0	764	686	853	1350	0	0	0	0
14	0	0	763	686	852	1378	0	0	0	0
15	0	0	762	686	853	1388	0	0	0	0
16	0	0	762	684	852	1396	0	0	0	0
17	0	0	761	684	854	1398	0	0	0	0
18	0	0	760	683	855	1414	0	0	0	0
19	0	0	761	683	855	1411	0	0	0	0
20	0	0	760	682	854	1422	0	0	0	0
21	0	0	759	682	854	1430	0	0	0	0
22	0	0	759	682	856	1436	0	0	0	0
23	0	0	758	682	857	1438	0	0	0	0
24	0	0	757	681	857	1442	0	0	0	0
25	0	0	757	680	857	1453	0	0	0	0
26	0	0	757	680	858	1461	0	0	0	0
27	0	0	758	680	858	1473	0	0	0	0
28	0	0	757	681	860	1492	0	0	0	0
29	0	0	758	678	859	1508	0	0	0	0
30	0	0	758	678	860	1524	0	0	0	0
31	0	0	758	677	861	1538	0	0	0	0
32	0	0	757	678	861	1563	0	0	0	0
33	0	0	760	675	863	1574	0	0	0	0
34	0	0	760	673	864	1588	0	0	0	0
35	0	0	759	673	865	1607	0	0	0	0
36	0	0	758	672	865	1613	0	0	0	0
37	0	0	760	673	866	1620	0	0	0	0
38	0	0	759	673	866	1628	0	0	0	0
39	0	0	760	671	867	1639	0	0	0	0
40	0	0	760	671	869	1649	0	0	0	0
41	0	0	760	670	869	1658	0	0	0	0
42	0	0	760	670	870	1662	0	0	0	0
43	0	0	760	669	872	1675	0	0	0	0
44	0	0	760	669	872	1691	0	0	0	0
45	0	0	759	669	873	1697	0	0	0	0
46	0	0	759	669	874	1707	0	0	0	0
47	0	0	760	667	876	1711	0	0	0	0
48	0	0	759	668	878	1732	0	0	0	0
49	0	0	759	668	878	1753	0	0	0	0
50	0	0	759	668	879	1770	0	0	0	0
51	0	0	759	668	879	1776	0	0	0	0
52	0	0	758	668	881	1776	0	0	0	0
53	0	0	757	667	881	1781	0	0	0	0
54	0	0	757	666	882	1798	0	0	0	0
55	0	0	757	667	883	1811	0	0	0	0
56	0	0	757	666	884	1813	0	0	0	0
57	0	0	758	666	886	1820	0	0	0	0
58	0	0	758	664	887	1836	0	0	0	0
59	0	0	757	663	888	1853	0	0	0	0
60	0	0	755	662	889	1877	0	0	0	0
61	0	0	754	662	889	1885	0	0	0	0
62	0	0	754	661	891	1896	0	0	0	0
63	0	0	753	660	891	1904	0	0	0	0
64	0	0	754	659	891	1907	0	0	0	0
65	0	0	754	658	895	1911	0	0	0	0
66	0	0	753	656	895	1908	0	0	0	0
67	0	0	754	655	897	1916	0	0	0	0
68	0	0	753	654	897	1915	0	0	0	0
69	0	0	753	654	897	1921	0	0	0	0
70	0	0	754	653	898	1924	0	0	0	0
71	0	0	753	652	899	1929	0	0	0	0
72	0	0	753	652	899	1934	0	0	0	0
73	0	0	751	651	900	1944	0	0	0	0
74	0	0	751	651	900	1949	0	0	0	0
75	0	0	751	651	900	1956	0	0	0	0
76	0	0	750	652	900	1967	0	0	0	0
77	0	0	750	651	900	1982	0	0	0	0
78	0	0	750	650	901	1989	0	0	0	0
79	0	0	750	649	901	1987	0	0	0	0
80	0	0	750	651	901	1986	0	0	0	0
81	0	0	750	651	901	1993	0	0	0	0
82	0	0	749	652	901	2004	0	0	0	0
83	0	0	747	653	901	2014	0	0	0	0
84	0	0	748	654	900	2028	0	0	0	0
85	0	0	747	654	900	2024	0	0	0	0
86	0	0	747	655	900	2041	0	0	0	0
87	0	0	747	655	900	2053	0	0	0	0
88	0	0	746	656	899	2065	0	0	0	0
89	0	0	746	656	899	2073	0	0	0	0
90	0	0	745	656	900	2081	0	0	0	0
91	0	0	744	658	899	2089	0	0	0	0
92	0	0	742	657	901	2098	0	0	0	0
93	0	0	740	658	900	2107	0	0	0	0
94	0	0	740	659	900	2105	0	0	0	0
95	0	0	739	659	902	2098	0	0	0	0
96	0	0	737	660	903	2104	0	0	0	0
97	0	0	736	660	904	2109	0	0	0	0
98	0	0	735	659	904	2116	0	0	0	0
99	0	0	735	659	905	2122	0	0	0	0
100	0	0	733	659	904	2118	0	0	0	0
101	0	0	732	659	904	2124	0	0	0	0
102	0	0	731	659	906	2135	0	0	0	0
103	0	0	729	657	907	2139	0	0	0	0
104	0	0	729	657	906	2141	0	0	0	0
105	0	0	727	657	908	2139	0	0	0	0
106	0	0	727	656	909	2154	0	0	0	0
107	0	0	726	655	907	2158	0	0	0	0
108	0	0	724	652	910	2161	0	0	0	0
109	0	0	725	650	913	2166	0	0	0	0
110	0	0	725	649	913	2171	0	0	0	0
111	0	0	724	646	913	2170	0	0	0	0
112	0	0	724	646	913	2176	0	0	0	0
113	0	0	724	644	913	2181	0	0	0	0
114	0	0	723	642	912	2181	0	0	0	0
115	0	0	723	642	915	2184	0	0	0	0
116	0	0	723	640	914	2184	0	0	0	0
117	0	0	724	638	914	2182	0	0	0	0
118	0	0	724	637	915	2183	0	0	0	0
119	0	0	724	635	915	2185	0	0	0	0
120	0	0	726	632	916	2187	0	0	0	0
121	0	0	727	631	916	2192	0	0	0	0
122	0	0	729	628	917	2192	0	0	0	0
123	0	0	729	627	917	2196	0	0	0	0
124	0	0	729	625	917	2193	0	0	0	0
125	0	0	730	624	917	2196	0	0	0	0
126	0	0	733	621	919	2197	0	0	0	0
127	0	0	734	620	920	2199	0	0	0	0
0	0	0	735	616	921	2203	0	0	0	0
1	0	0	737	613	921	2205	0	0	0	0
2	0	0	740	614	922	2208	0	0	0	0
3	0	0	740	613	922	2218	0	0	0	0
4	0	0	739	611	923	2222	0	0	0	0
5	0	0	738	609	922	2224	0	0	0	0
6	0	0	742	606	924	2225	0	0	0	0
7	0	0	741	607	925	2225	0	0	0	0
8	0	0	745	604	926	2232	0	0	0	0
9	0	0	745	603	927	2238	0	0	0	0
10	0	0	746	599	929	2237	0	0	0	0
11	0	0	746	598	930	2232	0	0	0	0
12	0	0	744	597	929	2228	0	0	0	0
13	0	0	745	596	928	2230	0	0	0	0
14	0	0	745	596	928	2231	0	0	0	0
15	0	0	744	594	927	2234	0	0	0	0
16	0	0	745	594	927	2232	0	0	0	0
17	0	0	744	591	927	2233	0	0	0	0
18	0	0	744	593	927	2237	0	0	0	0
19	0	0	744	594	927	2236	0	0	0	0
20	0	0	744	595	927	2239	0	0	0	0
21	0	0	745	594	926	2239	0	0	0	0
22	0	0	746	595	927	2238	0	0	0	0
23	0	0	745	594	926	2233	0	0	0	0
24	0	0	744	596	927	2234	0	0	0	0
25	0	0	744	597	926	2238	0	0	0	0
26	0	0	742	597	926	2237	0	0	0	0
27	0	0	742	599	926	2240	0	0	0	0
28	0	0	741	601	925	2241	0	0	0	0
29	0	0	740	602	924	2243	0	0	0	0
30	0	0	738	603	925	2247	0	0	0	0
31	0	0	739	604	924	2249	0	0	0	0
32	0	0	738	605	923	2248	0	0	0	0
33	0	0	737	607	922	2252	0	0	0	0
34	0	0	737	608	920	2255	0	0	0	0
35	0	0	735	609	919	2256	0	0	0	0
36	0	0	735	611	918	2259	0	0	0	0
37	0	0	733	612	916	2261	0	0	0	0
38	0	0	732	614	915	2265	0	0	0	0
39	0	0	732	617	914	2267	0	0	0	0
40	0	0	730	618	913	2268	0	0	0	0
41	0	0	729	619	912	2268	0	0	0	0
42	0	0	729	619	912	2270	0	0	0	0
43	0	0	730	620	911	2271	0	0	0	0
44	0	0	731	620	909	2270	0	0	0	0
45	0	0	728	622	907	2272	0	0	0	0
46	0	0	729	622	907	2275	0	0	0	0
47	0	0	728	623	905	2274	0	0	0	0
48	0	0	726	624	905	2270	0	0	0	0
49	0	0	727	626	904	2274	0	0	0	0
50	0	0	727	625	904	2275	0	0	0	0
51	0	0	728	624	903	2278	0	0	0	0
52	0	0	728	624	904	2281	0	0	0	0
53	0	0	729	626	900	2280	0	0	0	0
54	0	0	729	626	901	2281	0	0	0	0
55	0	0	730	625	902	2282	0	0	0	0
56	0	0	728	625	900	2283	0	0	0	0
57	0	0	728	625	901	2286	0	0	0	0
58	0	0	730	625	901	2289	0	0	0	0
59	0	0	730	625	900	2289	0	0	0	0
60	0	0	729	626	900	2288	0	0	0	0
61	0	0	728	625	899	2292	0	0	0	0
62	0	0	729	625	899	2295	0	0	0	0
63	0	0	731	624	900	2295	0	0	0	0
64	0	0	730	624	899	2300	0	0	0	0
65	0	0	731	622	899	2304	0	0	0	0
66	0	0	732	621	899	2306	0	0	0	0
67	0	0	734	619	898	2308	0	0	0	0
68	0	0	732	617	899	2311	0	0	0	0
69	0	0	733	616	898	2316	0	0	0	0
70	0	0	733	614	899	2321	0	0	0	0
71	0	0	735	612	899	2322	0	0	0	0
72	0	0	735	610	899	2322	0	0	0	0
73	0	0	736	609	901	2323	0	0	0	0
74	0	0	736	606	900	2326	0	0	0	0
75	0	0	737	605	901	2328	0	0	0	0
76	0	0	738	603	900	2329	0	0	0	0
77	0	0	738	602	901	2332	0	0	0	0
78	0	0	738	599	901	2335	0	0	0	0
79	0	0	739	598	902	2339	0	0	0	0
80	0	0	739	596	902	2343	0	0	0	0
81	0	0	741	593	902	2345	0	0	0	0
82	0	0	741	592	902	2350	0	0	0	0
83	0	0	741	590	903	2352	0	0	0	0
84	0	0	740	589	903	2354	0	0	0	0
85	0	0	740	587	905	2360	0	0	0	0
86	0	0	741	585	905	2362	0	0	0	0
87	0	0	741	583	906	2366	0	0	0	0
88	0	0	741	580	906	2370	0	0	0	0
89	0	0	741	578	909	2377	0	0	0	0
90	0	0	741	578	909	2382	0	0	0	0
91	0	0	742	575	910	2383	0	0	0	0
92	0	0	742	574	911	2388	0	0	0	0
93	0	0	743	572	912	2392	0	0	0	0
94	0	0	743	569	914	2395	0	0	0	0
95	0	0	742	567	915	2397	0	0	0	0
96	0	0	742	565	916	2399	0	0	0	0
97	0	0	742	563	918	2399	0	0	0	0
98	0	0	742	561	919	2400	0	0	0	0
99	0	0	742	559	920	2401	0	0	0	0
100	0	0	741	559	921	2405	0	0	0	0
101	0	0	743	557	923	2404	0	0	0	0
102	0	0	743	554	924	2408	0	0	0	0
103	0	0	744	553	925	2413	0	0	0	0
104	0	0	744	551	926	2417	0	0	0	0
105	0	0	743	550	927	2421	0	0	0	0
106	0	0	743	549	928	2421	0	0	0	0
107	0	0	743	547	929	2423	0	0	0	0
108	0	0	743	546	928	2425	0	0	0	0
109	0	0	744	547	929	2425	0	0	0	0
110	0	0	745	546	930	2430	0	0	0	0
111	0	0	746	545	930	2430	0	0	0	0
112	0	0	746	545	930	2430	0	0	0	0
113	0	0	747	546	930	2432	0	0	0	0
114	0	0	748	546	930	2436	0	0	0	0
115	0	0	749	547	930	2437	0	0	0	0
116	0	0	749	547	931	2433	0	0	0	0
117	0	0	750	548	931	2433	0	0	0	0
118	0	0	749	549	929	2434	0	0	0	0
119	0	0	750	550	929	2435	0	0	0	0
120	0	0	752	551	929	2437	0	0	0	0
121	0	0	752	551	929	2439	0	0	0	0
122	0	0	751	554	929	2442	0	0	0	0
123	0	0	752	557	928	2440	0	0	0	0
124	0	0	751	557	927	2444	0	0	0	0
125	0	0	751	561	928	2447	0	0	0	0
126	0	0	750	561	927	2449	0	0	0	0
127	0	0	753	563	928	2454	0	0	0	0
0	0	0	750	565	926	2452	0	0	0	0
1	0	0	750	567	927	2454	0	0	0	0
2	0	0	750	569	926	2456	0	0	0	0
3	0	0	748	570	926	2457	0	0	0	0
4	0	0	746	571	927	2461	0	0	0	0
5	0	0	746	573	927	2461	0	0	0	0
6	0	0	744	574	927	2466	0	0	0	0
7	0	0	743	574	928	2469	0	0	0	0
8	0	0	742	575	928	2473	0	0	0	0
9	0	0	741	576	928	2474	0	0	0	0
10	0	0	740	576	928	2478	0	0	0	0
11	0	0	738	576	929	2480	0	0	0	0
12	0	0	737	577	930	2484	0	0	0	0
13	0	0	736	578	931	2489	0	0	0	0
14	0	0	735	577	931	2489	0	0	0	0
15	0	0	733	578	932	2496	0	0	0	0
16	0	0	732	578	932	2499	0	0	0	0
17	0	0	731	579	933	2495	0	0	0	0
18	0	0	729	580	933	2496	0	0	0	0
19	0	0	728	580	933	2504	0	0	0	0
20	0	0	730	580	934	2503	0	0	0	0
21	0	0	727	581	934	2503	0	0	0	0
22	0	0	726	580	935	2507	0	0	0	0
23	0	0	727	580	935	2508	0	0	0	0
24	0	0	727	580	935	2510	0	0	0	0
25	0	0	726	580	935	2508	0	0	0	0
26	0	0	724	578	934	2511	0	0	0	0
27	0	0	724	580	934	2516	0	0	0	0
28	0	0	724	579	934	2515	0	0	0	0
29	0	0	725	579	935	2522	0	0	0	0
30	0	0	726	580	935	2526	0	0	0	0
31	0	0	725	580	934	2527	0	0	0	0
32	0	0	726	580	935	2531	0	0	0	0
33	0	0	725	581	935	2535	0	0	0	0
34	0	0	724	582	936	2538	0	0	0	0
35	0	0	723	582	935	2542	0	0	0	0
36	0	0	724	583	935	2548	0	0	0	0
37	0	0	724	583	936	2552	0	0	0	0
38	0	0	723	583	938	2556	0	0	0	0
39	0	0	724	584	938	2560	0	0	0	0
40	0	0	722	585	938	2563	0	0	0	0
41	0	0	722	586	938	2567	0	0	0	0
42	0	0	722	587	939	2568	0	0	0	0
43	0	0	723	587	940	2571	0	0	0	0
44	0	0	723	587	940	2576	0	0	0	0
45	0	0	722	587	941	2580	0	0	0	0
46	0	0	723	588	942	2583	0	0	0	0
47	0	0	724	588	943	2591	0	0	0	0
48	0	0	724	588	942	2596	0	0	0	0
49	0	0	725	589	943	2595	0	0	0	0
50	0	0	727	589	943	2599	0	0	0	0
51	0	0	728	589	945	2602	0	0	0	0
52	0	0	728	589	946	2603	0	0	0	0
53	0	0	729	590	949	2606	0	0	0	0
54	0	0	730	589	950	2610	0	0	0	0
55	0	0	730	590	950	2609	0	0	0	0
56	0	0	731	590	950	2611	0	0	0	0
57	0	0	733	589	950	2613	0	0	0	0
58	0	0	732	589	952	2617	0	0	0	0
59	0	0	733	588	953	2624	0	0	0	0
60	0	0	734	588	954	2628	0	0	0	0
61	0	0	735	588	953	2631	0	0	0	0
62	0	0	736	588	955	2636	0	0	0	0
63	0	0	736	588	956	2635	0	0	0	0
64	0	0	737	587	956	2636	0	0	0	0
65	0	0	738	586	956	2637	0	0	0	0
66	0	0	738	585	956	2640	0	0	0	0
67	0	0	739	585	957	2643	0	0	0	0
68	0	0	741	584	956	2643	0	0	0	0
69	0	0	742	583	957	2644	0	0	0	0
70	0	0	742	584	956	2650	0	0	0	0
71	0	0	742	583	957	2653	0	0	0	0
72	0	0	742	581	957	2658	0	0	0	0
73	0	0	742	581	956	2660	0	0	0	0
74	0	0	742	580	957	2662	0	0	0	0
75	0	0	743	579	958	2661	0	0	0	0
76	0	0	744	578	954	2661	0	0	0	0
77	0	0	745	577	957	2664	0	0	0	0
78	0	0	744	575	957	2672	0	0	0	0
79	0	0	742	574	958	2678	0	0	0	0
80	0	0	741	574	958	2678	0	0	0	0
81	0	0	740	573	959	2680	0	0	0	0
82	0	0	739	572	959	2678	0	0	0	0
83	0	0	737	571	960	2678	0	0	0	0
84	0	0	736	568	960	2681	0	0	0	0
85	0	0	734	569	959	2682	0	0	0	0
86	0	0	733	568	959	2680	0	0	0	0
87	0	0	730	567	960	2681	0	0	0	0
88	0	0	729	566	959	2685	0	0	0	0
89	0	0	728	565	960	2687	0	0	0	0
90	0	0	727	565	959	2689	0	0	0	0
91	0	0	727	565	960	2693	0	0	0	0
92	0	0	724	565	961	2696	0	0	0	0
93	0	0	722	563	962	2703	0	0	0	0
94	0	0	720	563	962	2710	0	0	0	0
95	0	0	719	563	963	2713	0	0	0	0
96	0	0	718	563	963	2717	0	0	0	0
97	0	0	716	562	963	2723	0	0	0	0
98	0	0	717	561	965	2728	0	0	0	0
99	0	0	716	560	965	2730	0	0	0	0
100	0	0	716	559	966	2734	0	0	0	0
101	0	0	715	558	966	2739	0	0	0	0
102	0	0	715	559	969	2742	0	0	0	0
103	0	0	716	558	970	2747	0	0	0	0
104	0	0	717	557	972	2752	0	0	0	0
105	0	0	718	557	972	2759	0	0	0	0
106	0	0	719	556	973	2764	0	0	0	0
107	0	0	722	556	974	2777	0	0	0	0
108	0	0	721	555	974	2781	0	0	0	0
109	0	0	722	557	975	2783	0	0	0	0
110	0	0	724	557	975	2787	0	0	0	0
111	0	0	724	557	975	2787	0	0	0	0
112	0	0	725	554	976	2796	0	0	0	0
113	0	0	728	554	977	2792	0	0	0	0
114	0	0	730	552	977	2793	0	0	0	0
115	0	0	731	551	977	2798	0	0	0	0
116	0	0	732	551	976	2799	0	0	0	0
117	0	0	732	548	978	2802	0	0	0	0
118	0	0	734	547	980	2807	0	0	0	0
119	0	0	735	543	981	2820	0	0	0	0
120	0	0	735	543	981	2828	0	0	0	0
121	0	0	734	542	982	2837	0	0	0	0
122	0	0	735	540	984	2847	0	0	0	0
123	0	0	736	538	984	2850	0	0	0	0
124	0	0	735	537	984	2856	0	0	0	0
125	0	0	736	536	984	2864	0	0	0	0
126	0	0	736	535	984	2864	0	0	0	0
127	0	0	737	533	985	2867	0	0	0	0
0	0	0	736	532	986	2873	0	0	0	0
1	0	0	735	532	986	2887	0	0	0	0
2	0	0	733	531	987	2897	0	0	0	0
3	0	0	731	530	987	2905	0	0	0	0
4	0	0	730	528	987	2902	0	0	0	0
5	0	0	730	528	987	2909	0	0	0	0
6	0	0	729	525	988	2915	0	0	0	0
7	0	0	729	525	990	2921	0	0	0	0
8	0	0	728	526	990	2927	0	0	0	0
9	0	0	728	526	991	2931	0	0	0	0
10	0	0	728	527	990	2936	0	0	0	0
11	0	0	727	527	990	2941	0	0	0	0
12	0	0	728	528	991	2946	0	0	0	0
13	0	0	728	529	992	2949	0	0	0	0
14	0	0	727	529	993	2952	0	0	0	0
15	0	0	726	529	992	2959	0	0	0	0
16	0	0	726	530	993	2962	0	0	0	0
17	0	0	726	531	993	2964	0	0	0	0
18	0	0	725	532	993	2969	0	0	0	0
19	0	0	725	532	993	2973	0	0	0	0
20	0	0	725	533	992	2978	0	0	0	0
21	0	0	725	535	992	2977	0	0	0	0
22	0	0	727	537	991	2981	0	0	0	0
23	0	0	729	538	992	2984	0	0	0	0
24	0	0	730	539	991	2990	0	0	0	0
25	0	0	731	542	990	2993	0	0	0	0
26	0	0	732	543	988	2994	0	0	0	0
27	0	0	734	546	987	2995	0	0	0	0
28	0	0	733	548	986	2999	0	0	0	0
29	0	0	735	549	985	3008	0	0	0	0
30	0	0	737	551	985	3011	0	0	0	0
31	0	0	737	556	983	3017	0	0	0	0
32	0	0	737	557	981	3016	0	0	0	0
33	0	0	739	559	981	3018	0	0	0	0
34	0	0	739	562	979	3020	0	0	0	0
35	0	0	740	563	976	3020	0	0	0	0
36	0	0	742	565	976	3024	0	0	0	0
37	0	0	743	567	975	3025	0	0	0	0
38	0	0	745	569	973	3022	0	0	0	0
39	0	0	745	573	974	3023	0	0	0	0
40	0	0	743	577	971	3021	0	0	0	0
41	0	0	743	581	968	3020	0	0	0	0
42	0	0	743	583	966	3019	0	0	0	0
43	0	0	742	586	964	3015	0	0	0	0
44	0	0	742	588	961	3017	0	0	0	0
45	0	0	742	590	960	3022	0	0	0	0
46	0	0	741	592	958	3023	0	0	0	0
47	0	0	742	593	957	3020	0	0	0	0
48	0	0	741	596	955	3023	0	0	0	0
49	0	0	740	596	952	3024	0	0	0	0
50	0	0	740	599	950	3026	0	0	0	0
51	0	0	740	600	948	3020	0	0	0	0
52	0	0	741	602	947	3020	0	0	0	0
53	0	0	741	606	946	3021	0	0	0	0
54	0	0	741	608	943	3023	0	0	0	0
55	0	0	741	611	940	3023	0	0	0	0
56	0	0	739	613	938	3014	0	0	0	0
57	0	0	740	615	935	3011	0	0	0	0
58	0	0	739	617	932	3006	0	0	0	0
59	0	0	740	619	930	3004	0	0	0	0
60	0	0	740	622	927	3000	0	0	0	0
61	0	0	740	623	925	2998	0	0	0	0
62	0	0	740	624	923	2996	0	0	0	0
63	0	0	740	629	919	2987	0	0	0	0
64	0	0	740	632	916	2976	0	0	0	0
65	0	0	739	634	912	2961	0	0	0	0
66	0	0	740	636	910	2953	0	0	0	0
67	0	0	741	638	907	2943	0	0	0	0
68	0	0	742	642	903	2942	0	0	0	0
69	0	0	742	642	901	2949	0	0	0	0
70	0	0	742	644	899	2946	0	0	0	0
71	0	0	742	645	894	2931	0	0	0	0
72	0	0	744	648	891	2899	0	0	0	0
73	0	0	744	651	888	2883	0	0	0	0
74	0	0	744	651	884	2870	0	0	0	0
75	0	0	746	653	881	2859	0	0	0	0
76	0	0	746	656	878	2839	0	0	0	0
77	0	0	748	658	875	2786	0	0	0	0
78	0	0	749	661	871	2767	0	0	0	0
79	0	0	750	661	868	2737	0	0	0	0
80	0	0	751	664	865	2688	0	0	0	0
81	0	0	751	667	862	2665	0	0	0	0
82	0	0	752	670	859	2639	0	0	0	0
83	0	0	752	671	856	2608	0	0	0	0
84	0	0	753	673	855	2565	0	0	0	0
85	0	0	755	675	852	2512	0	0	0	0
86	0	0	755	678	850	2479	0	0	0	0
87	0	0	756	682	849	2434	0	0	0	0
88	0	0	755	684	846	2395	0	0	0	0
89	0	0	756	685	843	2346	0	0	0	0
90	0	0	756	688	842	2289	0	0	0	0
91	0	0	755	689	840	2222	0	0	0	0
92	0	0	754	691	838	2168	0	0	0	0
93	0	0	754	694	837	2099	0	0	0	0
94	0	0	754	694	833	2013	0	0	0	0
95	0	0	755	697	832	1928	0	0	0	0
96	0	0	755	701	830	1874	0	0	0	0
97	0	0	755	702	829	1799	0	0	0	0
98	0	0	755	703	828	1651	0	0	0	0
99	0	0	755	706	825	1527	0	0	0	0
100	0	0	753	706	823	1367	0	0	0	0
101	0	0	752	709	821	1231	0	0	0	0
102	0	0	752	712	819	1126	0	0	0	0
103	0	0	750	715	817	968	0	0	0	0
104	0	0	749	718	815	793	0	0	0	0
105	0	0	747	720	815	681	0	0	0	0
106	0	0	746	723	813	634	0	0	0	0
107	0	0	744	725	812	570	0	0	0	0
108	0	0	742	728	812	539	0	0	0	0
109	0	0	739	730	812	557	0	0	0	0
110	0	0	736	734	811	530	0	0	0	0
111	0	0	735	737	811	513	0	0	0	0
112	0	0	733	740	812	430	0	0	0	0
113	0	0	730	743	812	419	0	0	0	0
114	0	0	727	746	811	428	0	0	0	0
115	0	0	725	749	810	471	0	0	0	0
116	0	0	723	752	811	481	0	0	0	0
117	0	0	724	756	810	468	0	0	0	0
118	0	0	721	759	810	407	0	0	0	0
119	0	0	719	761	809	412	0	0	0	0
120	0	0	719	766	809	398	0	0	0	0
121	0	0	718	771	806	396	0	0	0	0
122	0	0	718	776	805	353	0	0	0	0
123	0	0	719	779	805	321	0	0	0	0
124	0	0	719	782	804	327	0	0	0	0
125	0	0	720	786	804	300	0	0	0	0
126	0	0	719	789	802	292	0	0	0	0
127	0	0	717	794	800	293	0	0	0	0
0	0	0	719	799	799	291	0	0	0	0
1	0	0	719	804	797	301	0	0	0	0
2	0	0	720	810	795	282	0	0	0	0
3	0	0	722	815	793	217	0	0	0	0
4	0	0	723	820	791	206	0	0	0	0
5	0	0	727	826	789	202	0	0	0	0
6	0	0	729	830	788	188	0	0	0	0
7	0	0	729	835	786	182	0	0	0	0
8	0	0	731	841	784	173	0	0	0	0
9	0	0	734	846	782	166	0	0	0	0
10	0	0	736	852	782	162	0	0	0	0
11	0	0	740	857	778	157	0	0	0	0
12	0	0	743	863	776	148	0	0	0	0
13	0	0	747	868	774	145	0	0	0	0
14	0	0	748	875	770	145	0	0	0	0
15	0	0	748	882	769	146	0	0	0	0
16	0	0	750	888	766	146	0	0	0	0
17	0	0	752	894	762	143	0	0	0	0
18	0	0	754	900	760	139	0	0	0	0
19	0	0	754	906	756	140	0	0	0	0
20	0	0	758	912	753	153	0	0	0	0
21	0	0	758	918	750	167	0	0	0	0
22	0	0	759	925	747	175	0	0	0	0
23	0	0	761	933	744	174	0	0	0	0
24	0	0	762	939	741	170	0	0	0	0
25	0	0	764	944	740	167	0	0	0	0
26	0	0	766	951	737	170	0	0	0	0
27	0	0	769	957	735	168	0	0	0	0
28	0	0	770	964	733	152	0	0	0	0
29	0	0	772	970	732	124	0	0	0	0
30	0	0	772	973	729	92	0	0	0	0
31	0	0	773	978	728	90	0	0	0	0
32	0	0	774	982	728	86	0	0	0	0
33	0	0	777	984	727	86	0	0	0	0
34	0	0	775	988	728	80	0	0	0	0
35	0	0	776	989	729	84	0	0	0	0
36	0	0	777	991	730	83	0	0	0	0
37	0	0	779	993	732	79	0	0	0	0
38	0	0	780	994	733	79	0	0	0	0
39	0	0	783	995	735	88	0	0	0	0
40	0	0	785	996	737	107	0	0	0	0
41	0	0	788	998	738	117	0	0	0	0
42	0	0	787	997	741	123	0	0	0	0
43	0	0	787	998	743	129	0	0	0	0
44	0	0	789	999	745	145	0	0	0	0
45	0	0	789	998	749	145	0	0	0	0
46	0	0	787	996	751	148	0	0	0	0
47	0	0	788	994	755	153	0	0	0	0
48	0	0	788	990	758	157	0	0	0	0
49	0	0	786	986	762	148	0	0	0	0
50	0	0	787	980	765	144	0	0	0	0
51	0	0	786	975	767	150	0	0	0	0
52	0	0	785	970	771	147	0	0	0	0
53	0	0	784	962	773	145	0	0	0	0
54	0	0	782	955	776	141	0	0	0	0
55	0	0	780	947	779	143	0	0	0	0
56	0	0	778	940	780	141	0	0	0	0
57	0	0	775	933	783	133	0	0	0	0
58	0	0	771	925	783	134	0	0	0	0
59	0	0	765	918	785	117	0	0	0	0
60	0	0	761	912	785	115	0	0	0	0
61	0	0	758	905	786	105	0	0	0	0
62	0	0	754	901	787	104	0	0	0	0
63	0	0	750	894	786	105	0	0	0	0
64	0	0	748	891	787	111	0	0	0	0
65	0	0	746	885	788	110	0	0	0	0
66	0	0	745	880	787	122	0	0	0	0
67	0	0	745	877	787	126	0	0	0	0
68	0	0	744	874	787	116	0	0	0	0
69	0	0	745	871	787	117	0	0	0	0
70	0	0	745	869	785	113	0	0	0	0
71	0	0	746	867	783	118	0	0	0	0
72	0	0	747	866	782	119	0	0	0	0
73	0	0	748	865	781	117	0	0	0	0
74	0	0	750	864	778	111	0	0	0	0
75	0	0	750	864	777	110	0	0	0	0
76	0	0	752	864	775	113	0	0	0	0
77	0	0	754	862	771	107	0	0	0	0
78	0	0	755	860	770	109	0	0	0	0
79	0	0	758	858	769	115	0	0	0	0
80	0	0	759	856	768	119	0	0	0	0
81	0	0	763	853	767	115	0	0	0	0
82	0	0	765	850	768	119	0	0	0	0
83	0	0	767	845	767	126	0	0	0	0
84	0	0	769	842	767	122	0	0	0	0
85	0	0	771	838	768	126	0	0	0	0
86	0	0	772	833	767	128	0	0	0	0
87	0	0	776	830	768	129	0	0	0	0
88	0	0	778	825	767	123	0	0	0	0
89	0	0	780	821	767	121	0	0	0	0
90	0	0	782	818	766	122	0	0	0	0
91	0	0	782	815	765	111	0	0	0	0
92	0	0	783	814	764	110	0	0	0	0
93	0	0	784	811	762	113	0	0	0	0
94	0	0	784	807	764	121	0	0	0	0
95	0	0	784	803	764	129	0	0	0	0
96	0	0	784	800	764	128	0	0	0	0
97	0	0	783	799	764	127	0	0	0	0
98	0	0	783	798	763	125	0	0	0	0
99	0	0	782	797	763	127	0	0	0	0
100	0	0	781	794	763	131	0	0	0	0
101	0	0	781	792	762	129	0	0	0	0
102	0	0	781	789	762	130	0	0	0	0
103	0	0	780	787	762	136	0	0	0	0
104	0	0	779	785	761	137	0	0	0	0
105	0	0	779	786	762	133	0	0	0	0
106	0	0	777	784	761	138	0	0	0	0
107	0	0	778	783	761	141	0	0	0	0
108	0	0	778	783	760	141	0	0	0	0
109	0	0	778	782	761	134	0	0	0	0
110	0	0	779	780	762	126	0	0	0	0
111	0	0	780	778	762	129	0	0	0	0
112	0	0	781	777	763	124	0	0	0	0
113	0	0	782	774	762	119	0	0	0	0
114	0	0	782	772	764	119	0	0	0	0
115	0	0	785	769	765	122	0	0	0	0
116	0	0	787	766	767	126	0	0	0	0
117	0	0	789	764	768	122	0	0	0	0
118	0	0	791	761	767	125	0	0	0	0
119	0	0	791	760	769	125	0	0	0	0
120	0	0	792	758	770	133	0	0	0	0
121	0	0	793	756	770	133	0	0	0	0
122	0	0	795	755	771	133	0	0	0	0
123	0	0	796	756	772	124	0	0	0	0
124	0	0	797	752	773	130	0	0	0	0
125	0	0	798	751	773	127	0	0	0	0
126	0	0	798	749	773	128	0	0	0	0
127	0	0	800	749	773	128	0	0	0	0
0	0	0	801	749	773	128	0	0	0	0
1	0	0	801	746	775	124	0	0	0	0
2	0	0	801	745	776	125	0	0	0	0
3	0	0	802	744	776	117	0	0	0	0
4	0	0	803	743	777	114	0	0	0	0
5	0	0	802	742	778	112	0	0	0	0
6	0	0	802	739	778	108	0	0	0	0
7	0	0	803	738	779	112	0	0	0	0
8	0	0	803	736	781	115	0	0	0	0
9	0	0	802	735	782	111	0	0	0	0
10	0	0	803	733	783	111	0	0	0	0
11	0	0	803	733	784	114	0	0	0	0
12	0	0	803	733	785	115	0	0	0	0
13	0	0	802	733	784	113	0	0	0	0
14	0	0	803	732	785	118	0	0	0	0
15	0	0	802	733	784	131	0	0	0	0
16	0	0	802	734	785	132	0	0	0	0
17	0	0	803	735	784	128	0	0	0	0
18	0	0	803	736	784	134	0	0	0	0
19	0	0	803	736	784	141	0	0	0	0
20	0	0	803	738	783	138	0	0	0	0
21	0	0	803	738	784	133	0	0	0	0
22	0	0	801	739	784	123	0	0	0	0
23	0	0	803	740	784	121	0	0	0	0
24	0	0	803	740	784	115	0	0	0	0
25	0	0	802	740	785	114	0	0	0	0
26	0	0	802	741	786	108	0	0	0	0
27	0	0	801	742	786	111	0	0	0	0
28	0	0	800	741	787	115	0	0	0	0
29	0	0	800	742	787	115	0	0	0	0
30	0	0	799	742	787	115	0	0	0	0
31	0	0	798	742	787	121	0	0	0	0
32	0	0	798	743	789	125	0	0	0	0
33	0	0	798	742	790	109	0	0	0	0
34	0	0	798	741	789	121	0	0	0	0
35	0	0	798	741	789	124	0	0	0	0
36	0	0	797	742	790	129	0	0	0	0
37	0	0	797	743	788	122	0	0	0	0
38	0	0	796	743	788	133	0	0	0	0
39	0	0	796	743	787	140	0	0	0	0
40	0	0	796	743	788	138	0	0	0	0
41	0	0	795	743	789	137	0	0	0	0
42	0	0	795	744	788	133	0	0	0	0
43	0	0	796	744	787	134	0	0	0	0
44	0	0	796	744	786	128	0	0	0	0
45	0	0	797	744	786	123	0	0	0	0
46	0	0	798	746	786	121	0	0	0	0
47	0	0	798	746	786	122	0	0	0	0
48	0	0	799	747	783	125	0	0	0	0
49	0	0	798	746	784	124	0	0	0	0
50	0	0	798	748	783	127	0	0	0	0
51	0	0	801	750	781	128	0	0	0	0
52	0	0	801	750	781	134	0	0	0	0
53	0	0	802	752	781	135	0	0	0	0
54	0	0	803	752	779	136	0	0	0	0
55	0	0	802	749	777	139	0	0	0	0
56	0	0	803	755	777	139	0	0	0	0
57	0	0	803	755	777	142	0	0	0	0
58	0	0	805	756	775	143	0	0	0	0
59	0	0	805	756	774	145	0	0	0	0
60	0	0	805	757	774	144	0	0	0	0
61	0	0	805	757	773	138	0	0	0	0
62	0	0	806	758	772	131	0	0	0	0
63	0	0	807	759	771	115	0	0	0	0
64	0	0	808	759	771	109	0	0	0	0
65	0	0	809	758	770	110	0	0	0	0
66	0	0	808	759	770	110	0	0	0	0
67	0	0	808	760	769	102	0	0	0	0
68	0	0	809	759	769	99	0	0	0	0
69	0	0	810	760	769	98	0	0	0	0
70	0	0	809	761	767	99	0	0	0	0
71	0	0	809	760	767	101	0	0	0	0
72	0	0	810	760	767	102	0	0	0	0
73	0	0	810	759	767	108	0	0	0	0
74	0	0	810	761	767	104	0	0	0	0
75	0	0	810	761	765	110	0	0	0	0
76	0	0	810	761	764	114	0	0	0	0
77	0	0	811	760	765	113	0	0	0	0
78	0	0	810	761	763	113	0	0	0	0
79	0	0	811	763	764	116	0	0	0	0
80	0	0	811	762	763	114	0	0	0	0
81	0	0	810	763	763	111	0	0	0	0
82	0	0	812	763	763	105	0	0	0	0
83	0	0	811	763	763	108	0	0	0	0
84	0	0	810	764	762	106	0	0	0	0
85	0	0	811	763	762	107	0	0	0	0
86	0	0	812	764	762	104	0	0	0	0
87	0	0	812	764	762	102	0	0	0	0
88	0	0	813	766	761	104	0	0	0	0
89	0	0	813	765	761	102	0	0	0	0
90	0	0	813	766	760	101	0	0	0	0
91	0	0	814	767	761	105	0	0	0	0
92	0	0	812	768	761	112	0	0	0	0
93	0	0	813	768	760	108	0	0	0	0
94	0	0	813	769	760	110	0	0	0	0
95	0	0	812	769	760	113	0	0	0	0
96	0	0	812	771	760	118	0	0	0	0
97	0	0	814	771	761	115	0	0	0	0
98	0	0	814	770	763	120	0	0	0	0
99	0	0	814	772	761	118	0	0	0	0
100	0	0	814	772	760	119	0	0	0	0
101	0	0	815	772	760	110	0	0	0	0
102	0	0	814	773	759	100	0	0	0	0
103	0	0	814	774	760	105	0	0	0	0
104	0	0	815	774	759	98	0	0	0	0
105	0	0	814	775	759	101	0	0	0	0
106	0	0	814	775	759	84	0	0	0	0
107	0	0	815	776	761	94	0	0	0	0
108	0	0	814	776	760	99	0	0	0	0
109	0	0	814	777	760	103	0	0	0	0
110	0	0	813	778	760	104	0	0	0	0
111	0	0	812	779	759	106	0	0	0	0
112	0	0	810	780	759	110	0	0	0	0
113	0	0	810	781	759	110	0	0	0	0
114	0	0	809	780	759	111	0	0	0	0
115	0	0	808	782	758	103	0	0	0	0
116	0	0	808	783	760	103	0	0	0	0
117	0	0	807	783	760	115	0	0	0	0
118	0	0	806	784	760	119	0	0	0	0
119	0	0	805	785	760	121	0	0	0	0
120	0	0	804	785	760	120	0	0	0	0
121	0	0	802	787	761	115	0	0	0	0
122	0	0	801	788	760	112	0	0	0	0
123	0	0	801	788	761	111	0	0	0	0
124	0	0	801	789	762	109	0	0	0	0
125	0	0	800	788	762	111	0	0	0	0
126	0	0	800	789	762	105	0	0	0	0
127	0	0	798	789	763	103	0	0	0	0
0	0	0	798	789	763	99	0	0	0	0
1	0	0	797	790	762	103	0	0	0	0
2	0	0	797	792	762	90	0	0	0	0
3	0	0	796	791	765	90	0	0	0	0
4	0	0	797	791	764	90	0	0	0	0
5	0	0	796	792	765	97	0	0	0	0
6	0	0	794	791	764	103	0	0	0	0
7	0	0	794	790	764	96	0	0	0	0
8	0	0	793	792	765	100	0	0	0	0
9	0	0	793	792	765	99	0	0	0	0
10	0	0	794	791	765	94	0	0	0	0
11	0	0	793	793	766	91	0	0	0	0
12	0	0	794	793	765	87	0	0	0	0
13	0	0	794	793	766	84	0	0	0	0
14	0	0	793	793	767	85	0	0	0	0
15	0	0	792	793	768	83	0	0	0	0
16	0	0	790	792	767	82	0	0	0	0
17	0	0	789	793	769	76	0	0	0	0
18	0	0	789	794	768	69	0	0	0	0
19	0	0	790	794	771	69	0	0	0	0
20	0	0	788	794	770	67	0	0	0	0
21	0	0	788	793	771	65	0	0	0	0
22	0	0	787	792	770	70	0	0	0	0
23	0	0	788	795	772	72	0	0	0	0
24	0	0	789	795	773	73	0	0	0	0
25	0	0	787	792	774	76	0	0	0	0
26	0	0	788	794	775	75	0	0	0	0
27	0	0	787	794	775	79	0	0	0	0
28	0	0	787	792	776	85	0	0	0	0
29	0	0	787	792	777	82	0	0	0	0
30	0	0	786	792	778	79	0	0	0	0
31	0	0	786	794	779	82	0	0	0	0
32	0	0	786	793	779	81	0	0	0	0
33	0	0	788	792	781	74	0	0	0	0
34	0	0	788	791	782	68	0	0	0	0
35	0	0	787	791	780	61	0	0	0	0
36	0	0	788	791	782	57	0	0	0	0
37	0	0	789	788	783	57	0	0	0	0
38	0	0	788	789	784	51	0	0	0	0
39	0	0	789	788	784	45	0	0	0	0
40	0	0	788	787	783	41	0	0	0	0
41	0	0	788	787	784	30	0	0	0	0
42	0	0	788	787	782	23	0	0	0	0
43	0	0	789	786	784	383	0	0	0	0
44	0	0	790	786	783	785	0	0	0	0
45	0	0	790	785	783	919	0	0	0	0
46	0	0	793	785	783	1011	0	0	0	0
47	0	0	795	785	784	1180	0	0	0	0
48	0	0	795	785	785	1362	0	0	0	0
49	0	0	796	785	784	1511	0	0	0	0
50	0	0	796	786	783	1614	0	0	0	0
51	0	0	796	786	785	1594	0	0	0	0
52	0	0	795	786	784	1575	0	0	0	0
53	0	0	795	786	783	1564	0	0	0	0
54	0	0	794	787	783	1487	0	0	0	0
55	0	0	794	786	781	1417	0	0	0	0
56	0	0	794	785	781	1384	0	0	0	0
57	0	0	793	784	779	1341	0	0	0	0
58	0	0	790	783	779	1299	0	0	0	0
59	0	0	789	782	780	1271	0	0	0	0
60	0	0	789	781	780	1276	0	0	0	0
61	0	0	791	781	782	1257	0	0	0	0
62	0	0	791	782	783	1264	0	0	0	0
63	0	0	790	783	784	1150	0	0	0	0
64	0	0	790	785	786	1113	0	0	0	0
65	0	0	790	789	789	1046	0	0	0	0
66	0	0	786	793	791	993	0	0	0	0
67	0	0	785	802	802	923	0	0	0	0
68	0	0	783	819	819	966	0	0	0	0
69	0	0	778	841	838	899	0	0	0	0
70	0	0	770	868	859	750	0	0	0	0
71	0	0	745	900	881	712	0	0	0	0
72	0	0	699	931	902	711	0	0	0	0
73	0	0	632	970	922	615	0	0	0	0
74	0	0	542	1017	934	545	0	0	0	0
75	0	0	447	1050	925	534	0	0	0	0
76	0	0	349	1056	907	545	0	0	0	0
77	0	0	244	1028	886	488	0	0	0	0
78	0	0	161	976	890	257	0	0	0	0
79	0	0	111	911	923	194	0	0	0	0
80	0	0	95	844	978	182	0	0	0	0
81	0	0	135	789	1048	193	0	0	0	0
82	0	0	222	758	1125	216	0	0	0	0
83	0	0	311	752	1188	147	0	0	0	0
84	0	0	375	771	1230	158	0	0	0	0
85	0	0	407	803	1253	76	0	0	0	0
86	0	0	415	834	1264	122	0	0	0	0
87	0	0	425	849	1271	173	0	0	0	0
88	0	0	468	848	1275	257	0	0	0	0
89	0	0	555	837	1279	308	0	0	0	0
90	0	0	671	827	1285	355	0	0	0	0
91	0	0	806	826	1287	432	0	0	0	0
92	0	0	939	830	1280	520	0	0	0	0
93	0	0	1039	828	1270	610	0	0	0	0
94	0	0	1104	816	1259	734	0	0	0	0
95	0	0	1114	784	1249	948	0	0	0	0
96	0	0	1071	737	1246	1088	0	0	0	0
97	0	0	1003	677	1235	1130	0	0	0	0
98	0	0	942	609	1216	1251	0	0	0	0
99	0	0	896	537	1192	1365	0	0	0	0
100	0	0	868	465	1159	1443	0	0	0	0
101	0	0	856	407	1132	1525	0	0	0	0
102	0	0	850	366	1096	1575	0	0	0	0
103	0	0	845	342	1062	1653	0	0	0	0
104	0	0	835	327	1027	1677	0	0	0	0
105	0	0	834	306	991	1674	0	0	0	0
106	0	0	861	279	959	1710	0	0	0	0
107	0	0	909	244	934	1705	0	0	0	0
108	0	0	966	204	912	1705	0	0	0	0
109	0	0	1021	158	898	1755	0	0	0	0
110	0	0	1058	127	873	1831	0	0	0	0
111	0	0	1087	86	875	1882	0	0	0	0
112	0	0	1100	63	873	1901	0	0	0	0
113	0	0	1100	49	872	1967	0	0	0	0
114	0	0	1084	40	870	1982	0	0	0	0
115	0	0	1047	39	877	2006	0	0	0	0
116	0	0	1011	46	891	2019	0	0	0	0
117	0	0	975	53	904	2020	0	0	0	0
118	0	0	936	57	918	2028	0	0	0	0
119	0	0	896	57	935	2040	0	0	0	0
120	0	0	866	51	948	2030	0	0	0	0
121	0	0	837	49	958	2042	0	0	0	0
122	0	0	813	45	966	2057	0	0	0	0
123	0	0	799	39	971	2079	0	0	0	0
124	0	0	792	34	975	2079	0	0	0	0
125	0	0	794	31	976	2075	0	0	0	0
126	0	0	793	28	978	2072	0	0	0	0
127	0	0	787	27	982	2055	0	0	0	0
0	0	0	780	27	987	2055	0	0	0	0
1	0	0	771	25	991	2058	0	0	0	0
2	0	0	756	26	998	2055	0	0	0	0
3	0	0	745	26	1004	2048	0	0	0	0
4	0	0	734	27	1009	2031	0	0	0	0
5	0	0	723	27	1017	2013	0	0	0	0
6	0	0	716	27	1020	2011	0	0	0	0
7	0	0	712	31	1023	2010	0	0	0	0
8	0	0	714	41	1024	2009	0	0	0	0
9	0	0	719	49	1029	2009	0	0	0	0
10	0	0	728	59	1034	2012	0	0	0	0
11	0	0	741	69	1039	2013	0	0	0	0
12	0	0	760	79	1042	2011	0	0	0	0
13	0	0	780	92	1046	2006	0	0	0	0
14	0	0	796	107	1049	2006	0	0	0	0
15	0	0	811	124	1052	2009	0	0	0	0
16	0	0	822	143	1055	2010	0	0	0	0
17	0	0	833	162	1056	2004	0	0	0	0
18	0	0	844	183	1059	2007	0	0	0	0
19	0	0	852	201	1059	2008	0	0	0	0
20	0	0	857	218	1058	2007	0	0	0	0
21	0	0	857	238	1056	2008	0	0	0	0
22	0	0	858	257	1050	2009	0	0	0	0
23	0	0	859	276	1044	2010	0	0	0	0
24	0	0	859	294	1035	2008	0	0	0	0
25	0	0	856	312	1026	2009	0	0	0	0
26	0	0	855	331	1017	2008	0	0	0	0
27	0	0	850	345	1008	2006	0	0	0	0
28	0	0	847	362	997	2003	0	0	0	0
29	0	0	842	377	990	1999	0	0	0	0
30	0	0	836	393	981	1997	0	0	0	0
31	0	0	830	406	973	1998	0	0	0	0
32	0	0	823	418	967	1999	0	0	0	0
33	0	0	819	430	960	1998	0	0	0	0
34	0	0	817	445	953	1995	0	0	0	0
35	0	0	813	453	947	1993	0	0	0	0
36	0	0	809	463	942	1994	0	0	0	0
37	0	0	807	472	935	1991	0	0	0	0
38	0	0	804	483	931	1988	0	0	0	0
39	0	0	804	493	924	1985	0	0	0	0
40	0	0	800	503	919	1983	0	0	0	0
41	0	0	796	515	913	1986	0	0	0	0
42	0	0	793	525	908	1983	0	0	0	0
43	0	0	789	533	902	1985	0	0	0	0
44	0	0	785	540	897	1984	0	0	0	0
45	0	0	783	546	891	1980	0	0	0	0
46	0	0	779	554	886	1977	0	0	0	0
47	0	0	776	560	880	1978	0	0	0	0
48	0	0	774	568	875	1971	0	0	0	0
49	0	0	775	575	869	1967	0	0	0	0
50	0	0	776	582	864	1963	0	0	0	0
51	0	0	776	589	861	1962	0	0	0	0
52	0	0	778	596	854	1957	0	0	0	0
53	0	0	781	604	850	1954	0	0	0	0
54	0	0	784	611	843	1949	0	0	0	0
55	0	0	789	617	839	1944	0	0	0	0
56	0	0	793	625	836	1944	0	0	0	0
57	0	0	798	632	829	1944	0	0	0	0
58	0	0	802	638	825	1945	0	0	0	0
59	0	0	805	646	821	1944	0	0	0	0
60	0	0	810	650	818	1946	0	0	0	0
61	0	0	812	656	815	1946	0	0	0	0
62	0	0	814	661	812	1944	0	0	0	0
63	0	0	814	666	809	1948	0	0	0	0
64	0	0	814	670	807	1945	0	0	0	0
65	0	0	814	673	806	1944	0	0	0	0
66	0	0	814	679	806	1941	0	0	0	0
67	0	0	814	682	804	1947	0	0	0	0
68	0	0	813	683	804	1943	0	0	0	0
69	0	0	813	686	804	1943	0	0	0	0
70	0	0	811	686	806	1943	0	0	0	0
71	0	0	810	686	809	1942	0	0	0	0
72	0	0	810	686	810	1942	0	0	0	0
73	0	0	808	686	814	1942	0	0	0	0
74	0	0	808	685	817	1945	0	0	0	0
75	0	0	808	685	821	1946	0	0	0	0
76	0	0	807	683	826	1945	0	0	0	0
77	0	0	805	683	830	1943	0	0	0	0
78	0	0	804	681	835	1939	0	0	0	0
79	0	0	803	679	840	1938	0	0	0	0
80	0	0	801	677	845	1940	0	0	0	0
81	0	0	801	675	849	1939	0	0	0	0
82	0	0	796	672	855	1934	0	0	0	0
83	0	0	791	671	860	1934	0	0	0	0
84	0	0	787	669	864	1935	0	0	0	0
85	0	0	783	665	868	1935	0	0	0	0
86	0	0	777	662	874	1932	0	0	0	0
87	0	0	772	659	876	1932	0	0	0	0
88	0	0	767	657	880	1930	0	0	0	0
89	0	0	765	656	882	1923	0	0	0	0
90	0	0	760	653	887	1910	0	0	0	0
91	0	0	757	652	890	1921	0	0	0	0
92	0	0	754	651	892	1926	0	0	0	0
93	0	0	751	649	895	1929	0	0	0	0
94	0	0	748	648	896	1928	0	0	0	0
95	0	0	746	647	898	1927	0	0	0	0
96	0	0	745	646	900	1928	0	0	0	0
97	0	0	742	647	900	1928	0	0	0	0
98	0	0	741	646	902	1932	0	0	0	0
99	0	0	740	646	903	1936	0	0	0	0
100	0	0	740	645	904	1935	0	0	0	0
101	0	0	738	646	906	1933	0	0	0	0
102	0	0	739	645	907	1937	0	0	0	0
103	0	0	738	643	907	1937	0	0	0	0
104	0	0	738	643	909	1937	0	0	0	0
105	0	0	740	643	911	1932	0	0	0	0
106	0	0	743	641	913	1936	0	0	0	0
107	0	0	745	640	914	1934	0	0	0	0
108	0	0	746	638	917	1932	0	0	0	0
109	0	0	747	637	919	1934	0	0	0	0
110	0	0	751	633	922	1932	0	0	0	0
111	0	0	752	634	923	1932	0	0	0	0
112	0	0	754	633	925	1928	0	0	0	0
113	0	0	757	632	927	1921	0	0	0	0
114	0	0	758	629	928	1905	0	0	0	0
115	0	0	760	627	931	1919	0	0	0	0
116	0	0	762	626	933	1918	0	0	0	0
117	0	0	764	623	936	1914	0	0	0	0
118	0	0	767	622	938	1914	0	0	0	0
119	0	0	767	620	940	1908	0	0	0	0
120	0	0	769	620	942	1907	0	0	0	0
121	0	0	771	618	943	1905	0	0	0	0
122	0	0	771	617	945	1903	0	0	0	0
123	0	0	772	616	945	1902	0	0	0	0
124	0	0	774	614	946	1899	0	0	0	0
125	0	0	775	612	947	1894	0	0	0	0
126	0	0	775	612	948	1894	0	0	0	0
127	0	0	776	611	948	1894	0	0	0	0
0	0	0	777	611	949	1892	0	0	0	0
1	0	0	776	610	950	1888	0	0	0	0
2	0	0	778	609	951	1887	0	0	0	0
3	0	0	777	609	950	1884	0	0	0	0
4	0	0	779	608	951	1887	0	0	0	0
5	0	0	779	609	950	1886	0	0	0	0
6	0	0	779	607	949	1880	0	0	0	0
7	0	0	779	608	949	1873	0	0	0	0
8	0	0	780	609	948	1872	0	0	0	0
9	0	0	778	611	946	1868	0	0	0	0
10	0	0	777	611	944	1865	0	0	0	0
11	0	0	776	612	943	1856	0	0	0	0
12	0	0	778	613	942	1857	0	0	0	0
13	0	0	774	614	941	1855	0	0	0	0
14	0	0	774	615	939	1852	0	0	0	0
15	0	0	773	615	936	1851	0	0	0	0
16	0	0	773	615	935	1848	0	0	0	0
17	0	0	772	616	933	1845	0	0	0	0
18	0	0	771	617	931	1843	0	0	0	0
19	0	0	771	617	929	1836	0	0	0	0
20	0	0	769	618	926	1830	0	0	0	0
21	0	0	767	619	924	1827	0	0	0	0
22	0	0	769	620	921	1821	0	0	0	0
23	0	0	769	621	919	1820	0	0	0	0
24	0	0	767	621	918	1813	0	0	0	0
25	0	0	767	622	916	1812	0	0	0	0
26	0	0	767	623	913	1806	0	0	0	0
27	0	0	767	624	911	1800	0	0	0	0
28	0	0	767	624	910	1798	0	0	0	0
29	0	0	769	625	908	1792	0	0	0	0
30	0	0	771	626	906	1786	0	0	0	0
31	0	0	771	627	904	1781	0	0	0	0
32	0	0	773	627	902	1773	0	0	0	0
33	0	0	775	627	900	1768	0	0	0	0
34	0	0	776	629	897	1759	0	0	0	0
35	0	0	777	629	894	1754	0	0	0	0
36	0	0	780	630	892	1741	0	0	0	0
37	0	0	782	631	890	1738	0	0	0	0
38	0	0	784	631	887	1726	0	0	0	0
39	0	0	784	634	885	1722	0	0	0	0
40	0	0	783	635	882	1722	0	0	0	0
41	0	0	787	636	880	1718	0	0	0	0
42	0	0	788	638	878	1714	0	0	0	0
43	0	0	791	639	874	1718	0	0	0	0
44	0	0	791	641	871	1715	0	0	0	0
45	0	0	792	642	869	1713	0	0	0	0
46	0	0	793	644	866	1703	0	0	0	0
47	0	0	795	646	864	1707	0	0	0	0
48	0	0	795	647	861	1706	0	0	0	0
49	0	0	794	648	858	1700	0	0	0	0
50	0	0	794	651	856	1697	0	0	0	0
51	0	0	794	653	854	1690	0	0	0	0
52	0	0	793	655	851	1682	0	0	0	0
53	0	0	794	655	849	1675	0	0	0	0
54	0	0	794	657	846	1659	0	0	0	0
55	0	0	794	660	844	1650	0	0	0	0
56	0	0	794	662	841	1650	0	0	0	0
57	0	0	794	664	838	1644	0	0	0	0
58	0	0	794	666	836	1639	0	0	0	0
59	0	0	795	669	835	1635	0	0	0	0
60	0	0	793	670	833	1625	0	0	0	0
61	0	0	793	673	832	1610	0	0	0	0
62	0	0	794	675	830	1606	0	0	0	0
63	0	0	795	677	827	1589	0	0	0	0
64	0	0	795	679	826	1582	0	0	0	0
65	0	0	795	681	824	1581	0	0	0	0
66	0	0	795	683	822	1567	0	0	0	0
67	0	0	794	685	819	1555	0	0	0	0
68	0	0	793	688	819	1545	0	0	0	0
69	0	0	792	689	817	1543	0	0	0	0
70	0	0	792	693	815	1542	0	0	0	0
71	0	0	791	695	814	1549	0	0	0	0
72	0	0	791	696	812	1552	0	0	0	0
73	0	0	790	699	811	1542	0	0	0	0
74	0	0	789	701	810	1533	0	0	0	0
75	0	0	789	702	808	1528	0	0	0	0
76	0	0	790	704	807	1512	0	0	0	0
77	0	0	787	705	807	1503	0	0	0	0
78	0	0	785	707	805	1488	0	0	0	0
79	0	0	784	708	804	1483	0	0	0	0
80	0	0	785	708	802	1480	0	0	0	0
81	0	0	788	711	802	1470	0	0	0	0
82	0	0	787	712	799	1467	0	0	0	0
83	0	0	786	714	798	1458	0	0	0	0
84	0	0	785	717	796	1452	0	0	0	0
85	0	0	784	719	795	1448	0	0	0	0
86	0	0	783	721	794	1444	0	0	0	0
87	0	0	782	723	794	1438	0	0	0	0
88	0	0	780	725	792	1437	0	0	0	0
89	0	0	778	727	791	1440	0	0	0	0
90	0	0	777	727	790	1440	0	0	0	0
91	0	0	777	729	788	1430	0	0	0	0
92	0	0	778	730	788	1427	0	0	0	0
93	0	0	777	731	786	1434	0	0	0	0
94	0	0	777	734	786	1431	0	0	0	0
95	0	0	777	733	784	1433	0	0	0	0
96	0	0	776	735	782	1440	0	0	0	0
97	0	0	776	738	782	1419	0	0	0	0
98	0	0	776	740	780	1413	0	0	0	0
99	0	0	776	742	780	1400	0	0	0	0
100	0	0	775	745	778	1395	0	0	0	0
101	0	0	772	746	776	1392	0	0	0	0
102	0	0	770	749	774	1384	0	0	0	0
103	0	0	771	750	774	1379	0	0	0	0
104	0	0	772	751	773	1370	0	0	0	0
105	0	0	774	753	772	1343	0	0	0	0
106	0	0	774	754	772	1332	0	0	0	0
107	0	0	775	757	770	1328	0	0	0	0
108	0	0	774	759	770	1324	0	0	0	0
109	0	0	775	762	769	1321	0	0	0	0
110	0	0	774	764	768	1316	0	0	0	0
111	0	0	774	765	767	1320	0	0	0	0
112	0	0	775	768	767	1320	0	0	0	0
113	0	0	772	770	767	1316	0	0	0	0
114	0	0	772	770	767	1310	0	0	0	0
115	0	0	771	771	767	1297	0	0	0	0
116	0	0	771	772	766	1295	0	0	0	0
117	0	0	771	773	767	1297	0	0	0	0
118	0	0	770	775	767	1290	0	0	0	0
119	0	0	771	775	767	1286	0	0	0	0
120	0	0	769	776	767	1304	0	0	0	0
121	0	0	769	776	768	1301	0	0	0	0
122	0	0	770	777	770	1303	0	0	0	0
123	0	0	770	777	770	1304	0	0	0	0
124	0	0	770	777	770	1295	0	0	0	0
125	0	0	771	777	771	1297	0	0	0	0
126	0	0	773	776	772	1285	0	0	0	0
127	0	0	772	778	773	1281	0	0	0	0
0	0	0	771	776	774	1277	0	0	0	0
1	0	0	773	775	775	1276	0	0	0	0
2	0	0	774	774	777	1280	0	0	0	0
3	0	0	775	772	778	1276	0	0	0	0
4	0	0	776	773	779	1271	0	0	0	0
5	0	0	775	772	781	1270	0	0	0	0
6	0	0	776	772	782	1267	0	0	0	0
7	0	0	776	771	783	1266	0	0	0	0
8	0	0	777	770	784	1260	0	0	0	0
9	0	0	778	767	787	1264	0	0	0	0
10	0	0	778	767	788	1260	0	0	0	0
11	0	0	778	765	790	1252	0	0	0	0
12	0	0	780	764	792	1249	0	0	0	0
13	0	0	781	762	794	1250	0	0	0	0
14	0	0	782	761	797	1260	0	0	0	0
15	0	0	782	759	800	1267	0	0	0	0
16	0	0	783	757	801	1262	0	0	0	0
17	0	0	784	755	803	1247	0	0	0	0
18	0	0	786	754	806	1235	0	0	0	0
19	0	0	787	752	807	1245	0	0	0	0
20	0	0	787	751	809	1250	0	0	0	0
21	0	0	789	749	811	1244	0	0	0	0
22	0	0	789	748	813	1243	0	0	0	0
23	0	0	788	747	815	1240	0	0	0	0
24	0	0	789	746	817	1246	0	0	0	0
25	0	0	789	743	819	1244	0	0	0	0
26	0	0	790	742	822	1240	0	0	0	0
27	0	0	790	741	824	1245	0	0	0	0
28	0	0	790	739	826	1246	0	0	0	0
29	0	0	790	737	828	1241	0	0	0	0
30	0	0	789	735	830	1235	0	0	0	0
31	0	0	790	733	832	1237	0	0	0	0
32	0	0	789	730	834	1237	0	0	0	0
33	0	0	788	727	835	1236	0	0	0	0
34	0	0	788	726	838	1236	0	0	0	0
35	0	0	788	723	840	1234	0	0	0	0
36	0	0	787	720	841	1232	0	0	0	0
37	0	0	786	719	843	1234	0	0	0	0
38	0	0	786	717	845	1236	0	0	0	0
39	0	0	786	715	845	1239	0	0	0	0
40	0	0	785	712	848	1238	0	0	0	0
41	0	0	784	709	850	1241	0	0	0	0
42	0	0	783	707	852	1242	0	0	0	0
43	0	0	783	706	854	1247	0	0	0	0
44	0	0	783	704	855	1242	0	0	0	0
45	0	0	783	701	857	1243	0	0	0	0
46	0	0	783	700	858	1238	0	0	0	0
47	0	0	782	697	860	1234	0	0	0	0
48	0	0	780	696	861	1235	0	0	0	0
49	0	0	779	694	863	1238	0	0	0	0
50	0	0	778	692	864	1237	0	0	0	0
51	0	0	779	689	865	1237	0	0	0	0
52	0	0	777	686	865	1239	0	0	0	0
53	0	0	776	684	868	1237	0	0	0	0
54	0	0	778	681	868	1236	0	0	0	0
55	0	0	778	679	871	1232	0	0	0	0
56	0	0	777	676	871	1233	0	0	0	0
57	0	0	777	674	872	1235	0	0	0	0
58	0	0	776	671	871	1236	0	0	0	0
59	0	0	775	669	874	1236	0	0	0	0
60	0	0	775	666	875	1239	0	0	0	0
61	0	0	774	664	875	1239	0	0	0	0
62	0	0	774	662	876	1239	0	0	0	0
63	0	0	774	660	877	1241	0	0	0	0
64	0	0	773	656	877	1242	0	0	0	0
65	0	0	773	655	879	1246	0	0	0	0
66	0	0	771	651	880	1243	0	0	0	0
67	0	0	771	649	880	1246	0	0	0	0
68	0	0	771	646	882	1248	0	0	0	0
69	0	0	770	644	883	1245	0	0	0	0
70	0	0	770	641	883	1245	0	0	0	0
71	0	0	770	639	885	1245	0	0	0	0
72	0	0	770	636	885	1247	0	0	0	0
73	0	0	769	634	885	1246	0	0	0	0
74	0	0	770	633	887	1252	0	0	0	0
75	0	0	769	629	887	1254	0	0	0	0
76	0	0	769	627	887	1251	0	0	0	0
77	0	0	770	625	887	1249	0	0	0	0
78	0	0	768	623	887	1251	0	0	0	0
79	0	0	769	621	887	1253	0	0	0	0
80	0	0	770	620	887	1257	0	0	0	0
81	0	0	768	618	887	1261	0	0	0	0
82	0	0	767	616	887	1259	0	0	0	0
83	0	0	768	615	887	1261	0	0	0	0
84	0	0	767	613	887	1261	0	0	0	0
85	0	0	767	611	887	1262	0	0	0	0
86	0	0	766	610	887	1260	0	0	0	0
87	0	0	767	609	887	1263	0	0	0	0
88	0	0	766	608	884	1265	0	0	0	0
89	0	0	765	606	885	1267	0	0	0	0
90	0	0	765	605	886	1267	0	0	0	0
91	0	0	766	604	885	1265	0	0	0	0
92	0	0	766	604	886	1265	0	0	0	0
93	0	0	767	602	885	1266	0	0	0	0
94	0	0	767	601	885	1262	0	0	0	0
95	0	0	767	602	885	1264	0	0	0	0
96	0	0	768	601	884	1266	0	0	0	0
97	0	0	768	601	884	1266	0	0	0	0
98	0	0	770	601	883	1270	0	0	0	0
99	0	0	770	601	883	1271	0	0	0	0
100	0	0	769	601	882	1271	0	0	0	0
101	0	0	770	601	882	1275	0	0	0	0
102	0	0	770	601	880	1278	0	0	0	0
103	0	0	771	600	880	1280	0	0	0	0
104	0	0	772	602	879	1281	0	0	0	0
105	0	0	772	602	880	1283	0	0	0	0
106	0	0	774	603	879	1279	0	0	0	0
107	0	0	774	605	879	1280	0	0	0	0
108	0	0	775	605	878	1278	0	0	0	0
109	0	0	776	606	877	1277	0	0	0	0
110	0	0	778	607	877	1278	0	0	0	0
111	0	0	780	607	877	1278	0	0	0	0
112	0	0	781	609	876	1283	0	0	0	0
113	0	0	781	611	875	1280	0	0	0	0
114	0	0	782	614	875	1277	0	0	0	0
115	0	0	784	614	874	1283	0	0	0	0
116	0	0	783	617	875	1281	0	0	0	0
117	0	0	784	618	874	1289	0	0	0	0
118	0	0	785	620	873	1294	0	0	0	0
119	0	0	786	621	872	1291	0	0	0	0
120	0	0	787	623	873	1297	0	0	0	0
121	0	0	787	624	872	1302	0	0	0	0
122	0	0	788	626	872	1305	0	0	0	0
123	0	0	788	627	871	1303	0	0	0	0
124	0	0	789	630	871	1312	0	0	0	0
125	0	0	788	631	870	1312	0	0	0	0
126	0	0	788	632	870	1309	0	0	0	0
127	0	0	789	633	869	1311	0	0	0	0
0	0	0	790	635	869	1311	0	0	0	0
1	0	0	790	637	869	1315	0	0	0	0
2	0	0	790	638	868	1317	0	0	0	0
3	0	0	790	638	867	1315	0	0	0	0
4	0	0	789	640	867	1310	0	0	0	0
5	0	0	789	642	865	1313	0	0	0	0
6	0	0	789	644	865	1310	0	0	0	0
7	0	0	788	645	864	1308	0	0	0	0
8	0	0	788	646	863	1310	0	0	0	0
9	0	0	788	647	863	1313	0	0	0	0
10	0	0	787	649	861	1314	0	0	0	0
11	0	0	787	651	861	1316	0	0	0	0
12	0	0	787	651	860	1317	0	0	0	0
13	0	0	787	652	860	1315	0	0	0	0
14	0	0	786	653	859	1315	0	0	0	0
15	0	0	786	654	859	1316	0	0	0	0
16	0	0	785	654	858	1316	0	0	0	0
17	0	0	785	655	857	1318	0	0	0	0
18	0	0	786	657	856	1313	0	0	0	0
19	0	0	786	657	856	1315	0	0	0	0
20	0	0	786	659	855	1317	0	0	0	0
21	0	0	784	660	853	1315	0	0	0	0
22	0	0	786	661	852	1312	0	0	0	0
23	0	0	786	662	852	1310	0	0	0	0
24	0	0	787	662	851	1312	0	0	0	0
25	0	0	786	665	849	1310	0	0	0	0
26	0	0	786	666	849	1310	0	0	0	0
27	0	0	787	667	848	1309	0	0	0	0
28	0	0	786	667	848	1313	0	0	0	0
29	0	0	786	668	846	1315	0	0	0	0
30	0	0	786	669	847	1314	0	0	0	0
31	0	0	786	671	846	1313	0	0	0	0
32	0	0	786	671	845	1315	0	0	0	0
33	0	0	787	672	845	1317	0	0	0	0
34	0	0	785	675	844	1319	0	0	0	0
35	0	0	786	674	843	1319	0	0	0	0
36	0	0	786	676	842	1319	0	0	0	0
37	0	0	787	676	842	1320	0	0	0	0
38	0	0	787	677	842	1318	0	0	0	0
39	0	0	787	677	842	1320	0	0	0	0
40	0	0	787	678	841	1321	0	0	0	0
41	0	0	787	679	841	1318	0	0	0	0
42	0	0	786	680	841	1318	0	0	0	0
43	0	0	785	679	840	1319	0	0	0	0
44	0	0	785	681	840	1321	0	0	0	0
45	0	0	786	681	839	1319	0	0	0	0
46	0	0	786	681	839	1316	0	0	0	0
47	0	0	786	681	838	1318	0	0	0	0
48	0	0	788	681	839	1318	0	0	0	0
49	0	0	786	682	839	1317	0	0	0	0
50	0	0	785	683	838	1317	0	0	0	0
51	0	0	785	684	838	1317	0	0	0	0
52	0	0	785	683	839	1317	0	0	0	0
53	0	0	785	683	838	1318	0	0	0	0
54	0	0	784	682	839	1318	0	0	0	0
55	0	0	784	683	839	1319	0	0	0	0
56	0	0	786	683	838	1322	0	0	0	0
57	0	0	786	682	839	1322	0	0	0	0
58	0	0	785	683	839	1322	0	0	0	0
59	0	0	785	683	838	1322	0	0	0	0
60	0	0	783	683	839	1322	0	0	0	0
61	0	0	784	683	839	1323	0	0	0	0
62	0	0	784	682	839	1324	0	0	0	0
63	0	0	784	683	839	1322	0	0	0	0
64	0	0	783	683	839	1322	0	0	0	0
65	0	0	784	683	839	1320	0	0	0	0
66	0	0	783	680	840	1321	0	0	0	0
67	0	0	783	682	841	1318	0	0	0	0
68	0	0	783	680	841	1326	0	0	0	0
69	0	0	783	680	841	1328	0	0	0	0
70	0	0	782	679	841	1327	0	0	0	0
71	0	0	782	679	841	1327	0	0	0	0
72	0	0	783	679	842	1325	0	0	0	0
73	0	0	782	678	842	1325	0	0	0	0
74	0	0	782	676	842	1324	0	0	0	0
75	0	0	782	676	843	1325	0	0	0	0
76	0	0	781	675	844	1327	0	0	0	0
77	0	0	781	675	844	1330	0	0	0	0
78	0	0	781	674	844	1330	0	0	0	0
79	0	0	781	673	844	1332	0	0	0	0
80	0	0	782	671	845	1332	0	0	0	0
81	0	0	782	673	846	1331	0	0	0	0
82	0	0	782	672	845	1327	0	0	0	0
83	0	0	781	671	846	1323	0	0	0	0
84	0	0	782	669	846	1322	0	0	0	0
85	0	0	781	669	847	1319	0	0	0	0
86	0	0	781	669	848	1317	0	0	0	0
87	0	0	781	668	848	1312	0	0	0	0
88	0	0	782	668	849	1310	0	0	0	0
89	0	0	783	667	848	1308	0	0	0	0
90	0	0	782	667	849	1306	0	0	0	0
91	0	0	782	666	851	1309	0	0	0	0
92	0	0	781	667	851	1306	0	0	0	0
93	0	0	782	666	852	1305	0	0	0	0
94	0	0	782	665	852	1304	0	0	0	0
95	0	0	781	664	852	1303	0	0	0	0
96	0	0	781	664	853	1305	0	0	0	0
97	0	0	780	662	854	1302	0	0	0	0
98	0	0	781	663	854	1298	0	0	0	0
99	0	0	780	662	855	1298	0	0	0	0
100	0	0	781	662	855	1298	0	0	0	0
101	0	0	781	662	855	1300	0	0	0	0
102	0	0	781	662	856	1297	0	0	0	0
103	0	0	781	662	857	1299	0	0	0	0
104	0	0	782	662	856	1298	0	0	0	0
105	0	0	779	662	857	1300	0	0	0	0
106	0	0	779	662	858	1296	0	0	0	0
107	0	0	781	663	858	1296	0	0	0	0
108	0	0	781	662	859	1296	0	0	0	0
109	0	0	780	661	860	1293	0	0	0	0
110	0	0	779	661	861	1293	0	0	0	0
111	0	0	779	661	860	1291	0	0	0	0
112	0	0	779	661	861	1292	0	0	0	0
113	0	0	779	660	861	1291	0	0	0	0
114	0	0	778	661	861	1290	0	0	0	0
115	0	0	781	660	863	1290	0	0	0	0
116	0	0	779	660	863	1290	0	0	0	0
117	0	0	780	661	862	1287	0	0	0	0
118	0	0	779	660	862	1287	0	0	0	0
119	0	0	779	660	863	1287	0	0	0	0
120	0	0	779	660	863	1288	0	0	0	0
121	0	0	779	661	864	1287	0	0	0	0
122	0	0	778	662	864	1285	0	0	0	0
123	0	0	778	661	864	1283	0	0	0	0
124	0	0	780	661	864	1283	0	0	0	0
125	0	0	780	660	865	1282	0	0	0	0
126	0	0	779	661	865	1269	0	0	0	0
127	0	0	780	661	865	1262	0	0	0	0
0	0	0	780	661	865	1259	0	0	0	0
1	0	0	780	661	865	1261	0	0	0	0
2	0	0	780	661	865	1259	0	0	0	0
3	0	0	780	662	865	1257	0	0	0	0
4	0	0	780	663	866	1258	0	0	0	0
5	0	0	781	662	865	1257	0	0	0	0
6	0	0	780	662	865	1258	0	0	0	0
7	0	0	779	662	865	1257	0	0	0	0
8	0	0	780	663	865	1258	0	0	0	0
9	0	0	781	663	864	1260	0	0	0	0
10	0	0	781	662	865	1257	0	0	0	0
11	0	0	781	663	865	1256	0	0	0	0
12	0	0	782	664	865	1249	0	0	0	0
13	0	0	783	664	865	1245	0	0	0	0
14	0	0	781	663	864	1240	0	0	0	0
15	0	0	781	664	865	1236	0	0	0	0
16	0	0	783	663	864	1237	0	0	0	0
17	0	0	782	664	864	1229	0	0	0	0
18	0	0	781	664	863	1227	0	0	0	0
19	0	0	782	666	862	1223	0	0	0	0
20	0	0	782	665	863	1217	0	0	0	0
21	0	0	781	665	862	1215	0	0	0	0
22	0	0	782	666	862	1218	0	0	0	0
23	0	0	783	667	863	1215	0	0	0	0
24	0	0	783	665	862	1216	0	0	0	0
25	0	0	783	666	862	1224	0	0	0	0
26	0	0	783	667	861	1218	0	0	0	0
27	0	0	783	667	861	1216	0	0	0	0
28	0	0	783	668	861	1215	0	0	0	0
29	0	0	784	667	861	1211	0	0	0	0
30	0	0	784	667	860	1209	0	0	0	0
31	0	0	783	668	860	1211	0	0	0	0
32	0	0	782	669	860	1214	0	0	0	0
33	0	0	782	669	859	1211	0	0	0	0
34	0	0	783	668	859	1208	0	0	0	0
35	0	0	783	668	859	1192	0	0	0	0
36	0	0	783	668	859	1189	0	0	0	0
37	0	0	783	669	858	1194	0	0	0	0
38	0	0	782	668	858	1195	0	0	0	0
39	0	0	782	669	858	1195	0	0	0	0
40	0	0	781	669	857	1198	0	0	0	0
41	0	0	782	668	858	1197	0	0	0	0
42	0	0	782	669	857	1201	0	0	0	0
43	0	0	782	669	854	1201	0	0	0	0
44	0	0	783	669	857	1202	0	0	0	0
45	0	0	782	669	857	1200	0	0	0	0
46	0	0	782	669	857	1199	0	0	0	0
47	0	0	782	669	857	1198	0	0	0	0
48	0	0	782	668	855	1194	0	0	0	0
49	0	0	783	669	856	1192	0	0	0	0
50	0	0	782	669	856	1185	0	0	0	0
51	0	0	783	668	857	1183	0	0	0	0
52	0	0	784	668	856	1189	0	0	0	0
53	0	0	783	668	854	1187	0	0	0	0
54	0	0	782	668	856	1186	0	0	0	0
55	0	0	782	668	855	1189	0	0	0	0
56	0	0	783	669	855	1188	0	0	0	0
57	0	0	783	668	855	1186	0	0	0	0
58	0	0	783	669	855	1182	0	0	0	0
59	0	0	783	667	855	1181	0	0	0	0
60	0	0	783	667	855	1180	0	0	0	0
61	0	0	782	666	855	1182	0	0	0	0
62	0	0	783	667	855	1173	0	0	0	0
63	0	0	783	666	855	1174	0	0	0	0
64	0	0	783	665	855	1177	0	0	0	0
65	0	0	783	665	855	1176	0	0	0	0
66	0	0	782	663	854	1177	0	0	0	0
67	0	0	782	664	853	1179	0	0	0	0
68	0	0	782	665	853	1175	0	0	0	0
69	0	0	783	663	854	1174	0	0	0	0
70	0	0	783	664	854	1172	0	0	0	0
71	0	0	783	663	853	1172	0	0	0	0
72	0	0	783	663	852	1172	0	0	0	0
73	0	0	783	662	854	1177	0	0	0	0
74	0	0	783	661	853	1176	0	0	0	0
75	0	0	782	661	853	1173	0	0	0	0
76	0	0	783	660	853	1177	0	0	0	0
77	0	0	783	660	853	1174	0	0	0	0
78	0	0	783	660	854	1173	0	0	0	0
79	0	0	782	659	852	1174	0	0	0	0
80	0	0	783	660	852	1172	0	0	0	0
81	0	0	783	659	853	1171	0	0	0	0
82	0	0	782	659	853	1174	0	0	0	0
83	0	0	782	659	854	1172	0	0	0	0
84	0	0	782	657	854	1171	0	0	0	0
85	0	0	782	657	852	1173	0	0	0	0
86	0	0	782	657	853	1172	0	0	0	0
87	0	0	782	657	852	1174	0	0	0	0
88	0	0	783	657	853	1172	0	0	0	0
89	0	0	782	656	854	1173	0	0	0	0
90	0	0	782	656	853	1171	0	0	0	0
91	0	0	781	657	853	1170	0	0	0	0
92	0	0	781	657	853	1175	0	0	0	0
93	0	0	781	655	854	1174	0	0	0	0
94	0	0	780	656	855	1174	0	0	0	0
95	0	0	781	655	854	1170	0	0	0	0
96	0	0	781	655	855	1168	0	0	0	0
97	0	0	781	656	854	1166	0	0	0	0
98	0	0	779	655	854	1165	0	0	0	0
99	0	0	779	655	855	1166	0	0	0	0
100	0	0	779	655	854	1163	0	0	0	0
101	0	0	779	655	855	1163	0	0	0	0
102	0	0	778	655	855	1165	0	0	0	0
103	0	0	779	655	854	1165	0	0	0	0
104	0	0	780	656	855	1167	0	0	0	0
105	0	0	779	656	855	1167	0	0	0	0
106	0	0	780	656	857	1168	0	0	0	0
107	0	0	780	656	857	1175	0	0	0	0
108	0	0	780	656	857	1173	0	0	0	0
109	0	0	780	656	856	1174	0	0	0	0
110	0	0	780	656	857	1177	0	0	0	0
111	0	0	780	656	857	1175	0	0	0	0
112	0	0	780	657	857	1176	0	0	0	0
113	0	0	780	656	857	1173	0	0	0	0
114	0	0	780	656	857	1175	0	0	0	0
115	0	0	780	656	858	1171	0	0	0	0
116	0	0	779	656	857	1172	0	0	0	0
117	0	0	779	656	858	1173	0	0	0	0
118	0	0	779	655	858	1167	0	0	0	0
119	0	0	779	655	858	1167	0	0	0	0
120	0	0	779	655	858	1172	0	0	0	0
121	0	0	779	656	857	1173	0	0	0	0
122	0	0	780	656	856	1174	0	0	0	0
123	0	0	779	656	857	1170	0	0	0	0
124	0	0	779	657	856	1173	0	0	0	0
125	0	0	778	656	856	1176	0	0	0	0
126	0	0	779	656	856	1176	0	0	0	0
127	0	0	780	657	856	1176	0	0	0	0
0	0	0	781	657	856	1175	0	0	0	0
1	0	0	781	656	856	1176	0	0	0	0
2	0	0	782	657	855	1174	0	0	0	0
3	0	0	781	657	855	1174	0	0	0	0
4	0	0	781	657	856	1176	0	0	0	0
5	0	0	781	657	856	1171	0	0	0	0
6	0	0	782	657	856	1173	0	0	0	0
7	0	0	781	657	855	1168	0	0	0	0
8	0	0	781	658	855	1167	0	0	0	0
9	0	0	783	658	855	1168	0	0	0	0
10	0	0	783	658	854	1167	0	0	0	0
11	0	0	782	658	855	1168	0	0	0	0
12	0	0	781	658	854	1170	0	0	0	0
13	0	0	781	659	855	1173	0	0	0	0
14	0	0	782	659	854	1171	0	0	0	0
15	0	0	782	659	854	1167	0	0	0	0
16	0	0	781	659	854	1165	0	0	0	0
17	0	0	781	659	853	1167	0	0	0	0
18	0	0	782	659	854	1166	0	0	0	0
19	0	0	782	661	853	1164	0	0	0	0
20	0	0	782	660	853	1164	0	0	0	0
21	0	0	782	661	854	1168	0	0	0	0
22	0	0	782	661	853	1167	0	0	0	0
23	0	0	782	661	853	1167	0	0	0	0
24	0	0	782	662	853	1168	0	0	0	0
25	0	0	781	662	853	1167	0	0	0	0
26	0	0	781	661	853	1164	0	0	0	0
27	0	0	781	661	853	1160	0	0	0	0
28	0	0	782	662	852	1159	0	0	0	0
29	0	0	781	662	852	1158	0	0	0	0
30	0	0	782	663	851	1152	0	0	0	0
31	0	0	781	661	852	1146	0	0	0	0
32	0	0	782	663	851	1144	0	0	0	0
33	0	0	782	662	851	1142	0	0	0	0
34	0	0	782	663	851	1144	0	0	0	0
35	0	0	781	664	851	1145	0	0	0	0
36	0	0	782	663	850	1147	0	0	0	0
37	0	0	781	664	851	1151	0	0	0	0
38	0	0	781	663	850	1150	0	0	0	0
39	0	0	781	663	851	1153	0	0	0	0
40	0	0	782	664	850	1147	0	0	0	0
41	0	0	781	664	849	1144	0	0	0	0
42	0	0	780	665	850	1140	0	0	0	0
43	0	0	780	665	849	1145	0	0	0	0
44	0	0	781	664	850	1141	0	0	0	0
45	0	0	781	665	850	1142	0	0	0	0
46	0	0	781	663	850	1139	0	0	0	0
47	0	0	781	666	849	1137	0	0	0	0
48	0	0	781	666	849	1137	0	0	0	0
49	0	0	781	665	849	1134	0	0	0	0
50	0	0	781	665	850	1133	0	0	0	0
51	0	0	781	665	849	1126	0	0	0	0
52	0	0	780	665	848	1130	0	0	0	0
53	0	0	780	666	849	1134	0	0	0	0
54	0	0	780	666	848	1134	0	0	0	0
55	0	0	780	666	849	1128	0	0	0	0
56	0	0	781	666	848	1125	0	0	0	0
57	0	0	781	666	848	1127	0	0	0	0
58	0	0	781	666	849	1126	0	0	0	0
59	0	0	782	667	849	1128	0	0	0	0
60	0	0	781	667	849	1128	0	0	0	0
61	0	0	782	668	850	1132	0	0	0	0
62	0	0	782	667	848	1127	0	0	0	0
63	0	0	782	667	849	1126	0	0	0	0
64	0	0	782	667	849	1131	0	0	0	0
65	0	0	782	666	850	1131	0	0	0	0
66	0	0	781	667	850	1124	0	0	0	0
67	0	0	779	666	849	1124	0	0	0	0
68	0	0	780	666	850	1126	0	0	0	0
69	0	0	781	666	850	1128	0	0	0	0
70	0	0	780	667	849	1128	0	0	0	0
71	0	0	781	666	850	1127	0	0	0	0
72	0	0	781	668	850	1125	0	0	0	0
73	0	0	782	667	850	1124	0	0	0	0
74	0	0	781	668	850	1121	0	0	0	0
75	0	0	781	668	850	1119	0	0	0	0
76	0	0	781	668	851	1124	0	0	0	0
77	0	0	781	667	851	1130	0	0	0	0
78	0	0	781	666	849	1131	0	0	0	0
79	0	0	781	666	850	1128	0	0	0	0
80	0	0	781	667	851	1130	0	0	0	0
81	0	0	780	667	852	1121	0	0	0	0
82	0	0	780	667	851	1115	0	0	0	0
83	0	0	779	667	851	1112	0	0	0	0
84	0	0	780	667	851	1113	0	0	0	0
85	0	0	781	667	851	1111	0	0	0	0
86	0	0	781	668	850	1110	0	0	0	0
87	0	0	781	668	850	1107	0	0	0	0
88	0	0	780	667	851	1106	0	0	0	0
89	0	0	780	667	851	1104	0	0	0	0
90	0	0	780	667	852	1104	0	0	0	0
91	0	0	779	667	852	1105	0	0	0	0
92	0	0	779	667	852	1103	0	0	0	0
93	0	0	778	667	853	1105	0	0	0	0
94	0	0	778	666	853	1109	0	0	0	0
95	0	0	777	667	853	1115	0	0	0	0
96	0	0	778	666	852	1121	0	0	0	0
97	0	0	777	666	853	1119	0	0	0	0
98	0	0	778	667	853	1119	0	0	0	0
99	0	0	777	667	853	1124	0	0	0	0
100	0	0	777	667	853	1117	0	0	0	0
101	0	0	777	668	853	1121	0	0	0	0
102	0	0	777	666	853	1116	0	0	0	0
103	0	0	776	667	853	1109	0	0	0	0
104	0	0	776	667	853	1110	0	0	0	0
105	0	0	776	667	855	1110	0	0	0	0
106	0	0	776	667	854	1111	0	0	0	0
107	0	0	776	666	853	1107	0	0	0	0
108	0	0	776	667	854	1106	0	0	0	0
109	0	0	776	667	854	1110	0	0	0	0
110	0	0	776	666	854	1109	0	0	0	0
111	0	0	776	666	854	1110	0	0	0	0
112	0	0	776	666	854	1113	0	0	0	0
113	0	0	775	666	854	1116	0	0	0	0
114	0	0	776	666	855	1119	0	0	0	0
115	0	0	777	666	853	1124	0	0	0	0
116	0	0	778	666	854	1124	0	0	0	0
117	0	0	777	666	855	1127	0	0	0	0
118	0	0	777	665	855	1130	0	0	0	0
119	0	0	776	666	856	1129	0	0	0	0
120	0	0	777	665	857	1129	0	0	0	0
121	0	0	775	666	857	1131	0	0	0	0
122	0	0	776	665	856	1130	0	0	0	0
123	0	0	776	665	857	1128	0	0	0	0
124	0	0	776	665	856	1132	0	0	0	0
125	0	0	776	666	857	1131	0	0	0	0
126	0	0	776	665	857	1130	0	0	0	0
127	0	0	776	665	857	1128	0	0	0	0
0	0	0	776	664	858	1130	0	0	0	0
1	0	0	776	664	858	1128	0	0	0	0
2	0	0	777	665	858	1129	0	0	0	0
3	0	0	777	665	858	1127	0	0	0	0
4	0	0	777	665	858	1127	0	0	0	0
5	0	0	776	665	858	1126	0	0	0	0
6	0	0	776	664	858	1122	0	0	0	0
7	0	0	777	664	859	1123	0	0	0	0
8	0	0	776	663	859	1125	0	0	0	0
9	0	0	777	663	859	1125	0	0	0	0
10	0	0	775	664	859	1130	0	0	0	0
11	0	0	777	663	859	1131	0	0	0	0
12	0	0	776	663	859	1132	0	0	0	0
13	0	0	776	662	858	1130	0	0	0	0
14	0	0	777	662	859	1129	0	0	0	0
15	0	0	777	662	859	1132	0	0	0	0
16	0	0	776	661	859	1131	0	0	0	0
17	0	0	776	662	859	1132	0	0	0	0
18	0	0	776	662	860	1131	0	0	0	0
19	0	0	775	661	859	1131	0	0	0	0
20	0	0	776	661	860	1132	0	0	0	0
21	0	0	775	661	858	1141	0	0	0	0
22	0	0	776	661	859	1139	0	0	0	0
23	0	0	776	662	859	1139	0	0	0	0
24	0	0	776	662	858	1141	0	0	0	0
25	0	0	776	661	858	1141	0	0	0	0
26	0	0	777	661	859	1139	0	0	0	0
27	0	0	776	661	858	1138	0	0	0	0
28	0	0	776	661	858	1141	0	0	0	0
29	0	0	776	661	858	1143	0	0	0	0
30	0	0	776	661	857	1140	0	0	0	0
31	0	0	775	661	858	1140	0	0	0	0
32	0	0	776	661	858	1142	0	0	0	0
33	0	0	776	660	857	1145	0	0	0	0
34	0	0	777	660	857	1144	0	0	0	0
35	0	0	777	660	859	1142	0	0	0	0
36	0	0	777	661	857	1146	0	0	0	0
37	0	0	776	660	857	1145	0	0	0	0
38	0	0	777	660	857	1146	0	0	0	0
39	0	0	776	659	857	1143	0	0	0	0
40	0	0	777	659	857	1141	0	0	0	0
41	0	0	778	660	857	1146	0	0	0	0
42	0	0	778	660	857	1145	0	0	0	0
43	0	0	778	660	857	1146	0	0	0	0
44	0	0	777	660	856	1147	0	0	0	0
45	0	0	777	660	857	1147	0	0	0	0
46	0	0	778	659	857	1150	0	0	0	0
47	0	0	777	659	856	1149	0	0	0	0
48	0	0	778	659	856	1151	0	0	0	0
49	0	0	778	659	856	1152	0	0	0	0
50	0	0	779	658	857	1152	0	0	0	0
51	0	0	778	660	856	1153	0	0	0	0
52	0	0	778	659	856	1152	0	0	0	0
53	0	0	778	659	855	1152	0	0	0	0
54	0	0	778	658	856	1154	0	0	0	0
55	0	0	778	658	855	1155	0	0	0	0
56	0	0	778	659	855	1155	0	0	0	0
57	0	0	780	658	855	1153	0	0	0	0
58	0	0	779	658	854	1156	0	0	0	0
59	0	0	780	659	854	1155	0	0	0	0
60	0	0	779	658	854	1157	0	0	0	0
61	0	0	779	658	854	1156	0	0	0	0
62	0	0	780	659	854	1159	0	0	0	0
63	0	0	780	659	854	1152	0	0	0	0
64	0	0	780	659	854	1154	0	0	0	0
65	0	0	781	659	854	1156	0	0	0	0
66	0	0	780	659	855	1159	0	0	0	0
67	0	0	779	660	853	1161	0	0	0	0
68	0	0	780	658	853	1161	0	0	0	0
69	0	0	781	659	853	1162	0	0	0	0
70	0	0	780	659	852	1165	0	0	0	0
71	0	0	780	658	853	1166	0	0	0	0
72	0	0	782	658	853	1167	0	0	0	0
73	0	0	780	659	853	1167	0	0	0	0
74	0	0	779	661	853	1169	0	0	0	0
75	0	0	779	658	852	1170	0	0	0	0
76	0	0	780	658	853	1173	0	0	0	0
77	0	0	780	659	852	1177	0	0	0	0
78	0	0	780	660	852	1180	0	0	0	0
79	0	0	779	659	852	1178	0	0	0	0
80	0	0	780	659	852	1178	0	0	0	0
81	0	0	779	659	852	1178	0	0	0	0
82	0	0	778	660	853	1179	0	0	0	0
83	0	0	778	660	852	1179	0	0	0	0
84	0	0	778	660	852	1179	0	0	0	0
85	0	0	777	661	851	1182	0	0	0	0
86	0	0	776	660	851	1191	0	0	0	0
87	0	0	778	661	851	1193	0	0	0	0
88	0	0	778	660	852	1189	0	0	0	0
89	0	0	779	660	852	1189	0	0	0	0
90	0	0	779	660	852	1189	0	0	0	0
91	0	0	779	660	851	1184	0	0	0	0
92	0	0	779	660	852	1184	0	0	0	0
93	0	0	779	661	851	1186	0	0	0	0
94	0	0	778	660	851	1187	0	0	0	0
95	0	0	779	661	852	1189	0	0	0	0
96	0	0	779	660	852	1193	0	0	0	0
97	0	0	777	661	852	1194	0	0	0	0
98	0	0	778	661	852	1189	0	0	0	0
99	0	0	779	663	852	1188	0	0	0	0
100	0	0	778	660	852	1189	0	0	0	0
101	0	0	778	661	852	1188	0	0	0	0
102	0	0	778	661	852	1191	0	0	0	0
103	0	0	778	661	852	1193	0	0	0	0
104	0	0	778	661	852	1191	0	0	0	0
105	0	0	777	661	851	1189	0	0	0	0
106	0	0	778	661	851	1189	0	0	0	0
107	0	0	778	662	852	1188	0	0	0	0
108	0	0	778	662	852	1196	0	0	0	0
109	0	0	779	662	851	1200	0	0	0	0
110	0	0	778	662	852	1199	0	0	0	0
111	0	0	778	662	852	1196	0	0	0	0
112	0	0	777	662	853	1201	0	0	0	0
113	0	0	777	662	853	1203	0	0	0	0
114	0	0	778	662	852	1201	0	0	0	0
115	0	0	778	663	852	1200	0	0	0	0
116	0	0	780	662	854	1205	0	0	0	0
117	0	0	777	663	853	1205	0	0	0	0
118	0	0	778	663	853	1202	0	0	0	0
119	0	0	778	663	853	1203	0	0	0	0
120	0	0	778	662	853	1200	0	0	0	0
121	0	0	778	664	854	1199	0	0	0	0
122	0	0	777	663	854	1198	0	0	0	0
123	0	0	777	663	855	1196	0	0	0	0
124	0	0	777	663	855	1198	0	0	0	0
125	0	0	778	663	855	1198	0	0	0	0
126	0	0	776	663	855	1199	0	0	0	0
127	0	0	776	663	855	1202	0	0	0	0
0	0	0	776	663	856	1205	0	0	0	0
1	0	0	775	663	855	1206	0	0	0	0
2	0	0	776	663	855	1210	0	0	0	0
3	0	0	779	662	855	1209	0	0	0	0
4	0	0	778	664	856	1212	0	0	0	0
5	0	0	777	664	856	1214	0	0	0	0
6	0	0	777	664	856	1214	0	0	0	0
7	0	0	778	663	856	1213	0	0	0	0
8	0	0	777	663	856	1212	0	0	0	0
9	0	0	777	663	857	1215	0	0	0	0
10	0	0	778	663	857	1213	0	0	0	0
11	0	0	778	663	857	1211	0	0	0	0
12	0	0	778	664	856	1209	0	0	0	0
13	0	0	778	664	856	1209	0	0	0	0
14	0	0	777	664	856	1210	0	0	0	0
15	0	0	777	664	857	1210	0	0	0	0
16	0	0	777	664	857	1211	0	0	0	0
17	0	0	776	664	857	1213	0	0	0	0
18	0	0	776	663	857	1212	0	0	0	0
19	0	0	778	663	858	1214	0	0	0	0
20	0	0	779	664	858	1218	0	0	0	0
21	0	0	779	663	857	1218	0	0	0	0
22	0	0	778	663	857	1221	0	0	0	0
23	0	0	778	664	857	1219	0	0	0	0
24	0	0	778	664	858	1219	0	0	0	0
25	0	0	778	664	858	1223	0	0	0	0
26	0	0	778	664	857	1222	0	0	0	0
27	0	0	778	664	857	1224	0	0	0	0
28	0	0	777	664	857	1228	0	0	0	0
29	0	0	776	664	858	1228	0	0	0	0
30	0	0	778	664	858	1227	0	0	0	0
31	0	0	778	664	857	1225	0	0	0	0
32	0	0	777	664	857	1223	0	0	0	0
33	0	0	777	664	857	1223	0	0	0	0
34	0	0	778	664	858	1220	0	0	0	0
35	0	0	778	665	857	1218	0	0	0	0
36	0	0	778	665	858	1219	0	0	0	0
37	0	0	779	663	857	1222	0	0	0	0
38	0	0	777	664	856	1223	0	0	0	0
39	0	0	778	664	857	1222	0	0	0	0
40	0	0	778	664	857	1222	0	0	0	0
41	0	0	777	664	857	1222	0	0	0	0
42	0	0	779	664	857	1222	0	0	0	0
43	0	0	778	664	857	1221	0	0	0	0
44	0	0	778	665	857	1224	0	0	0	0
45	0	0	778	665	857	1225	0	0	0	0
46	0	0	778	664	857	1223	0	0	0	0
47	0	0	778	665	857	1223	0	0	0	0
48	0	0	777	664	857	1223	0	0	0	0
49	0	0	778	665	858	1224	0	0	0	0
50	0	0	777	663	858	1222	0	0	0	0
51	0	0	779	665	857	1224	0	0	0	0
52	0	0	779	663	857	1223	0	0	0	0
53	0	0	780	663	856	1221	0	0	0	0
54	0	0	778	663	858	1221	0	0	0	0
55	0	0	778	663	857	1221	0	0	0	0
56	0	0	778	664	856	1221	0	0	0	0
57	0	0	778	664	857	1222	0	0	0	0
58	0	0	777	665	857	1222	0	0	0	0
59	0	0	778	664	857	1224	0	0	0	0
60	0	0	778	665	857	1225	0	0	0	0
61	0	0	777	664	857	1226	0	0	0	0
62	0	0	776	664	856	1226	0	0	0	0
63	0	0	775	666	856	1225	0	0	0	0
64	0	0	776	664	857	1228	0	0	0	0
65	0	0	777	664	857	1228	0	0	0	0
66	0	0	776	665	858	1230	0	0	0	0
67	0	0	777	664	858	1229	0	0	0	0
68	0	0	777	665	857	1229	0	0	0	0
69	0	0	776	665	857	1230	0	0	0	0
70	0	0	777	665	857	1227	0	0	0	0
71	0	0	777	665	857	1228	0	0	0	0
72	0	0	777	665	857	1225	0	0	0	0
73	0	0	776	665	858	1229	0	0	0	0
74	0	0	777	666	860	1227	0	0	0	0
75	0	0	775	665	858	1225	0	0	0	0
76	0	0	777	666	859	1227	0	0	0	0
77	0	0	776	665	857	1231	0	0	0	0
78	0	0	776	665	858	1232	0	0	0	0
79	0	0	775	665	858	1233	0	0	0	0
80	0	0	775	666	858	1231	0	0	0	0
81	0	0	775	665	858	1233	0	0	0	0
82	0	0	776	666	858	1237	0	0	0	0
83	0	0	777	666	859	1238	0	0	0	0
84	0	0	776	666	859	1238	0	0	0	0
85	0	0	776	666	860	1241	0	0	0	0
86	0	0	777	666	859	1241	0	0	0	0
87	0	0	777	666	858	1239	0	0	0	0
88	0	0	777	667	859	1242	0	0	0	0
89	0	0	776	666	859	1242	0	0	0	0
90	0	0	777	666	860	1239	0	0	0	0
91	0	0	777	666	859	1237	0	0	0	0
92	0	0	776	666	858	1234	0	0	0	0
93	0	0	777	666	860	1229	0	0	0	0
94	0	0	776	666	859	1230	0	0	0	0
95	0	0	776	666	858	1226	0	0	0	0
96	0	0	776	666	859	1224	0	0	0	0
97	0	0	777	666	859	1224	0	0	0	0
98	0	0	776	666	859	1226	0	0	0	0
99	0	0	775	666	859	1226	0	0	0	0
100	0	0	775	667	859	1228	0	0	0	0
101	0	0	777	667	859	1228	0	0	0	0
102	0	0	777	668	859	1229	0	0	0	0
103	0	0	775	667	860	1229	0	0	0	0
104	0	0	776	667	860	1230	0	0	0	0
105	0	0	776	667	860	1231	0	0	0	0
106	0	0	776	667	859	1231	0	0	0	0
107	0	0	777	666	860	1227	0	0	0	0
108	0	0	777	667	860	1226	0	0	0	0
109	0	0	777	667	861	1226	0	0	0	0
110	0	0	776	667	859	1226	0	0	0	0
111	0	0	775	666	860	1224	0	0	0	0
112	0	0	776	667	860	1223	0	0	0	0
113	0	0	777	667	860	1226	0	0	0	0
114	0	0	777	667	859	1221	0	0	0	0
115	0	0	777	667	860	1221	0	0	0	0
116	0	0	776	668	860	1221	0	0	0	0
117	0	0	777	667	859	1221	0	0	0	0
118	0	0	777	668	860	1226	0	0	0	0
119	0	0	777	667	860	1225	0	0	0	0
120	0	0	777	667	860	1227	0	0	0	0
121	0	0	777	668	860	1225	0	0	0	0
122	0	0	777	668	861	1225	0	0	0	0
123	0	0	778	668	860	1222	0	0	0	0
124	0	0	777	667	860	1224	0	0	0	0
125	0	0	777	668	860	1222	0	0	0	0
126	0	0	777	667	860	1220	0	0	0	0
127	0	0	777	667	860	1218	0	0	0	0
0	0	0	777	668	860	1225	0	0	0	0
1	0	0	777	668	859	1225	0	0	0	0
2	0	0	777	667	860	1231	0	0	0	0
3	0	0	777	667	860	1227	0	0	0	0
4	0	0	777	668	860	1225	0	0	0	0
5	0	0	778	668	859	1227	0	0	0	0
6	0	0	776	668	860	1219	0	0	0	0
7	0	0	776	668	861	1217	0	0	0	0
8	0	0	777	668	860	1213	0	0	0	0
9	0	0	777	667	860	1213	0	0	0	0
10	0	0	777	667	860	1212	0	0	0	0
11	0	0	775	668	860	1212	0	0	0	0
12	0	0	776	667	859	1210	0	0	0	0
13	0	0	777	667	860	1214	0	0	0	0
14	0	0	775	667	858	1211	0	0	0	0
15	0	0	776	668	859	1213	0	0	0	0
16	0	0	777	667	859	1216	0	0	0	0
17	0	0	776	667	858	1211	0	0	0	0
18	0	0	778	667	858	1213	0	0	0	0
19	0	0	777	668	858	1214	0	0	0	0
20	0	0	778	667	858	1214	0	0	0	0
21	0	0	777	667	858	1213	0	0	0	0
22	0	0	776	667	857	1211	0	0	0	0
23	0	0	777	666	857	1210	0	0	0	0
24	0	0	777	666	858	1208	0	0	0	0
25	0	0	777	666	858	1210	0	0	0	0
26	0	0	777	666	857	1208	0	0	0	0
27	0	0	777	665	857	1207	0	0	0	0
28	0	0	778	665	857	1209	0	0	0	0
29	0	0	777	665	856	1209	0	0	0	0
30	0	0	777	666	856	1209	0	0	0	0
31	0	0	776	665	856	1208	0	0	0	0
32	0	0	775	664	856	1208	0	0	0	0
33	0	0	776	664	855	1208	0	0	0	0
34	0	0	776	664	857	1207	0	0	0	0
35	0	0	777	664	857	1207	0	0	0	0
36	0	0	776	664	857	1209	0	0	0	0
37	0	0	778	664	856	1212	0	0	0	0
38	0	0	776	664	857	1214	0	0	0	0
39	0	0	776	663	857	1213	0	0	0	0
40	0	0	775	663	857	1214	0	0	0	0
41	0	0	775	664	858	1212	0	0	0	0
42	0	0	776	663	858	1210	0	0	0	0
43	0	0	775	664	859	1212	0	0	0	0
44	0	0	776	663	858	1213	0	0	0	0
45	0	0	777	663	858	1213	0	0	0	0
46	0	0	776	663	859	1213	0	0	0	0
47	0	0	776	662	859	1217	0	0	0	0
48	0	0	777	662	859	1218	0	0	0	0
49	0	0	777	662	860	1213	0	0	0	0
50	0	0	775	661	860	1214	0	0	0	0
51	0	0	776	661	860	1213	0	0	0	0
52	0	0	776	661	859	1215	0	0	0	0
53	0	0	775	661	860	1217	0	0	0	0
54	0	0	774	662	860	1220	0	0	0	0
55	0	0	775	661	861	1223	0	0	0	0
56	0	0	774	661	861	1224	0	0	0	0
57	0	0	774	660	861	1223	0	0	0	0
58	0	0	775	660	862	1224	0	0	0	0
59	0	0	775	660	862	1222	0	0	0	0
60	0	0	776	659	864	1221	0	0	0	0
61	0	0	776	660	862	1223	0	0	0	0
62	0	0	774	658	862	1223	0	0	0	0
63	0	0	776	659	863	1220	0	0	0	0
64	0	0	775	661	863	1220	0	0	0	0
65	0	0	775	658	862	1218	0	0	0	0
66	0	0	776	659	863	1216	0	0	0	0
67	0	0	776	658	862	1218	0	0	0	0
68	0	0	776	659	862	1218	0	0	0	0
69	0	0	776	658	862	1222	0	0	0	0
70	0	0	776	658	863	1223	0	0	0	0
71	0	0	774	659	863	1222	0	0	0	0
72	0	0	774	659	862	1223	0	0	0	0
73	0	0	774	659	863	1223	0	0	0	0
74	0	0	774	659	863	1223	0	0	0	0
75	0	0	773	659	863	1223	0	0	0	0
76	0	0	775	659	864	1226	0	0	0	0
77	0	0	775	659	864	1224	0	0	0	0
78	0	0	775	660	864	1223	0	0	0	0
79	0	0	773	660	864	1224	0	0	0	0
80	0	0	775	659	865	1224	0	0	0	0
81	0	0	775	659	864	1230	0	0	0	0
82	0	0	774	659	864	1229	0	0	0	0
83	0	0	775	660	864	1227	0	0	0	0
84	0	0	774	660	865	1227	0	0	0	0
85	0	0	774	660	865	1229	0	0	0	0
86	0	0	774	660	865	1231	0	0	0	0
87	0	0	774	661	866	1230	0	0	0	0
88	0	0	774	661	865	1229	0	0	0	0
89	0	0	774	661	866	1228	0	0	0	0
90	0	0	775	662	866	1230	0	0	0	0
91	0	0	773	662	866	1230	0	0	0	0
92	0	0	775	662	865	1232	0	0	0	0
93	0	0	774	661	865	1232	0	0	0	0
94	0	0	773	661	865	1238	0	0	0	0
95	0	0	774	661	866	1236	0	0	0	0
96	0	0	772	662	867	1240	0	0	0	0
97	0	0	772	662	865	1242	0	0	0	0
98	0	0	773	663	865	1244	0	0	0	0
99	0	0	772	662	866	1242	0	0	0	0
100	0	0	773	663	866	1245	0	0	0	0
101	0	0	772	663	866	1242	0	0	0	0
102	0	0	771	663	866	1246	0	0	0	0
103	0	0	773	663	866	1243	0	0	0	0
104	0	0	774	663	866	1243	0	0	0	0
105	0	0	774	663	866	1241	0	0	0	0
106	0	0	773	663	865	1244	0	0	0	0
107	0	0	773	663	865	1244	0	0	0	0
108	0	0	773	664	866	1245	0	0	0	0
109	0	0	774	664	865	1248	0	0	0	0
110	0	0	775	663	865	1247	0	0	0	0
111	0	0	774	664	866	1243	0	0	0	0
112	0	0	774	663	865	1244	0	0	0	0
113	0	0	774	664	866	1246	0	0	0	0
114	0	0	774	664	865	1251	0	0	0	0
115	0	0	774	663	865	1248	0	0	0	0
116	0	0	774	664	865	1248	0	0	0	0
117	0	0	773	663	865	1249	0	0	0	0
118	0	0	773	663	866	1248	0	0	0	0
119	0	0	775	664	864	1247	0	0	0	0
120	0	0	774	662	864	1249	0	0	0	0
121	0	0	773	663	863	1251	0	0	0	0
122	0	0	773	663	863	1250	0	0	0	0
123	0	0	774	663	863	1248	0	0	0	0
124	0	0	774	664	862	1251	0	0	0	0
125	0	0	774	663	862	1251	0	0	0	0
126	0	0	774	663	862	1251	0	0	0	0
127	0	0	774	663	862	1251	0	0	0	0
0	0	0	774	664	862	1250	0	0	0	0
1	0	0	775	665	862	1250	0	0	0	0
2	0	0	774	664	862	1251	0	0	0	0
3	0	0	774	664	861	1250	0	0	0	0
4	0	0	774	663	861	1250	0	0	0	0
5	0	0	774	663	860	1251	0	0	0	0
6	0	0	774	664	860	1252	0	0	0	0
7	0	0	775	664	860	1251	0	0	0	0
8	0	0	776	664	858	1253	0	0	0	0
9	0	0	774	663	857	1248	0	0	0	0
10	0	0	774	663	860	1252	0	0	0	0
11	0	0	774	663	858	1251	0	0	0	0
12	0	0	774	663	858	1252	0	0	0	0
13	0	0	774	663	858	1250	0	0	0	0
14	0	0	774	663	856	1249	0	0	0	0
15	0	0	775	663	858	1247	0	0	0	0
16	0	0	775	664	857	1246	0	0	0	0
17	0	0	775	661	857	1251	0	0	0	0
18	0	0	774	663	857	1251	0	0	0	0
19	0	0	774	663	856	1255	0	0	0	0
20	0	0	775	664	856	1255	0	0	0	0
21	0	0	776	664	855	1256	0	0	0	0
22	0	0	777	663	855	1259	0	0	0	0
23	0	0	777	663	855	1261	0	0	0	0
24	0	0	776	663	853	1258	0	0	0	0
25	0	0	776	663	854	1260	0	0	0	0
26	0	0	776	663	851	1262	0	0	0	0
27	0	0	776	663	853	1262	0	0	0	0
28	0	0	775	663	853	1262	0	0	0	0
29	0	0	777	662	852	1262	0	0	0	0
30	0	0	775	663	853	1263	0	0	0	0
31	0	0	776	662	852	1263	0	0	0	0
32	0	0	777	661	852	1260	0	0	0	0
33	0	0	776	662	852	1261	0	0	0	0
34	0	0	776	661	852	1260	0	0	0	0
35	0	0	776	662	852	1260	0	0	0	0
36	0	0	776	663	853	1262	0	0	0	0
37	0	0	776	660	852	1265	0	0	0	0
38	0	0	776	661	852	1268	0	0	0	0
39	0	0	775	661	850	1265	0	0	0	0
40	0	0	776	661	851	1264	0	0	0	0
41	0	0	777	661	852	1266	0	0	0	0
42	0	0	777	661	853	1266	0	0	0	0
43	0	0	777	660	852	1266	0	0	0	0
44	0	0	775	660	852	1268	0	0	0	0
45	0	0	776	660	853	1271	0	0	0	0
46	0	0	777	660	853	1270	0	0	0	0
47	0	0	776	659	853	1270	0	0	0	0
48	0	0	777	659	853	1273	0	0	0	0
49	0	0	778	659	853	1276	0	0	0	0
50	0	0	778	658	853	1278	0	0	0	0
51	0	0	778	659	853	1281	0	0	0	0
52	0	0	778	658	854	1283	0	0	0	0
53	0	0	778	657	855	1285	0	0	0	0
54	0	0	778	658	854	1282	0	0	0	0
55	0	0	778	657	855	1280	0	0	0	0
56	0	0	777	658	854	1282	0	0	0	0
57	0	0	779	657	855	1285	0	0	0	0
58	0	0	779	658	855	1286	0	0	0	0
59	0	0	779	657	854	1285	0	0	0	0
60	0	0	779	658	855	1284	0	0	0	0
61	0	0	780	657	855	1287	0	0	0	0
62	0	0	779	657	854	1289	0	0	0	0
63	0	0	779	657	854	1290	0	0	0	0
64	0	0	779	656	855	1289	0	0	0	0
65	0	0	780	657	855	1290	0	0	0	0
66	0	0	780	656	853	1294	0	0	0	0
67	0	0	780	657	855	1294	0	0	0	0
68	0	0	779	657	855	1296	0	0	0	0
69	0	0	779	657	855	1298	0	0	0	0
70	0	0	780	657	855	1303	0	0	0	0
71	0	0	780	657	855	1300	0	0	0	0
72	0	0	780	656	855	1302	0	0	0	0
73	0	0	781	656	856	1302	0	0	0	0
74	0	0	780	657	855	1304	0	0	0	0
75	0	0	779	657	855	1306	0	0	0	0
76	0	0	779	656	855	1312	0	0	0	0
77	0	0	779	656	855	1312	0	0	0	0
78	0	0	778	657	857	1313	0	0	0	0
79	0	0	780	656	856	1311	0	0	0	0
80	0	0	779	657	856	1315	0	0	0	0
81	0	0	779	657	856	1315	0	0	0	0
82	0	0	780	657	856	1317	0	0	0	0
83	0	0	780	657	855	1316	0	0	0	0
84	0	0	779	656	856	1320	0	0	0	0
85	0	0	779	658	856	1320	0	0	0	0
86	0	0	781	659	856	1322	0	0	0	0
87	0	0	780	658	855	1325	0	0	0	0
88	0	0	781	658	856	1323	0	0	0	0
89	0	0	781	658	857	1323	0	0	0	0
90	0	0	781	658	856	1320	0	0	0	0
91	0	0	780	658	856	1318	0	0	0	0
92	0	0	780	659	856	1315	0	0	0	0
93	0	0	779	659	854	1315	0	0	0	0
94	0	0	779	659	856	1316	0	0	0	0
95	0	0	779	660	856	1316	0	0	0	0
96	0	0	780	659	855	1316	0	0	0	0
97	0	0	780	660	856	1315	0	0	0	0
98	0	0	779	660	856	1314	0	0	0	0
99	0	0	779	660	855	1313	0	0	0	0
100	0	0	778	661	856	1312	0	0	0	0
101	0	0	779	659	855	1319	0	0	0	0
102	0	0	779	663	854	1317	0	0	0	0
103	0	0	779	662	855	1321	0	0	0	0
104	0	0	778	662	854	1320	0	0	0	0
105	0	0	779	663	855	1322	0	0	0	0
106	0	0	779	663	855	1318	0	0	0	0
107	0	0	780	663	856	1317	0	0	0	0
108	0	0	780	663	856	1319	0	0	0	0
