# bioPlux Text File Format
# Version: 1
# StartDateTime: 2012-03-21 17:44:10
# SamplingFrequency: 1000
# SampledChannels: 1 2 3 4 5 6 7 8
# SamplingResolution: 12
# AcquiringDevice: 00:07:80:93:66:BE
# EndOfHeader
0	0	0	776	661	856	1518	0	0	0	0
1	0	0	777	662	855	1516	0	0	0	0
2	0	0	777	661	856	1515	0	0	0	0
3	0	0	777	661	856	1515	0	0	0	0
4	0	0	777	662	855	1515	0	0	0	0
5	0	0	777	662	855	1514	0	0	0	0
6	0	0	776	662	856	1513	0	0	0	0
7	0	0	776	661	856	1515	0	0	0	0
8	0	0	776	661	856	1515	0	0	0	0
9	0	0	776	661	856	1519	0	0	0	0
10	0	0	776	662	856	1517	0	0	0	0
11	0	0	776	661	855	1518	0	0	0	0
12	0	0	776	661	856	1522	0	0	0	0
13	0	0	776	661	856	1520	0	0	0	0
14	0	0	776	662	856	1521	0	0	0	0
15	0	0	776	661	856	1523	0	0	0	0
16	0	0	775	662	855	1523	0	0	0	0
17	0	0	776	662	855	1524	0	0	0	0
18	0	0	775	662	855	1526	0	0	0	0
19	0	0	776	662	855	1522	0	0	0	0
20	0	0	776	661	854	1523	0	0	0	0
21	0	0	776	662	855	1522	0	0	0	0
22	0	0	776	661	855	1520	0	0	0	0
23	0	0	776	662	855	1518	0	0	0	0
24	0	0	775	661	856	1519	0	0	0	0
25	0	0	776	661	855	1520	0	0	0	0
26	0	0	775	661	856	1523	0	0	0	0
27	0	0	776	662	856	1520	0	0	0	0
28	0	0	775	661	855	1521	0	0	0	0
29	0	0	775	661	855	1519	0	0	0	0
30	0	0	776	662	855	1523	0	0	0	0
31	0	0	775	661	854	1522	0	0	0	0
32	0	0	776	662	855	1525	0	0	0	0
33	0	0	776	662	855	1527	0	0	0	0
34	0	0	776	662	854	1522	0	0	0	0
35	0	0	776	662	854	1521	0	0	0	0
36	0	0	775	662	854	1520	0	0	0	0
37	0	0	777	662	855	1521	0	0	0	0
38	0	0	776	662	854	1522	0	0	0	0
39	0	0	777	662	855	1524	0	0	0	0
40	0	0	777	663	854	1525	0	0	0	0
41	0	0	777	662	854	1525	0	0	0	0
42	0	0	776	662	855	1523	0	0	0	0
43	0	0	776	662	854	1521	0	0	0	0
44	0	0	776	661	855	1521	0	0	0	0
45	0	0	776	662	855	1522	0	0	0	0
46	0	0	777	662	855	1525	0	0	0	0
47	0	0	776	662	855	1529	0	0	0	0
48	0	0	776	661	854	1529	0	0	0	0
49	0	0	776	662	854	1526	0	0	0	0
50	0	0	777	661	855	1530	0	0	0	0
51	0	0	776	662	854	1531	0	0	0	0
52	0	0	777	662	854	1534	0	0	0	0
53	0	0	776	662	854	1533	0	0	0	0
54	0	0	776	663	855	1536	0	0	0	0
55	0	0	776	662	855	1537	0	0	0	0
56	0	0	775	662	855	1538	0	0	0	0
57	0	0	776	662	855	1536	0	0	0	0
58	0	0	776	662	855	1537	0	0	0	0
59	0	0	774	662	854	1534	0	0	0	0
60	0	0	777	662	855	1532	0	0	0	0
61	0	0	775	662	855	1532	0	0	0	0
62	0	0	775	661	854	1528	0	0	0	0
63	0	0	776	662	855	1527	0	0	0	0
64	0	0	776	662	854	1526	0	0	0	0
65	0	0	775	661	854	1525	0	0	0	0
66	0	0	777	662	855	1525	0	0	0	0
67	0	0	777	662	855	1527	0	0	0	0
68	0	0	776	662	854	1531	0	0	0	0
69	0	0	777	662	854	1530	0	0	0	0
70	0	0	777	662	854	1531	0	0	0	0
71	0	0	777	662	855	1531	0	0	0	0
72	0	0	777	663	855	1532	0	0	0	0
73	0	0	776	662	855	1532	0	0	0	0
74	0	0	777	662	855	1532	0	0	0	0
75	0	0	776	662	855	1531	0	0	0	0
76	0	0	777	663	855	1536	0	0	0	0
77	0	0	777	661	855	1533	0	0	0	0
78	0	0	777	662	856	1532	0	0	0	0
79	0	0	775	662	856	1532	0	0	0	0
80	0	0	776	662	857	1538	0	0	0	0
81	0	0	777	662	856	1538	0	0	0	0
82	0	0	778	661	856	1534	0	0	0	0
83	0	0	776	661	855	1527	0	0	0	0
84	0	0	776	661	856	1524	0	0	0	0
85	0	0	776	663	856	1528	0	0	0	0
86	0	0	776	662	855	1524	0	0	0	0
87	0	0	777	662	857	1529	0	0	0	0
88	0	0	776	661	855	1526	0	0	0	0
89	0	0	776	661	856	1525	0	0	0	0
90	0	0	776	662	855	1525	0	0	0	0
91	0	0	776	662	856	1531	0	0	0	0
92	0	0	777	663	855	1536	0	0	0	0
93	0	0	776	663	856	1534	0	0	0	0
94	0	0	775	662	855	1537	0	0	0	0
95	0	0	775	664	855	1534	0	0	0	0
96	0	0	775	663	855	1536	0	0	0	0
97	0	0	776	663	856	1534	0	0	0	0
98	0	0	776	662	855	1536	0	0	0	0
99	0	0	776	662	856	1540	0	0	0	0
100	0	0	775	662	856	1540	0	0	0	0
101	0	0	775	663	856	1539	0	0	0	0
102	0	0	775	663	856	1535	0	0	0	0
103	0	0	774	662	856	1533	0	0	0	0
104	0	0	774	662	854	1534	0	0	0	0
105	0	0	775	662	856	1530	0	0	0	0
106	0	0	776	663	856	1529	0	0	0	0
107	0	0	775	662	855	1528	0	0	0	0
108	0	0	776	662	856	1527	0	0	0	0
109	0	0	775	663	856	1529	0	0	0	0
110	0	0	775	663	856	1530	0	0	0	0
111	0	0	776	664	856	1531	0	0	0	0
112	0	0	776	664	856	1534	0	0	0	0
113	0	0	775	664	856	1533	0	0	0	0
114	0	0	775	664	857	1531	0	0	0	0
115	0	0	775	663	856	1534	0	0	0	0
116	0	0	775	663	856	1533	0	0	0	0
117	0	0	775	664	856	1532	0	0	0	0
118	0	0	774	663	856	1529	0	0	0	0
119	0	0	774	664	857	1533	0	0	0	0
120	0	0	775	664	855	1536	0	0	0	0
121	0	0	775	664	855	1531	0	0	0	0
122	0	0	775	663	855	1529	0	0	0	0
123	0	0	776	665	855	1529	0	0	0	0
124	0	0	776	665	856	1530	0	0	0	0
125	0	0	775	665	855	1531	0	0	0	0
126	0	0	775	665	855	1532	0	0	0	0
127	0	0	775	664	854	1529	0	0	0	0
0	0	0	775	665	855	1531	0	0	0	0
1	0	0	776	665	855	1529	0	0	0	0
2	0	0	775	665	855	1530	0	0	0	0
3	0	0	776	666	855	1531	0	0	0	0
4	0	0	775	666	855	1531	0	0	0	0
5	0	0	775	666	855	1527	0	0	0	0
6	0	0	775	666	855	1525	0	0	0	0
7	0	0	776	666	854	1526	0	0	0	0
8	0	0	775	666	855	1526	0	0	0	0
9	0	0	775	665	854	1526	0	0	0	0
10	0	0	774	665	855	1526	0	0	0	0
11	0	0	774	666	855	1524	0	0	0	0
12	0	0	775	665	855	1525	0	0	0	0
13	0	0	775	666	856	1524	0	0	0	0
14	0	0	774	666	854	1522	0	0	0	0
15	0	0	774	666	856	1519	0	0	0	0
16	0	0	774	666	856	1522	0	0	0	0
17	0	0	774	666	857	1523	0	0	0	0
18	0	0	773	665	856	1520	0	0	0	0
19	0	0	774	666	856	1522	0	0	0	0
20	0	0	773	666	855	1524	0	0	0	0
21	0	0	773	666	855	1523	0	0	0	0
22	0	0	774	665	857	1526	0	0	0	0
23	0	0	773	666	856	1524	0	0	0	0
24	0	0	772	665	856	1524	0	0	0	0
25	0	0	773	666	857	1523	0	0	0	0
26	0	0	773	665	857	1522	0	0	0	0
27	0	0	772	664	856	1518	0	0	0	0
28	0	0	772	665	857	1515	0	0	0	0
29	0	0	771	664	857	1513	0	0	0	0
30	0	0	772	664	857	1510	0	0	0	0
31	0	0	772	664	857	1512	0	0	0	0
32	0	0	771	665	857	1512	0	0	0	0
33	0	0	772	665	857	1514	0	0	0	0
34	0	0	770	664	857	1511	0	0	0	0
35	0	0	771	664	858	1509	0	0	0	0
36	0	0	772	665	858	1510	0	0	0	0
37	0	0	772	665	858	1509	0	0	0	0
38	0	0	772	665	858	1500	0	0	0	0
39	0	0	773	665	859	1503	0	0	0	0
40	0	0	772	664	857	1501	0	0	0	0
41	0	0	771	663	858	1500	0	0	0	0
42	0	0	771	664	858	1499	0	0	0	0
43	0	0	771	664	858	1503	0	0	0	0
44	0	0	772	664	859	1505	0	0	0	0
45	0	0	772	663	858	1505	0	0	0	0
46	0	0	771	663	859	1504	0	0	0	0
47	0	0	770	664	858	1503	0	0	0	0
48	0	0	772	663	859	1503	0	0	0	0
49	0	0	772	662	858	1504	0	0	0	0
50	0	0	771	664	859	1501	0	0	0	0
51	0	0	772	663	859	1499	0	0	0	0
52	0	0	771	664	858	1498	0	0	0	0
53	0	0	771	664	858	1497	0	0	0	0
54	0	0	771	663	858	1495	0	0	0	0
55	0	0	771	663	859	1491	0	0	0	0
56	0	0	771	663	859	1490	0	0	0	0
57	0	0	772	663	859	1492	0	0	0	0
58	0	0	771	663	859	1486	0	0	0	0
59	0	0	771	662	858	1480	0	0	0	0
60	0	0	771	663	859	1476	0	0	0	0
61	0	0	770	663	858	1473	0	0	0	0
62	0	0	770	662	858	1473	0	0	0	0
63	0	0	770	663	858	1473	0	0	0	0
64	0	0	770	663	858	1473	0	0	0	0
65	0	0	770	663	859	1474	0	0	0	0
66	0	0	770	660	858	1474	0	0	0	0
67	0	0	769	663	858	1474	0	0	0	0
68	0	0	771	663	859	1475	0	0	0	0
69	0	0	771	663	858	1472	0	0	0	0
70	0	0	770	662	859	1470	0	0	0	0
71	0	0	769	662	858	1468	0	0	0	0
72	0	0	769	663	858	1465	0	0	0	0
73	0	0	769	664	859	1461	0	0	0	0
74	0	0	770	664	858	1458	0	0	0	0
75	0	0	769	663	859	1458	0	0	0	0
76	0	0	769	663	858	1458	0	0	0	0
77	0	0	769	664	858	1457	0	0	0	0
78	0	0	769	664	859	1455	0	0	0	0
79	0	0	769	664	859	1452	0	0	0	0
80	0	0	770	663	858	1450	0	0	0	0
81	0	0	770	664	859	1442	0	0	0	0
82	0	0	770	663	858	1439	0	0	0	0
83	0	0	770	663	859	1434	0	0	0	0
84	0	0	769	664	860	1429	0	0	0	0
85	0	0	769	663	859	1424	0	0	0	0
86	0	0	770	663	860	1422	0	0	0	0
87	0	0	769	664	859	1430	0	0	0	0
88	0	0	768	663	860	1429	0	0	0	0
89	0	0	769	664	860	1428	0	0	0	0
90	0	0	769	663	860	1427	0	0	0	0
91	0	0	769	663	861	1429	0	0	0	0
92	0	0	770	664	861	1423	0	0	0	0
93	0	0	768	664	860	1427	0	0	0	0
94	0	0	769	664	860	1425	0	0	0	0
95	0	0	768	664	861	1424	0	0	0	0
96	0	0	768	664	860	1428	0	0	0	0
97	0	0	767	664	861	1424	0	0	0	0
98	0	0	768	664	861	1423	0	0	0	0
99	0	0	769	663	861	1426	0	0	0	0
100	0	0	769	663	861	1425	0	0	0	0
101	0	0	770	663	862	1426	0	0	0	0
102	0	0	769	663	862	1427	0	0	0	0
103	0	0	769	663	862	1429	0	0	0	0
104	0	0	770	662	863	1429	0	0	0	0
105	0	0	770	662	862	1429	0	0	0	0
106	0	0	770	662	862	1433	0	0	0	0
107	0	0	769	662	862	1430	0	0	0	0
108	0	0	771	663	863	1431	0	0	0	0
109	0	0	770	663	862	1431	0	0	0	0
110	0	0	771	662	864	1428	0	0	0	0
111	0	0	770	661	861	1430	0	0	0	0
112	0	0	770	662	862	1430	0	0	0	0
113	0	0	770	663	863	1427	0	0	0	0
114	0	0	770	663	862	1426	0	0	0	0
115	0	0	770	662	863	1427	0	0	0	0
116	0	0	769	662	862	1422	0	0	0	0
117	0	0	770	661	862	1425	0	0	0	0
118	0	0	769	661	863	1423	0	0	0	0
119	0	0	770	662	862	1424	0	0	0	0
120	0	0	770	662	862	1415	0	0	0	0
121	0	0	770	662	863	1414	0	0	0	0
122	0	0	771	661	863	1414	0	0	0	0
123	0	0	769	661	862	1414	0	0	0	0
124	0	0	770	662	862	1418	0	0	0	0
125	0	0	771	663	863	1418	0	0	0	0
126	0	0	770	661	863	1418	0	0	0	0
127	0	0	769	662	863	1420	0	0	0	0
0	0	0	769	662	863	1419	0	0	0	0
1	0	0	768	661	862	1417	0	0	0	0
2	0	0	769	662	862	1417	0	0	0	0
3	0	0	769	661	862	1420	0	0	0	0
4	0	0	768	662	861	1419	0	0	0	0
5	0	0	768	663	862	1421	0	0	0	0
6	0	0	767	662	861	1420	0	0	0	0
7	0	0	768	663	861	1418	0	0	0	0
8	0	0	770	664	860	1419	0	0	0	0
9	0	0	768	664	860	1420	0	0	0	0
10	0	0	769	664	861	1422	0	0	0	0
11	0	0	768	664	861	1420	0	0	0	0
12	0	0	768	665	860	1423	0	0	0	0
13	0	0	767	665	860	1423	0	0	0	0
14	0	0	767	665	861	1418	0	0	0	0
15	0	0	767	665	861	1418	0	0	0	0
16	0	0	766	665	860	1417	0	0	0	0
17	0	0	766	666	860	1421	0	0	0	0
18	0	0	767	666	860	1426	0	0	0	0
19	0	0	767	666	860	1420	0	0	0	0
20	0	0	767	667	861	1416	0	0	0	0
21	0	0	766	667	861	1413	0	0	0	0
22	0	0	767	667	861	1417	0	0	0	0
23	0	0	767	668	860	1415	0	0	0	0
24	0	0	767	668	859	1419	0	0	0	0
25	0	0	767	668	859	1415	0	0	0	0
26	0	0	767	668	859	1414	0	0	0	0
27	0	0	767	668	859	1415	0	0	0	0
28	0	0	766	668	860	1418	0	0	0	0
29	0	0	766	669	859	1422	0	0	0	0
30	0	0	766	669	860	1427	0	0	0	0
31	0	0	767	669	859	1417	0	0	0	0
32	0	0	766	669	860	1419	0	0	0	0
33	0	0	766	669	859	1419	0	0	0	0
34	0	0	766	670	860	1414	0	0	0	0
35	0	0	768	670	859	1413	0	0	0	0
36	0	0	767	671	859	1416	0	0	0	0
37	0	0	767	670	859	1415	0	0	0	0
38	0	0	767	670	859	1414	0	0	0	0
39	0	0	767	671	859	1415	0	0	0	0
40	0	0	766	672	858	1414	0	0	0	0
41	0	0	767	671	859	1413	0	0	0	0
42	0	0	766	671	858	1412	0	0	0	0
43	0	0	767	672	859	1413	0	0	0	0
44	0	0	767	672	859	1415	0	0	0	0
45	0	0	767	673	859	1415	0	0	0	0
46	0	0	768	673	859	1414	0	0	0	0
47	0	0	767	673	859	1408	0	0	0	0
48	0	0	766	675	858	1408	0	0	0	0
49	0	0	766	673	859	1409	0	0	0	0
50	0	0	767	673	859	1407	0	0	0	0
51	0	0	767	674	859	1407	0	0	0	0
52	0	0	767	674	858	1406	0	0	0	0
53	0	0	765	674	858	1402	0	0	0	0
54	0	0	766	674	857	1405	0	0	0	0
55	0	0	766	675	857	1401	0	0	0	0
56	0	0	765	675	858	1400	0	0	0	0
57	0	0	764	675	857	1398	0	0	0	0
58	0	0	764	675	857	1403	0	0	0	0
59	0	0	764	675	857	1398	0	0	0	0
60	0	0	766	676	858	1398	0	0	0	0
61	0	0	765	675	858	1395	0	0	0	0
62	0	0	766	676	857	1391	0	0	0	0
63	0	0	764	677	857	1389	0	0	0	0
64	0	0	764	677	856	1388	0	0	0	0
65	0	0	763	677	857	1383	0	0	0	0
66	0	0	763	678	855	1380	0	0	0	0
67	0	0	763	678	856	1372	0	0	0	0
68	0	0	763	678	856	1376	0	0	0	0
69	0	0	762	678	857	1369	0	0	0	0
70	0	0	763	679	856	1356	0	0	0	0
71	0	0	763	679	856	1352	0	0	0	0
72	0	0	763	679	857	1346	0	0	0	0
73	0	0	764	679	857	1346	0	0	0	0
74	0	0	762	680	856	1354	0	0	0	0
75	0	0	762	681	856	1369	0	0	0	0
76	0	0	761	680	855	1363	0	0	0	0
77	0	0	761	681	856	1351	0	0	0	0
78	0	0	761	681	855	1357	0	0	0	0
79	0	0	760	682	855	1351	0	0	0	0
80	0	0	760	682	856	1345	0	0	0	0
81	0	0	761	682	856	1347	0	0	0	0
82	0	0	761	683	856	1353	0	0	0	0
83	0	0	761	683	855	1350	0	0	0	0
84	0	0	761	684	855	1352	0	0	0	0
85	0	0	760	685	855	1345	0	0	0	0
86	0	0	760	685	857	1344	0	0	0	0
87	0	0	758	685	856	1342	0	0	0	0
88	0	0	761	684	856	1341	0	0	0	0
89	0	0	759	686	856	1343	0	0	0	0
90	0	0	758	686	857	1343	0	0	0	0
91	0	0	758	686	856	1340	0	0	0	0
92	0	0	760	687	857	1340	0	0	0	0
93	0	0	759	684	857	1340	0	0	0	0
94	0	0	759	687	856	1340	0	0	0	0
95	0	0	759	688	857	1341	0	0	0	0
96	0	0	759	688	857	1337	0	0	0	0
97	0	0	759	689	856	1339	0	0	0	0
98	0	0	758	687	855	1339	0	0	0	0
99	0	0	758	688	855	1341	0	0	0	0
100	0	0	758	689	856	1343	0	0	0	0
101	0	0	758	689	856	1345	0	0	0	0
102	0	0	759	689	856	1345	0	0	0	0
103	0	0	759	690	856	1347	0	0	0	0
104	0	0	758	689	855	1345	0	0	0	0
105	0	0	759	690	855	1346	0	0	0	0
106	0	0	758	689	854	1344	0	0	0	0
107	0	0	759	690	855	1343	0	0	0	0
108	0	0	759	692	854	1343	0	0	0	0
109	0	0	759	691	853	1345	0	0	0	0
110	0	0	760	691	853	1342	0	0	0	0
111	0	0	758	691	853	1343	0	0	0	0
112	0	0	759	691	853	1344	0	0	0	0
113	0	0	759	691	852	1342	0	0	0	0
114	0	0	759	693	851	1344	0	0	0	0
115	0	0	759	693	851	1347	0	0	0	0
116	0	0	759	693	850	1347	0	0	0	0
117	0	0	759	693	850	1347	0	0	0	0
118	0	0	759	694	849	1348	0	0	0	0
119	0	0	760	695	848	1349	0	0	0	0
120	0	0	760	695	849	1348	0	0	0	0
121	0	0	761	695	848	1348	0	0	0	0
122	0	0	761	696	848	1348	0	0	0	0
123	0	0	760	696	847	1349	0	0	0	0
124	0	0	760	697	848	1348	0	0	0	0
125	0	0	761	696	846	1349	0	0	0	0
126	0	0	761	697	846	1347	0	0	0	0
127	0	0	761	698	846	1345	0	0	0	0
0	0	0	761	698	845	1344	0	0	0	0
1	0	0	762	698	844	1343	0	0	0	0
2	0	0	762	699	845	1342	0	0	0	0
3	0	0	761	699	845	1341	0	0	0	0
4	0	0	762	701	844	1342	0	0	0	0
5	0	0	763	701	843	1344	0	0	0	0
6	0	0	762	702	843	1345	0	0	0	0
7	0	0	761	702	843	1347	0	0	0	0
8	0	0	762	703	841	1345	0	0	0	0
9	0	0	762	705	842	1342	0	0	0	0
10	0	0	763	705	841	1343	0	0	0	0
11	0	0	763	706	841	1344	0	0	0	0
12	0	0	764	707	841	1345	0	0	0	0
13	0	0	763	708	841	1344	0	0	0	0
14	0	0	763	709	840	1345	0	0	0	0
15	0	0	763	710	839	1343	0	0	0	0
16	0	0	764	710	838	1343	0	0	0	0
17	0	0	763	712	839	1344	0	0	0	0
18	0	0	763	712	838	1341	0	0	0	0
19	0	0	763	713	838	1341	0	0	0	0
20	0	0	765	713	837	1339	0	0	0	0
21	0	0	764	715	838	1338	0	0	0	0
22	0	0	765	715	837	1336	0	0	0	0
23	0	0	767	717	836	1336	0	0	0	0
24	0	0	765	718	836	1334	0	0	0	0
25	0	0	764	719	836	1333	0	0	0	0
26	0	0	766	720	836	1335	0	0	0	0
27	0	0	766	721	836	1334	0	0	0	0
28	0	0	765	721	835	1332	0	0	0	0
29	0	0	766	723	835	1332	0	0	0	0
30	0	0	767	724	834	1335	0	0	0	0
31	0	0	766	725	836	1334	0	0	0	0
32	0	0	766	726	837	1337	0	0	0	0
33	0	0	766	725	836	1331	0	0	0	0
34	0	0	769	726	834	1331	0	0	0	0
35	0	0	769	726	832	1328	0	0	0	0
36	0	0	769	726	832	1326	0	0	0	0
37	0	0	770	728	831	1323	0	0	0	0
38	0	0	770	728	830	1319	0	0	0	0
39	0	0	770	729	831	1314	0	0	0	0
40	0	0	770	729	829	1315	0	0	0	0
41	0	0	770	729	829	1310	0	0	0	0
42	0	0	770	729	829	1306	0	0	0	0
43	0	0	772	729	828	1305	0	0	0	0
44	0	0	773	729	827	1318	0	0	0	0
45	0	0	773	730	826	1318	0	0	0	0
46	0	0	774	730	826	1316	0	0	0	0
47	0	0	775	729	825	1313	0	0	0	0
48	0	0	775	730	825	1313	0	0	0	0
49	0	0	776	730	824	1310	0	0	0	0
50	0	0	778	731	823	1305	0	0	0	0
51	0	0	777	733	823	1301	0	0	0	0
52	0	0	776	733	821	1300	0	0	0	0
53	0	0	778	734	820	1297	0	0	0	0
54	0	0	778	734	819	1296	0	0	0	0
55	0	0	779	733	819	1290	0	0	0	0
56	0	0	779	735	819	1290	0	0	0	0
57	0	0	779	736	818	1289	0	0	0	0
58	0	0	779	735	818	1284	0	0	0	0
59	0	0	781	736	816	1275	0	0	0	0
60	0	0	781	735	816	1270	0	0	0	0
61	0	0	781	736	816	1263	0	0	0	0
62	0	0	782	736	815	1258	0	0	0	0
63	0	0	783	737	814	1252	0	0	0	0
64	0	0	783	737	813	1252	0	0	0	0
65	0	0	783	737	813	1254	0	0	0	0
66	0	0	783	737	812	1247	0	0	0	0
67	0	0	783	737	812	1249	0	0	0	0
68	0	0	784	737	812	1249	0	0	0	0
69	0	0	785	737	812	1246	0	0	0	0
70	0	0	786	736	811	1245	0	0	0	0
71	0	0	786	737	812	1247	0	0	0	0
72	0	0	788	737	810	1247	0	0	0	0
73	0	0	788	736	810	1242	0	0	0	0
74	0	0	789	736	809	1242	0	0	0	0
75	0	0	789	736	808	1244	0	0	0	0
76	0	0	787	735	808	1244	0	0	0	0
77	0	0	788	735	809	1242	0	0	0	0
78	0	0	788	734	808	1243	0	0	0	0
79	0	0	789	733	808	1245	0	0	0	0
80	0	0	788	733	808	1232	0	0	0	0
81	0	0	789	732	807	1228	0	0	0	0
82	0	0	788	732	808	1214	0	0	0	0
83	0	0	788	731	807	1189	0	0	0	0
84	0	0	788	730	807	1180	0	0	0	0
85	0	0	789	730	807	1172	0	0	0	0
86	0	0	788	730	807	1169	0	0	0	0
87	0	0	787	728	807	1153	0	0	0	0
88	0	0	787	728	807	1147	0	0	0	0
89	0	0	787	727	807	1151	0	0	0	0
90	0	0	786	726	807	1161	0	0	0	0
91	0	0	786	725	808	1162	0	0	0	0
92	0	0	784	725	808	1160	0	0	0	0
93	0	0	784	724	808	1154	0	0	0	0
94	0	0	785	722	809	1146	0	0	0	0
95	0	0	783	722	808	1137	0	0	0	0
96	0	0	783	720	809	1128	0	0	0	0
97	0	0	782	719	808	1123	0	0	0	0
98	0	0	783	719	809	1137	0	0	0	0
99	0	0	783	717	809	1132	0	0	0	0
100	0	0	782	716	808	1137	0	0	0	0
101	0	0	783	715	809	1131	0	0	0	0
102	0	0	783	714	808	1117	0	0	0	0
103	0	0	783	712	809	1113	0	0	0	0
104	0	0	784	711	810	1106	0	0	0	0
105	0	0	783	711	808	1100	0	0	0	0
106	0	0	783	711	809	1103	0	0	0	0
107	0	0	783	710	810	1098	0	0	0	0
108	0	0	781	708	810	1091	0	0	0	0
109	0	0	782	708	811	1089	0	0	0	0
110	0	0	783	706	810	1079	0	0	0	0
111	0	0	782	705	811	1073	0	0	0	0
112	0	0	780	704	811	1089	0	0	0	0
113	0	0	781	703	811	1087	0	0	0	0
114	0	0	782	703	812	1084	0	0	0	0
115	0	0	782	702	812	1088	0	0	0	0
116	0	0	783	700	813	1088	0	0	0	0
117	0	0	783	701	814	1083	0	0	0	0
118	0	0	782	700	814	1077	0	0	0	0
119	0	0	783	699	815	1085	0	0	0	0
120	0	0	783	700	816	1087	0	0	0	0
121	0	0	783	697	816	1086	0	0	0	0
122	0	0	784	696	817	1082	0	0	0	0
123	0	0	783	696	818	1080	0	0	0	0
124	0	0	783	697	819	1080	0	0	0	0
125	0	0	782	694	819	1078	0	0	0	0
126	0	0	782	696	820	1075	0	0	0	0
127	0	0	782	696	821	1075	0	0	0	0
0	0	0	782	696	822	1075	0	0	0	0
1	0	0	783	695	823	1078	0	0	0	0
2	0	0	781	695	824	1073	0	0	0	0
3	0	0	782	694	824	1082	0	0	0	0
4	0	0	782	694	825	1078	0	0	0	0
5	0	0	783	694	826	1079	0	0	0	0
6	0	0	781	693	825	1082	0	0	0	0
7	0	0	782	693	826	1080	0	0	0	0
8	0	0	782	692	827	1077	0	0	0	0
9	0	0	781	692	828	1076	0	0	0	0
10	0	0	782	692	828	1078	0	0	0	0
11	0	0	782	692	828	1077	0	0	0	0
12	0	0	782	692	829	1075	0	0	0	0
13	0	0	782	691	830	1079	0	0	0	0
14	0	0	782	690	830	1076	0	0	0	0
15	0	0	781	690	831	1075	0	0	0	0
16	0	0	782	690	833	1073	0	0	0	0
17	0	0	781	689	833	1075	0	0	0	0
18	0	0	779	688	834	1073	0	0	0	0
19	0	0	779	689	835	1076	0	0	0	0
20	0	0	778	688	835	1076	0	0	0	0
21	0	0	778	688	836	1081	0	0	0	0
22	0	0	778	688	836	1083	0	0	0	0
23	0	0	778	688	837	1083	0	0	0	0
24	0	0	777	687	838	1090	0	0	0	0
25	0	0	778	687	838	1093	0	0	0	0
26	0	0	778	687	839	1092	0	0	0	0
27	0	0	777	687	838	1093	0	0	0	0
28	0	0	777	687	840	1095	0	0	0	0
29	0	0	777	686	841	1074	0	0	0	1
30	0	0	777	686	840	1083	0	0	0	0
31	0	0	778	686	841	1082	0	0	0	0
32	0	0	777	686	841	1084	0	0	0	0
33	0	0	776	686	840	1086	0	0	0	0
34	0	0	776	686	842	1085	0	0	0	0
35	0	0	776	687	841	1084	0	0	0	0
36	0	0	777	687	844	1085	0	0	0	0
37	0	0	776	687	843	1089	0	0	0	0
38	0	0	776	686	843	1088	0	0	0	0
39	0	0	776	686	845	1091	0	0	0	0
40	0	0	775	687	844	1090	0	0	0	0
41	0	0	773	687	844	1096	0	0	0	0
42	0	0	772	686	845	1098	0	0	0	0
43	0	0	773	686	845	1105	0	0	0	0
44	0	0	772	686	845	1109	0	0	0	0
45	0	0	772	686	845	1111	0	0	0	0
46	0	0	771	687	846	1120	0	0	0	0
47	0	0	770	686	846	1126	0	0	0	0
48	0	0	769	685	846	1135	0	0	0	0
49	0	0	768	685	847	1135	0	0	0	0
50	0	0	766	686	846	1143	0	0	0	0
51	0	0	767	686	848	1154	0	0	0	0
52	0	0	765	685	848	1165	0	0	0	0
53	0	0	765	684	849	1186	0	0	0	0
54	0	0	763	684	848	1199	0	0	0	0
55	0	0	763	685	850	1208	0	0	0	0
56	0	0	762	685	849	1217	0	0	0	0
57	0	0	762	684	850	1232	0	0	0	0
58	0	0	761	683	852	1241	0	0	0	0
59	0	0	760	684	852	1246	0	0	0	0
60	0	0	760	683	852	1249	0	0	0	0
61	0	0	760	684	853	1252	0	0	0	0
62	0	0	759	684	854	1251	0	0	0	0
63	0	0	759	683	853	1255	0	0	0	0
64	0	0	759	683	855	1257	0	0	0	0
65	0	0	759	683	855	1255	0	0	0	0
66	0	0	760	683	856	1258	0	0	0	0
67	0	0	759	682	858	1258	0	0	0	0
68	0	0	759	682	858	1262	0	0	0	0
69	0	0	758	682	859	1261	0	0	0	0
70	0	0	758	683	859	1262	0	0	0	0
71	0	0	758	683	859	1263	0	0	0	0
72	0	0	759	682	858	1266	0	0	0	0
73	0	0	758	681	859	1271	0	0	0	0
74	0	0	759	682	859	1287	0	0	0	0
75	0	0	760	682	859	1292	0	0	0	0
76	0	0	761	682	859	1290	0	0	0	0
77	0	0	762	683	860	1293	0	0	0	0
78	0	0	761	683	859	1298	0	0	0	0
79	0	0	760	683	860	1299	0	0	0	0
80	0	0	760	683	859	1309	0	0	0	0
81	0	0	760	684	859	1308	0	0	0	0
82	0	0	762	684	859	1312	0	0	0	0
83	0	0	763	683	860	1317	0	0	0	0
84	0	0	763	684	859	1315	0	0	0	0
85	0	0	763	684	859	1322	0	0	0	0
86	0	0	762	685	859	1326	0	0	0	0
87	0	0	762	686	858	1329	0	0	0	0
88	0	0	763	685	858	1326	0	0	0	0
89	0	0	761	685	858	1337	0	0	0	0
90	0	0	762	686	858	1338	0	0	0	0
91	0	0	762	686	858	1341	0	0	0	0
92	0	0	761	687	857	1351	0	0	0	0
93	0	0	763	688	856	1359	0	0	0	0
94	0	0	763	689	856	1364	0	0	0	0
95	0	0	762	688	855	1369	0	0	0	0
96	0	0	762	690	856	1388	0	0	0	0
97	0	0	763	689	855	1382	0	0	0	0
98	0	0	764	689	855	1386	0	0	0	0
99	0	0	765	690	854	1393	0	0	0	0
100	0	0	766	691	853	1401	0	0	0	0
101	0	0	766	693	854	1406	0	0	0	0
102	0	0	765	693	853	1412	0	0	0	0
103	0	0	765	693	855	1423	0	0	0	0
104	0	0	765	695	853	1428	0	0	0	0
105	0	0	766	694	854	1429	0	0	0	0
106	0	0	766	694	854	1433	0	0	0	0
107	0	0	766	693	854	1440	0	0	0	0
108	0	0	767	693	854	1451	0	0	0	0
109	0	0	767	696	854	1460	0	0	0	0
110	0	0	765	696	852	1470	0	0	0	0
111	0	0	764	697	854	1476	0	0	0	0
112	0	0	764	700	852	1485	0	0	0	0
113	0	0	764	700	852	1496	0	0	0	0
114	0	0	764	700	853	1508	0	0	0	0
115	0	0	764	701	852	1527	0	0	0	0
116	0	0	763	702	852	1537	0	0	0	0
117	0	0	764	702	851	1534	0	0	0	0
118	0	0	764	704	851	1537	0	0	0	0
119	0	0	765	703	852	1543	0	0	0	0
120	0	0	764	705	851	1549	0	0	0	0
121	0	0	765	706	851	1556	0	0	0	0
122	0	0	766	706	850	1560	0	0	0	0
123	0	0	767	705	849	1576	0	0	0	0
124	0	0	766	706	849	1590	0	0	0	0
125	0	0	766	706	849	1610	0	0	0	0
126	0	0	767	707	849	1632	0	0	0	0
127	0	0	766	707	850	1645	0	0	0	0
0	0	0	767	707	849	1657	0	0	0	0
1	0	0	767	708	849	1679	0	0	0	0
2	0	0	766	707	848	1684	0	0	0	0
3	0	0	765	705	849	1695	0	0	0	0
4	0	0	765	705	851	1701	0	0	0	0
5	0	0	764	705	851	1709	0	0	0	0
6	0	0	765	705	853	1724	0	0	0	0
7	0	0	763	705	852	1736	0	0	0	0
8	0	0	763	703	852	1742	0	0	0	0
9	0	0	762	702	853	1753	0	0	0	0
10	0	0	761	701	854	1765	0	0	0	0
11	0	0	762	699	854	1772	0	0	0	0
12	0	0	761	698	854	1784	0	0	0	0
13	0	0	760	696	855	1794	0	0	0	0
14	0	0	761	694	855	1805	0	0	0	0
15	0	0	760	691	855	1811	0	0	0	0
16	0	0	760	691	857	1814	0	0	0	0
17	0	0	759	687	857	1824	0	0	0	0
18	0	0	759	686	859	1827	0	0	0	0
19	0	0	759	683	859	1832	0	0	0	0
20	0	0	757	679	861	1844	0	0	0	0
21	0	0	756	679	861	1857	0	0	0	0
22	0	0	756	676	861	1860	0	0	0	0
23	0	0	754	676	863	1867	0	0	0	0
24	0	0	754	672	864	1873	0	0	0	0
25	0	0	754	674	866	1872	0	0	0	0
26	0	0	751	668	866	1875	0	0	0	0
27	0	0	750	665	867	1891	0	0	0	0
28	0	0	749	664	868	1897	0	0	0	0
29	0	0	748	662	871	1894	0	0	0	0
30	0	0	747	659	872	1890	0	0	0	0
31	0	0	747	656	874	1896	0	0	0	0
32	0	0	745	653	876	1901	0	0	0	0
33	0	0	743	652	877	1899	0	0	0	0
34	0	0	743	650	878	1898	0	0	0	0
35	0	0	741	647	880	1902	0	0	0	0
36	0	0	741	645	880	1911	0	0	0	0
37	0	0	740	642	881	1914	0	0	0	0
38	0	0	739	641	882	1917	0	0	0	0
39	0	0	741	638	881	1919	0	0	0	0
40	0	0	739	636	885	1932	0	0	0	0
41	0	0	738	633	887	1939	0	0	0	0
42	0	0	737	631	887	1949	0	0	0	0
43	0	0	736	629	891	1951	0	0	0	0
44	0	0	735	627	892	1962	0	0	0	0
45	0	0	735	623	895	1969	0	0	0	0
46	0	0	734	620	898	1975	0	0	0	0
47	0	0	732	616	902	1973	0	0	0	0
48	0	0	731	614	906	1986	0	0	0	0
49	0	0	730	612	907	1997	0	0	0	0
50	0	0	728	612	910	2004	0	0	0	0
51	0	0	728	610	913	2010	0	0	0	0
52	0	0	726	609	915	2014	0	0	0	0
53	0	0	724	608	917	2019	0	0	0	0
54	0	0	722	607	919	2021	0	0	0	0
55	0	0	721	608	922	2028	0	0	0	0
56	0	0	720	607	924	2035	0	0	0	0
57	0	0	720	605	928	2036	0	0	0	0
58	0	0	721	603	933	2038	0	0	0	0
59	0	0	721	600	937	2043	0	0	0	0
60	0	0	724	599	941	2046	0	0	0	0
61	0	0	726	596	943	2057	0	0	0	0
62	0	0	727	593	946	2059	0	0	0	0
63	0	0	728	590	948	2053	0	0	0	0
64	0	0	728	589	948	2049	0	0	0	0
65	0	0	729	589	951	2051	0	0	0	0
66	0	0	730	588	952	2053	0	0	0	0
67	0	0	730	587	953	2046	0	0	0	0
68	0	0	731	586	954	2043	0	0	0	0
69	0	0	734	584	956	2045	0	0	0	0
70	0	0	734	585	957	2053	0	0	0	0
71	0	0	733	584	958	2060	0	0	0	0
72	0	0	733	583	957	2057	0	0	0	0
73	0	0	733	583	959	2061	0	0	0	0
74	0	0	734	582	959	2064	0	0	0	0
75	0	0	734	582	960	2067	0	0	0	0
76	0	0	735	580	962	2067	0	0	0	0
77	0	0	735	581	963	2068	0	0	0	0
78	0	0	735	581	963	2068	0	0	0	0
79	0	0	736	581	964	2067	0	0	0	0
80	0	0	736	582	965	2070	0	0	0	0
81	0	0	737	582	965	2069	0	0	0	0
82	0	0	738	583	966	2067	0	0	0	0
83	0	0	738	582	966	2063	0	0	0	0
84	0	0	737	583	966	2064	0	0	0	0
85	0	0	739	584	966	2066	0	0	0	0
86	0	0	740	585	965	2065	0	0	0	0
87	0	0	739	585	965	2066	0	0	0	0
88	0	0	738	585	964	2067	0	0	0	0
89	0	0	738	586	963	2067	0	0	0	0
90	0	0	737	585	962	2074	0	0	0	0
91	0	0	735	586	961	2074	0	0	0	0
92	0	0	734	587	959	2076	0	0	0	0
93	0	0	733	586	958	2080	0	0	0	0
94	0	0	733	586	957	2081	0	0	0	0
95	0	0	733	586	956	2081	0	0	0	0
96	0	0	730	585	954	2081	0	0	0	0
97	0	0	730	586	951	2081	0	0	0	0
98	0	0	729	586	949	2084	0	0	0	0
99	0	0	727	586	947	2087	0	0	0	0
100	0	0	728	586	946	2091	0	0	0	0
101	0	0	726	586	943	2090	0	0	0	0
102	0	0	724	586	940	2090	0	0	0	0
103	0	0	723	585	938	2090	0	0	0	0
104	0	0	722	586	937	2094	0	0	0	0
105	0	0	720	584	934	2097	1	0	0	0
106	0	0	718	586	932	2097	0	0	0	0
107	0	0	717	586	929	2098	0	0	0	0
108	0	0	716	585	927	2100	0	0	0	0
109	0	0	712	585	926	2105	0	0	0	0
110	0	0	712	584	923	2110	0	0	0	0
111	0	0	709	584	921	2113	0	0	0	0
112	0	0	709	583	919	2116	0	0	0	0
113	0	0	708	582	918	2116	0	0	0	0
114	0	0	705	580	916	2122	0	0	0	0
115	0	0	704	580	914	2126	0	0	0	0
116	0	0	701	580	912	2122	0	0	0	0
117	0	0	699	581	909	2128	0	0	0	0
118	0	0	697	580	907	2128	0	0	0	0
119	0	0	696	579	906	2135	0	0	0	0
120	0	0	695	578	905	2138	0	0	0	0
121	0	0	694	578	903	2142	0	0	0	0
122	0	0	693	575	902	2145	0	0	0	0
123	0	0	690	572	903	2150	0	0	0	0
124	0	0	690	571	903	2152	0	0	0	0
125	0	0	690	569	903	2150	0	0	0	0
126	0	0	690	567	903	2148	0	0	0	0
127	0	0	689	564	903	2143	0	0	0	0
0	0	0	688	561	903	2145	0	0	0	0
1	0	0	689	558	904	2145	0	0	0	0
2	0	0	688	555	904	2145	0	0	0	0
3	0	0	689	553	905	2148	0	0	0	0
4	0	0	689	551	905	2152	0	0	0	0
5	0	0	689	549	904	2157	0	0	0	0
6	0	0	691	547	906	2168	0	0	0	0
7	0	0	691	544	907	2175	0	0	0	0
8	0	0	690	542	907	2180	0	0	0	0
9	0	0	692	540	908	2186	0	0	0	0
10	0	0	693	539	908	2192	0	0	0	0
11	0	0	694	537	908	2203	0	0	0	0
12	0	0	696	536	909	2209	0	0	0	0
13	0	0	697	535	909	2211	0	0	0	0
14	0	0	699	535	908	2222	0	0	0	0
15	0	0	702	535	909	2225	0	0	0	0
16	0	0	703	534	911	2230	0	0	0	0
17	0	0	705	533	912	2240	0	0	0	0
18	0	0	706	533	913	2249	0	0	0	0
19	0	0	708	533	914	2263	0	0	0	0
20	0	0	710	535	916	2268	0	0	0	0
21	0	0	712	535	917	2274	0	0	0	0
22	0	0	712	536	918	2279	0	0	0	0
23	0	0	713	535	920	2277	0	0	0	0
24	0	0	714	536	921	2280	0	0	0	0
25	0	0	713	536	923	2278	0	0	0	0
26	0	0	715	538	925	2283	0	0	0	0
27	0	0	715	539	927	2288	0	0	0	0
28	0	0	714	539	928	2300	0	0	0	0
29	0	0	714	540	930	2312	0	0	0	0
30	0	0	715	541	932	2321	0	0	0	0
31	0	0	716	541	934	2332	0	0	0	0
32	0	0	717	543	936	2341	0	0	0	0
33	0	0	717	543	938	2343	0	0	0	0
34	0	0	718	544	940	2342	0	0	0	0
35	0	0	718	544	942	2342	0	0	0	0
36	0	0	718	545	944	2347	0	0	0	0
37	0	0	718	545	946	2359	0	0	0	0
38	0	0	718	547	948	2363	0	0	0	0
39	0	0	718	546	950	2363	0	0	0	0
40	0	0	719	548	952	2366	0	0	0	0
41	0	0	720	549	952	2372	0	0	0	0
42	0	0	721	550	956	2377	0	0	0	0
43	0	0	721	551	958	2383	0	0	0	0
44	0	0	720	551	958	2385	0	0	0	0
45	0	0	720	552	961	2392	0	0	0	0
46	0	0	722	553	963	2395	0	0	0	0
47	0	0	721	554	964	2399	0	0	0	0
48	0	0	722	554	966	2401	0	0	0	0
49	0	0	722	555	967	2404	0	0	0	0
50	0	0	724	556	969	2408	0	0	0	0
51	0	0	724	557	970	2412	0	0	0	0
52	0	0	725	558	970	2417	0	0	0	0
53	0	0	725	557	972	2423	0	0	0	0
54	0	0	727	558	973	2424	0	0	0	0
55	0	0	728	559	973	2427	0	0	0	0
56	0	0	729	559	974	2428	0	0	0	0
57	0	0	731	558	975	2429	0	0	0	0
58	0	0	731	559	976	2431	0	0	0	0
59	0	0	731	559	977	2438	0	0	0	0
60	0	0	730	559	977	2438	0	0	0	0
61	0	0	731	560	979	2437	0	0	0	0
62	0	0	731	560	980	2440	0	0	0	0
63	0	0	730	559	980	2444	0	0	0	0
64	0	0	730	559	980	2449	0	0	0	0
65	0	0	730	560	982	2455	0	0	0	0
66	0	0	730	561	981	2457	0	0	0	0
67	0	0	731	560	982	2459	0	0	0	0
68	0	0	730	560	982	2462	0	0	0	0
69	0	0	730	559	983	2466	0	0	0	0
70	0	0	729	559	983	2468	0	0	0	0
71	0	0	728	559	984	2465	0	0	0	0
72	0	0	728	559	984	2467	0	0	0	0
73	0	0	727	559	984	2473	0	0	0	0
74	0	0	725	558	985	2478	0	0	0	0
75	0	0	724	558	986	2481	0	0	0	0
76	0	0	723	558	985	2482	0	0	0	0
77	0	0	721	559	985	2481	0	0	0	0
78	0	0	720	559	986	2483	0	0	0	0
79	0	0	717	559	985	2483	0	0	0	0
80	0	0	716	560	985	2487	0	0	0	0
81	0	0	713	561	985	2486	0	0	0	0
82	0	0	711	562	984	2486	0	0	0	0
83	0	0	710	561	984	2488	0	0	0	0
84	0	0	709	562	985	2488	0	0	0	0
85	0	0	707	561	985	2488	0	0	0	0
86	0	0	706	561	986	2489	0	0	0	0
87	0	0	705	561	985	2490	0	0	0	0
88	0	0	704	561	986	2492	0	0	0	0
89	0	0	703	562	986	2494	0	0	0	0
90	0	0	702	561	986	2495	0	0	0	0
91	0	0	703	562	987	2496	0	0	0	0
92	0	0	702	562	987	2498	0	0	0	0
93	0	0	702	561	987	2499	0	0	0	0
94	0	0	703	561	988	2498	0	0	0	0
95	0	0	704	560	988	2499	0	0	0	0
96	0	0	703	560	989	2496	0	0	0	0
97	0	0	705	558	990	2497	0	0	0	0
98	0	0	704	558	990	2497	0	0	0	0
99	0	0	706	557	991	2496	0	0	0	0
100	0	0	706	557	990	2502	0	0	0	0
101	0	0	707	555	991	2507	0	0	0	0
102	0	0	707	555	991	2512	0	0	0	0
103	0	0	707	554	991	2518	0	0	0	0
104	0	0	707	553	991	2522	0	0	0	0
105	0	0	707	553	992	2526	0	0	0	0
106	0	0	709	552	992	2527	0	0	0	0
107	0	0	708	549	992	2531	0	0	0	0
108	0	0	708	550	992	2535	0	0	0	0
109	0	0	707	548	993	2535	0	0	0	0
110	0	0	707	549	993	2537	0	0	0	0
111	0	0	708	547	991	2539	0	0	0	0
112	0	0	708	547	991	2542	0	0	0	0
113	0	0	709	545	992	2542	0	0	0	0
114	0	0	709	544	992	2544	0	0	0	0
115	0	0	709	542	993	2546	0	0	0	0
116	0	0	709	541	992	2544	0	0	0	0
117	0	0	710	541	993	2544	0	0	0	0
118	0	0	711	540	992	2547	0	0	0	0
119	0	0	711	538	992	2547	0	0	0	0
120	0	0	712	537	994	2554	0	0	0	0
121	0	0	713	535	992	2561	0	0	0	0
122	0	0	714	534	993	2567	0	0	0	0
123	0	0	714	533	993	2567	0	0	0	0
124	0	0	715	531	994	2569	0	0	0	0
125	0	0	715	530	995	2573	0	0	0	0
126	0	0	717	528	995	2574	0	0	0	0
127	0	0	716	527	995	2577	0	0	0	0
0	0	0	716	526	996	2579	0	0	0	0
1	0	0	715	525	994	2581	0	0	0	0
2	0	0	714	526	995	2580	0	0	0	0
3	0	0	715	527	993	2585	0	0	0	0
4	0	0	717	525	992	2592	0	0	0	0
5	0	0	718	523	993	2595	0	0	0	0
6	0	0	718	523	992	2601	0	0	0	0
7	0	0	719	523	993	2604	0	0	0	0
8	0	0	720	522	992	2607	0	0	0	0
9	0	0	720	521	992	2611	0	0	0	0
10	0	0	722	519	992	2611	0	0	0	0
11	0	0	724	518	990	2615	0	0	0	0
12	0	0	725	517	991	2619	0	0	0	0
13	0	0	726	516	992	2625	0	0	0	0
14	0	0	727	514	991	2627	0	0	0	0
15	0	0	727	515	991	2627	0	0	0	0
16	0	0	728	516	990	2630	0	0	0	0
17	0	0	729	516	990	2631	0	0	0	0
18	0	0	730	515	990	2639	0	0	0	0
19	0	0	732	515	990	2640	0	0	0	0
20	0	0	732	514	990	2643	0	0	0	0
21	0	0	734	514	990	2646	0	0	0	0
22	0	0	734	515	990	2646	0	0	0	0
23	0	0	735	514	991	2648	0	0	0	0
24	0	0	735	514	992	2652	0	0	0	0
25	0	0	734	516	993	2656	0	0	0	0
26	0	0	735	516	993	2657	0	0	0	0
27	0	0	735	516	993	2661	0	0	0	0
28	0	0	735	517	993	2667	0	0	0	0
29	0	0	736	518	993	2668	0	0	0	0
30	0	0	735	517	993	2671	0	0	0	0
31	0	0	734	520	994	2678	0	0	0	0
32	0	0	736	520	993	2682	0	0	0	0
33	0	0	736	522	993	2687	0	0	0	0
34	0	0	737	523	993	2696	0	0	0	0
35	0	0	736	525	993	2702	0	0	0	0
36	0	0	738	527	992	2705	0	0	0	0
37	0	0	737	529	991	2708	0	0	0	0
38	0	0	738	530	991	2715	0	0	0	0
39	0	0	740	533	990	2721	0	0	0	0
40	0	0	740	536	989	2721	0	0	0	0
41	0	0	740	538	989	2724	0	0	0	0
42	0	0	742	540	988	2726	0	0	0	0
43	0	0	742	542	986	2729	0	0	0	0
44	0	0	742	545	987	2730	0	0	0	0
45	0	0	741	549	984	2735	0	0	0	0
46	0	0	743	552	982	2732	0	0	0	0
47	0	0	743	558	980	2735	0	0	0	0
48	0	0	743	559	978	2739	0	0	0	0
49	0	0	744	563	977	2743	0	0	0	0
50	0	0	744	566	974	2745	0	0	0	0
51	0	0	746	569	973	2745	0	0	0	0
52	0	0	747	572	971	2746	0	0	0	0
53	0	0	748	575	969	2747	0	0	0	0
54	0	0	750	578	969	2750	0	0	0	0
55	0	0	751	580	967	2753	0	0	0	0
56	0	0	752	583	966	2756	0	0	0	0
57	0	0	754	585	965	2758	0	0	0	0
58	0	0	754	588	963	2762	0	0	0	0
59	0	0	754	593	959	2763	0	0	0	0
60	0	0	753	597	956	2767	0	0	0	0
61	0	0	753	601	952	2766	0	0	0	0
62	0	0	754	605	950	2764	0	0	0	0
63	0	0	755	609	947	2766	0	0	0	0
64	0	0	756	612	943	2764	0	0	0	0
65	0	0	757	614	941	2763	0	0	0	0
66	0	0	757	617	939	2757	0	0	0	0
67	0	0	759	621	936	2753	0	0	0	0
68	0	0	760	623	933	2750	0	0	0	0
69	0	0	759	627	930	2747	0	0	0	0
70	0	0	757	630	928	2744	0	0	0	0
71	0	0	759	632	926	2742	0	0	0	0
72	0	0	757	635	923	2734	0	0	0	0
73	0	0	756	637	921	2726	0	0	0	0
74	0	0	756	641	918	2714	0	0	0	0
75	0	0	756	645	917	2696	0	0	0	0
76	0	0	756	647	914	2686	0	0	0	0
77	0	0	755	652	912	2672	0	0	0	0
78	0	0	754	655	909	2663	0	0	0	0
79	0	0	754	659	907	2647	0	0	0	0
80	0	0	754	664	905	2621	0	0	0	0
81	0	0	754	667	901	2604	0	0	0	0
82	0	0	754	669	899	2597	0	0	0	0
83	0	0	755	672	897	2584	0	0	0	0
84	0	0	755	674	893	2567	0	0	0	0
85	0	0	756	677	892	2535	0	0	0	0
86	0	0	756	679	889	2495	0	0	0	0
87	0	0	756	681	886	2464	0	0	0	0
88	0	0	756	684	882	2437	0	0	0	0
89	0	0	754	686	878	2388	0	0	0	0
90	0	0	754	688	875	2354	0	0	0	0
91	0	0	754	690	872	2304	0	0	0	0
92	0	0	755	691	870	2260	0	0	0	0
93	0	0	756	694	866	2210	0	0	0	0
94	0	0	754	694	862	2172	0	0	0	0
95	0	0	754	698	861	2112	0	0	0	0
96	0	0	754	701	858	2051	0	0	0	0
97	0	0	754	702	853	1983	0	0	0	0
98	0	0	754	705	851	1936	0	0	0	0
99	0	0	754	707	848	1835	0	0	0	0
100	0	0	752	708	846	1766	0	0	0	0
101	0	0	753	710	843	1689	0	0	0	0
102	0	0	751	712	842	1581	0	0	0	0
103	0	0	754	714	840	1474	0	0	0	0
104	0	0	753	715	837	1354	0	0	0	0
105	0	0	753	716	835	1231	0	0	0	0
106	0	0	753	718	832	1104	0	0	0	0
107	0	0	755	719	831	1010	0	0	0	0
108	0	0	755	721	828	987	0	0	0	0
109	0	0	754	721	825	872	0	0	0	0
110	0	0	753	724	822	718	0	0	0	0
111	0	0	752	725	820	635	0	0	0	0
112	0	0	752	726	819	564	0	0	0	0
113	0	0	751	727	816	501	0	0	0	0
114	0	0	751	730	815	457	0	0	0	0
115	0	0	747	731	814	423	0	0	0	0
116	0	0	746	733	812	427	0	0	0	0
117	0	0	745	734	811	429	0	0	0	0
118	0	0	744	737	812	395	0	0	0	0
119	0	0	741	739	809	377	0	0	0	0
120	0	0	739	741	809	336	0	0	0	0
121	0	0	737	743	808	322	0	0	0	0
122	0	0	735	746	807	351	0	0	0	0
123	0	0	734	749	807	347	0	0	0	0
124	0	0	732	749	806	321	0	0	0	0
125	0	0	731	752	806	300	0	0	0	0
126	0	0	728	754	806	302	0	0	0	0
127	0	0	726	756	807	268	0	0	0	0
0	0	0	726	759	806	247	0	0	0	0
1	0	0	724	762	806	249	0	0	0	0
2	0	0	723	763	806	225	0	0	0	0
3	0	0	723	767	805	231	0	0	0	0
4	0	0	721	768	806	223	0	0	0	0
5	0	0	720	771	805	223	0	0	0	0
6	0	0	721	774	804	186	0	0	0	0
7	0	0	721	777	804	178	0	0	0	0
8	0	0	721	778	802	172	0	0	0	0
9	0	0	722	781	802	169	0	0	0	0
10	0	0	723	786	800	158	0	0	0	0
11	0	0	723	789	797	152	0	0	0	0
12	0	0	724	795	795	148	0	0	0	0
13	0	0	725	798	794	136	0	0	0	0
14	0	0	723	802	792	119	0	0	0	0
15	0	0	723	807	789	117	0	0	0	0
16	0	0	723	812	789	120	0	0	0	0
17	0	0	724	816	787	119	0	0	0	0
18	0	0	725	820	784	120	0	0	0	0
19	0	0	729	823	783	115	0	0	0	0
20	0	0	731	825	781	113	0	0	0	0
21	0	0	733	830	779	103	0	0	0	0
22	0	0	734	833	778	95	0	0	0	0
23	0	0	736	835	776	80	0	0	0	0
24	0	0	739	836	776	72	0	0	0	0
25	0	0	739	840	773	70	0	0	0	0
26	0	0	742	843	771	67	0	0	0	0
27	0	0	744	847	771	65	0	0	0	0
28	0	0	746	851	769	67	0	0	0	0
29	0	0	748	855	767	67	0	0	0	0
30	0	0	751	861	765	76	0	0	0	0
31	0	0	754	867	762	76	0	0	0	0
32	0	0	753	874	760	74	0	0	0	0
33	0	0	753	881	757	73	0	0	0	0
34	0	0	755	885	753	85	0	0	0	0
35	0	0	757	892	751	84	0	0	0	0
36	0	0	757	897	748	90	0	0	0	0
37	0	0	758	903	747	90	0	0	0	0
38	0	0	760	906	744	90	0	0	0	0
39	0	0	761	908	741	80	0	0	0	0
40	0	0	763	914	740	62	0	0	0	0
41	0	0	764	918	738	55	0	0	0	0
42	0	0	766	923	737	64	0	0	0	0
43	0	0	767	928	734	50	0	0	0	0
44	0	0	770	933	734	46	0	0	0	0
45	0	0	773	939	733	46	0	0	0	0
46	0	0	777	943	731	43	0	0	0	0
47	0	0	779	947	730	46	0	0	0	0
48	0	0	781	951	729	60	0	0	0	0
49	0	0	782	955	729	67	0	0	0	0
50	0	0	784	958	728	71	0	0	0	0
51	0	0	784	960	728	73	0	2	0	0
52	0	0	785	961	729	74	0	0	0	0
53	0	0	784	963	730	78	0	0	0	0
54	0	0	785	963	731	72	0	0	0	0
55	0	0	786	963	732	70	0	0	0	0
56	0	0	786	964	733	62	0	0	0	0
57	0	0	787	964	735	62	0	0	0	0
58	0	0	787	963	737	62	0	0	0	0
59	0	0	788	962	739	63	0	0	0	0
60	0	0	789	962	741	60	0	0	0	0
61	0	0	789	962	741	55	0	0	0	0
62	0	0	788	960	744	61	0	0	0	0
63	0	0	789	957	746	59	0	0	0	0
64	0	0	790	955	748	57	0	0	0	0
65	0	0	788	951	750	57	0	0	0	0
66	0	0	788	949	751	59	0	0	0	0
67	0	0	788	948	753	58	0	0	0	0
68	0	0	787	945	753	59	0	0	0	0
69	0	0	787	942	755	61	0	0	0	0
70	0	0	785	938	757	65	0	0	0	0
71	0	0	783	933	758	62	0	0	0	0
72	0	0	785	929	761	64	0	0	0	0
73	0	0	783	923	763	67	0	0	0	0
74	0	0	782	917	765	67	0	0	0	0
75	0	0	779	910	767	67	0	0	0	0
76	0	0	778	902	768	68	0	0	0	0
77	0	0	775	896	768	69	0	0	0	0
78	0	0	773	889	769	66	0	0	0	0
79	0	0	771	884	771	60	0	0	0	0
80	0	0	768	878	770	55	0	0	0	0
81	0	0	765	873	771	51	0	0	0	0
82	0	0	763	869	770	46	0	0	0	0
83	0	0	761	866	769	44	0	0	0	0
84	0	0	761	861	769	40	0	0	0	0
85	0	0	760	857	770	55	0	0	0	0
86	0	0	759	854	767	57	0	0	0	0
87	0	0	758	851	769	55	0	0	0	0
88	0	0	760	851	767	55	0	0	0	0
89	0	0	759	850	766	59	0	0	0	0
90	0	0	761	850	765	64	0	0	0	0
91	0	0	761	848	764	64	0	0	0	0
92	0	0	761	847	764	67	0	0	0	0
93	0	0	762	845	762	68	0	0	0	0
94	0	0	764	844	762	68	0	0	0	0
95	0	0	766	844	762	66	0	0	0	0
96	0	0	767	841	761	70	0	0	0	0
97	0	0	767	839	761	70	0	0	0	0
98	0	0	768	837	761	68	0	0	0	0
99	0	0	769	835	760	65	0	0	0	0
100	0	0	772	831	759	59	0	0	0	0
101	0	0	775	829	758	58	0	0	0	0
102	0	0	777	827	759	54	0	0	0	0
103	0	0	779	823	758	53	0	0	0	0
104	0	0	781	821	759	48	0	0	0	0
105	0	0	782	819	759	50	0	0	0	0
106	0	0	784	816	758	52	0	0	0	0
107	0	0	786	814	758	51	0	0	0	0
108	0	0	786	810	757	53	0	0	0	0
109	0	0	788	807	758	56	0	0	0	0
110	0	0	790	805	757	60	0	0	0	0
111	0	0	791	804	757	61	0	0	0	0
112	0	0	792	800	758	64	0	0	0	0
113	0	0	793	800	758	64	0	0	0	0
114	0	0	793	798	758	66	0	0	0	0
115	0	0	794	796	759	63	0	0	0	0
116	0	0	794	795	759	67	0	0	0	0
117	0	0	794	792	759	67	0	0	0	0
118	0	0	794	790	759	65	0	0	0	0
119	0	0	794	788	760	60	0	0	0	0
120	0	0	795	787	759	58	0	0	0	0
121	0	0	796	787	759	56	0	0	0	0
122	0	0	796	784	759	53	0	0	0	0
123	0	0	797	783	760	56	0	0	0	0
124	0	0	797	782	760	51	0	0	0	0
125	0	0	798	781	761	50	0	0	0	0
126	0	0	798	779	759	53	0	0	0	0
127	0	0	798	777	762	50	0	0	0	0
0	0	0	797	776	763	52	0	0	0	0
1	0	0	798	774	764	53	0	0	0	0
2	0	0	799	772	763	57	0	0	0	0
3	0	0	800	771	764	59	0	0	0	0
4	0	0	800	767	765	62	0	0	0	0
5	0	0	800	766	765	65	0	0	0	0
6	0	0	802	764	766	67	0	0	0	0
7	0	0	802	763	766	67	0	0	0	0
8	0	0	802	763	767	71	0	0	0	0
9	0	0	802	761	767	72	0	0	0	0
10	0	0	802	762	769	74	0	0	0	0
11	0	0	804	759	768	65	0	0	0	0
12	0	0	803	759	769	59	0	0	0	0
13	0	0	804	757	770	58	0	0	0	0
14	0	0	803	756	771	55	0	0	0	0
15	0	0	804	754	772	35	0	0	0	0
16	0	0	803	753	774	26	0	0	0	0
17	0	0	805	752	774	49	0	0	0	0
18	0	0	803	752	773	53	0	0	0	0
19	0	0	804	751	775	55	0	0	0	0
20	0	0	805	750	776	50	0	0	0	0
21	0	0	804	750	776	52	0	0	0	0
22	0	0	804	749	777	57	0	0	0	0
23	0	0	803	749	777	57	0	0	0	0
24	0	0	802	747	778	61	0	0	0	0
25	0	0	803	747	779	63	0	0	0	0
26	0	0	802	747	780	59	0	0	0	0
27	0	0	802	746	780	55	0	0	0	0
28	0	0	802	747	780	56	0	0	0	0
29	0	0	804	747	780	58	0	0	0	0
30	0	0	802	748	780	55	0	0	0	0
31	0	0	802	747	781	49	0	0	0	0
32	0	0	803	747	781	46	0	0	0	0
33	0	0	803	748	782	42	0	0	0	0
34	0	0	804	749	782	37	0	0	0	0
35	0	0	803	749	782	36	0	0	0	0
36	0	0	802	748	781	33	0	0	0	0
37	0	0	803	750	782	33	0	0	0	0
38	0	0	802	750	782	33	0	0	0	0
39	0	0	802	751	783	37	0	0	0	0
40	0	0	802	751	783	36	0	0	0	0
41	0	0	802	751	785	39	0	0	0	0
42	0	0	801	753	784	46	0	0	0	0
43	0	0	801	752	786	46	0	0	0	0
44	0	0	801	752	787	49	0	0	0	0
45	0	0	799	752	786	50	0	0	0	0
46	0	0	800	752	787	53	0	0	0	0
47	0	0	799	753	787	49	0	0	0	0
48	0	0	799	751	788	52	0	0	0	0
49	0	0	800	751	789	52	0	0	0	0
50	0	0	800	750	789	52	0	0	0	0
51	0	0	799	750	790	45	0	0	0	0
52	0	0	801	751	790	43	0	0	0	0
53	0	0	801	750	791	40	0	0	0	0
54	0	0	801	751	791	34	0	0	0	0
55	0	0	800	750	790	32	0	0	0	0
56	0	0	800	750	791	30	0	0	0	0
57	0	0	801	751	791	31	0	0	0	0
58	0	0	800	750	792	32	0	0	0	0
59	0	0	801	751	792	33	0	0	0	0
60	0	0	802	751	792	31	0	0	0	0
61	0	0	802	752	793	33	0	0	0	0
62	0	0	804	752	791	41	0	0	0	0
63	0	0	803	753	792	44	0	0	0	0
64	0	0	805	752	791	45	0	0	0	0
65	0	0	805	753	791	44	0	0	0	0
66	0	0	805	754	790	46	0	0	0	0
67	0	0	805	755	789	43	0	0	0	0
68	0	0	806	756	789	46	0	0	0	0
69	0	0	805	756	788	48	0	0	0	0
70	0	0	805	757	787	47	0	0	0	0
71	0	0	806	758	786	45	0	0	0	0
72	0	0	806	758	786	39	0	0	0	0
73	0	0	806	759	784	37	0	0	0	0
74	0	0	807	759	784	33	0	0	0	0
75	0	0	808	759	783	31	0	0	0	0
76	0	0	808	762	783	29	0	0	0	0
77	0	0	808	762	782	33	0	0	0	0
78	0	0	808	763	781	35	0	0	0	0
79	0	0	808	763	779	33	0	0	0	0
80	0	0	807	764	778	38	0	0	0	0
81	0	0	807	765	777	37	0	0	0	0
82	0	0	807	765	776	41	0	0	0	0
83	0	0	807	765	776	47	0	0	0	0
84	0	0	807	764	775	47	0	0	0	0
85	0	0	807	765	775	46	0	0	0	0
86	0	0	808	765	774	55	0	0	0	0
87	0	0	807	765	773	54	0	0	0	0
88	0	0	806	766	772	56	0	0	0	0
89	0	0	807	766	772	61	0	0	0	0
90	0	0	806	766	771	55	0	0	0	0
91	0	0	806	766	771	55	0	0	0	0
92	0	0	806	765	771	51	0	0	0	0
93	0	0	805	765	770	50	0	0	0	0
94	0	0	804	764	770	45	0	0	0	0
95	0	0	804	765	770	43	0	0	0	0
96	0	0	804	765	770	39	0	0	0	0
97	0	0	804	765	770	43	0	0	0	0
98	0	0	803	765	770	44	0	0	0	0
99	0	0	802	766	768	43	0	0	0	0
100	0	0	802	767	768	44	0	0	0	0
101	0	0	802	767	767	46	0	0	0	0
102	0	0	802	769	767	51	0	0	0	0
103	0	0	800	769	766	52	0	0	0	0
104	0	0	800	769	765	54	0	0	0	0
105	0	0	800	770	765	55	0	0	0	0
106	0	0	799	770	763	58	0	0	0	0
107	0	0	799	771	763	56	0	0	0	0
108	0	0	799	773	763	57	0	0	0	0
109	0	0	799	774	762	60	0	0	0	0
110	0	0	798	774	761	59	0	0	0	0
111	0	0	799	775	761	57	0	0	0	0
112	0	0	798	775	760	47	0	0	0	0
113	0	0	798	775	761	45	0	0	0	0
114	0	0	798	775	760	39	0	0	0	0
115	0	0	798	777	760	34	0	0	0	0
116	0	0	799	777	760	32	0	0	0	0
117	0	0	797	778	760	34	0	0	0	0
118	0	0	798	778	759	41	0	0	0	0
119	0	0	798	778	759	42	0	0	0	0
120	0	0	799	779	759	41	0	0	0	0
121	0	0	797	780	759	47	0	0	0	0
122	0	0	798	779	760	47	0	0	0	0
123	0	0	799	780	760	50	0	0	0	0
124	0	0	798	780	760	47	0	0	0	0
125	0	0	798	783	759	49	0	0	0	0
126	0	0	798	782	760	51	0	0	0	0
127	0	0	798	783	760	49	0	0	0	0
0	0	0	798	784	759	52	0	0	0	0
1	0	0	797	785	759	56	0	0	0	0
2	0	0	797	785	760	56	0	0	0	0
3	0	0	797	786	760	47	0	0	0	0
4	0	0	797	787	761	38	0	0	0	0
5	0	0	798	786	760	39	0	0	0	0
6	0	0	798	787	761	36	0	0	0	0
7	0	0	798	787	761	34	0	0	0	0
8	0	0	798	788	762	27	0	0	0	0
9	0	0	798	789	762	30	0	0	0	0
10	0	0	797	789	764	32	0	0	0	0
11	0	0	797	790	762	35	0	0	0	0
12	0	0	797	790	763	36	0	0	0	0
13	0	0	797	790	764	40	0	0	0	0
14	0	0	798	792	765	43	0	0	0	0
15	0	0	799	791	766	45	0	0	0	0
16	0	0	798	790	765	48	0	0	0	0
17	0	0	798	792	765	49	0	0	0	0
18	0	0	798	791	766	48	0	0	0	0
19	0	0	799	792	767	47	0	0	0	0
20	0	0	798	791	767	50	0	0	0	0
21	0	0	800	790	767	52	0	0	0	0
22	0	0	799	791	768	52	0	0	0	0
23	0	0	799	791	768	47	0	0	0	0
24	0	0	799	792	769	45	0	0	0	0
25	0	0	799	791	770	40	0	0	0	0
26	0	0	800	791	769	37	0	0	0	0
27	0	0	799	791	770	35	0	0	0	0
28	0	0	799	791	769	29	0	0	0	0
29	0	0	799	791	770	31	0	0	0	0
30	0	0	800	791	771	34	0	0	0	0
31	0	0	799	788	771	36	0	0	0	0
32	0	0	799	790	772	36	0	0	0	0
33	0	0	799	790	771	40	0	0	0	0
34	0	0	798	789	772	43	0	0	0	0
35	0	0	799	790	771	43	0	0	0	0
36	0	0	799	790	772	43	0	0	0	0
37	0	0	798	790	771	46	0	0	0	0
38	0	0	798	790	772	47	0	0	0	0
39	0	0	798	790	772	47	0	0	0	0
40	0	0	798	790	772	45	0	0	0	0
41	0	0	797	789	771	50	0	0	0	0
42	0	0	797	789	772	47	0	0	0	0
43	0	0	796	789	772	42	0	0	0	0
44	0	0	796	789	772	34	0	0	0	0
45	0	0	797	788	772	34	0	0	0	0
46	0	0	796	788	772	31	0	0	0	0
47	0	0	795	787	773	27	0	0	0	0
48	0	0	796	785	772	27	0	0	0	0
49	0	0	795	786	772	27	0	0	0	0
50	0	0	796	786	772	28	0	0	0	0
51	0	0	796	784	771	28	0	0	0	0
52	0	0	796	784	770	26	0	0	0	0
53	0	0	796	783	771	29	0	0	0	0
54	0	0	796	782	771	31	0	0	0	0
55	0	0	796	782	771	33	0	0	0	0
56	0	0	796	781	770	33	0	0	0	0
57	0	0	797	781	769	33	0	0	0	0
58	0	0	796	780	769	32	0	0	0	0
59	0	0	796	780	768	28	0	0	0	0
60	0	0	795	779	767	26	0	0	0	0
61	0	0	797	779	767	26	0	0	0	0
62	0	0	795	778	766	19	0	0	0	0
63	0	0	798	776	766	8	0	0	0	0
64	0	0	799	776	765	0	0	0	0	0
65	0	0	801	775	765	213	0	0	0	0
66	0	0	800	774	764	271	0	0	0	0
67	0	0	800	774	764	444	0	0	0	0
68	0	0	801	774	763	571	0	0	0	0
69	0	0	801	775	762	671	0	0	0	0
70	0	0	802	776	762	763	0	0	0	0
71	0	0	803	776	762	847	0	0	0	0
72	0	0	803	779	763	823	0	0	0	0
73	0	0	797	781	762	789	0	0	0	0
74	0	0	793	784	763	731	0	0	0	0
75	0	0	793	785	763	628	0	0	0	0
76	0	0	797	785	762	482	0	0	0	0
77	0	0	797	785	761	396	0	0	0	0
78	0	0	796	785	760	336	0	0	0	0
79	0	0	795	785	760	290	0	0	0	0
80	0	0	791	785	762	246	0	0	0	0
81	0	0	783	786	765	212	0	0	0	0
82	0	0	778	789	769	204	0	0	0	0
83	0	0	773	791	774	217	0	0	0	0
84	0	0	771	795	779	219	0	0	0	0
85	0	0	767	799	784	203	0	0	0	0
86	0	0	767	809	793	218	0	0	0	0
87	0	0	766	825	808	250	0	0	0	0
88	0	0	752	846	827	223	0	0	0	0
89	0	0	733	874	850	207	0	0	0	0
90	0	0	699	911	873	153	0	0	0	0
91	0	0	641	951	892	133	0	0	0	0
92	0	0	581	990	903	94	0	0	0	0
93	0	0	513	1023	904	68	0	0	0	0
94	0	0	421	1037	898	57	0	0	0	0
95	0	0	311	1030	895	62	0	0	0	0
96	0	0	205	1004	910	41	0	0	0	0
97	0	0	137	958	948	73	0	0	0	0
98	0	0	106	899	1002	85	0	0	0	0
99	0	0	128	844	1063	72	0	0	0	0
100	0	0	193	809	1126	92	0	0	0	0
101	0	0	268	800	1174	134	0	0	0	0
102	0	0	331	814	1204	145	0	0	0	0
103	0	0	378	847	1226	136	0	0	0	0
104	0	0	404	893	1235	115	0	0	0	0
105	0	0	426	924	1240	123	0	0	0	0
106	0	0	473	929	1237	150	0	0	0	0
107	0	0	538	906	1227	158	0	0	0	0
108	0	0	611	879	1217	177	0	0	0	0
109	0	0	675	867	1214	163	0	0	0	0
110	0	0	711	869	1220	160	0	0	0	0
111	0	0	717	876	1231	171	0	0	0	0
112	0	0	708	861	1232	212	0	0	0	0
113	0	0	700	824	1235	217	0	0	0	0
114	0	0	703	769	1231	233	0	0	0	0
115	0	0	713	707	1210	264	0	0	0	0
116	0	0	733	644	1173	252	0	0	0	0
117	0	0	770	588	1132	423	0	0	0	0
118	0	0	811	536	1072	524	0	0	0	0
119	0	0	858	490	1022	561	0	0	0	0
120	0	0	911	443	965	597	0	0	0	0
121	0	0	968	392	904	647	0	0	0	0
122	0	0	1030	340	852	731	0	0	0	0
123	0	0	1084	295	812	799	0	0	0	0
124	0	0	1122	257	785	938	0	0	0	0
125	0	0	1150	226	774	930	0	0	0	0
126	0	0	1168	203	773	945	0	0	0	0
127	0	0	1168	181	786	982	0	0	0	0
0	0	0	1156	162	803	1028	0	0	0	0
1	0	0	1136	141	824	1052	0	0	0	0
2	0	0	1114	120	847	1085	0	0	0	0
3	0	0	1087	109	859	1166	0	0	0	0
4	0	0	1056	84	887	1147	0	0	0	0
5	0	0	1046	61	922	1192	0	0	0	0
6	0	0	1040	47	949	1228	0	0	0	0
7	0	0	1022	39	979	1303	0	0	0	0
8	0	0	991	34	1003	1387	0	0	0	0
9	0	0	955	31	1021	1370	0	0	0	0
10	0	0	925	28	1032	1463	0	0	0	0
11	0	0	893	27	1051	1445	0	0	0	0
12	0	0	859	25	1070	1427	0	0	0	0
13	0	0	840	25	1096	1397	0	0	0	0
14	0	0	832	24	1126	1390	0	0	0	0
15	0	0	815	23	1155	1411	0	0	0	0
16	0	0	784	23	1178	1435	0	0	0	0
17	0	0	756	23	1200	1453	0	0	0	0
18	0	0	726	23	1223	1464	0	0	0	0
19	0	0	695	23	1249	1474	0	0	0	0
20	0	0	666	23	1275	1463	0	0	0	0
21	0	0	644	23	1296	1462	0	0	0	0
22	0	0	628	24	1314	1445	0	0	0	0
23	0	0	621	24	1319	1436	0	0	0	0
24	0	0	620	25	1317	1433	0	0	0	0
25	0	0	631	31	1311	1436	0	0	0	0
26	0	0	648	41	1306	1438	0	0	0	0
27	0	0	669	55	1295	1437	0	0	0	0
28	0	0	693	70	1282	1439	0	0	0	0
29	0	0	718	78	1271	1441	0	0	0	0
30	0	0	741	86	1262	1442	0	0	0	0
31	0	0	761	97	1254	1449	0	0	0	0
32	0	0	774	113	1243	1455	0	0	0	0
33	0	0	784	132	1232	1460	0	0	0	0
34	0	0	789	153	1221	1466	0	0	0	0
35	0	0	792	175	1209	1466	0	0	0	0
36	0	0	793	197	1200	1475	0	0	0	0
37	0	0	793	221	1188	1484	0	0	0	0
38	0	0	792	250	1176	1491	0	0	0	0
39	0	0	793	281	1162	1495	0	0	0	0
40	0	0	793	309	1147	1503	0	0	0	0
41	0	0	792	338	1132	1508	0	0	0	0
42	0	0	798	367	1116	1516	0	0	0	0
43	0	0	799	395	1097	1520	0	0	0	0
44	0	0	798	419	1080	1522	0	0	0	0
45	0	0	799	441	1062	1522	0	0	0	0
46	0	0	800	459	1046	1527	0	0	0	0
47	0	0	801	476	1030	1527	0	0	0	0
48	0	0	803	491	1015	1526	0	0	0	0
49	0	0	800	507	1000	1526	0	0	0	0
50	0	0	797	527	984	1524	0	0	0	0
51	0	0	802	544	973	1528	0	0	0	0
52	0	0	803	558	960	1526	0	0	0	0
53	0	0	801	572	949	1526	0	0	0	0
54	0	0	800	584	939	1517	0	0	0	0
55	0	0	798	593	929	1514	0	0	0	0
56	0	0	798	599	922	1514	0	0	0	0
57	0	0	798	604	915	1520	0	0	0	0
58	0	0	794	608	905	1518	0	0	0	0
59	0	0	790	613	897	1507	0	0	0	0
60	0	0	788	614	888	1505	0	0	0	0
61	0	0	782	616	881	1497	0	0	0	0
62	0	0	780	619	873	1497	0	0	0	0
63	0	0	775	620	867	1494	0	0	0	0
64	0	0	774	621	860	1490	0	0	0	0
65	0	0	771	620	854	1494	0	0	0	0
66	0	0	769	620	847	1483	0	0	0	0
67	0	0	769	628	844	1480	0	0	0	0
68	0	0	774	622	836	1470	0	0	0	0
69	0	0	770	619	833	1467	0	0	0	0
70	0	0	773	613	829	1460	0	0	0	0
71	0	0	773	613	828	1462	0	0	0	0
72	0	0	778	608	822	1461	0	0	0	0
73	0	0	781	605	817	1457	0	0	0	0
74	0	0	783	601	814	1449	0	0	0	0
75	0	0	786	599	810	1426	0	0	0	0
76	0	0	792	600	808	1420	0	0	0	0
77	0	0	795	600	804	1419	0	0	0	0
78	0	0	797	601	803	1422	0	0	0	0
79	0	0	798	603	799	1422	0	0	0	0
80	0	0	800	607	798	1420	0	0	0	0
81	0	0	800	609	796	1428	0	0	0	0
82	0	0	800	611	795	1417	0	0	0	0
83	0	0	800	615	792	1418	0	0	0	0
84	0	0	801	618	792	1416	0	0	0	0
85	0	0	802	621	792	1413	0	0	0	0
86	0	0	803	623	791	1415	0	0	0	0
87	0	0	805	626	792	1412	0	0	0	0
88	0	0	806	629	793	1409	0	0	0	0
89	0	0	806	631	793	1410	0	0	0	0
90	0	0	806	633	794	1405	0	0	0	0
91	0	0	807	634	796	1395	0	0	0	0
92	0	0	808	636	799	1381	0	0	0	0
93	0	0	808	636	803	1370	0	0	0	0
94	0	0	810	637	804	1362	0	0	0	0
95	0	0	809	638	807	1351	0	0	0	0
96	0	0	810	640	810	1322	0	0	0	0
97	0	0	811	639	814	1337	0	0	0	0
98	0	0	810	636	816	1326	0	0	0	0
99	0	0	812	634	822	1334	0	0	0	0
100	0	0	812	633	826	1333	0	0	0	0
101	0	0	811	632	830	1336	0	0	0	0
102	0	0	809	630	834	1340	0	0	0	0
103	0	0	805	629	837	1336	0	0	0	0
104	0	0	804	628	841	1339	0	0	0	0
105	0	0	801	628	846	1332	0	0	0	0
106	0	0	800	628	849	1343	0	0	0	0
107	0	0	797	626	854	1331	0	0	0	0
108	0	0	795	624	859	1334	0	0	0	0
109	0	0	794	623	863	1339	0	0	0	0
110	0	0	791	621	867	1348	0	0	0	0
111	0	0	790	619	873	1356	0	0	0	0
112	0	0	789	616	879	1345	0	0	0	0
113	0	0	786	612	885	1327	0	0	0	0
114	0	0	785	609	892	1316	0	0	0	0
115	0	0	782	606	898	1308	0	0	0	0
116	0	0	780	600	904	1300	0	0	0	0
117	0	0	776	597	910	1301	0	0	0	0
118	0	0	772	593	915	1293	0	0	0	0
119	0	0	770	590	921	1291	0	0	0	0
120	0	0	766	585	924	1287	0	0	0	0
121	0	0	763	586	929	1271	0	0	0	0
122	0	0	760	583	933	1250	0	0	0	0
123	0	0	757	582	937	1247	0	0	0	0
124	0	0	754	579	939	1239	0	0	0	0
125	0	0	752	578	943	1214	0	0	0	0
126	0	0	751	577	947	1197	0	0	0	0
127	0	0	749	575	948	1191	0	0	0	0
0	0	0	750	575	950	1196	0	0	0	0
1	0	0	749	573	951	1191	0	0	0	0
2	0	0	750	572	952	1180	0	0	0	0
3	0	0	750	572	954	1166	0	0	0	0
4	0	0	750	572	955	1173	0	0	0	0
5	0	0	752	572	955	1171	0	0	0	0
6	0	0	753	572	954	1155	0	0	0	0
7	0	0	755	572	955	1145	0	0	0	0
8	0	0	755	573	956	1142	0	0	0	0
9	0	0	757	574	956	1131	0	0	0	0
10	0	0	760	574	956	1105	0	0	0	0
11	0	0	760	575	956	1094	0	0	0	0
12	0	0	762	576	956	1091	0	0	0	0
13	0	0	762	577	956	1083	0	0	0	0
14	0	0	763	579	955	1066	0	0	0	0
15	0	0	764	580	955	1026	0	0	0	0
16	0	0	763	582	953	997	0	0	0	0
17	0	0	763	585	952	975	0	0	0	0
18	0	0	764	588	952	973	0	0	0	0
19	0	0	763	588	951	958	0	0	0	0
20	0	0	764	591	951	952	0	0	0	0
21	0	0	764	593	948	948	0	0	0	0
22	0	0	763	595	947	948	0	0	0	0
23	0	0	763	597	947	930	0	0	0	0
24	0	0	761	601	945	935	0	0	0	0
25	0	0	760	603	943	929	0	0	0	0
26	0	0	761	606	942	932	0	0	0	0
27	0	0	760	609	940	927	0	0	0	0
28	0	0	760	611	939	931	0	0	0	0
29	0	0	759	614	937	906	0	0	0	0
30	0	0	759	616	936	890	0	0	0	0
31	0	0	761	619	935	893	0	0	0	0
32	0	0	761	620	933	891	0	0	0	0
33	0	0	761	623	931	886	0	0	0	0
34	0	0	760	624	929	878	0	0	0	0
35	0	0	760	626	928	878	0	0	0	0
36	0	0	762	628	927	879	0	0	0	0
37	0	0	761	629	925	878	0	0	0	0
38	0	0	762	630	924	872	0	0	0	0
39	0	0	763	632	921	870	0	0	0	0
40	0	0	763	634	919	865	0	0	0	0
41	0	0	763	635	917	851	0	0	0	0
42	0	0	765	637	916	859	0	0	0	0
43	0	0	765	640	912	857	0	0	0	0
44	0	0	766	642	909	852	0	0	0	0
45	0	0	768	643	908	873	0	0	0	0
46	0	0	768	646	905	844	0	0	0	0
47	0	0	768	649	902	836	0	0	0	0
48	0	0	770	652	900	845	0	0	0	0
49	0	0	772	654	897	834	0	0	0	0
50	0	0	772	657	893	833	0	0	0	0
51	0	0	772	660	890	821	0	0	0	0
52	0	0	773	663	889	807	0	0	0	0
53	0	0	774	664	885	805	0	0	0	0
54	0	0	776	668	882	825	0	0	0	0
55	0	0	777	670	880	809	0	0	0	0
56	0	0	777	672	876	800	0	0	0	0
57	0	0	777	673	874	803	0	0	0	0
58	0	0	780	677	870	818	0	0	0	0
59	0	0	780	678	869	814	0	0	0	0
60	0	0	781	680	865	782	0	0	0	0
61	0	0	781	683	862	748	0	0	0	0
62	0	0	782	684	860	724	0	0	0	0
63	0	0	783	687	856	731	0	0	0	0
64	0	0	783	689	855	745	0	0	0	0
65	0	0	783	691	851	743	0	0	0	0
66	0	0	783	693	848	741	0	0	0	0
67	0	0	783	695	846	754	0	0	0	0
68	0	0	782	697	844	761	0	0	0	0
69	0	0	782	698	842	755	0	0	0	0
70	0	0	782	699	840	771	0	0	0	0
71	0	0	782	701	838	779	0	0	0	0
72	0	0	782	703	836	760	0	0	0	0
73	0	0	783	705	835	759	0	0	0	0
74	0	0	781	706	834	730	0	0	0	0
75	0	0	781	708	830	717	0	0	0	0
76	0	0	782	710	829	705	0	0	0	0
77	0	0	778	711	827	695	0	0	0	0
78	0	0	781	712	826	680	0	0	0	0
79	0	0	779	714	825	682	0	0	0	0
80	0	0	779	715	823	672	0	0	0	0
81	0	0	779	717	824	675	0	0	0	0
82	0	0	778	718	822	668	0	0	0	0
83	0	0	778	718	821	675	0	0	0	0
84	0	0	778	720	821	675	0	0	0	0
85	0	0	776	720	820	686	0	0	0	0
86	0	0	777	720	820	675	0	0	0	0
87	0	0	776	721	818	677	0	0	0	0
88	0	0	777	721	818	683	0	0	0	0
89	0	0	777	723	818	672	0	0	0	0
90	0	0	775	724	815	674	0	0	0	0
91	0	0	776	725	816	670	0	0	0	0
92	0	0	776	726	815	667	0	0	0	0
93	0	0	776	727	814	670	0	0	0	0
94	0	0	776	729	814	668	0	0	0	0
95	0	0	777	732	812	677	0	0	0	0
96	0	0	778	734	810	664	0	0	0	0
97	0	0	777	737	809	654	0	0	0	0
98	0	0	777	741	808	654	0	0	0	0
99	0	0	775	745	805	653	0	0	0	0
100	0	0	773	748	801	640	0	0	0	0
101	0	0	773	751	799	639	0	0	0	0
102	0	0	773	753	797	647	0	0	0	0
103	0	0	772	755	795	641	0	0	0	0
104	0	0	772	757	793	632	0	0	0	0
105	0	0	772	759	789	628	0	0	0	0
106	0	0	771	762	787	631	0	0	0	0
107	0	0	772	764	784	630	0	0	0	0
108	0	0	770	767	782	627	0	0	0	0
109	0	0	770	769	780	630	0	0	0	0
110	0	0	770	771	777	631	0	0	0	0
111	0	0	768	773	775	631	0	0	0	0
112	0	0	769	775	773	635	0	0	0	0
113	0	0	771	776	771	636	0	0	0	0
114	0	0	769	778	768	636	0	0	0	0
115	0	0	769	780	767	638	0	0	0	0
116	0	0	769	782	765	635	0	0	0	0
117	0	0	768	784	763	634	0	0	0	0
118	0	0	769	786	761	637	0	0	0	0
119	0	0	769	788	760	637	0	0	0	0
120	0	0	769	790	758	637	0	0	0	0
121	0	0	769	791	757	633	0	0	0	0
122	0	0	770	793	756	629	0	0	0	0
123	0	0	771	795	754	631	0	0	0	0
124	0	0	771	797	752	628	0	0	0	0
125	0	0	771	799	751	626	0	0	0	0
126	0	0	771	800	750	623	0	0	0	0
127	0	0	771	801	749	620	0	0	0	0
0	0	0	773	803	749	615	0	0	0	0
1	0	0	772	805	747	606	0	0	0	0
2	0	0	772	806	746	602	0	0	0	0
3	0	0	772	806	746	599	0	0	0	0
4	0	0	774	807	746	593	0	0	0	0
5	0	0	774	807	745	588	0	0	0	0
6	0	0	775	808	744	589	0	0	0	0
7	0	0	774	809	745	586	0	0	0	0
8	0	0	774	808	746	578	0	0	0	0
9	0	0	773	809	745	570	0	0	0	0
10	0	0	776	809	747	565	0	0	0	0
11	0	0	777	809	748	559	0	0	0	0
12	0	0	776	807	748	557	0	0	0	0
13	0	0	777	804	750	546	0	0	0	0
14	0	0	777	803	751	538	0	0	0	0
15	0	0	777	803	752	537	0	0	0	0
16	0	0	777	802	753	545	0	0	0	0
17	0	0	777	800	753	545	0	0	0	0
18	0	0	778	800	755	539	0	0	0	0
19	0	0	778	799	756	536	0	0	0	0
20	0	0	778	797	757	525	0	0	0	0
21	0	0	778	795	760	521	0	0	0	0
22	0	0	779	794	762	522	0	0	0	0
23	0	0	778	793	762	530	0	0	0	0
24	0	0	778	792	764	525	0	0	0	0
25	0	0	778	791	766	526	0	0	0	0
26	0	0	777	790	767	513	0	0	0	0
27	0	0	779	790	770	515	0	0	0	0
28	0	0	779	786	771	498	0	0	0	0
29	0	0	779	786	772	489	0	0	0	0
30	0	0	780	785	775	496	0	0	0	0
31	0	0	780	783	778	518	0	0	0	0
32	0	0	779	781	779	529	0	0	0	0
33	0	0	779	780	781	525	0	0	0	0
34	0	0	778	777	785	537	0	0	0	0
35	0	0	779	775	788	549	0	0	0	0
36	0	0	778	772	791	542	0	0	0	0
37	0	0	778	771	794	530	0	0	0	0
38	0	0	779	769	797	533	0	0	0	0
39	0	0	780	766	801	547	0	0	0	0
40	0	0	780	765	804	542	0	0	0	0
41	0	0	781	763	806	531	0	0	0	0
42	0	0	781	762	809	534	0	0	0	0
43	0	0	780	760	811	541	0	0	0	0
44	0	0	782	758	814	525	0	0	0	0
45	0	0	783	757	818	526	0	0	0	0
46	0	0	784	755	819	554	0	0	0	0
47	0	0	785	754	823	556	0	0	0	0
48	0	0	784	753	824	562	0	0	0	0
49	0	0	783	751	827	547	0	0	0	0
50	0	0	784	749	829	550	0	0	0	0
51	0	0	785	746	832	543	0	0	0	0
52	0	0	785	745	833	536	0	0	0	0
53	0	0	784	742	836	555	0	0	0	0
54	0	0	783	738	838	545	0	0	0	0
55	0	0	783	735	838	552	0	0	0	0
56	0	0	784	734	842	563	0	0	0	0
57	0	0	784	730	843	557	0	0	0	0
58	0	0	783	728	844	551	0	0	0	0
59	0	0	782	726	848	549	0	0	0	0
60	0	0	781	722	850	549	0	0	0	0
61	0	0	780	720	852	547	0	0	0	0
62	0	0	780	717	854	550	0	0	0	0
63	0	0	780	714	858	545	0	0	0	0
64	0	0	779	712	860	541	0	0	0	0
65	0	0	780	708	863	545	0	0	0	0
66	0	0	778	705	866	545	0	0	0	0
67	0	0	778	700	869	543	0	0	0	0
68	0	0	775	696	872	540	0	0	0	0
69	0	0	774	692	876	541	0	0	0	0
70	0	0	773	688	879	543	0	0	0	0
71	0	0	771	683	881	541	0	0	0	0
72	0	0	771	680	883	540	0	0	0	0
73	0	0	769	676	884	508	0	0	0	0
74	0	0	768	673	885	536	0	0	0	0
75	0	0	768	671	889	538	0	0	0	0
76	0	0	767	667	889	534	0	0	0	0
77	0	0	766	664	890	548	0	0	0	0
78	0	0	766	663	890	550	0	0	0	0
79	0	0	765	661	890	537	0	0	0	0
80	0	0	764	660	889	525	0	0	0	0
81	0	0	763	656	889	529	0	0	0	0
82	0	0	761	655	890	528	0	0	0	0
83	0	0	761	651	892	528	0	0	0	0
84	0	0	760	649	891	528	0	0	0	0
85	0	0	759	646	893	529	0	0	0	0
86	0	0	759	644	894	525	0	0	0	0
87	0	0	759	639	896	540	0	0	0	0
88	0	0	759	636	897	541	0	0	0	0
89	0	0	759	632	899	537	0	0	0	0
90	0	0	759	628	899	541	0	0	0	0
91	0	0	759	625	901	543	0	0	0	0
92	0	0	758	620	902	543	0	0	0	0
93	0	0	757	617	904	542	0	0	0	0
94	0	0	758	615	904	546	0	0	0	0
95	0	0	758	610	906	552	0	0	0	0
96	0	0	758	607	907	549	0	0	0	0
97	0	0	758	604	906	550	0	0	0	0
98	0	0	758	602	907	553	0	0	0	0
99	0	0	759	599	908	558	0	0	0	0
100	0	0	759	594	908	556	0	0	0	0
101	0	0	761	593	908	559	0	0	0	0
102	0	0	759	589	909	559	0	0	0	0
103	0	0	759	587	910	559	0	0	0	0
104	0	0	757	584	911	571	0	0	0	0
105	0	0	758	582	912	573	0	0	0	0
106	0	0	757	579	913	568	0	0	0	0
107	0	0	758	577	913	568	0	0	0	0
108	0	0	758	575	913	569	0	0	0	0
109	0	0	758	574	913	569	0	0	0	0
110	0	0	758	571	914	571	0	0	0	0
111	0	0	758	571	915	583	0	0	0	0
112	0	0	757	570	914	586	0	0	0	0
113	0	0	758	569	914	585	0	0	0	0
114	0	0	758	568	915	585	0	0	0	0
115	0	0	757	569	915	581	0	0	0	0
116	0	0	758	569	915	581	0	0	0	0
117	0	0	758	570	915	581	0	0	0	0
118	0	0	757	570	915	582	0	0	0	0
119	0	0	757	571	914	585	0	0	0	0
120	0	0	758	573	915	587	0	0	0	0
121	0	0	759	575	913	591	0	0	0	0
122	0	0	759	577	912	596	0	0	0	0
123	0	0	758	580	911	587	0	0	0	0
124	0	0	759	581	911	587	0	0	0	0
125	0	0	760	580	910	582	0	0	0	0
126	0	0	761	585	909	579	0	0	0	0
127	0	0	760	587	907	579	0	0	0	0
0	0	0	761	588	906	585	0	0	0	0
1	0	0	762	592	904	586	0	0	0	0
2	0	0	764	594	903	593	0	0	0	0
3	0	0	762	597	901	594	0	0	0	0
4	0	0	765	600	899	591	0	0	0	0
5	0	0	764	601	897	589	0	0	0	0
6	0	0	766	604	896	586	0	0	0	0
7	0	0	767	606	895	588	0	0	0	0
8	0	0	768	608	893	582	0	0	0	0
9	0	0	769	610	891	595	0	0	0	0
10	0	0	769	613	890	585	0	0	0	0
11	0	0	771	615	889	587	0	0	0	0
12	0	0	773	618	887	581	0	0	0	0
13	0	0	774	619	886	580	0	0	0	0
14	0	0	776	621	885	579	0	0	0	0
15	0	0	777	623	884	577	0	0	0	0
16	0	0	778	625	882	580	0	0	0	0
17	0	0	781	628	881	582	0	0	0	0
18	0	0	781	631	880	577	0	0	0	0
19	0	0	783	633	879	575	0	0	0	0
20	0	0	783	634	877	578	0	0	0	0
21	0	0	784	637	876	579	0	0	0	0
22	0	0	785	638	875	582	0	0	0	0
23	0	0	788	641	873	581	0	0	0	0
24	0	0	788	642	872	584	0	0	0	0
25	0	0	789	644	870	585	0	0	0	0
26	0	0	790	646	868	585	0	0	0	0
27	0	0	791	648	867	589	0	0	0	0
28	0	0	793	650	865	591	0	0	0	0
29	0	0	793	652	863	591	0	0	0	0
30	0	0	794	654	862	589	0	0	0	0
31	0	0	795	655	857	591	0	0	0	0
32	0	0	795	657	860	588	0	0	0	0
33	0	0	796	659	857	586	0	0	0	0
34	0	0	795	659	855	585	0	0	0	0
35	0	0	795	661	853	578	0	0	0	0
36	0	0	795	662	852	576	0	0	0	0
37	0	0	796	663	850	580	0	0	0	0
38	0	0	797	665	849	581	0	0	0	0
39	0	0	796	666	847	582	0	0	0	0
40	0	0	796	667	846	579	0	0	0	0
41	0	0	796	667	844	585	0	0	0	0
42	0	0	796	669	843	579	0	0	0	0
43	0	0	795	670	842	579	0	0	0	0
44	0	0	795	671	841	577	0	0	0	0
45	0	0	794	672	840	578	0	0	0	0
46	0	0	792	672	839	575	0	0	0	0
47	0	0	792	673	838	576	0	0	0	0
48	0	0	793	675	837	603	0	0	0	0
49	0	0	793	674	836	603	0	0	0	0
50	0	0	792	676	835	605	0	0	0	0
51	0	0	791	676	835	604	0	0	0	0
52	0	0	791	676	834	596	0	0	0	0
53	0	0	790	676	834	568	0	0	0	0
54	0	0	790	677	832	566	0	0	0	0
55	0	0	789	678	832	568	0	0	0	0
56	0	0	790	678	829	563	0	0	0	0
57	0	0	788	679	830	559	0	0	0	0
58	0	0	789	679	829	562	0	0	0	0
59	0	0	787	679	828	560	0	0	0	0
60	0	0	786	680	828	559	0	0	0	0
61	0	0	787	679	827	559	0	0	0	0
62	0	0	786	680	827	559	0	0	0	0
63	0	0	785	679	827	565	0	0	0	0
64	0	0	784	679	826	561	0	0	0	0
65	0	0	784	680	825	562	0	0	0	0
66	0	0	786	679	825	566	0	0	0	0
67	0	0	786	678	826	561	0	0	0	0
68	0	0	786	678	825	561	0	0	0	0
69	0	0	785	678	825	560	0	0	0	0
70	0	0	785	678	825	563	0	0	0	0
71	0	0	784	677	825	561	0	0	0	0
72	0	0	784	675	824	564	0	0	0	0
73	0	0	784	676	824	563	0	0	0	0
74	0	0	784	677	824	563	0	0	0	0
75	0	0	783	676	824	563	0	0	0	0
76	0	0	784	676	824	562	0	0	0	0
77	0	0	784	674	824	558	0	0	0	0
78	0	0	784	675	825	561	0	0	0	0
79	0	0	784	674	825	562	0	0	0	0
80	0	0	784	672	826	562	0	0	0	0
81	0	0	785	673	826	558	0	0	0	0
82	0	0	786	673	827	561	1	0	0	0
83	0	0	785	673	827	561	0	0	0	0
84	0	0	784	673	827	560	0	0	0	0
85	0	0	784	673	827	555	0	0	0	0
86	0	0	783	672	828	548	0	0	0	0
87	0	0	783	670	829	546	0	0	0	0
88	0	0	783	671	830	545	0	0	0	0
89	0	0	783	671	830	549	0	0	0	0
90	0	0	783	671	830	550	0	0	0	0
91	0	0	783	670	831	543	0	0	0	0
92	0	0	782	670	832	536	0	0	0	0
93	0	0	781	671	833	532	0	0	0	0
94	0	0	781	670	832	532	0	0	0	0
95	0	0	781	670	833	529	0	0	0	0
96	0	0	781	669	834	531	0	0	0	0
97	0	0	781	669	836	533	0	0	0	0
98	0	0	781	668	837	532	0	0	0	0
99	0	0	781	667	837	533	0	0	0	0
100	0	0	781	668	838	533	0	0	0	0
101	0	0	781	667	838	538	0	0	0	0
102	0	0	782	668	839	538	0	0	0	0
103	0	0	781	667	840	539	0	0	0	0
104	0	0	781	667	841	537	0	0	0	0
105	0	0	782	666	841	531	0	0	0	0
106	0	0	782	666	842	526	0	0	0	0
107	0	0	782	666	843	526	0	0	0	0
108	0	0	780	666	844	541	0	0	0	0
109	0	0	781	665	844	538	0	0	0	0
110	0	0	780	664	845	536	0	0	0	0
111	0	0	781	665	846	535	0	0	0	0
112	0	0	780	665	848	533	0	0	0	0
113	0	0	780	663	847	526	0	0	0	0
114	0	0	781	664	848	523	0	0	0	0
115	0	0	780	664	849	523	0	0	0	0
116	0	0	781	663	848	523	0	0	0	0
117	0	0	780	663	850	523	0	0	0	0
118	0	0	778	662	851	517	0	0	0	0
119	0	0	779	662	851	509	0	0	0	0
120	0	0	779	662	852	507	0	0	0	0
121	0	0	779	661	853	512	0	0	0	0
122	0	0	780	661	853	502	0	0	0	0
123	0	0	779	661	854	496	0	0	0	0
124	0	0	779	661	855	474	0	0	0	0
125	0	0	779	661	855	478	0	0	0	0
126	0	0	779	660	853	490	0	0	0	0
127	0	0	779	660	856	488	0	0	0	0
0	0	0	779	659	858	495	0	0	0	1
1	0	0	779	660	858	488	0	0	0	0
2	0	0	779	659	859	485	0	0	0	0
3	0	0	779	659	858	492	0	0	0	0
4	0	0	779	659	859	485	0	0	0	0
5	0	0	778	658	860	479	0	0	0	0
6	0	0	779	657	861	481	0	0	0	0
7	0	0	779	657	861	483	0	0	0	0
8	0	0	778	657	862	481	0	0	0	0
9	0	0	779	656	860	476	0	0	0	0
10	0	0	777	656	862	475	0	0	0	0
11	0	0	777	656	863	464	0	0	0	0
12	0	0	779	655	863	472	0	0	0	0
13	0	0	777	655	863	476	0	0	0	0
14	0	0	778	655	863	473	0	0	0	0
15	0	0	778	655	863	475	0	0	0	0
16	0	0	777	654	863	477	0	0	0	0
17	0	0	778	654	864	473	0	0	0	0
18	0	0	778	654	863	480	0	0	0	0
19	0	0	779	653	863	469	0	0	0	0
20	0	0	776	654	863	463	0	0	0	0
21	0	0	777	653	864	490	0	0	0	0
22	0	0	777	653	865	490	0	0	0	0
23	0	0	777	653	864	488	0	0	0	0
24	0	0	777	653	865	484	0	0	0	0
25	0	0	776	653	864	478	0	0	0	0
26	0	0	776	653	865	471	0	0	0	0
27	0	0	778	653	865	471	0	0	0	0
28	0	0	777	653	866	472	0	0	0	0
29	0	0	776	654	865	468	0	0	0	0
30	0	0	775	653	865	476	0	0	0	0
31	0	0	775	653	865	475	0	0	0	0
32	0	0	776	653	866	481	0	0	0	0
33	0	0	776	653	865	472	0	0	0	0
34	0	0	776	649	865	475	0	0	0	0
35	0	0	775	652	864	461	0	0	0	0
36	0	0	775	652	864	464	0	0	0	0
37	0	0	775	653	864	460	0	0	0	0
38	0	0	776	653	864	457	0	0	0	0
39	0	0	776	652	864	460	0	0	0	0
40	0	0	776	653	864	466	0	0	0	0
41	0	0	776	651	863	460	0	0	0	0
42	0	0	777	653	863	457	0	0	0	0
43	0	0	777	653	861	459	0	0	0	0
44	0	0	776	654	861	458	0	0	0	0
45	0	0	777	653	862	458	0	0	0	0
46	0	0	777	653	861	462	0	0	0	0
47	0	0	777	653	860	463	0	0	0	0
48	0	0	778	653	859	465	0	0	0	0
49	0	0	777	654	859	465	0	0	0	0
50	0	0	778	654	859	462	0	0	0	0
51	0	0	777	654	858	495	0	0	0	0
52	0	0	777	654	857	497	0	0	0	0
53	0	0	777	654	857	498	0	0	0	0
54	0	0	777	655	857	494	0	0	0	0
55	0	0	776	655	856	495	0	0	0	0
56	0	0	777	656	857	494	0	0	0	0
57	0	0	776	655	855	493	0	0	0	0
58	0	0	778	656	855	489	0	0	0	0
59	0	0	778	657	856	488	0	0	0	0
60	0	0	778	656	855	478	0	0	0	0
61	0	0	778	657	854	475	0	0	0	0
62	0	0	777	657	853	471	0	0	0	0
63	0	0	777	657	853	474	0	0	0	0
64	0	0	778	658	853	470	0	0	0	0
65	0	0	779	658	853	469	0	0	0	0
66	0	0	778	659	853	471	0	0	0	0
67	0	0	778	657	852	473	0	0	0	0
68	0	0	778	658	851	476	0	0	0	0
69	0	0	779	658	852	474	0	0	0	0
70	0	0	777	659	851	472	0	0	0	0
71	0	0	779	659	851	472	0	0	0	0
72	0	0	778	658	850	479	0	0	0	0
73	0	0	778	659	850	475	0	0	0	0
74	0	0	779	660	850	479	0	0	0	0
75	0	0	778	660	850	487	0	0	0	0
76	0	0	779	660	850	487	0	0	0	0
77	0	0	778	660	849	482	0	0	0	0
78	0	0	779	661	850	476	0	0	0	0
79	0	0	778	661	849	471	0	0	0	0
80	0	0	778	661	849	480	0	0	0	0
81	0	0	778	661	849	488	0	0	0	0
82	0	0	778	661	849	490	0	0	0	0
83	0	0	779	661	850	489	0	0	0	0
84	0	0	778	662	848	488	0	0	0	0
85	0	0	778	662	848	486	0	0	0	0
86	0	0	778	662	848	484	0	0	0	0
87	0	0	778	662	848	482	0	0	0	0
88	0	0	779	662	849	483	0	0	0	0
89	0	0	779	663	848	482	0	0	0	0
90	0	0	778	663	848	482	0	0	0	0
91	0	0	778	664	848	482	0	0	0	0
92	0	0	779	663	847	483	0	0	0	0
93	0	0	780	664	847	483	0	0	0	0
94	0	0	779	664	846	482	0	0	0	0
95	0	0	779	663	847	483	0	0	0	0
96	0	0	780	664	847	485	0	0	0	0
97	0	0	781	665	848	485	0	0	0	0
98	0	0	779	664	846	484	0	0	0	0
99	0	0	780	664	847	484	0	0	0	0
100	0	0	780	664	848	484	0	0	0	0
101	0	0	780	664	847	483	0	0	0	0
102	0	0	780	664	846	483	0	0	0	0
103	0	0	780	665	846	479	0	0	0	0
104	0	0	780	665	846	477	0	0	0	0
105	0	0	779	664	847	477	0	0	0	0
106	0	0	780	664	848	474	0	0	0	0
107	0	0	780	664	846	465	0	0	0	0
108	0	0	781	664	846	475	0	0	0	0
109	0	0	780	664	847	472	0	0	0	0
110	0	0	780	664	848	477	0	0	0	0
111	0	0	781	664	847	479	0	0	0	0
112	0	0	779	663	845	475	0	0	0	0
113	0	0	780	664	846	477	0	0	0	0
114	0	0	781	664	846	461	0	0	0	0
115	0	0	780	663	847	473	0	0	0	0
116	0	0	783	663	846	475	0	0	0	0
117	0	0	782	663	847	473	0	0	0	0
118	0	0	781	663	847	477	0	0	0	0
119	0	0	782	663	847	480	0	0	0	0
120	0	0	781	662	847	481	0	0	0	0
121	0	0	780	663	847	481	0	0	0	0
122	0	0	781	662	846	484	0	0	0	0
123	0	0	782	662	846	484	0	0	0	0
124	0	0	781	662	846	483	0	0	0	0
125	0	0	780	663	846	488	0	0	0	0
126	0	0	781	662	846	486	0	0	0	0
127	0	0	780	662	847	481	0	0	0	0
0	0	0	781	661	848	480	0	0	0	0
1	0	0	781	662	847	476	0	0	0	0
2	0	0	781	661	847	471	0	0	0	0
3	0	0	780	661	848	471	0	0	0	0
4	0	0	781	661	848	473	0	0	0	0
5	0	0	782	660	848	478	0	0	0	0
6	0	0	781	661	848	477	0	0	0	0
7	0	0	782	660	847	480	0	0	0	0
8	0	0	782	661	848	466	0	0	0	0
9	0	0	781	659	848	466	0	0	0	0
10	0	0	782	660	848	463	0	0	0	0
11	0	0	782	660	848	461	0	0	0	0
12	0	0	782	659	848	466	0	0	0	0
13	0	0	782	659	847	471	0	0	0	0
14	0	0	781	658	848	478	0	0	0	0
15	0	0	781	659	848	482	0	0	0	0
16	0	0	782	658	848	480	0	0	0	0
17	0	0	781	658	848	479	0	0	0	0
18	0	0	781	658	847	481	0	0	0	0
19	0	0	780	657	847	477	0	0	0	0
20	0	0	780	658	847	476	0	0	0	0
21	0	0	781	658	847	474	0	0	0	0
22	0	0	781	658	847	477	0	0	0	0
23	0	0	781	657	847	477	0	0	0	0
24	0	0	781	657	847	481	0	0	0	0
25	0	0	781	658	847	483	0	0	0	0
26	0	0	780	658	846	479	0	0	0	0
27	0	0	781	657	847	482	0	0	0	0
28	0	0	781	657	847	482	0	0	0	0
29	0	0	780	657	846	478	0	0	0	0
30	0	0	779	657	847	475	0	0	0	0
31	0	0	778	657	847	465	0	0	0	0
32	0	0	779	657	846	495	0	0	0	0
33	0	0	779	656	846	497	0	0	0	0
34	0	0	779	655	847	498	0	0	0	0
35	0	0	778	655	847	495	0	0	0	0
36	0	0	778	656	846	497	0	0	0	0
37	0	0	777	655	845	496	0	0	0	0
38	0	0	778	655	846	495	0	0	0	0
39	0	0	777	653	846	495	0	0	0	0
40	0	0	776	654	846	484	0	0	0	0
41	0	0	777	655	845	488	0	0	0	0
42	0	0	776	655	845	483	0	0	0	0
43	0	0	778	654	845	478	0	0	0	0
44	0	0	777	654	845	471	0	0	0	0
45	0	0	777	654	846	474	0	0	0	0
46	0	0	777	654	846	473	0	0	0	0
47	0	0	777	654	845	475	0	0	0	0
48	0	0	776	654	846	475	0	0	0	0
49	0	0	776	655	845	474	0	0	0	0
50	0	0	776	655	845	479	0	0	0	0
51	0	0	776	654	845	473	0	0	0	0
52	0	0	775	655	845	470	0	0	0	0
53	0	0	775	655	845	473	0	0	0	0
54	0	0	775	654	846	475	0	0	0	0
55	0	0	775	654	845	472	0	0	0	0
56	0	0	774	654	845	471	0	0	0	0
57	0	0	774	654	845	472	0	0	0	0
58	0	0	773	654	845	469	0	0	0	0
59	0	0	773	653	846	465	0	0	0	0
60	0	0	775	655	846	467	0	0	0	0
61	0	0	775	654	845	464	0	0	0	0
62	0	0	775	655	846	461	0	0	0	0
63	0	0	774	655	846	458	0	0	0	0
64	0	0	774	653	846	460	0	0	0	0
65	0	0	775	655	845	459	0	0	0	0
66	0	0	774	654	846	457	0	0	0	0
67	0	0	774	655	846	456	0	0	0	0
68	0	0	775	655	845	454	0	0	0	0
69	0	0	775	655	847	449	0	0	0	0
70	0	0	775	655	847	447	0	0	0	0
71	0	0	775	655	847	442	0	0	0	0
72	0	0	774	655	847	443	0	0	0	0
73	0	0	775	655	848	451	0	0	0	0
74	0	0	774	655	848	460	0	0	0	0
75	0	0	775	656	848	457	0	0	0	0
76	0	0	774	658	848	452	0	0	0	0
77	0	0	773	656	848	452	0	0	0	0
78	0	0	774	656	849	448	0	0	0	0
79	0	0	775	655	848	444	0	0	0	0
80	0	0	773	656	849	443	0	0	0	0
81	0	0	773	657	849	441	0	0	0	0
82	0	0	772	658	849	449	0	0	0	0
83	0	0	772	657	849	450	0	0	0	0
84	0	0	773	657	850	449	0	0	0	0
85	0	0	772	658	850	448	0	0	0	0
86	0	0	772	658	850	449	0	0	0	0
87	0	0	773	659	851	454	0	0	0	0
88	0	0	772	658	851	446	0	0	0	0
89	0	0	772	659	851	431	0	0	0	0
90	0	0	772	660	851	433	0	0	0	0
91	0	0	771	660	851	435	0	0	0	0
92	0	0	772	661	851	427	0	0	0	0
93	0	0	772	660	852	410	0	0	0	0
94	0	0	772	661	851	430	0	0	0	0
95	0	0	773	661	851	431	0	0	0	0
96	0	0	773	661	851	433	0	0	0	0
97	0	0	772	662	852	426	0	0	0	0
98	0	0	773	662	852	439	0	0	0	0
99	0	0	772	662	853	436	0	0	0	0
100	0	0	772	663	854	433	0	0	0	0
101	0	0	771	663	853	425	0	0	0	0
102	0	0	772	663	853	429	0	0	0	0
103	0	0	773	663	853	430	0	0	0	0
104	0	0	773	663	853	430	0	0	0	0
105	0	0	774	663	853	435	0	0	0	0
106	0	0	773	663	854	431	0	0	0	0
107	0	0	772	663	854	429	0	0	0	0
108	0	0	772	663	854	425	0	0	0	0
109	0	0	773	664	854	425	0	0	0	0
110	0	0	772	664	854	427	0	0	0	0
111	0	0	773	665	854	427	0	0	0	0
112	0	0	773	665	855	434	0	0	0	0
113	0	0	773	665	855	433	0	0	0	0
114	0	0	771	665	855	437	0	0	0	0
115	0	0	771	665	854	436	0	0	0	0
116	0	0	770	664	855	433	0	0	0	0
117	0	0	771	665	855	432	0	0	0	0
118	0	0	771	665	856	434	0	0	0	0
119	0	0	772	664	857	433	0	0	0	0
120	0	0	772	666	856	428	0	0	0	0
121	0	0	771	665	855	429	0	0	0	0
122	0	0	770	667	856	430	0	0	0	0
123	0	0	771	666	856	430	0	0	0	0
124	0	0	771	666	856	428	0	0	0	0
125	0	0	771	666	857	430	0	0	0	0
126	0	0	770	666	857	433	0	0	0	0
127	0	0	771	666	857	437	0	0	0	0
0	0	0	771	666	858	437	0	0	0	0
1	0	0	772	665	858	433	0	0	0	0
2	0	0	772	665	857	435	0	0	0	0
3	0	0	771	665	857	433	0	0	0	0
4	0	0	771	665	858	435	0	0	0	0
5	0	0	772	665	858	434	0	0	0	0
6	0	0	770	665	857	439	0	0	0	0
7	0	0	771	665	858	441	0	0	0	0
8	0	0	771	665	859	438	0	0	0	0
9	0	0	771	665	859	435	0	0	0	0
10	0	0	771	665	858	433	0	0	0	0
11	0	0	770	665	859	434	0	0	0	0
12	0	0	770	666	858	432	0	0	0	0
13	0	0	771	666	860	431	0	0	0	0
14	0	0	771	665	859	431	0	0	0	0
15	0	0	771	665	859	434	0	0	0	0
16	0	0	770	665	859	435	0	0	0	0
17	0	0	772	665	858	435	0	0	0	0
18	0	0	771	665	859	438	0	0	0	0
19	0	0	771	665	859	439	0	0	0	0
20	0	0	772	664	860	439	0	0	0	0
21	0	0	773	663	860	439	0	0	0	0
22	0	0	773	665	859	443	0	0	0	0
23	0	0	771	666	860	443	0	0	0	0
24	0	0	772	666	860	442	0	0	0	0
25	0	0	772	665	859	442	0	0	0	0
26	0	0	772	665	860	443	0	0	0	0
27	0	0	773	666	861	447	0	0	0	0
28	0	0	774	665	860	444	0	0	0	0
29	0	0	773	665	861	445	0	0	0	0
30	0	0	774	665	860	446	0	0	0	0
31	0	0	774	664	861	447	0	0	0	0
32	0	0	775	665	861	447	0	0	0	0
33	0	0	775	665	861	447	0	0	0	0
34	0	0	774	665	860	451	0	0	0	0
35	0	0	774	664	861	451	0	0	0	0
36	0	0	774	665	861	456	0	0	0	0
37	0	0	774	667	861	453	0	0	0	0
38	0	0	774	665	860	454	0	0	0	0
39	0	0	774	665	861	458	0	0	0	0
40	0	0	773	666	861	460	0	0	0	0
41	0	0	773	665	862	461	0	0	0	0
42	0	0	773	666	862	464	0	0	0	0
43	0	0	774	665	862	465	0	0	0	0
44	0	0	775	665	862	463	0	0	0	0
45	0	0	774	666	862	468	0	0	0	0
46	0	0	773	666	862	471	0	0	0	0
47	0	0	774	665	863	467	0	0	0	0
48	0	0	774	666	862	465	0	0	0	0
49	0	0	774	666	863	463	0	0	0	0
50	0	0	776	667	863	463	0	0	0	0
51	0	0	776	666	862	463	0	0	0	0
52	0	0	775	667	863	462	0	0	0	0
53	0	0	774	667	863	462	0	0	0	0
54	0	0	775	667	863	462	0	0	0	0
55	0	0	776	667	862	464	0	0	0	0
56	0	0	777	667	862	461	0	0	0	0
57	0	0	776	667	862	460	0	0	0	0
58	0	0	775	667	862	462	0	0	0	0
59	0	0	775	667	863	470	0	0	0	0
60	0	0	775	667	862	467	0	0	0	0
61	0	0	776	666	862	466	0	0	0	0
62	0	0	777	667	862	470	0	0	0	0
63	0	0	776	667	861	470	0	0	0	0
64	0	0	776	667	862	468	0	0	0	0
65	0	0	777	667	862	470	0	0	0	0
66	0	0	776	668	861	473	0	0	0	0
67	0	0	776	667	860	474	0	0	0	0
68	0	0	777	668	861	489	0	0	0	0
69	0	0	776	668	861	486	0	0	0	0
70	0	0	778	668	859	486	0	0	0	0
71	0	0	778	668	860	489	0	0	0	0
72	0	0	777	668	860	488	0	0	0	0
73	0	0	777	668	859	491	0	0	0	0
74	0	0	778	668	860	491	0	0	0	0
75	0	0	778	667	860	492	0	0	0	0
76	0	0	779	668	859	493	0	0	0	0
77	0	0	778	668	859	493	0	0	0	0
78	0	0	778	668	859	495	0	0	0	0
79	0	0	777	667	859	500	0	0	0	0
80	0	0	778	668	859	502	0	0	0	0
81	0	0	778	668	858	506	0	0	0	0
82	0	0	778	668	858	503	0	0	0	0
83	0	0	778	668	858	504	0	0	0	0
84	0	0	777	667	858	503	0	0	0	0
85	0	0	779	668	859	509	0	0	0	0
86	0	0	780	666	858	514	0	0	0	0
87	0	0	778	667	858	514	0	0	0	0
88	0	0	779	668	858	507	0	0	0	0
89	0	0	778	667	857	502	0	0	0	0
90	0	0	779	666	857	504	0	0	0	0
91	0	0	778	667	857	504	0	0	0	0
92	0	0	779	667	858	508	0	0	0	0
93	0	0	779	667	857	510	0	0	0	0
94	0	0	778	667	858	507	0	0	0	0
95	0	0	778	667	857	509	0	0	0	0
96	0	0	780	667	858	505	0	0	0	0
97	0	0	779	667	858	505	0	0	0	0
98	0	0	779	667	858	505	0	0	0	0
99	0	0	778	667	858	512	0	0	0	0
100	0	0	778	667	859	512	0	0	0	0
101	0	0	779	667	858	512	0	0	0	0
102	0	0	779	667	858	515	0	0	0	0
103	0	0	778	666	858	515	0	0	0	0
104	0	0	778	667	858	516	0	0	0	0
105	0	0	778	666	859	515	0	0	0	0
106	0	0	777	666	858	516	0	0	0	0
107	0	0	777	667	858	517	0	0	0	0
108	0	0	778	666	859	513	0	0	0	0
109	0	0	777	666	858	515	0	0	0	0
110	0	0	778	667	858	515	0	0	0	0
111	0	0	779	667	857	513	0	0	0	0
112	0	0	778	667	858	513	0	0	0	0
113	0	0	777	667	858	513	0	0	0	0
114	0	0	777	665	857	514	0	0	0	0
115	0	0	776	667	857	516	0	0	0	0
116	0	0	777	666	854	516	0	0	0	0
117	0	0	776	667	857	516	0	0	0	0
118	0	0	777	667	857	520	0	0	0	0
119	0	0	777	666	857	521	0	0	0	0
120	0	0	777	668	856	520	0	0	0	0
121	0	0	776	667	856	520	0	0	0	0
122	0	0	775	667	856	522	0	0	0	0
123	0	0	777	667	857	521	0	0	0	0
124	0	0	776	667	856	521	0	0	0	0
125	0	0	777	667	856	523	0	0	0	0
126	0	0	776	667	857	524	0	0	0	0
127	0	0	776	667	856	526	0	0	0	0
0	0	0	776	667	857	523	0	0	0	0
1	0	0	776	667	856	523	0	0	0	0
2	0	0	775	667	856	526	0	0	0	0
3	0	0	775	667	857	525	0	0	0	0
4	0	0	775	667	856	524	0	0	0	0
5	0	0	776	667	857	521	0	0	0	0
6	0	0	776	667	857	522	0	0	0	0
7	0	0	776	667	856	521	0	0	0	0
8	0	0	776	667	857	520	0	0	0	0
9	0	0	775	668	856	522	0	0	0	0
10	0	0	776	668	856	520	0	0	0	0
11	0	0	776	668	856	521	0	0	0	0
12	0	0	777	669	856	521	0	0	0	0
13	0	0	776	667	856	519	0	0	0	0
14	0	0	776	669	856	523	0	0	0	0
15	0	0	776	668	857	523	0	0	0	0
16	0	0	776	667	856	524	0	0	0	0
17	0	0	777	669	856	523	0	0	0	0
18	0	0	775	668	856	524	0	0	0	0
19	0	0	777	669	857	525	0	0	0	0
20	0	0	777	669	857	525	0	0	0	0
21	0	0	775	668	856	522	0	0	0	0
22	0	0	776	668	857	515	0	0	0	0
23	0	0	775	669	857	515	0	0	0	0
24	0	0	776	668	857	514	0	0	0	0
25	0	0	777	669	857	513	0	0	0	0
26	0	0	775	668	856	510	0	0	0	0
27	0	0	775	669	856	510	0	0	0	0
28	0	0	775	669	857	513	0	0	0	0
29	0	0	776	669	857	516	0	0	0	0
30	0	0	776	670	855	518	0	0	0	0
31	0	0	774	669	857	519	0	0	0	0
32	0	0	775	668	856	521	0	0	0	0
33	0	0	775	668	857	522	0	0	0	0
34	0	0	775	669	857	523	0	0	0	0
35	0	0	775	669	856	528	0	0	0	0
36	0	0	775	668	857	527	0	0	0	0
37	0	0	774	669	857	529	0	0	0	0
38	0	0	775	668	857	530	0	0	0	0
39	0	0	773	668	857	532	0	0	0	0
40	0	0	775	669	857	531	0	0	0	0
41	0	0	775	669	857	524	0	0	0	0
42	0	0	776	668	857	521	0	0	0	0
43	0	0	772	668	857	521	0	0	0	0
44	0	0	773	668	857	519	0	0	0	0
45	0	0	774	667	858	519	0	0	0	0
46	0	0	774	668	858	518	0	0	0	0
47	0	0	774	667	857	520	0	0	0	0
48	0	0	774	667	857	526	0	0	0	0
49	0	0	775	667	857	531	0	0	0	0
50	0	0	775	667	857	531	0	0	0	0
51	0	0	775	665	858	533	0	0	0	0
52	0	0	774	667	857	531	0	0	0	0
53	0	0	776	667	858	529	0	0	0	0
54	0	0	774	666	858	526	0	0	0	0
55	0	0	774	666	858	527	0	0	0	0
56	0	0	773	665	857	527	0	0	0	0
57	0	0	773	666	858	526	0	0	0	0
58	0	0	773	665	858	525	0	0	0	0
59	0	0	774	665	858	526	0	0	0	0
60	0	0	773	666	859	524	0	0	0	0
61	0	0	773	665	859	522	0	0	0	0
62	0	0	773	665	858	522	0	0	0	0
63	0	0	772	664	856	522	0	0	0	0
64	0	0	772	665	858	519	0	0	0	0
65	0	0	773	665	859	519	0	0	0	0
66	0	0	773	664	858	516	0	0	0	0
67	0	0	773	664	858	516	0	0	0	0
68	0	0	773	664	859	520	0	0	0	0
69	0	0	773	663	858	524	0	0	0	0
70	0	0	773	663	860	527	0	0	0	0
71	0	0	773	663	858	529	0	0	0	0
72	0	0	772	663	859	529	0	0	0	0
73	0	0	772	662	858	531	0	0	0	0
74	0	0	772	663	857	529	0	0	0	0
75	0	0	773	662	857	529	0	0	0	0
76	0	0	771	661	858	529	0	0	0	0
77	0	0	771	662	858	528	0	0	0	0
78	0	0	772	661	857	531	0	0	0	0
79	0	0	771	661	856	530	0	0	0	0
80	0	0	771	662	857	528	0	0	0	0
81	0	0	769	662	856	528	0	0	0	0
82	0	0	770	661	857	527	0	0	0	0
83	0	0	770	662	858	527	0	0	0	0
84	0	0	771	662	857	527	0	0	0	0
85	0	0	771	662	857	526	0	0	0	0
86	0	0	771	662	857	525	0	0	0	0
87	0	0	770	661	856	527	0	0	0	0
88	0	0	768	662	857	525	0	0	0	0
89	0	0	770	662	857	532	0	0	0	0
90	0	0	770	661	857	539	0	0	0	0
91	0	0	771	660	856	542	0	0	0	0
92	0	0	769	661	856	542	0	0	0	0
93	0	0	772	660	857	543	0	0	0	0
94	0	0	770	660	857	542	0	0	0	0
95	0	0	769	660	857	543	0	0	0	0
