# bioPlux Text File Format
# Version: 1
# StartDateTime: 2012-03-21 17:48:29
# SamplingFrequency: 1000
# SampledChannels: 1 2 3 4 5 6 7 8
# SamplingResolution: 12
# AcquiringDevice: 00:07:80:93:66:BE
# EndOfHeader
0	0	0	765	658	846	1771	0	0	0	0
1	0	0	764	659	846	1770	0	0	0	0
2	0	0	765	659	846	1770	0	0	0	0
3	0	0	765	659	845	1768	0	0	0	0
4	0	0	765	660	847	1768	0	0	0	0
5	0	0	765	660	846	1769	0	0	0	0
6	0	0	766	659	846	1769	0	0	0	0
7	0	0	766	660	846	1770	0	0	0	0
8	0	0	765	659	845	1771	0	0	0	0
9	0	0	765	659	845	1770	0	0	0	0
10	0	0	766	659	845	1771	0	0	0	0
11	0	0	766	659	845	1772	0	0	0	0
12	0	0	766	659	846	1771	0	0	0	0
13	0	0	766	659	846	1773	0	0	0	0
14	0	0	765	659	846	1772	0	0	0	0
15	0	0	765	659	846	1774	0	0	0	0
16	0	0	766	659	845	1775	0	0	0	0
17	0	0	766	661	845	1774	0	0	0	0
18	0	0	766	659	845	1774	0	0	0	0
19	0	0	767	659	845	1773	0	0	0	0
20	0	0	766	660	846	1772	0	0	0	0
21	0	0	766	659	845	1772	0	0	0	0
22	0	0	765	659	846	1771	0	0	0	0
23	0	0	766	658	846	1770	0	0	0	0
24	0	0	765	659	845	1770	0	0	0	0
25	0	0	765	659	846	1771	0	0	0	0
26	0	0	765	659	845	1771	0	0	0	0
27	0	0	766	660	847	1771	0	0	0	0
28	0	0	766	659	846	1771	0	0	0	0
29	0	0	767	658	847	1773	0	0	0	0
30	0	0	767	659	847	1774	0	0	0	0
31	0	0	766	659	846	1773	0	0	0	0
32	0	0	766	659	846	1775	0	0	0	0
33	0	0	766	658	846	1774	0	0	0	0
34	0	0	766	659	847	1775	0	0	0	0
35	0	0	766	659	847	1776	0	0	0	0
36	0	0	766	659	847	1776	0	0	0	0
37	0	0	766	659	847	1775	0	0	0	0
38	0	0	766	659	847	1775	0	0	0	0
39	0	0	765	659	848	1772	0	0	0	0
40	0	0	765	659	848	1774	0	0	0	0
41	0	0	767	660	848	1772	0	0	0	0
42	0	0	767	659	849	1772	0	0	0	0
43	0	0	767	659	848	1772	0	0	0	0
44	0	0	767	659	849	1771	0	0	0	0
45	0	0	766	659	848	1773	0	0	0	0
46	0	0	767	660	848	1773	0	0	0	0
47	0	0	766	660	848	1774	0	0	0	0
48	0	0	765	659	848	1775	0	0	0	0
49	0	0	766	658	849	1776	0	0	0	0
50	0	0	768	659	850	1776	0	0	0	0
51	0	0	767	661	848	1777	0	0	0	0
52	0	0	767	660	849	1777	0	0	0	0
53	0	0	765	659	849	1777	0	0	0	0
54	0	0	766	660	849	1775	0	0	0	0
55	0	0	766	661	849	1777	0	0	0	0
56	0	0	767	660	848	1778	0	0	0	0
57	0	0	766	660	850	1777	0	0	0	0
58	0	0	767	660	849	1777	0	0	0	0
59	0	0	767	661	850	1776	0	0	0	0
60	0	0	767	661	850	1777	0	0	0	0
61	0	0	767	661	850	1776	0	0	0	0
62	0	0	766	660	850	1775	0	0	0	0
63	0	0	767	661	850	1776	0	0	0	0
64	0	0	765	659	851	1776	0	0	0	0
65	0	0	766	660	851	1778	0	0	0	0
66	0	0	766	661	850	1778	0	0	0	0
67	0	0	766	661	851	1778	0	0	0	0
68	0	0	765	661	850	1781	0	0	0	0
69	0	0	766	662	850	1781	0	0	0	0
70	0	0	767	662	850	1781	0	0	0	0
71	0	0	766	662	850	1780	0	0	0	0
72	0	0	766	661	852	1781	0	0	0	0
73	0	0	766	661	851	1782	0	0	0	0
74	0	0	766	661	851	1780	0	0	0	0
75	0	0	765	662	851	1780	0	0	0	0
76	0	0	764	662	852	1782	0	0	0	0
77	0	0	763	662	852	1783	0	0	0	0
78	0	0	764	663	852	1783	0	0	0	0
79	0	0	765	663	853	1781	0	0	0	0
80	0	0	764	661	852	1781	0	0	0	0
81	0	0	764	662	853	1781	0	0	0	0
82	0	0	765	661	852	1780	0	0	0	0
83	0	0	765	662	852	1781	0	0	0	0
84	0	0	765	662	851	1781	0	0	0	0
85	0	0	764	662	852	1782	0	0	0	0
86	0	0	765	661	852	1782	0	0	0	0
87	0	0	763	661	853	1784	0	0	0	0
88	0	0	765	661	851	1786	0	0	0	0
89	0	0	764	662	852	1787	0	0	0	0
90	0	0	764	661	851	1787	0	0	0	0
91	0	0	766	661	851	1787	0	0	0	0
92	0	0	765	660	852	1788	0	0	0	0
93	0	0	766	660	852	1790	0	0	0	0
94	0	0	766	660	852	1789	0	0	0	0
95	0	0	765	660	851	1789	0	0	0	0
96	0	0	765	660	852	1791	0	0	0	0
97	0	0	765	660	853	1790	0	0	0	0
98	0	0	765	660	852	1791	0	0	0	0
99	0	0	765	660	852	1790	0	0	0	0
100	0	0	765	660	853	1789	0	0	0	0
101	0	0	765	661	852	1790	0	0	0	0
102	0	0	765	661	852	1790	0	0	0	0
103	0	0	765	660	851	1790	0	0	0	0
104	0	0	766	660	851	1791	0	0	0	0
105	0	0	766	660	852	1790	0	0	0	0
106	0	0	765	660	852	1792	0	0	0	0
107	0	0	765	659	852	1793	0	0	0	0
108	0	0	766	659	853	1796	0	0	0	0
109	0	0	766	659	852	1796	0	0	0	0
110	0	0	766	659	852	1797	0	0	0	0
111	0	0	765	660	853	1797	0	0	0	0
112	0	0	764	659	852	1798	0	0	0	0
113	0	0	765	660	853	1800	0	0	0	0
114	0	0	765	659	852	1799	0	0	0	0
115	0	0	765	659	852	1798	0	0	0	0
116	0	0	765	660	852	1800	0	0	0	0
117	0	0	765	660	853	1799	0	0	0	0
118	0	0	766	661	851	1803	0	0	0	0
119	0	0	766	660	851	1801	0	0	0	0
120	0	0	765	661	852	1802	0	0	0	0
121	0	0	765	660	852	1800	0	0	0	0
122	0	0	765	661	852	1800	0	0	0	0
123	0	0	765	661	852	1799	0	0	0	0
124	0	0	765	661	851	1799	0	0	0	0
125	0	0	765	661	851	1799	0	0	0	0
126	0	0	765	662	851	1800	0	0	0	0
127	0	0	765	661	851	1799	0	0	0	0
0	0	0	765	662	851	1800	0	0	0	0
1	0	0	765	661	852	1801	0	0	0	0
2	0	0	766	660	852	1800	0	0	0	0
3	0	0	766	662	852	1801	0	0	0	0
4	0	0	766	661	853	1800	0	0	0	0
5	0	0	766	661	852	1800	0	0	0	0
6	0	0	766	662	852	1798	0	0	0	0
7	0	0	767	663	852	1799	0	0	0	0
8	0	0	766	663	852	1800	0	0	0	0
9	0	0	765	661	852	1802	0	0	0	0
10	0	0	766	663	851	1801	0	0	0	0
11	0	0	766	663	851	1800	0	0	0	0
12	0	0	766	663	852	1798	0	0	0	0
13	0	0	766	663	852	1799	0	0	0	0
14	0	0	765	662	852	1798	0	0	0	0
15	0	0	765	663	852	1797	0	0	0	0
16	0	0	766	663	852	1797	0	0	0	0
17	0	0	765	664	852	1799	0	0	0	0
18	0	0	765	662	850	1799	0	0	0	0
19	0	0	765	663	851	1799	0	0	0	0
20	0	0	766	662	852	1799	0	0	0	0
21	0	0	765	663	851	1800	0	0	0	0
22	0	0	766	662	852	1800	0	0	0	0
23	0	0	766	662	852	1799	0	0	0	0
24	0	0	766	663	851	1801	0	0	0	0
25	0	0	766	663	851	1801	0	0	0	0
26	0	0	765	663	851	1800	0	0	0	0
27	0	0	766	663	851	1801	0	0	0	0
28	0	0	768	664	851	1801	0	0	0	0
29	0	0	766	662	851	1803	0	0	0	0
30	0	0	766	664	851	1801	0	0	0	0
31	0	0	766	663	851	1800	0	0	0	0
32	0	0	766	663	851	1799	0	0	0	0
33	0	0	766	663	852	1803	0	0	0	0
34	0	0	766	663	851	1800	0	0	0	0
35	0	0	767	663	851	1799	0	0	0	0
36	0	0	767	663	852	1801	0	0	0	0
37	0	0	767	663	851	1803	0	0	0	0
38	0	0	766	663	851	1801	0	0	0	0
39	0	0	767	662	852	1803	0	0	0	0
40	0	0	767	661	850	1801	0	0	0	0
41	0	0	766	662	851	1802	0	0	0	0
42	0	0	767	662	850	1803	0	0	0	0
43	0	0	765	662	850	1803	0	0	0	0
44	0	0	767	661	850	1804	0	0	0	0
45	0	0	766	662	850	1804	0	0	0	0
46	0	0	767	662	852	1806	0	0	0	0
47	0	0	767	662	851	1806	0	0	0	0
48	0	0	767	662	850	1807	0	0	0	0
49	0	0	767	661	850	1807	0	0	0	0
50	0	0	767	662	850	1806	0	0	0	0
51	0	0	767	662	850	1803	0	0	0	0
52	0	0	766	662	850	1804	0	0	0	0
53	0	0	767	662	851	1803	0	0	0	0
54	0	0	767	662	850	1804	0	0	0	0
55	0	0	767	662	850	1803	0	0	0	0
56	0	0	768	662	849	1804	0	0	0	0
57	0	0	767	662	850	1804	0	0	0	0
58	0	0	767	662	849	1805	0	0	0	0
59	0	0	767	662	849	1803	0	0	0	0
60	0	0	768	661	850	1802	0	0	0	0
61	0	0	767	661	849	1804	0	0	0	0
62	0	0	768	662	850	1805	0	0	0	0
63	0	0	768	661	851	1804	0	0	0	0
64	0	0	768	661	850	1808	0	0	0	0
65	0	0	767	661	850	1813	0	0	0	0
66	0	0	767	662	850	1813	0	0	0	0
67	0	0	768	662	850	1812	0	0	0	0
68	0	0	767	662	850	1813	0	0	0	0
69	0	0	766	662	849	1812	0	0	0	0
70	0	0	766	661	849	1812	0	0	0	0
71	0	0	766	662	849	1810	0	0	0	0
72	0	0	767	661	849	1811	0	0	0	0
73	0	0	767	662	850	1810	0	0	0	0
74	0	0	767	661	849	1809	0	0	0	0
75	0	0	766	661	850	1809	0	0	0	0
76	0	0	766	662	850	1806	0	0	0	0
77	0	0	766	662	849	1807	0	0	0	0
78	0	0	766	662	850	1808	0	0	0	0
79	0	0	767	661	850	1808	0	0	0	0
80	0	0	767	661	850	1809	0	0	0	0
81	0	0	765	661	850	1809	0	0	0	0
82	0	0	767	662	851	1810	0	0	0	0
83	0	0	767	661	850	1809	0	0	0	0
84	0	0	766	662	850	1810	0	0	0	0
85	0	0	767	661	850	1810	0	0	0	0
86	0	0	766	661	850	1813	0	0	0	0
87	0	0	766	661	851	1813	0	0	0	0
88	0	0	767	661	850	1814	0	0	0	0
89	0	0	767	661	850	1812	0	0	0	0
90	0	0	767	661	851	1813	0	0	0	0
91	0	0	767	661	851	1812	0	0	0	0
92	0	0	766	660	850	1810	0	0	0	0
93	0	0	766	660	852	1811	0	0	0	0
94	0	0	766	661	850	1811	0	0	0	0
95	0	0	766	660	850	1811	0	0	0	0
96	0	0	767	661	851	1810	0	0	0	0
97	0	0	768	662	850	1809	0	0	0	0
98	0	0	768	661	852	1806	0	0	0	0
99	0	0	767	662	850	1805	0	0	0	0
100	0	0	766	661	850	1804	0	0	0	0
101	0	0	766	660	851	1806	0	0	0	0
102	0	0	766	661	851	1805	0	0	0	0
103	0	0	767	661	849	1806	0	0	0	0
104	0	0	767	661	851	1807	0	0	0	0
105	0	0	766	661	851	1804	0	0	0	0
106	0	0	766	661	851	1805	0	0	0	0
107	0	0	766	661	851	1804	0	0	0	0
108	0	0	768	662	851	1805	0	0	0	0
109	0	0	766	660	851	1803	0	0	0	0
110	0	0	766	661	851	1804	0	0	0	0
111	0	0	766	661	852	1801	0	0	0	0
112	0	0	766	660	852	1801	0	0	0	0
113	0	0	766	661	852	1799	0	0	0	0
114	0	0	767	661	852	1800	0	0	0	0
115	0	0	768	662	852	1796	0	0	0	0
116	0	0	767	661	852	1796	0	0	0	0
117	0	0	766	661	852	1796	0	0	0	0
118	0	0	766	661	853	1797	0	0	0	0
119	0	0	767	661	853	1796	0	0	0	0
120	0	0	767	662	853	1795	0	0	0	0
121	0	0	767	660	853	1796	0	0	0	0
122	0	0	767	662	852	1796	0	0	0	0
123	0	0	767	661	854	1797	0	0	0	0
124	0	0	767	661	853	1797	0	0	0	0
125	0	0	768	662	853	1796	0	0	0	0
126	0	0	768	661	853	1796	0	0	0	0
127	0	0	768	661	853	1796	0	0	0	0
0	0	0	767	663	854	1798	0	0	0	0
1	0	0	768	662	853	1797	0	0	0	0
2	0	0	767	662	852	1794	0	0	0	0
3	0	0	768	662	853	1796	0	0	0	0
4	0	0	768	663	854	1799	0	0	0	0
5	0	0	768	662	854	1797	0	0	0	0
6	0	0	768	662	854	1792	0	0	0	0
7	0	0	767	662	853	1790	0	0	0	0
8	0	0	768	661	854	1788	0	0	0	0
9	0	0	768	662	854	1790	0	0	0	0
10	0	0	768	662	854	1791	0	0	0	0
11	0	0	767	662	853	1791	0	0	0	0
12	0	0	768	663	853	1790	0	0	0	0
13	0	0	768	662	854	1790	0	0	0	0
14	0	0	768	664	854	1792	0	0	0	0
15	0	0	768	663	855	1791	0	0	0	0
16	0	0	767	663	854	1792	0	0	0	0
17	0	0	768	663	855	1792	0	0	0	0
18	0	0	768	662	854	1792	0	0	0	0
19	0	0	767	663	854	1792	0	0	0	0
20	0	0	769	662	854	1793	0	0	0	0
21	0	0	769	663	854	1794	0	0	0	0
22	0	0	767	662	854	1793	0	0	0	0
23	0	0	767	662	855	1791	0	0	0	0
24	0	0	768	663	854	1790	0	0	0	0
25	0	0	769	663	853	1791	0	0	0	0
26	0	0	769	663	855	1790	0	0	0	0
27	0	0	768	663	854	1791	0	0	0	0
28	0	0	768	662	854	1793	0	0	0	0
29	0	0	768	663	854	1792	0	0	0	0
30	0	0	769	664	853	1794	0	0	0	0
31	0	0	769	663	853	1794	0	0	0	0
32	0	0	768	663	854	1794	0	0	0	0
33	0	0	769	664	854	1795	0	0	0	0
34	0	0	769	663	853	1794	0	0	0	0
35	0	0	768	663	854	1794	0	0	0	0
36	0	0	769	663	854	1795	0	0	0	0
37	0	0	769	663	854	1795	0	0	0	0
38	0	0	769	663	853	1796	0	0	0	0
39	0	0	769	663	853	1796	0	0	0	0
40	0	0	769	662	853	1797	0	0	0	0
41	0	0	769	663	853	1795	0	0	0	0
42	0	0	769	662	853	1795	0	0	0	0
43	0	0	769	663	853	1793	0	0	0	0
44	0	0	769	663	853	1791	0	0	0	0
45	0	0	769	662	854	1793	0	0	0	0
46	0	0	768	663	853	1792	0	0	0	0
47	0	0	768	662	853	1791	0	0	0	0
48	0	0	769	662	853	1791	0	0	0	0
49	0	0	769	662	853	1791	0	0	0	0
50	0	0	769	662	853	1791	0	0	0	0
51	0	0	768	662	853	1790	0	0	0	0
52	0	0	769	661	853	1792	0	0	0	0
53	0	0	769	662	853	1792	0	0	0	0
54	0	0	769	662	853	1794	0	0	0	0
55	0	0	768	662	853	1793	0	0	0	0
56	0	0	769	662	852	1793	0	0	0	0
57	0	0	768	661	852	1794	0	0	0	0
58	0	0	768	662	853	1794	0	0	0	0
59	0	0	768	662	852	1792	0	0	0	0
60	0	0	768	661	852	1795	0	0	0	0
61	0	0	768	661	852	1794	0	0	0	0
62	0	0	768	661	852	1793	0	0	0	0
63	0	0	769	661	852	1794	0	0	0	0
64	0	0	768	661	852	1793	0	0	0	0
65	0	0	767	661	852	1793	0	0	0	0
66	0	0	768	661	852	1792	0	0	0	0
67	0	0	767	660	852	1791	0	0	0	0
68	0	0	767	661	852	1792	0	0	0	0
69	0	0	767	661	852	1794	0	0	0	0
70	0	0	767	661	851	1793	0	0	0	0
71	0	0	767	660	851	1793	0	0	0	0
72	0	0	767	661	852	1793	0	0	0	0
73	0	0	768	661	852	1795	0	0	0	0
74	0	0	767	660	851	1796	0	0	0	0
75	0	0	767	660	851	1795	0	0	0	0
76	0	0	767	661	851	1796	0	0	0	0
77	0	0	767	661	851	1796	0	0	0	0
78	0	0	766	660	851	1797	0	0	0	0
79	0	0	767	660	851	1797	0	0	0	0
80	0	0	767	660	851	1797	0	0	0	0
81	0	0	768	659	851	1796	0	0	0	0
82	0	0	768	660	852	1797	0	0	0	0
83	0	0	768	658	851	1796	0	0	0	0
84	0	0	765	660	852	1795	0	0	0	0
85	0	0	767	660	851	1794	0	0	0	0
86	0	0	767	660	851	1793	0	0	0	0
87	0	0	767	660	851	1792	0	0	0	0
88	0	0	767	659	852	1792	0	0	0	0
89	0	0	768	659	853	1792	0	0	0	0
90	0	0	767	660	851	1792	0	0	0	0
91	0	0	768	660	852	1794	0	0	0	0
92	0	0	768	660	850	1795	0	0	0	0
93	0	0	767	660	850	1797	0	0	0	0
94	0	0	768	660	851	1796	0	0	0	0
95	0	0	769	660	850	1794	0	0	0	0
96	0	0	768	659	851	1794	0	0	0	0
97	0	0	769	659	851	1794	0	0	0	0
98	0	0	767	660	850	1794	0	0	0	0
99	0	0	767	661	851	1794	0	0	0	0
100	0	0	768	660	851	1793	0	0	0	0
101	0	0	768	660	850	1793	0	0	0	0
102	0	0	768	660	850	1793	0	0	0	0
103	0	0	768	660	851	1792	0	0	0	0
104	0	0	768	661	851	1791	0	0	0	0
105	0	0	768	660	852	1790	0	0	0	0
106	0	0	768	660	851	1790	0	0	0	0
107	0	0	768	660	852	1789	0	0	0	0
108	0	0	768	660	851	1790	0	0	0	0
109	0	0	767	660	850	1790	0	0	0	0
110	0	0	768	660	851	1790	0	0	0	0
111	0	0	768	660	851	1790	0	0	0	0
112	0	0	768	660	851	1790	0	0	0	0
113	0	0	767	659	850	1789	0	0	0	0
114	0	0	765	660	851	1790	0	0	0	0
115	0	0	768	660	852	1790	0	0	0	0
116	0	0	768	659	851	1789	0	0	0	0
117	0	0	767	660	850	1789	0	0	0	0
118	0	0	767	660	851	1791	0	0	0	0
119	0	0	767	660	850	1791	0	0	0	0
120	0	0	768	660	851	1791	0	0	0	0
121	0	0	767	660	851	1792	0	0	0	0
122	0	0	767	660	851	1789	0	0	0	0
123	0	0	766	660	850	1790	0	0	0	0
124	0	0	767	661	850	1790	0	0	0	0
125	0	0	767	661	851	1788	0	0	0	0
126	0	0	767	660	851	1786	0	0	0	0
127	0	0	766	660	851	1785	0	0	0	0
0	0	0	767	661	851	1785	0	0	0	0
1	0	0	766	661	851	1784	0	0	0	0
2	0	0	766	661	853	1784	0	0	0	0
3	0	0	767	661	851	1786	0	0	0	0
4	0	0	768	661	851	1785	0	0	0	0
5	0	0	767	661	851	1786	0	0	0	0
6	0	0	766	661	852	1785	0	0	0	0
7	0	0	767	661	851	1786	0	0	0	0
8	0	0	766	660	852	1786	0	0	0	0
9	0	0	767	660	851	1785	0	0	0	0
10	0	0	768	660	851	1783	0	0	0	0
11	0	0	768	661	851	1784	0	0	0	0
12	0	0	767	661	852	1783	0	0	0	0
13	0	0	766	660	851	1784	0	0	0	0
14	0	0	767	661	852	1784	0	0	0	0
15	0	0	767	661	852	1784	0	0	0	0
16	0	0	766	661	851	1783	0	0	0	0
17	0	0	766	661	852	1782	0	0	0	0
18	0	0	767	661	851	1781	0	0	0	0
19	0	0	768	662	851	1781	0	0	0	0
20	0	0	768	661	851	1781	0	0	0	0
21	0	0	768	662	851	1781	0	0	0	0
22	0	0	768	661	852	1780	0	0	0	0
23	0	0	769	662	853	1781	0	0	0	0
24	0	0	768	661	852	1780	0	0	0	0
25	0	0	768	661	853	1782	0	0	0	0
26	0	0	767	661	853	1781	0	0	0	0
27	0	0	767	661	853	1780	0	0	0	0
28	0	0	768	661	853	1782	0	0	0	0
29	0	0	768	662	853	1782	0	0	0	0
30	0	0	769	659	852	1782	0	0	0	0
31	0	0	768	662	852	1782	0	0	0	0
32	0	0	768	662	852	1782	0	0	0	0
33	0	0	768	661	851	1784	0	0	0	0
34	0	0	768	661	852	1783	0	0	0	0
35	0	0	768	661	852	1781	0	0	0	0
36	0	0	769	661	853	1780	0	0	0	0
37	0	0	769	661	852	1780	0	0	0	0
38	0	0	769	661	852	1780	0	0	0	0
39	0	0	769	661	853	1779	0	0	0	0
40	0	0	769	661	853	1778	0	0	0	0
41	0	0	769	661	852	1778	0	0	0	0
42	0	0	769	662	853	1779	0	0	0	0
43	0	0	768	662	853	1779	0	0	0	0
44	0	0	768	661	852	1778	0	0	0	0
45	0	0	768	661	852	1778	0	0	0	0
46	0	0	768	661	852	1780	0	0	0	0
47	0	0	768	662	852	1778	0	0	0	0
48	0	0	770	661	850	1779	0	0	0	0
49	0	0	770	661	852	1779	0	0	0	0
50	0	0	770	660	852	1778	0	0	0	0
51	0	0	769	661	853	1777	0	0	0	0
52	0	0	770	661	854	1777	0	0	0	0
53	0	0	770	661	852	1779	0	0	0	0
54	0	0	768	662	853	1779	0	0	0	0
55	0	0	769	661	852	1777	0	0	0	0
56	0	0	768	662	852	1776	0	0	0	0
57	0	0	769	662	852	1776	0	0	0	0
58	0	0	769	662	853	1775	0	0	0	0
59	0	0	769	662	852	1773	0	0	0	0
60	0	0	769	662	853	1772	0	0	0	0
61	0	0	770	662	852	1773	0	0	0	0
62	0	0	770	662	853	1776	0	0	0	0
63	0	0	769	662	853	1773	0	0	0	0
64	0	0	769	661	853	1772	0	0	0	0
65	0	0	770	662	853	1773	0	0	0	0
66	0	0	770	662	853	1775	0	0	0	0
67	0	0	770	662	853	1774	0	0	0	0
68	0	0	770	662	853	1775	0	0	0	0
69	0	0	770	662	853	1776	0	0	0	0
70	0	0	770	661	853	1775	0	0	0	0
71	0	0	770	661	852	1774	0	0	0	0
72	0	0	769	662	853	1776	0	0	0	0
73	0	0	769	661	852	1776	0	0	0	0
74	0	0	770	661	853	1776	0	0	0	0
75	0	0	769	661	853	1774	0	0	0	0
76	0	0	770	661	853	1773	0	0	0	0
77	0	0	770	661	853	1773	0	0	0	0
78	0	0	770	662	853	1775	0	0	0	0
79	0	0	770	661	853	1772	0	0	0	0
80	0	0	770	662	853	1771	0	0	0	0
81	0	0	770	662	854	1773	0	0	0	0
82	0	0	770	662	853	1773	0	0	0	0
83	0	0	770	661	854	1772	0	0	0	0
84	0	0	769	661	853	1771	0	0	0	0
85	0	0	769	661	853	1773	0	0	0	0
86	0	0	769	662	853	1773	0	0	0	0
87	0	0	769	662	853	1773	0	0	0	0
88	0	0	769	662	853	1773	0	0	0	0
89	0	0	770	662	852	1774	0	0	0	0
90	0	0	770	662	853	1774	0	0	0	0
91	0	0	769	662	852	1774	0	0	0	0
92	0	0	770	663	851	1774	0	0	0	0
93	0	0	770	662	853	1774	0	0	0	0
94	0	0	770	663	853	1773	0	0	0	0
95	0	0	769	663	852	1771	0	0	0	0
96	0	0	769	662	852	1771	0	0	0	0
97	0	0	769	662	852	1771	0	0	0	0
98	0	0	769	663	852	1770	0	0	0	0
99	0	0	767	663	852	1770	0	0	0	0
100	0	0	768	662	852	1769	0	0	0	0
101	0	0	769	663	853	1771	0	0	0	0
102	0	0	768	663	853	1769	0	0	0	0
103	0	0	769	663	853	1770	0	0	0	0
104	0	0	768	662	853	1770	0	0	0	0
105	0	0	768	662	852	1769	0	0	0	0
106	0	0	768	662	852	1771	0	0	0	0
107	0	0	767	663	854	1769	0	0	0	0
108	0	0	768	662	854	1771	0	0	0	0
109	0	0	768	663	853	1771	0	0	0	0
110	0	0	769	663	853	1772	0	0	0	0
111	0	0	769	663	854	1774	0	0	0	0
112	0	0	768	663	854	1774	0	0	0	0
113	0	0	769	663	853	1773	0	0	0	0
114	0	0	769	663	853	1772	0	0	0	0
115	0	0	769	662	854	1771	0	0	0	0
116	0	0	769	662	855	1770	0	0	0	0
117	0	0	768	662	855	1770	0	0	0	0
118	0	0	769	663	852	1769	0	0	0	0
119	0	0	768	662	853	1770	0	0	0	0
120	0	0	768	662	854	1769	0	0	0	0
121	0	0	768	662	853	1771	0	0	0	0
122	0	0	768	663	854	1771	0	0	0	0
123	0	0	767	663	854	1770	0	0	0	0
124	0	0	767	662	853	1770	0	0	0	0
125	0	0	768	663	853	1770	0	0	0	0
126	0	0	768	663	854	1772	0	0	0	0
127	0	0	768	662	854	1771	0	0	0	0
0	0	0	768	663	853	1772	0	0	0	0
1	0	0	767	663	852	1771	0	0	0	0
2	0	0	767	663	853	1772	0	0	0	0
3	0	0	767	662	854	1770	0	0	0	0
4	0	0	768	662	854	1770	0	0	0	0
5	0	0	769	663	854	1771	0	0	0	0
6	0	0	767	663	854	1771	0	0	0	0
7	0	0	767	663	854	1771	0	0	0	0
8	0	0	767	663	854	1769	0	0	0	0
9	0	0	767	662	855	1768	0	0	0	0
10	0	0	767	662	853	1766	0	0	0	0
11	0	0	768	662	854	1766	0	0	0	0
12	0	0	767	662	855	1766	0	0	0	0
13	0	0	766	662	854	1766	0	0	0	0
14	0	0	768	662	854	1766	0	0	0	0
15	0	0	767	663	853	1766	0	0	0	0
16	0	0	768	662	854	1766	0	0	0	0
17	0	0	768	662	854	1766	0	0	0	0
18	0	0	768	662	854	1767	0	0	0	0
19	0	0	768	663	853	1768	0	0	0	0
20	0	0	767	662	853	1768	0	0	0	0
21	0	0	767	662	853	1768	0	0	0	0
22	0	0	767	661	853	1767	0	0	0	0
23	0	0	767	662	854	1766	0	0	0	0
24	0	0	767	662	854	1769	0	0	0	0
25	0	0	767	661	854	1770	0	0	0	0
26	0	0	767	662	853	1770	0	0	0	0
27	0	0	766	662	854	1768	0	0	0	0
28	0	0	767	662	854	1767	0	0	0	0
29	0	0	767	662	852	1767	0	0	0	0
30	0	0	767	661	853	1765	0	0	0	0
31	0	0	768	661	853	1765	0	0	0	0
32	0	0	769	662	853	1765	0	0	0	0
33	0	0	768	662	854	1764	0	0	0	0
34	0	0	769	661	854	1765	0	0	0	0
35	0	0	767	662	852	1766	0	0	0	0
36	0	0	768	661	853	1766	0	0	0	0
37	0	0	768	661	854	1767	0	0	0	0
38	0	0	767	661	854	1767	0	0	0	0
39	0	0	769	661	854	1767	0	0	0	0
40	0	0	769	661	854	1767	0	0	0	0
41	0	0	769	662	854	1766	0	0	0	0
42	0	0	770	662	854	1766	0	0	0	0
43	0	0	769	662	854	1766	0	0	0	0
44	0	0	769	663	853	1765	0	0	0	0
45	0	0	769	663	854	1766	0	0	0	0
46	0	0	768	662	854	1765	0	0	0	0
47	0	0	768	662	854	1765	0	0	0	0
48	0	0	769	662	854	1765	0	0	0	0
49	0	0	769	662	853	1764	0	0	0	0
50	0	0	769	662	854	1764	0	0	0	0
51	0	0	770	662	853	1764	0	0	0	0
52	0	0	769	663	853	1763	0	0	0	0
53	0	0	771	662	853	1763	0	0	0	0
54	0	0	770	663	852	1765	0	0	0	0
55	0	0	770	663	852	1766	0	0	0	0
56	0	0	770	664	853	1765	0	0	0	0
57	0	0	770	663	854	1765	0	0	0	0
58	0	0	770	664	854	1766	0	0	0	0
59	0	0	769	663	854	1766	0	0	0	0
60	0	0	769	663	853	1767	0	0	0	0
61	0	0	769	663	854	1768	0	0	0	0
62	0	0	770	663	853	1767	0	0	0	0
63	0	0	771	662	853	1767	0	0	0	0
64	0	0	770	662	855	1767	0	0	0	0
65	0	0	770	662	854	1769	0	0	0	0
66	0	0	769	663	855	1767	0	0	0	0
67	0	0	769	664	853	1767	0	0	0	0
68	0	0	769	663	853	1765	0	0	0	0
69	0	0	769	664	854	1764	0	0	0	0
70	0	0	769	664	854	1765	0	0	0	0
71	0	0	770	663	854	1764	0	0	0	0
72	0	0	771	663	854	1764	0	0	0	0
73	0	0	770	663	855	1763	0	0	0	0
74	0	0	770	663	855	1764	0	0	0	0
75	0	0	770	662	854	1764	0	0	0	0
76	0	0	770	663	854	1764	0	0	0	0
77	0	0	769	662	855	1764	0	0	0	0
78	0	0	767	664	855	1765	0	0	0	0
79	0	0	769	663	855	1766	0	0	0	0
80	0	0	769	663	855	1767	0	0	0	0
81	0	0	769	663	854	1766	0	0	0	0
82	0	0	767	663	854	1768	0	0	0	0
83	0	0	767	663	855	1767	0	0	0	0
84	0	0	767	663	854	1768	0	0	0	0
85	0	0	767	663	854	1768	0	0	0	0
86	0	0	767	662	854	1768	0	0	0	0
87	0	0	767	662	854	1767	0	0	0	0
88	0	0	768	662	855	1766	0	0	0	0
89	0	0	768	663	854	1765	0	0	0	0
90	0	0	768	662	853	1767	0	0	0	0
91	0	0	768	661	854	1765	0	0	0	0
92	0	0	768	662	854	1764	0	0	0	0
93	0	0	768	662	855	1764	0	0	0	0
94	0	0	769	662	855	1765	0	0	0	0
95	0	0	768	663	855	1767	0	0	0	0
96	0	0	767	661	855	1765	0	0	0	0
97	0	0	768	662	855	1765	0	0	0	0
98	0	0	767	662	855	1766	0	0	0	0
99	0	0	766	662	854	1767	0	0	0	0
100	0	0	767	661	854	1767	0	0	0	0
101	0	0	768	662	854	1767	0	0	0	0
102	0	0	768	662	854	1766	0	0	0	0
103	0	0	768	661	854	1766	0	0	0	0
104	0	0	767	662	854	1766	0	0	0	0
105	0	0	767	662	852	1768	0	0	0	0
106	0	0	768	661	855	1768	0	0	0	0
107	0	0	768	661	854	1766	0	0	0	0
108	0	0	767	661	854	1767	0	0	0	0
109	0	0	767	662	855	1765	0	0	0	0
110	0	0	767	661	853	1765	0	0	0	0
111	0	0	768	661	854	1763	0	0	0	0
112	0	0	768	662	854	1764	0	0	0	0
113	0	0	768	661	854	1765	0	0	0	0
114	0	0	767	662	854	1764	0	0	0	0
115	0	0	768	661	853	1765	0	0	0	0
116	0	0	768	661	855	1764	0	0	0	0
117	0	0	768	661	854	1763	0	0	0	0
118	0	0	768	661	854	1766	0	0	0	0
119	0	0	769	660	853	1764	0	0	0	0
120	0	0	768	661	853	1765	0	0	0	0
121	0	0	769	662	853	1767	0	0	0	0
122	0	0	770	662	852	1766	0	0	0	0
123	0	0	769	661	854	1763	0	0	0	0
124	0	0	769	661	854	1767	0	0	0	0
125	0	0	768	661	853	1766	0	0	0	0
126	0	0	767	661	854	1766	0	0	0	0
127	0	0	768	662	854	1765	0	0	0	0
0	0	0	769	660	854	1764	0	0	0	0
1	0	0	769	660	854	1763	0	0	0	0
2	0	0	768	660	853	1764	0	0	0	0
3	0	0	768	660	853	1762	0	0	0	0
4	0	0	768	660	853	1763	0	0	0	0
5	0	0	769	661	854	1764	0	0	0	0
6	0	0	768	661	854	1765	0	0	0	0
7	0	0	769	661	854	1763	0	0	0	0
8	0	0	768	660	853	1764	0	0	0	0
9	0	0	769	661	854	1764	0	0	0	0
10	0	0	768	661	854	1765	0	0	0	0
11	0	0	769	661	853	1765	0	0	0	0
12	0	0	768	661	853	1765	0	0	0	0
13	0	0	769	661	852	1766	0	0	0	0
14	0	0	768	662	854	1767	0	0	0	0
15	0	0	768	662	853	1767	0	0	0	0
16	0	0	768	662	854	1763	0	0	0	0
17	0	0	768	662	852	1761	0	0	0	0
18	0	0	769	662	853	1762	0	0	0	0
19	0	0	768	662	854	1761	0	0	0	0
20	0	0	768	661	854	1761	0	0	0	0
21	0	0	767	662	854	1761	0	0	0	0
22	0	0	768	662	853	1760	0	0	0	0
23	0	0	767	662	853	1759	0	0	0	0
24	0	0	767	662	853	1760	0	0	0	0
25	0	0	766	663	853	1760	0	0	0	0
26	0	0	768	662	853	1761	0	0	0	0
27	0	0	769	663	853	1759	0	0	0	0
28	0	0	768	662	855	1758	0	0	0	0
29	0	0	767	663	853	1760	0	0	0	0
30	0	0	766	662	854	1760	0	0	0	0
31	0	0	768	662	854	1760	0	0	0	0
32	0	0	767	662	854	1762	0	0	0	0
33	0	0	767	662	854	1761	0	0	0	0
34	0	0	768	662	853	1761	0	0	0	0
35	0	0	768	661	855	1761	0	0	0	0
36	0	0	769	661	855	1761	0	0	0	0
37	0	0	769	663	855	1763	0	0	0	0
38	0	0	768	662	854	1765	0	0	0	0
39	0	0	768	662	854	1764	0	0	0	0
40	0	0	769	662	855	1762	0	0	0	0
41	0	0	767	663	854	1762	0	0	0	0
42	0	0	768	662	854	1762	0	0	0	0
43	0	0	767	662	855	1761	0	0	0	0
44	0	0	768	662	855	1761	0	0	0	0
45	0	0	769	662	855	1765	0	0	0	0
46	0	0	768	662	855	1764	0	0	0	0
47	0	0	767	662	854	1763	0	0	0	0
48	0	0	767	662	855	1763	0	0	0	0
49	0	0	767	662	855	1764	0	0	0	0
50	0	0	767	662	855	1765	0	0	0	0
51	0	0	767	662	855	1764	0	0	0	0
52	0	0	766	662	855	1763	0	0	0	0
53	0	0	766	663	855	1765	0	0	0	0
54	0	0	767	662	855	1765	0	0	0	0
55	0	0	767	662	854	1766	0	0	0	0
56	0	0	767	662	855	1766	0	0	0	0
57	0	0	768	662	855	1767	0	0	0	0
58	0	0	767	662	855	1767	0	0	0	0
59	0	0	767	662	855	1766	0	0	0	0
60	0	0	767	663	855	1766	0	0	0	0
61	0	0	767	662	855	1765	0	0	0	0
62	0	0	768	663	855	1765	0	0	0	0
63	0	0	767	662	855	1764	0	0	0	0
64	0	0	767	662	855	1763	0	0	0	0
65	0	0	767	662	855	1765	0	0	0	0
66	0	0	768	663	855	1765	0	0	0	0
67	0	0	766	663	855	1765	0	0	0	0
68	0	0	767	662	855	1766	0	0	0	0
69	0	0	767	663	855	1767	0	0	0	0
70	0	0	766	663	855	1769	0	0	0	0
71	0	0	766	663	855	1768	0	0	0	0
72	0	0	767	663	856	1766	0	0	0	0
73	0	0	766	662	854	1767	0	0	0	0
74	0	0	766	663	856	1767	0	0	0	0
75	0	0	766	663	855	1768	0	0	0	0
76	0	0	767	663	855	1767	0	0	0	0
77	0	0	766	663	855	1768	0	0	0	0
78	0	0	766	663	854	1768	0	0	0	0
79	0	0	764	663	855	1767	0	0	0	0
80	0	0	766	664	854	1765	0	0	0	0
81	0	0	767	664	855	1765	0	0	0	0
82	0	0	766	663	854	1765	0	0	0	0
83	0	0	766	664	855	1765	0	0	0	0
84	0	0	766	664	854	1765	0	0	0	0
85	0	0	766	663	855	1765	0	0	0	0
86	0	0	765	665	855	1766	0	0	0	0
87	0	0	765	664	855	1766	0	0	0	0
88	0	0	765	664	854	1766	0	0	0	0
89	0	0	766	664	855	1767	0	0	0	0
90	0	0	765	664	854	1767	0	0	0	0
91	0	0	767	664	855	1767	0	0	0	0
92	0	0	767	664	854	1766	0	0	0	0
93	0	0	766	664	855	1767	0	0	0	0
94	0	0	765	665	855	1766	0	0	0	0
95	0	0	767	664	854	1767	0	0	0	0
96	0	0	765	664	855	1768	0	0	0	0
97	0	0	766	664	855	1769	0	0	0	0
98	0	0	766	664	854	1768	0	0	0	0
99	0	0	767	664	855	1767	0	0	0	0
100	0	0	767	664	855	1767	0	0	0	0
101	0	0	767	664	855	1765	0	0	0	0
102	0	0	767	665	855	1765	0	0	0	0
103	0	0	766	664	854	1766	0	0	0	0
104	0	0	766	664	855	1764	0	0	0	0
105	0	0	766	661	856	1766	0	0	0	0
106	0	0	767	664	856	1766	0	0	0	0
107	0	0	766	664	855	1766	0	0	0	0
108	0	0	766	665	855	1768	0	0	0	0
109	0	0	766	665	856	1767	0	0	0	0
110	0	0	767	664	856	1767	0	0	0	0
111	0	0	766	665	855	1767	0	0	0	0
112	0	0	765	665	854	1766	0	0	0	0
113	0	0	765	665	855	1765	0	0	0	0
114	0	0	766	665	855	1768	0	0	0	0
115	0	0	767	664	856	1766	0	0	0	0
116	0	0	766	665	855	1767	0	0	0	0
117	0	0	765	665	855	1766	0	0	0	0
118	0	0	765	665	855	1767	0	0	0	0
119	0	0	765	664	855	1765	0	0	0	0
120	0	0	765	664	855	1764	1	0	0	0
121	0	0	764	664	856	1764	0	0	0	0
122	0	0	765	665	856	1764	0	0	0	0
123	0	0	765	664	855	1763	0	0	0	0
124	0	0	766	664	855	1763	0	0	0	0
125	0	0	766	665	855	1765	0	0	0	0
126	0	0	766	666	855	1764	0	0	0	0
127	0	0	766	666	855	1764	0	0	0	0
0	0	0	765	666	856	1764	0	0	0	0
1	0	0	767	666	854	1765	0	0	0	0
2	0	0	767	666	855	1763	0	0	0	0
3	0	0	767	665	855	1764	0	0	0	0
4	0	0	765	665	855	1764	0	0	0	0
5	0	0	765	666	855	1762	0	0	0	0
6	0	0	766	666	855	1764	0	0	0	0
7	0	0	765	666	856	1765	0	0	0	0
8	0	0	765	665	855	1765	0	0	0	0
9	0	0	765	666	856	1765	0	0	0	0
10	0	0	765	666	856	1766	0	0	0	0
11	0	0	766	666	856	1763	0	0	0	0
12	0	0	766	666	856	1761	0	0	0	0
13	0	0	766	667	855	1760	0	0	0	0
14	0	0	766	665	855	1758	0	0	0	0
15	0	0	766	667	856	1755	0	0	0	0
16	0	0	767	666	856	1753	0	0	0	0
17	0	0	767	665	854	1750	0	0	0	0
18	0	0	767	665	856	1750	0	0	0	0
19	0	0	765	666	856	1749	0	0	0	0
20	0	0	764	666	855	1752	0	0	0	0
21	0	0	765	666	856	1752	0	0	0	0
22	0	0	766	667	856	1755	0	0	0	0
23	0	0	766	666	855	1756	0	0	0	0
24	0	0	766	666	856	1750	0	0	0	0
25	0	0	766	666	856	1749	0	0	0	0
26	0	0	766	666	856	1747	0	0	0	0
27	0	0	766	666	856	1744	0	0	0	0
28	0	0	767	665	856	1744	0	0	0	0
29	0	0	766	666	856	1742	0	0	0	0
30	0	0	763	666	856	1739	0	0	0	0
31	0	0	765	666	857	1737	0	0	0	0
32	0	0	764	666	857	1732	0	0	0	0
33	0	0	765	665	857	1730	0	0	0	0
34	0	0	766	666	857	1735	0	0	0	0
35	0	0	765	665	857	1731	0	0	0	0
36	0	0	765	665	856	1727	0	0	0	0
37	0	0	767	665	856	1724	0	0	0	0
38	0	0	766	665	856	1718	0	0	0	0
39	0	0	767	665	856	1718	0	0	0	0
40	0	0	765	666	855	1716	0	0	0	0
41	0	0	766	665	856	1715	0	0	0	0
42	0	0	766	665	857	1713	0	0	0	0
43	0	0	764	665	857	1712	0	0	0	0
44	0	0	765	665	856	1711	0	0	0	0
45	0	0	764	665	856	1709	0	0	0	0
46	0	0	766	664	857	1709	0	0	0	0
47	0	0	765	665	857	1707	0	0	0	0
48	0	0	765	664	857	1704	0	0	0	0
49	0	0	766	663	857	1700	0	0	0	0
50	0	0	766	664	857	1696	0	0	0	0
51	0	0	766	664	857	1692	0	0	0	0
52	0	0	766	663	856	1683	0	0	0	0
53	0	0	764	663	856	1679	0	0	0	0
54	0	0	765	663	857	1675	0	0	0	0
55	0	0	764	663	856	1671	0	0	0	0
56	0	0	764	663	855	1667	0	0	0	0
57	0	0	764	662	856	1665	0	0	0	0
58	0	0	764	663	857	1665	0	0	0	0
59	0	0	764	663	856	1659	0	0	0	0
60	0	0	764	663	857	1657	0	0	0	0
61	0	0	764	663	856	1657	0	0	0	0
62	0	0	764	662	856	1656	0	0	0	0
63	0	0	763	663	857	1656	0	0	0	0
64	0	0	763	662	856	1656	0	0	0	0
65	0	0	763	662	857	1656	0	0	0	0
66	0	0	764	662	857	1657	0	0	0	0
67	0	0	764	662	856	1656	0	0	0	0
68	0	0	763	663	857	1657	0	0	0	0
69	0	0	764	663	858	1657	0	0	0	0
70	0	0	763	663	857	1656	0	0	0	0
71	0	0	763	662	856	1655	0	0	0	0
72	0	0	763	663	858	1654	0	0	0	0
73	0	0	762	662	856	1655	0	0	0	0
74	0	0	763	663	856	1656	0	0	0	0
75	0	0	763	663	857	1655	0	0	0	0
76	0	0	765	663	855	1653	0	0	0	0
77	0	0	764	664	856	1654	0	0	0	0
78	0	0	764	664	857	1654	0	0	0	0
79	0	0	763	664	857	1657	0	0	0	0
80	0	0	762	663	856	1656	0	0	0	0
81	0	0	761	663	857	1656	0	0	0	0
82	0	0	762	664	856	1659	0	0	0	0
83	0	0	762	663	858	1659	0	0	0	0
84	0	0	763	663	857	1659	0	0	0	0
85	0	0	762	663	857	1654	0	0	0	0
86	0	0	762	663	857	1655	0	0	0	0
87	0	0	761	663	856	1653	0	0	0	0
88	0	0	761	663	856	1652	0	0	0	0
89	0	0	761	664	856	1652	0	0	0	0
90	0	0	761	664	856	1652	0	0	0	0
91	0	0	761	665	856	1650	0	0	0	0
92	0	0	761	664	856	1649	0	0	0	0
93	0	0	761	664	856	1648	0	0	0	0
94	0	0	761	664	855	1652	0	0	0	0
95	0	0	761	665	856	1649	0	0	0	0
96	0	0	761	664	855	1649	0	0	0	0
97	0	0	761	666	855	1648	0	0	0	0
98	0	0	760	664	857	1649	0	0	0	0
99	0	0	760	665	856	1646	0	0	0	0
100	0	0	760	665	856	1649	0	0	0	0
101	0	0	761	665	856	1648	0	0	0	0
102	0	0	761	666	857	1649	0	0	0	0
103	0	0	759	665	856	1651	0	0	0	1
104	0	0	759	665	856	1650	0	0	0	0
105	0	0	759	666	856	1649	0	0	0	0
106	0	0	760	667	856	1650	0	0	0	0
107	0	0	760	668	857	1650	0	0	0	0
108	0	0	760	666	857	1650	0	0	0	0
109	0	0	760	667	857	1651	0	0	0	0
110	0	0	760	667	856	1650	0	0	0	0
111	0	0	760	667	856	1651	0	0	0	0
112	0	0	759	664	857	1648	0	0	0	0
113	0	0	759	667	857	1648	0	0	0	0
114	0	0	760	668	858	1649	0	0	0	0
115	0	0	759	668	858	1648	0	0	0	0
116	0	0	758	667	857	1646	0	0	0	0
117	0	0	758	669	856	1645	0	0	0	0
118	0	0	758	668	857	1646	0	0	0	0
119	0	0	759	668	857	1644	0	0	0	0
120	0	0	759	668	856	1640	0	0	0	0
121	0	0	757	668	857	1640	0	0	0	0
122	0	0	758	670	857	1640	0	0	0	0
123	0	0	757	669	858	1640	0	0	0	0
124	0	0	758	670	857	1636	0	0	0	0
125	0	0	758	670	858	1632	0	0	0	0
126	0	0	758	669	857	1630	0	0	0	0
127	0	0	757	671	858	1625	0	0	0	0
0	0	0	758	670	858	1622	0	0	0	0
1	0	0	757	670	858	1619	0	0	0	0
2	0	0	758	671	857	1616	0	0	0	0
3	0	0	757	671	854	1612	0	0	0	0
4	0	0	758	671	858	1603	0	0	0	0
5	0	0	758	671	858	1599	0	0	0	0
6	0	0	758	671	857	1594	0	0	0	0
7	0	0	758	672	857	1592	0	0	0	0
8	0	0	760	671	858	1589	0	0	0	0
9	0	0	760	671	858	1587	0	0	0	0
10	0	0	759	671	857	1589	0	0	0	0
11	0	0	761	671	857	1586	0	0	0	0
12	0	0	761	672	857	1586	0	0	0	0
13	0	0	760	672	856	1590	0	0	0	0
14	0	0	759	673	856	1590	0	0	0	0
15	0	0	759	672	857	1591	0	0	0	0
16	0	0	759	673	856	1587	0	0	0	0
17	0	0	759	673	856	1589	0	0	0	0
18	0	0	760	672	856	1588	0	0	0	0
19	0	0	760	673	856	1591	0	0	0	0
20	0	0	760	673	856	1589	0	0	0	0
21	0	0	761	673	856	1590	0	0	0	0
22	0	0	761	673	856	1593	0	0	0	0
23	0	0	762	674	855	1595	0	0	0	0
24	0	0	762	674	856	1594	0	0	0	0
25	0	0	762	675	855	1595	0	0	0	0
26	0	0	761	674	855	1597	0	0	0	0
27	0	0	761	675	856	1597	0	0	0	0
28	0	0	761	675	855	1597	0	0	0	0
29	0	0	760	675	855	1600	0	0	0	0
30	0	0	760	676	855	1602	0	0	0	0
31	0	0	761	676	855	1606	0	0	0	0
32	0	0	761	676	855	1608	0	0	0	0
33	0	0	761	677	856	1612	0	0	0	0
34	0	0	761	677	854	1617	0	0	0	0
35	0	0	760	677	854	1621	0	0	0	0
36	0	0	761	678	854	1621	0	0	0	0
37	0	0	760	678	854	1623	0	0	0	0
38	0	0	761	679	854	1629	0	0	0	0
39	0	0	760	677	854	1630	0	0	0	0
40	0	0	760	679	855	1631	0	0	0	0
41	0	0	760	680	855	1636	0	0	0	0
42	0	0	760	680	854	1636	0	0	0	0
43	0	0	760	681	854	1636	0	0	0	0
44	0	0	760	681	855	1635	0	0	0	0
45	0	0	760	682	855	1638	0	0	0	0
46	0	0	760	682	854	1636	0	0	0	0
47	0	0	760	683	854	1635	0	0	0	0
48	0	0	759	684	854	1634	0	0	0	0
49	0	0	759	685	855	1638	0	0	0	0
50	0	0	758	685	855	1641	0	0	0	0
51	0	0	760	685	855	1642	0	0	0	0
52	0	0	759	685	855	1643	0	0	0	0
53	0	0	760	686	855	1645	0	0	0	0
54	0	0	760	687	856	1648	0	0	0	0
55	0	0	759	686	856	1649	0	0	0	0
56	0	0	759	687	855	1650	0	0	0	0
57	0	0	759	687	856	1653	0	0	0	0
58	0	0	760	688	856	1654	0	0	0	0
59	0	0	760	688	855	1655	0	0	0	0
60	0	0	760	690	855	1657	0	0	0	0
61	0	0	760	691	855	1657	0	0	0	0
62	0	0	759	690	855	1658	0	0	0	0
63	0	0	758	689	855	1657	0	0	0	0
64	0	0	759	691	855	1657	0	0	0	0
65	0	0	758	691	855	1658	0	0	0	0
66	0	0	758	692	855	1656	0	0	0	0
67	0	0	758	693	855	1657	0	0	0	0
68	0	0	758	693	854	1657	0	0	0	0
69	0	0	758	693	855	1658	0	0	0	0
70	0	0	757	694	854	1658	0	0	0	0
71	0	0	759	695	854	1660	0	0	0	0
72	0	0	758	696	853	1661	0	0	0	0
73	0	0	759	696	853	1661	0	0	0	0
74	0	0	759	697	853	1663	0	0	0	0
75	0	0	758	697	853	1662	0	0	0	0
76	0	0	759	697	853	1662	0	0	0	0
77	0	0	759	698	852	1662	0	0	0	0
78	0	0	759	700	852	1663	0	0	0	0
79	0	0	760	701	852	1664	0	0	0	0
80	0	0	759	701	849	1664	0	0	0	0
81	0	0	760	700	849	1664	0	0	0	0
82	0	0	760	702	849	1663	0	0	0	0
83	0	0	760	702	848	1660	0	0	0	0
84	0	0	760	703	847	1658	0	0	0	0
85	0	0	760	704	847	1657	0	0	0	0
86	0	0	760	706	847	1657	0	0	0	0
87	0	0	760	707	846	1654	0	0	0	0
88	0	0	759	708	845	1654	0	0	0	0
89	0	0	760	708	845	1648	0	0	0	0
90	0	0	759	709	844	1642	0	0	0	0
91	0	0	759	710	844	1643	0	0	0	0
92	0	0	758	709	843	1644	0	0	0	0
93	0	0	761	711	842	1644	0	0	0	0
94	0	0	761	711	842	1645	0	0	0	0
95	0	0	760	712	842	1646	0	0	0	0
96	0	0	761	712	842	1640	0	0	0	0
97	0	0	762	713	841	1640	0	0	0	0
98	0	0	760	713	840	1642	0	0	0	0
99	0	0	762	714	839	1638	0	0	0	0
100	0	0	763	715	839	1631	0	0	0	0
101	0	0	762	716	837	1626	0	0	0	0
102	0	0	763	717	837	1619	0	0	0	0
103	0	0	764	717	838	1612	0	0	0	0
104	0	0	763	718	836	1602	0	0	0	0
105	0	0	765	718	835	1594	0	0	0	0
106	0	0	764	720	833	1589	0	0	0	0
107	0	0	764	720	833	1587	0	0	0	0
108	0	0	765	722	832	1579	0	0	0	0
109	0	0	765	723	832	1572	0	0	0	0
110	0	0	766	723	831	1571	0	0	0	0
111	0	0	767	723	831	1569	0	0	0	0
112	0	0	767	724	830	1570	0	0	0	0
113	0	0	767	724	830	1571	0	0	0	0
114	0	0	768	725	831	1570	0	0	0	0
115	0	0	767	726	831	1570	0	0	0	0
116	0	0	770	726	829	1568	0	0	0	0
117	0	0	771	727	827	1569	0	0	0	0
118	0	0	770	728	825	1561	0	0	0	0
119	0	0	773	727	826	1556	0	0	0	0
120	0	0	775	728	825	1557	0	0	0	0
121	0	0	773	728	825	1556	0	0	0	0
122	0	0	774	729	824	1555	0	0	0	0
123	0	0	773	730	823	1550	0	0	0	0
124	0	0	774	731	821	1548	0	0	0	0
125	0	0	775	731	821	1547	0	0	0	0
126	0	0	777	732	821	1547	0	0	0	0
127	0	0	776	733	820	1546	0	0	0	0
0	0	0	777	733	820	1541	0	0	0	0
1	0	0	778	734	819	1537	0	0	0	0
2	0	0	777	735	818	1531	0	0	0	0
3	0	0	778	736	818	1529	0	0	0	0
4	0	0	779	736	817	1528	0	0	0	0
5	0	0	781	737	816	1533	0	0	0	0
6	0	0	781	739	815	1536	0	0	0	0
7	0	0	782	739	815	1525	0	0	0	0
8	0	0	784	739	815	1527	0	0	0	0
9	0	0	785	739	814	1524	0	0	0	0
10	0	0	784	740	813	1523	0	0	0	0
11	0	0	785	740	811	1522	0	0	0	0
12	0	0	786	741	812	1523	0	0	0	0
13	0	0	787	740	810	1522	0	0	0	0
14	0	0	787	741	809	1521	0	0	0	0
15	0	0	788	741	808	1519	0	0	0	0
16	0	0	788	742	808	1518	0	0	0	0
17	0	0	788	740	808	1520	0	0	0	0
18	0	0	790	742	808	1517	0	0	0	0
19	0	0	789	741	806	1517	0	0	0	0
20	0	0	789	741	806	1515	0	0	0	0
21	0	0	789	742	806	1517	0	0	0	0
22	0	0	789	741	805	1517	0	0	0	0
23	0	0	788	740	805	1517	0	0	0	0
24	0	0	789	740	805	1520	0	0	0	0
25	0	0	788	740	805	1522	0	0	0	0
26	0	0	789	740	804	1524	0	0	0	0
27	0	0	789	740	805	1523	0	0	0	0
28	0	0	789	739	804	1522	0	0	0	0
29	0	0	789	737	803	1525	0	0	0	0
30	0	0	790	737	803	1525	0	0	0	0
31	0	0	789	736	803	1526	0	0	0	0
32	0	0	789	734	803	1526	0	0	0	0
33	0	0	789	734	803	1527	0	0	0	0
34	0	0	789	733	803	1527	0	0	0	0
35	0	0	787	732	803	1528	0	0	0	0
36	0	0	788	730	803	1528	0	0	0	0
37	0	0	787	728	803	1526	0	0	0	0
38	0	0	787	728	804	1531	0	0	0	0
39	0	0	787	727	804	1526	0	0	0	0
40	0	0	786	727	804	1525	0	0	0	0
41	0	0	785	725	804	1524	0	0	0	0
42	0	0	785	724	804	1521	0	0	0	0
43	0	0	783	722	804	1517	0	0	0	0
44	0	0	781	721	804	1516	0	0	0	0
45	0	0	781	720	804	1515	0	0	0	0
46	0	0	780	719	805	1513	0	0	0	0
47	0	0	779	717	805	1513	0	0	0	0
48	0	0	779	716	805	1510	0	0	0	0
49	0	0	778	714	804	1507	0	0	0	0
50	0	0	776	712	804	1505	0	0	0	0
51	0	0	775	711	804	1504	0	0	0	0
52	0	0	774	708	805	1490	0	0	0	0
53	0	0	774	707	805	1484	0	0	0	0
54	0	0	774	705	806	1481	0	0	0	0
55	0	0	773	704	806	1478	0	0	0	0
56	0	0	773	702	805	1465	0	0	0	0
57	0	0	772	701	806	1458	0	0	0	0
58	0	0	771	699	806	1453	0	0	0	0
59	0	0	771	697	807	1452	0	0	0	0
60	0	0	772	696	806	1450	0	0	0	0
61	0	0	773	695	806	1448	0	0	0	0
62	0	0	773	693	807	1445	0	0	0	0
63	0	0	773	690	808	1446	0	0	0	0
64	0	0	773	689	809	1443	0	0	0	0
65	0	0	774	688	809	1443	0	0	0	0
66	0	0	773	687	809	1444	0	0	0	0
67	0	0	773	687	811	1443	0	0	0	0
68	0	0	774	686	811	1441	0	0	0	0
69	0	0	773	683	812	1443	0	0	0	0
70	0	0	774	683	812	1441	0	0	0	0
71	0	0	774	683	815	1442	0	0	0	0
72	0	0	774	682	814	1443	0	0	0	0
73	0	0	775	681	815	1445	0	0	0	0
74	0	0	774	680	817	1445	0	0	0	0
75	0	0	773	680	818	1443	0	0	0	0
76	0	0	774	679	819	1443	0	0	0	0
77	0	0	773	677	821	1442	0	0	0	0
78	0	0	772	678	821	1444	0	0	0	0
79	0	0	772	679	822	1444	0	0	0	0
80	0	0	770	679	823	1444	0	0	0	0
81	0	0	769	679	824	1448	0	0	0	0
82	0	0	769	678	826	1446	0	0	0	0
83	0	0	769	679	827	1448	0	0	0	0
84	0	0	766	679	827	1451	0	0	0	0
85	0	0	767	679	828	1453	0	0	0	0
86	0	0	767	679	828	1454	0	0	0	0
87	0	0	766	679	828	1457	0	0	0	0
88	0	0	767	678	829	1463	0	0	0	0
89	0	0	766	678	829	1466	0	0	0	0
90	0	0	764	677	830	1468	0	0	0	0
91	0	0	763	677	831	1469	0	0	0	0
92	0	0	763	676	830	1471	0	0	0	0
93	0	0	763	677	831	1474	0	0	0	0
94	0	0	761	676	832	1473	0	0	0	0
95	0	0	761	677	833	1473	0	0	0	0
96	0	0	762	676	833	1470	0	0	0	0
97	0	0	761	678	834	1474	0	0	0	0
98	0	0	761	678	833	1478	0	0	0	0
99	0	0	762	677	834	1479	0	0	0	0
100	0	0	763	678	836	1480	0	0	0	0
101	0	0	761	677	836	1484	0	0	0	0
102	0	0	761	677	837	1489	0	0	0	0
103	0	0	760	677	838	1491	0	0	0	0
104	0	0	760	677	840	1491	0	0	0	0
105	0	0	761	677	843	1496	0	0	0	0
106	0	0	760	676	842	1498	0	0	0	0
107	0	0	759	678	843	1501	0	0	0	0
108	0	0	758	678	843	1503	0	0	0	0
109	0	0	759	679	843	1507	0	0	0	0
110	0	0	757	680	843	1511	0	0	0	0
111	0	0	758	681	845	1515	0	0	0	0
112	0	0	758	682	845	1517	0	0	0	0
113	0	0	758	682	845	1523	0	0	0	0
114	0	0	758	682	846	1521	0	0	0	0
115	0	0	759	683	847	1527	0	0	0	0
116	0	0	759	683	847	1529	0	2	0	0
117	0	0	760	683	846	1532	0	0	0	0
118	0	0	760	684	848	1537	0	0	0	0
119	0	0	758	685	847	1540	0	0	0	0
120	0	0	758	686	846	1544	0	0	0	0
121	0	0	759	686	847	1550	0	0	0	0
122	0	0	758	685	846	1553	0	0	0	0
123	0	0	758	688	846	1555	0	0	0	0
124	0	0	757	689	846	1563	0	0	0	0
125	0	0	758	688	846	1572	0	0	0	0
126	0	0	758	690	846	1581	0	0	0	0
127	0	0	758	691	846	1584	0	0	0	0
0	0	0	758	691	846	1594	0	0	0	0
1	0	0	758	691	845	1600	0	0	0	0
2	0	0	758	692	844	1608	0	0	0	0
3	0	0	759	692	845	1623	0	0	0	0
4	0	0	759	693	845	1636	0	0	0	0
5	0	0	757	693	845	1650	0	0	0	0
6	0	0	757	694	846	1660	0	0	0	0
7	0	0	756	695	845	1661	0	0	0	0
8	0	0	757	695	846	1668	0	0	0	0
9	0	0	758	694	845	1669	0	0	0	0
10	0	0	758	695	846	1670	0	0	0	0
11	0	0	758	696	846	1672	0	0	0	0
12	0	0	757	696	845	1683	0	0	0	0
13	0	0	757	697	845	1693	0	0	0	0
14	0	0	758	698	845	1698	0	0	0	0
15	0	0	758	698	845	1705	0	0	0	0
16	0	0	758	697	846	1705	0	0	0	0
17	0	0	759	699	847	1707	0	0	0	0
18	0	0	760	700	844	1708	0	0	0	0
19	0	0	760	701	845	1705	0	0	0	0
20	0	0	759	701	845	1709	0	0	0	0
21	0	0	759	702	845	1716	0	0	0	0
22	0	0	760	704	845	1725	0	0	0	0
23	0	0	760	705	844	1733	0	0	0	0
24	0	0	761	706	844	1737	0	0	0	0
25	0	0	761	706	844	1753	0	0	0	0
26	0	0	762	706	844	1769	0	0	0	0
27	0	0	763	708	845	1770	0	0	0	0
28	0	0	763	709	849	1775	0	0	0	0
29	0	0	764	708	847	1778	0	0	0	0
30	0	0	765	709	846	1787	0	0	0	0
31	0	0	765	711	848	1788	0	0	0	0
32	0	0	766	712	847	1789	0	0	0	0
33	0	0	767	713	848	1791	0	0	0	0
34	0	0	767	713	847	1794	0	0	0	0
35	0	0	767	713	848	1802	0	0	0	0
36	0	0	768	715	849	1808	0	0	0	0
37	0	0	768	716	849	1825	0	0	0	0
38	0	0	768	716	849	1839	0	0	0	0
39	0	0	769	717	850	1843	0	0	0	0
40	0	0	770	717	849	1844	0	0	0	0
41	0	0	770	716	850	1844	0	0	0	0
42	0	0	770	717	851	1842	0	0	0	0
43	0	0	771	718	852	1857	0	0	0	0
44	0	0	773	718	852	1861	0	0	0	0
45	0	0	771	718	852	1859	0	0	0	0
46	0	0	771	719	852	1869	0	0	0	0
47	0	0	772	719	851	1880	0	0	0	0
48	0	0	771	720	852	1895	0	0	0	0
49	0	0	771	721	853	1903	0	0	0	0
50	0	0	771	720	852	1905	0	0	0	0
51	0	0	771	721	854	1913	0	0	0	0
52	0	0	772	720	856	1926	0	0	0	0
53	0	0	773	721	855	1938	0	0	0	0
54	0	0	774	721	856	1948	0	0	0	0
55	0	0	771	721	856	1953	0	0	0	0
56	0	0	770	721	857	1957	0	0	0	0
57	0	0	770	720	857	1965	0	0	0	0
58	0	0	769	720	859	1970	0	0	0	0
59	0	0	768	720	859	1984	0	0	0	0
60	0	0	769	720	860	1993	0	0	0	0
61	0	0	768	719	861	2003	0	0	0	0
62	0	0	766	719	862	2013	0	0	0	0
63	0	0	765	717	863	2021	0	0	0	0
64	0	0	765	717	863	2025	0	0	0	0
65	0	0	765	717	864	2032	0	0	0	0
66	0	0	764	716	865	2038	0	0	0	0
67	0	0	763	717	864	2043	0	0	0	0
68	0	0	765	715	867	2053	0	0	0	0
69	0	0	764	714	866	2059	0	0	0	0
70	0	0	765	713	867	2065	0	0	0	0
71	0	0	763	713	867	2068	0	0	0	0
72	0	0	762	712	869	2079	0	0	0	0
73	0	0	761	710	869	2099	0	0	0	0
74	0	0	760	709	869	2105	0	0	0	0
75	0	0	758	709	870	2114	0	0	0	0
76	0	0	757	708	871	2118	0	0	0	0
77	0	0	756	706	871	2115	0	0	0	0
78	0	0	756	705	872	2128	0	0	0	0
79	0	0	754	704	873	2133	0	0	0	0
80	0	0	754	702	873	2134	0	0	0	0
81	0	0	752	700	873	2138	0	0	0	0
82	0	0	751	699	874	2145	0	0	0	0
83	0	0	751	698	875	2153	0	0	0	0
84	0	0	750	697	875	2158	0	0	0	0
85	0	0	751	696	876	2168	0	0	0	0
86	0	0	752	693	874	2179	0	0	0	0
87	0	0	751	692	875	2184	0	0	0	0
88	0	0	752	689	876	2190	0	0	0	0
89	0	0	752	686	876	2194	0	0	0	0
90	0	0	752	683	877	2204	0	0	0	0
91	0	0	751	681	875	2211	0	0	0	0
92	0	0	750	679	877	2228	0	0	0	0
93	0	0	751	675	878	2234	0	0	0	0
94	0	0	751	672	878	2235	0	0	0	0
95	0	0	752	670	880	2242	0	0	0	0
96	0	0	754	666	880	2247	0	0	0	0
97	0	0	754	663	880	2254	0	0	0	0
98	0	0	755	661	881	2261	0	0	0	0
99	0	0	755	656	880	2269	0	0	0	0
100	0	0	756	652	881	2278	0	0	0	0
101	0	0	758	650	881	2285	0	0	0	0
102	0	0	759	646	883	2294	0	0	0	0
103	0	0	761	643	882	2298	0	0	0	0
104	0	0	762	637	883	2302	0	0	0	0
105	0	0	763	634	884	2308	0	0	0	0
106	0	0	763	631	885	2313	0	0	0	0
107	0	0	763	628	885	2317	0	0	0	0
108	0	0	762	625	886	2325	0	0	0	0
109	0	0	763	621	887	2333	0	0	0	0
110	0	0	761	618	887	2338	0	0	0	0
111	0	0	761	616	888	2341	0	0	0	0
112	0	0	761	614	889	2343	0	0	0	0
113	0	0	760	611	888	2344	0	0	0	0
114	0	0	760	610	889	2347	0	0	0	0
115	0	0	759	608	890	2348	0	0	0	0
116	0	0	757	606	891	2350	0	0	0	0
117	0	0	756	604	892	2369	0	0	0	0
118	0	0	755	603	893	2378	0	0	0	0
119	0	0	753	602	895	2388	0	0	0	0
120	0	0	752	602	896	2391	0	0	0	0
121	0	0	750	600	899	2389	0	0	0	0
122	0	0	751	598	900	2389	0	0	0	0
123	0	0	749	596	901	2401	0	0	0	0
124	0	0	749	594	905	2403	0	0	0	0
125	0	0	746	593	907	2401	0	0	0	0
126	0	0	745	591	911	2401	0	0	0	0
127	0	0	744	589	913	2406	0	0	0	0
0	0	0	744	588	917	2411	0	0	0	0
1	0	0	742	586	919	2412	0	0	0	0
2	0	0	740	585	922	2414	0	0	0	0
3	0	0	738	583	925	2413	0	0	0	0
4	0	0	738	582	927	2413	0	0	0	0
5	0	0	736	584	928	2418	0	0	0	0
6	0	0	735	583	930	2428	0	0	0	0
7	0	0	732	585	931	2430	0	0	0	0
8	0	0	731	586	932	2432	0	0	0	0
9	0	0	731	589	933	2441	0	0	0	0
10	0	0	730	590	933	2452	0	0	0	0
11	0	0	729	593	933	2468	0	0	0	0
12	0	0	728	594	933	2475	0	0	0	0
13	0	0	728	594	934	2479	0	0	0	0
14	0	0	729	596	933	2485	0	0	0	0
15	0	0	728	597	934	2491	0	0	0	0
16	0	0	728	596	933	2496	0	0	0	0
17	0	0	726	597	933	2497	0	0	0	0
18	0	0	728	596	933	2501	0	0	0	0
19	0	0	725	595	933	2508	0	0	0	0
20	0	0	726	596	932	2510	0	0	0	0
21	0	0	725	596	932	2512	0	0	0	0
22	0	0	725	596	931	2514	0	0	0	0
23	0	0	725	597	930	2518	0	0	0	0
24	0	0	725	596	931	2521	0	0	0	0
25	0	0	723	596	929	2526	0	0	0	0
26	0	0	723	596	928	2529	0	0	0	0
27	0	0	720	596	927	2530	0	0	0	0
28	0	0	721	596	927	2532	0	0	0	0
29	0	0	719	597	926	2535	0	0	0	0
30	0	0	719	596	926	2536	0	0	0	0
31	0	0	719	596	923	2539	0	0	0	0
32	0	0	717	595	922	2544	0	0	0	0
33	0	0	717	594	922	2546	0	0	0	0
34	0	0	718	593	921	2553	0	0	0	0
35	0	0	717	594	920	2560	0	0	0	0
36	0	0	717	590	919	2563	0	0	0	0
37	0	0	718	590	920	2567	0	0	0	0
38	0	0	718	589	920	2570	0	0	0	0
39	0	0	718	587	919	2571	0	0	0	0
40	0	0	718	587	920	2573	0	0	0	0
41	0	0	719	585	920	2574	0	0	0	0
42	0	0	718	586	917	2575	0	0	0	0
43	0	0	718	586	920	2578	0	0	0	0
44	0	0	718	586	919	2579	0	0	0	0
45	0	0	719	586	918	2578	0	0	0	0
46	0	0	718	585	918	2581	0	0	0	0
47	0	0	718	584	918	2584	0	0	0	0
48	0	0	717	583	919	2586	0	0	0	0
49	0	0	717	582	919	2590	0	0	0	0
50	0	0	714	582	919	2592	0	0	0	0
51	0	0	714	582	920	2591	0	0	0	0
52	0	0	713	581	919	2594	0	0	0	0
53	0	0	713	581	919	2595	0	0	0	0
54	0	0	712	581	919	2599	0	0	0	0
55	0	0	712	580	920	2603	0	0	0	0
56	0	0	710	581	919	2605	0	0	0	0
57	0	0	708	579	919	2604	0	0	0	0
58	0	0	708	579	920	2606	0	0	0	0
59	0	0	707	578	920	2607	0	0	0	0
60	0	0	706	577	920	2609	0	0	0	0
61	0	0	707	577	920	2613	0	0	0	0
62	0	0	706	576	920	2615	0	0	0	0
63	0	0	709	576	920	2618	0	0	0	0
64	0	0	706	575	921	2619	0	0	0	0
65	0	0	707	575	921	2622	0	0	0	0
66	0	0	707	574	922	2625	0	0	0	0
67	0	0	708	573	922	2628	0	0	0	0
68	0	0	709	572	922	2633	0	0	0	0
69	0	0	710	572	920	2637	0	0	0	0
70	0	0	711	571	920	2639	0	0	0	0
71	0	0	712	569	920	2642	0	0	0	0
72	0	0	712	567	919	2645	0	0	0	0
73	0	0	714	566	919	2651	0	0	0	0
74	0	0	716	565	918	2658	0	0	0	0
75	0	0	719	563	915	2661	0	0	0	0
76	0	0	722	561	917	2666	0	0	0	0
77	0	0	724	558	916	2671	0	0	0	0
78	0	0	727	557	914	2675	0	0	0	0
79	0	0	728	556	914	2677	0	0	0	0
80	0	0	730	555	914	2681	0	0	0	0
81	0	0	731	553	911	2681	0	0	0	0
82	0	0	735	550	911	2685	0	0	0	0
83	0	0	737	549	911	2690	0	0	0	0
84	0	0	738	547	909	2695	0	0	0	0
85	0	0	741	546	908	2699	0	0	0	0
86	0	0	743	545	907	2704	0	0	0	0
87	0	0	744	543	906	2707	0	0	0	0
88	0	0	745	542	906	2716	0	0	0	0
89	0	0	744	539	904	2723	0	0	0	0
90	0	0	747	540	905	2726	0	0	0	0
91	0	0	747	541	904	2729	0	0	0	0
92	0	0	747	539	903	2732	0	0	0	0
93	0	0	747	539	904	2738	0	0	0	0
94	0	0	747	539	903	2741	0	0	0	0
95	0	0	747	539	903	2743	0	0	0	0
96	0	0	747	539	903	2746	0	0	0	0
97	0	0	747	539	903	2749	0	0	0	0
98	0	0	745	539	904	2750	0	0	0	0
99	0	0	744	540	905	2753	0	0	0	0
100	0	0	742	540	905	2756	0	0	0	0
101	0	0	740	541	907	2759	0	0	0	0
102	0	0	739	541	909	2762	0	0	0	0
103	0	0	735	542	909	2760	0	0	0	0
104	0	0	735	542	911	2761	0	0	0	0
105	0	0	735	542	913	2763	0	0	0	0
106	0	0	734	541	914	2765	0	0	0	0
107	0	0	732	541	915	2765	0	0	0	0
108	0	0	729	540	916	2766	0	0	0	0
109	0	0	728	540	919	2768	0	0	0	0
110	0	0	727	539	920	2772	0	0	0	0
111	0	0	725	538	922	2779	0	0	0	0
112	0	0	724	538	925	2781	0	0	0	0
113	0	0	723	537	926	2783	0	0	0	0
114	0	0	722	535	927	2784	0	0	0	0
115	0	0	721	536	930	2786	0	0	0	0
116	0	0	720	535	932	2789	0	0	0	0
117	0	0	719	535	935	2791	0	0	0	0
118	0	0	719	535	936	2794	0	0	0	0
119	0	0	718	536	938	2797	0	0	0	0
120	0	0	718	534	940	2800	0	0	0	0
121	0	0	718	534	942	2803	0	0	0	0
122	0	0	718	534	943	2806	0	0	0	0
123	0	0	717	533	945	2807	0	0	0	0
124	0	0	716	533	946	2807	0	0	0	0
125	0	0	717	533	948	2809	0	0	0	0
126	0	0	718	533	948	2813	0	0	0	0
127	0	0	718	533	951	2816	0	0	0	0
0	0	0	719	534	952	2820	0	0	0	0
1	0	0	721	532	951	2823	0	0	0	0
2	0	0	722	533	955	2823	0	0	0	0
3	0	0	723	534	955	2822	0	0	0	0
4	0	0	724	534	955	2823	0	0	0	0
5	0	0	724	536	958	2827	0	0	0	0
6	0	0	725	535	959	2830	0	0	0	0
7	0	0	726	537	959	2831	0	0	0	0
8	0	0	727	537	961	2831	0	0	0	0
9	0	0	729	537	963	2832	0	0	0	0
10	0	0	728	538	964	2834	0	0	0	0
11	0	0	728	539	965	2834	0	0	0	0
12	0	0	729	539	967	2837	0	0	0	0
13	0	0	729	539	969	2838	0	0	0	0
14	0	0	729	540	970	2839	0	0	0	0
15	0	0	729	541	971	2841	0	0	0	0
16	0	0	730	541	973	2843	0	0	0	0
17	0	0	731	543	974	2846	0	0	0	0
18	0	0	732	542	975	2847	0	0	0	0
19	0	0	731	542	976	2848	0	0	0	0
20	0	0	732	543	977	2849	0	0	0	0
21	0	0	732	542	976	2850	0	0	0	0
22	0	0	731	543	980	2851	0	0	0	0
23	0	0	730	544	981	2856	0	0	0	0
24	0	0	729	543	981	2855	0	0	0	0
25	0	0	728	542	983	2859	0	0	0	0
26	0	0	729	543	984	2862	0	0	0	0
27	0	0	728	543	984	2864	0	0	0	0
28	0	0	727	541	986	2867	0	0	0	0
29	0	0	727	542	985	2868	0	0	0	0
30	0	0	725	542	986	2869	0	0	0	0
31	0	0	725	542	986	2870	0	0	0	0
32	0	0	725	540	987	2872	0	0	0	0
33	0	0	724	539	986	2874	0	0	0	0
34	0	0	725	539	987	2872	0	0	0	0
35	0	0	724	538	987	2874	0	0	0	0
36	0	0	725	537	987	2876	0	0	0	0
37	0	0	725	537	989	2879	0	0	0	0
38	0	0	724	535	989	2883	0	0	0	0
39	0	0	723	534	988	2883	0	0	0	0
40	0	0	723	533	988	2886	0	0	0	0
41	0	0	723	531	987	2889	0	0	0	0
42	0	0	723	531	987	2889	0	0	0	0
43	0	0	723	529	987	2890	0	0	0	0
44	0	0	723	529	986	2890	0	0	0	0
45	0	0	721	528	986	2892	0	0	0	0
46	0	0	719	527	986	2894	0	0	0	0
47	0	0	721	528	985	2896	0	0	0	0
48	0	0	721	527	984	2897	0	0	0	0
49	0	0	721	526	984	2902	0	0	0	0
50	0	0	721	526	983	2904	0	0	0	0
51	0	0	719	526	982	2904	0	0	0	0
52	0	0	721	526	982	2903	0	0	0	0
53	0	0	721	527	981	2903	0	0	0	0
54	0	0	720	527	980	2906	0	0	0	0
55	0	0	720	529	979	2905	0	0	0	0
56	0	0	720	527	979	2905	0	0	0	0
57	0	0	720	527	978	2906	0	0	0	0
58	0	0	720	528	978	2907	0	0	0	0
59	0	0	720	528	976	2906	0	0	0	0
60	0	0	720	529	975	2909	0	0	0	0
61	0	0	720	528	973	2910	0	0	0	0
62	0	0	720	528	975	2909	0	0	0	0
63	0	0	720	529	974	2911	0	0	0	0
64	0	0	719	531	973	2913	0	0	0	0
65	0	0	719	531	973	2915	0	0	0	0
66	0	0	722	530	973	2916	0	0	0	0
67	0	0	722	530	974	2917	0	0	0	0
68	0	0	724	529	973	2917	0	0	0	0
69	0	0	726	528	973	2917	0	0	0	0
70	0	0	727	529	973	2917	0	0	0	0
71	0	0	727	529	972	2916	0	0	0	0
72	0	0	726	529	973	2918	0	0	0	0
73	0	0	727	529	972	2919	0	0	0	0
74	0	0	728	529	972	2920	0	0	0	0
75	0	0	726	529	972	2921	0	0	0	0
76	0	0	726	530	973	2922	0	0	0	0
77	0	0	726	530	972	2923	0	0	0	0
78	0	0	726	529	973	2926	0	0	0	0
79	0	0	727	529	973	2929	0	0	0	0
80	0	0	727	527	975	2929	0	0	0	0
81	0	0	728	525	976	2932	0	0	0	0
82	0	0	728	526	977	2935	0	0	0	0
83	0	0	729	525	976	2937	0	0	0	0
84	0	0	731	525	977	2940	0	0	0	0
85	0	0	732	524	978	2942	0	0	0	0
86	0	0	731	523	979	2943	0	0	0	0
87	0	0	734	523	978	2944	0	0	0	0
88	0	0	735	523	978	2946	0	0	0	0
89	0	0	736	523	977	2947	0	0	0	0
90	0	0	737	522	979	2949	0	0	0	0
91	0	0	738	521	979	2952	0	0	0	0
92	0	0	739	520	979	2954	0	0	0	0
93	0	0	740	520	979	2955	0	0	0	0
94	0	0	740	520	978	2954	0	0	0	0
95	0	0	741	520	980	2955	0	0	0	0
96	0	0	740	518	981	2958	0	0	0	0
97	0	0	740	519	982	2960	0	0	0	0
98	0	0	740	517	982	2960	0	0	0	0
99	0	0	741	518	981	2965	0	0	0	0
100	0	0	742	518	982	2966	0	0	0	0
101	0	0	741	517	982	2967	0	0	0	0
102	0	0	742	518	982	2968	0	0	0	0
103	0	0	742	518	983	2970	0	0	0	0
104	0	0	741	519	982	2972	0	0	0	0
105	0	0	740	519	981	2974	0	0	0	0
106	0	0	740	520	981	2977	0	0	0	0
107	0	0	740	521	981	2981	0	0	0	0
108	0	0	739	520	982	2978	0	0	0	0
109	0	0	740	522	982	2978	0	0	0	0
110	0	0	738	522	982	2979	0	0	0	0
111	0	0	739	523	982	2982	0	0	0	0
112	0	0	739	523	982	2985	0	0	0	0
113	0	0	739	524	982	2988	0	0	0	0
114	0	0	740	525	982	2988	0	0	0	0
115	0	0	740	527	981	2988	0	0	0	0
116	0	0	740	529	982	2989	0	0	0	0
117	0	0	740	531	983	2989	0	0	0	0
118	0	0	739	533	984	2987	0	0	0	0
119	0	0	740	534	985	2988	0	0	0	0
120	0	0	741	534	985	2988	0	0	0	0
121	0	0	740	538	984	2986	0	0	0	0
122	0	0	737	542	982	2988	0	0	0	0
123	0	0	737	547	981	2984	0	0	0	0
124	0	0	737	551	978	2979	0	0	0	0
125	0	0	738	553	977	2978	0	0	0	0
126	0	0	738	556	976	2979	0	0	0	0
127	0	0	737	559	976	2978	0	0	0	0
0	0	0	739	561	974	2973	0	0	0	0
1	0	0	738	564	974	2962	0	0	0	0
2	0	0	739	567	974	2958	0	0	0	0
3	0	0	739	569	973	2952	0	0	0	0
4	0	0	739	573	971	2942	0	0	0	0
5	0	0	738	576	970	2939	0	0	0	0
6	0	0	740	580	968	2932	0	0	0	0
7	0	0	740	583	965	2923	0	0	0	0
8	0	0	740	588	964	2918	0	0	0	0
9	0	0	740	590	962	2908	0	0	0	0
10	0	0	741	593	959	2903	0	0	0	0
11	0	0	742	597	957	2893	0	0	0	0
12	0	0	742	601	955	2887	0	0	0	0
13	0	0	742	604	952	2882	0	0	0	0
14	0	0	742	607	950	2871	0	0	0	0
15	0	0	741	609	947	2863	0	0	0	0
16	0	0	742	612	945	2842	0	0	0	0
17	0	0	742	616	941	2826	0	0	0	0
18	0	0	739	620	938	2820	0	0	0	0
19	0	0	741	625	936	2808	0	0	0	0
20	0	0	740	628	933	2785	0	0	0	0
21	0	0	739	631	929	2763	0	0	0	0
22	0	0	738	634	927	2746	0	0	0	0
23	0	0	737	638	925	2731	0	0	0	0
24	0	0	737	641	923	2714	0	0	0	0
25	0	0	737	644	920	2683	0	0	0	0
26	0	0	735	647	917	2660	0	0	0	0
27	0	0	734	649	914	2628	0	0	0	0
28	0	0	733	652	911	2620	0	0	0	0
29	0	0	733	654	908	2629	0	0	0	0
30	0	0	733	658	905	2602	0	0	0	0
31	0	0	734	660	902	2576	0	0	0	0
32	0	0	735	662	898	2543	0	0	0	0
33	0	0	735	666	893	2503	0	0	0	0
34	0	0	737	667	891	2466	0	0	0	0
35	0	0	738	670	887	2439	0	0	0	0
36	0	0	739	673	882	2394	0	0	0	0
37	0	0	741	675	878	2352	0	0	0	0
38	0	0	742	677	874	2305	0	0	0	0
39	0	0	743	680	871	2250	0	0	0	0
40	0	0	745	682	864	2196	0	0	0	0
41	0	0	747	685	861	2112	0	0	0	0
42	0	0	748	686	858	2068	0	0	0	0
43	0	0	749	688	854	2023	0	0	0	0
44	0	0	751	690	850	1972	0	0	0	0
45	0	0	754	690	847	1913	0	0	0	0
46	0	0	756	693	843	1816	0	0	0	0
47	0	0	759	693	840	1733	0	0	0	0
48	0	0	760	695	835	1700	0	0	0	0
49	0	0	759	697	831	1623	0	0	0	0
50	0	0	760	700	827	1525	0	0	0	0
51	0	0	760	700	822	1438	0	0	0	0
52	0	0	761	703	817	1290	0	0	0	0
53	0	0	763	704	816	1141	0	0	0	0
54	0	0	763	706	812	1047	0	0	0	0
55	0	0	763	708	810	905	0	0	0	0
56	0	0	763	709	806	821	0	0	0	0
57	0	0	763	711	803	759	0	0	0	0
58	0	0	762	714	801	721	0	0	0	0
59	0	0	763	715	800	655	0	0	0	0
60	0	0	763	716	799	603	0	0	0	0
61	0	0	762	718	795	549	0	0	0	0
62	0	0	762	719	793	548	0	0	0	0
63	0	0	761	721	794	481	0	0	0	0
64	0	0	760	723	791	472	0	0	0	0
65	0	0	760	725	791	460	0	0	0	0
66	0	0	759	726	792	472	0	0	0	0
67	0	0	758	727	792	499	0	0	0	0
68	0	0	757	730	793	472	0	0	0	0
69	0	0	755	732	793	484	0	0	0	0
70	0	0	752	734	793	469	0	0	0	0
71	0	0	752	735	791	480	0	0	0	0
72	0	0	751	739	789	448	0	0	0	0
73	0	0	753	745	789	437	0	0	0	0
74	0	0	751	747	790	409	0	0	0	0
75	0	0	751	749	790	405	0	0	0	0
76	0	0	750	752	789	415	0	0	0	0
77	0	0	749	756	789	406	0	0	0	0
78	0	0	748	759	790	404	0	0	0	0
79	0	0	746	762	790	404	0	0	0	0
80	0	0	745	766	789	401	0	0	0	0
81	0	0	743	768	790	409	0	0	0	0
82	0	0	742	771	790	421	0	0	0	0
83	0	0	742	776	792	424	0	0	0	0
84	0	0	742	778	791	427	0	0	0	0
85	0	0	742	782	791	412	0	0	0	0
86	0	0	744	785	790	385	0	0	0	0
87	0	0	746	788	788	349	0	0	0	0
88	0	0	748	791	790	339	0	0	0	0
89	0	0	749	795	787	332	0	0	0	0
90	0	0	749	801	788	330	0	0	0	0
91	0	0	750	806	789	324	0	0	0	0
92	0	0	752	811	788	286	0	0	0	0
93	0	0	753	815	788	277	0	0	0	0
94	0	0	754	818	788	275	0	0	0	0
95	0	0	756	823	788	291	0	0	0	0
96	0	0	757	830	787	281	0	0	0	0
97	0	0	757	837	786	297	0	0	0	0
98	0	0	760	843	786	300	0	0	0	0
99	0	0	761	849	785	284	0	0	0	0
100	0	0	761	855	785	287	0	0	0	0
101	0	0	760	859	783	269	0	0	0	0
102	0	0	760	865	782	264	0	0	0	0
103	0	0	761	873	782	244	0	0	0	0
104	0	0	760	879	781	241	0	0	0	0
105	0	0	760	885	779	249	0	0	0	0
106	0	0	760	892	777	212	0	0	0	0
107	0	0	761	898	776	223	0	0	0	0
108	0	0	760	904	774	236	0	0	0	0
109	0	0	759	910	773	240	0	0	0	0
110	0	0	760	916	772	253	0	0	0	0
111	0	0	760	922	770	226	0	0	0	0
112	0	0	762	928	768	221	0	0	0	0
113	0	0	763	934	767	213	0	0	0	0
114	0	0	763	938	764	210	0	0	0	0
115	0	0	763	944	764	206	0	0	0	0
116	0	0	764	950	765	220	0	0	0	0
117	0	0	763	955	765	217	0	0	0	0
118	0	0	763	956	765	200	0	0	0	0
119	0	0	763	961	766	202	0	0	0	0
120	0	0	761	964	766	202	0	0	0	0
121	0	0	761	968	768	217	0	0	0	0
122	0	0	760	969	769	208	0	0	0	0
123	0	0	759	972	771	201	0	0	0	0
124	0	0	759	974	773	208	0	0	0	0
125	0	0	758	976	774	193	0	0	0	0
126	0	0	757	977	776	186	0	0	0	0
127	0	0	756	979	777	177	0	0	0	0
0	0	0	755	981	779	148	0	0	0	0
1	0	0	752	982	779	134	0	0	0	0
2	0	0	750	983	780	135	0	0	0	0
3	0	0	749	984	780	138	0	0	0	0
4	0	0	747	985	779	125	0	0	0	0
5	0	0	747	985	778	122	0	0	0	0
6	0	0	745	984	778	127	0	0	0	0
7	0	0	743	980	778	128	0	0	0	0
8	0	0	742	976	779	123	0	0	0	0
9	0	0	742	971	780	121	0	0	0	0
10	0	0	740	967	780	125	0	0	0	0
11	0	0	740	961	781	140	0	0	0	0
12	0	0	739	956	782	165	0	0	0	0
13	0	0	737	949	783	175	0	0	0	0
14	0	0	737	944	784	175	0	0	0	0
15	0	0	737	938	784	175	0	0	0	0
16	0	0	736	934	784	183	0	0	0	0
17	0	0	737	929	783	161	0	0	0	0
18	0	0	737	925	783	150	0	0	0	0
19	0	0	736	920	783	127	0	0	0	0
20	0	0	737	915	782	126	0	0	0	0
21	0	0	738	912	781	137	0	0	0	0
22	0	0	739	907	780	141	0	0	0	0
23	0	0	740	903	778	142	0	0	0	0
24	0	0	743	899	777	140	0	0	0	0
25	0	0	743	895	776	143	0	0	0	0
26	0	0	745	892	775	148	0	0	0	0
27	0	0	747	887	773	153	0	0	0	0
28	0	0	753	883	773	133	0	0	0	0
29	0	0	752	878	771	117	0	0	0	0
30	0	0	757	874	769	136	0	0	0	0
31	0	0	757	873	767	144	0	0	0	0
32	0	0	759	870	763	136	0	0	0	0
33	0	0	761	869	761	132	0	0	0	0
34	0	0	764	865	759	142	0	0	0	0
35	0	0	766	863	758	144	0	0	0	0
36	0	0	768	861	756	145	0	0	0	0
37	0	0	771	858	753	140	0	0	0	0
38	0	0	772	856	751	138	0	0	0	0
39	0	0	773	853	749	136	0	0	0	0
40	0	0	775	850	746	126	0	0	0	0
41	0	0	776	847	743	118	0	0	0	0
42	0	0	779	844	740	97	0	0	0	0
43	0	0	779	842	738	93	0	0	0	0
44	0	0	781	839	736	93	0	0	0	0
45	0	0	782	836	734	93	0	0	0	0
46	0	0	782	832	731	93	0	0	0	0
47	0	0	783	829	731	98	0	0	0	0
48	0	0	784	825	729	100	0	0	0	0
49	0	0	783	820	730	99	0	0	0	0
50	0	0	784	815	731	103	0	0	0	0
51	0	0	786	809	732	104	0	0	0	0
52	0	0	786	806	734	105	0	0	0	0
53	0	0	786	800	734	105	0	0	0	0
54	0	0	785	797	737	109	0	0	0	0
55	0	0	785	794	738	109	0	0	0	0
56	0	0	784	790	739	107	0	0	0	0
57	0	0	785	788	740	100	0	0	0	0
58	0	0	785	784	741	94	0	0	0	0
59	0	0	786	782	741	94	0	0	0	0
60	0	0	786	779	744	89	0	0	0	0
61	0	0	788	778	741	83	0	0	0	0
62	0	0	789	777	741	83	0	0	0	0
63	0	0	790	776	741	85	0	0	0	0
64	0	0	790	775	741	86	0	0	0	0
65	0	0	791	774	740	86	0	0	0	0
66	0	0	792	775	741	89	0	0	0	0
67	0	0	791	773	742	93	0	0	0	0
68	0	0	794	772	742	96	0	0	0	0
69	0	0	794	771	743	95	0	0	0	0
70	0	0	795	769	744	99	0	0	0	0
71	0	0	796	766	745	103	0	0	0	0
72	0	0	798	764	745	101	0	0	0	0
73	0	0	799	761	747	100	0	0	0	0
74	0	0	801	759	748	103	0	0	0	0
75	0	0	804	757	749	105	0	0	0	0
76	0	0	805	753	752	102	0	0	0	0
77	0	0	806	751	752	95	0	0	0	0
78	0	0	807	747	755	92	0	0	0	0
79	0	0	809	746	755	91	0	0	0	0
80	0	0	811	744	758	86	0	0	0	0
81	0	0	812	741	759	83	0	0	0	0
82	0	0	813	737	760	83	0	0	0	0
83	0	0	814	735	762	84	0	0	0	0
84	0	0	815	733	764	85	0	0	0	0
85	0	0	817	731	765	85	0	0	0	0
86	0	0	817	732	766	88	0	0	0	0
87	0	0	817	730	767	93	0	0	0	0
88	0	0	817	729	767	94	0	0	0	0
89	0	0	816	729	767	95	0	0	0	0
90	0	0	816	729	767	98	0	0	0	0
91	0	0	815	729	768	101	0	0	0	0
92	0	0	815	729	769	99	0	0	0	0
93	0	0	814	728	769	98	0	0	0	0
94	0	0	814	728	769	105	0	0	0	0
95	0	0	817	728	770	104	0	0	0	0
96	0	0	816	728	770	101	0	0	0	0
97	0	0	815	730	772	94	0	0	0	0
98	0	0	814	729	772	91	0	0	0	0
99	0	0	813	729	774	89	0	0	0	0
100	0	0	814	729	776	84	0	0	0	0
101	0	0	813	730	776	80	0	0	0	0
102	0	0	811	731	775	80	0	0	0	0
103	0	0	811	731	778	80	0	0	0	0
104	0	0	810	730	778	82	0	0	0	0
105	0	0	810	729	780	83	0	0	0	0
106	0	0	810	730	782	85	0	0	0	0
107	0	0	809	731	782	90	0	0	0	0
108	0	0	809	732	784	93	0	0	0	0
109	0	0	807	732	785	93	0	0	0	0
110	0	0	805	733	786	96	0	0	0	0
111	0	0	803	734	787	99	0	0	0	0
112	0	0	803	735	788	98	0	0	0	0
113	0	0	802	736	787	98	0	0	0	0
114	0	0	800	737	788	104	0	0	0	0
115	0	0	799	738	789	105	0	0	0	0
116	0	0	798	740	788	101	0	0	0	0
117	0	0	797	740	788	95	0	0	0	0
118	0	0	795	742	789	92	0	0	0	0
119	0	0	797	743	790	89	0	0	0	0
120	0	0	795	744	790	84	0	0	0	0
121	0	0	795	745	791	83	0	0	0	0
122	0	0	794	747	791	81	0	0	0	0
123	0	0	795	748	791	81	0	0	0	0
124	0	0	794	749	792	86	0	0	0	0
125	0	0	794	750	793	91	0	0	0	0
126	0	0	795	751	793	92	0	0	0	0
127	0	0	795	752	794	96	0	0	0	0
0	0	0	796	753	794	100	0	0	0	0
1	0	0	796	753	793	103	0	0	0	0
2	0	0	796	754	794	110	0	0	0	0
3	0	0	797	757	794	113	0	0	0	0
4	0	0	797	757	793	113	0	0	0	0
5	0	0	798	758	793	114	0	0	0	0
6	0	0	799	759	793	121	0	0	0	0
7	0	0	800	761	793	122	0	0	0	0
8	0	0	800	762	791	114	0	0	0	0
9	0	0	800	764	791	105	0	0	0	0
10	0	0	800	766	792	102	0	0	0	0
11	0	0	802	767	790	101	0	0	0	0
12	0	0	804	766	790	97	0	0	0	0
13	0	0	807	768	790	95	0	0	0	0
14	0	0	808	769	789	94	0	0	0	0
15	0	0	808	769	789	97	0	0	0	0
16	0	0	810	769	789	103	0	0	0	0
17	0	0	811	769	789	102	0	0	0	0
18	0	0	814	770	789	104	0	0	0	0
19	0	0	815	771	789	109	0	0	0	0
20	0	0	815	771	787	111	0	0	0	0
21	0	0	815	771	787	110	0	0	0	0
22	0	0	817	772	787	107	0	0	0	0
23	0	0	817	773	786	114	0	0	0	0
24	0	0	818	774	784	117	0	0	0	0
25	0	0	818	774	783	113	0	0	0	0
26	0	0	818	774	783	120	0	0	0	0
27	0	0	818	774	783	121	0	0	0	0
28	0	0	819	775	782	118	0	0	0	0
29	0	0	818	775	780	112	0	0	0	0
30	0	0	819	775	779	109	0	0	0	0
31	0	0	820	776	778	109	0	0	0	0
32	0	0	818	776	775	105	0	0	0	0
33	0	0	819	777	774	103	0	0	0	0
34	0	0	819	778	772	99	0	0	0	0
35	0	0	818	779	771	99	0	0	0	0
36	0	0	818	780	769	98	0	0	0	0
37	0	0	817	781	769	99	0	0	0	0
38	0	0	817	780	766	105	0	0	0	0
39	0	0	818	781	765	112	0	0	0	0
40	0	0	817	780	763	116	0	0	0	0
41	0	0	816	781	762	112	0	0	0	0
42	0	0	816	780	762	117	0	0	0	0
43	0	0	815	781	761	119	0	0	0	0
44	0	0	812	780	760	113	0	0	0	0
45	0	0	811	779	760	115	0	0	0	0
46	0	0	811	779	759	121	0	0	0	0
47	0	0	811	778	758	119	0	0	0	0
48	0	0	810	778	758	117	0	0	0	0
49	0	0	809	779	757	110	0	0	0	0
50	0	0	810	779	757	109	0	0	0	0
51	0	0	809	778	756	105	0	0	0	0
52	0	0	809	779	756	102	0	0	0	0
53	0	0	808	779	756	99	0	0	0	0
54	0	0	808	779	756	96	0	0	0	0
55	0	0	806	779	757	98	0	0	0	0
56	0	0	806	778	755	98	0	0	0	0
57	0	0	805	779	754	98	0	0	0	0
58	0	0	805	780	754	99	0	0	0	0
59	0	0	805	780	754	104	0	0	0	0
60	0	0	804	781	753	107	0	0	0	0
61	0	0	803	780	753	105	0	0	0	0
62	0	0	803	781	752	110	0	0	0	0
63	0	0	801	782	751	110	0	0	0	0
64	0	0	801	781	752	109	0	0	0	0
65	0	0	800	780	752	105	0	0	0	0
66	0	0	800	780	751	109	0	0	0	0
67	0	0	799	780	752	113	0	0	0	0
68	0	0	799	780	752	112	0	0	0	0
69	0	0	798	779	751	108	0	0	0	0
70	0	0	797	780	751	104	0	0	0	0
71	0	0	796	779	752	103	0	0	0	0
72	0	0	795	779	753	100	0	0	0	0
73	0	0	796	780	753	97	0	0	0	0
74	0	0	794	781	755	97	0	0	0	0
75	0	0	794	780	754	99	0	0	0	0
76	0	0	794	780	755	99	0	0	0	0
77	0	0	792	780	756	100	0	0	0	0
78	0	0	792	779	757	103	0	0	0	0
79	0	0	791	779	756	115	0	0	0	0
80	0	0	790	780	759	119	0	0	0	0
81	0	0	790	779	758	117	0	0	0	0
82	0	0	790	779	759	122	0	0	0	0
83	0	0	790	779	760	122	0	0	0	0
84	0	0	789	780	761	123	0	0	0	0
85	0	0	789	780	761	121	0	0	0	0
86	0	0	788	780	761	126	0	0	0	0
87	0	0	787	781	763	125	0	0	0	0
88	0	0	786	780	763	124	0	0	0	0
89	0	0	787	780	763	117	0	0	0	0
90	0	0	787	781	765	113	0	0	0	0
91	0	0	788	779	765	112	0	0	0	0
92	0	0	787	779	764	107	0	0	0	0
93	0	0	787	780	765	103	0	0	0	0
94	0	0	787	781	766	100	0	0	0	0
95	0	0	784	779	765	100	0	0	0	0
96	0	0	786	779	765	100	0	0	0	0
97	0	0	785	780	766	99	0	0	0	0
98	0	0	785	780	765	101	0	0	0	0
99	0	0	784	779	766	102	0	0	0	0
100	0	0	784	779	768	102	0	0	0	0
101	0	0	783	780	767	103	0	0	0	0
102	0	0	784	779	767	106	0	0	0	0
103	0	0	785	779	767	108	0	0	0	0
104	0	0	784	777	767	108	0	0	0	0
105	0	0	783	778	767	105	0	0	0	0
106	0	0	783	778	768	108	0	0	0	0
107	0	0	782	777	768	112	0	0	0	0
108	0	0	781	777	769	107	0	0	0	0
109	0	0	782	775	770	101	0	0	0	0
110	0	0	781	775	770	95	0	0	0	0
111	0	0	782	775	770	93	0	0	0	0
112	0	0	782	775	770	89	0	0	0	0
113	0	0	782	774	771	88	0	0	0	0
114	0	0	780	773	771	92	0	0	0	0
115	0	0	780	773	772	95	0	0	0	0
116	0	0	780	770	770	98	0	0	0	0
117	0	0	779	770	772	97	0	0	0	0
118	0	0	780	769	773	98	0	0	0	0
119	0	0	780	768	773	98	0	0	0	0
120	0	0	778	767	774	103	0	0	0	0
121	0	0	781	767	772	110	0	0	0	0
122	0	0	781	765	774	111	0	0	0	0
123	0	0	782	766	775	111	0	0	0	0
124	0	0	780	764	775	113	0	0	0	0
125	0	0	782	763	775	111	0	0	0	0
126	0	0	782	763	776	114	0	0	0	0
127	0	0	783	762	776	115	0	0	0	0
0	0	0	784	762	777	111	0	0	0	0
1	0	0	785	761	777	104	0	0	0	0
2	0	0	783	761	776	99	0	0	0	0
3	0	0	783	761	778	95	0	0	0	0
4	0	0	785	761	776	89	0	0	0	0
5	0	0	785	761	777	85	0	0	0	0
6	0	0	786	761	777	76	0	0	0	0
7	0	0	787	761	777	77	0	0	0	0
8	0	0	787	761	778	75	0	0	0	0
9	0	0	789	761	777	70	0	0	0	0
10	0	0	788	760	777	65	0	0	0	0
11	0	0	790	761	777	58	0	0	0	0
12	0	0	789	760	776	50	0	0	0	0
13	0	0	791	761	777	33	0	0	0	0
14	0	0	791	761	776	7	0	0	0	0
15	0	0	791	761	776	191	0	0	0	0
16	0	0	794	762	777	969	0	0	0	0
17	0	0	793	762	776	1034	0	0	0	0
18	0	0	794	763	778	1261	0	0	0	0
19	0	0	795	765	778	1543	0	0	0	0
20	0	0	794	766	780	1768	0	0	0	0
21	0	0	792	769	781	1867	0	0	0	0
22	0	0	788	773	782	1921	0	0	0	0
23	0	0	781	778	784	1962	0	0	0	0
24	0	0	775	781	784	2016	0	0	0	0
25	0	0	772	784	784	2046	0	0	0	0
26	0	0	768	784	782	2077	0	0	0	0
27	0	0	764	785	783	2105	0	0	0	0
28	0	0	762	784	783	2114	0	0	0	0
29	0	0	757	783	784	2120	0	0	0	0
30	0	0	754	783	786	2160	0	0	0	0
31	0	0	750	784	788	2127	0	0	0	0
32	0	0	745	788	792	2166	0	0	0	0
33	0	0	738	791	796	2152	0	0	0	0
34	0	0	732	797	801	2137	0	0	0	0
35	0	0	726	805	807	2045	0	0	0	0
36	0	0	715	816	814	2013	0	0	0	0
37	0	0	690	834	829	2037	0	0	0	0
38	0	0	654	866	859	2032	0	0	0	0
39	0	0	606	915	902	1950	0	0	0	0
40	0	0	556	969	950	1803	0	0	0	0
41	0	0	536	1023	992	1774	0	0	0	0
42	0	0	528	1069	1013	1846	0	0	0	0
43	0	0	507	1100	1010	1792	0	0	0	0
44	0	0	463	1120	1003	1611	0	0	0	0
45	0	0	374	1124	1014	1437	0	0	0	0
46	0	0	252	1102	1048	1319	0	0	0	0
47	0	0	165	1055	1106	1330	0	0	0	0
48	0	0	111	990	1178	1233	0	0	0	0
49	0	0	80	915	1258	1119	0	0	0	0
50	0	0	79	845	1331	1104	0	0	0	0
51	0	0	131	795	1388	1078	0	0	0	0
52	0	0	224	782	1433	1089	0	0	0	0
53	0	0	342	792	1454	1071	0	0	0	0
54	0	0	489	797	1430	1048	0	0	0	0
55	0	0	667	796	1384	1059	0	0	0	0
56	0	0	850	821	1327	1061	0	0	0	0
57	0	0	1004	874	1275	1067	0	0	0	0
58	0	0	1105	915	1235	1080	0	0	0	0
59	0	0	1144	919	1199	1097	0	0	0	0
60	0	0	1111	891	1169	1115	0	0	0	0
61	0	0	1019	838	1151	1146	0	0	0	0
62	0	0	906	762	1133	1188	0	0	0	0
63	0	0	822	678	1117	1246	0	0	0	0
64	0	0	787	594	1092	1285	0	0	0	0
65	0	0	789	523	1055	1307	0	0	0	0
66	0	0	790	470	1011	1377	0	0	0	0
67	0	0	780	422	959	1455	0	0	0	0
68	0	0	773	371	911	1515	0	0	0	0
69	0	0	792	330	862	1631	0	0	0	0
70	0	0	841	292	824	1700	0	0	0	0
71	0	0	904	258	802	1793	0	0	0	0
72	0	0	963	225	796	1831	0	0	0	0
73	0	0	1014	198	805	1857	0	0	0	0
74	0	0	1042	177	822	1924	0	0	0	0
75	0	0	1054	163	843	1965	0	0	0	0
76	0	0	1052	152	865	1979	0	0	0	0
77	0	0	1036	145	879	2034	0	0	0	0
78	0	0	1023	128	905	2063	0	0	0	0
79	0	0	1014	107	923	2087	0	0	0	0
80	0	0	1010	81	953	2096	0	0	0	0
81	0	0	1007	60	981	2110	0	0	0	0
82	0	0	995	58	993	2160	0	0	0	0
83	0	0	973	60	1005	2162	0	0	0	0
84	0	0	947	62	1006	2162	0	0	0	0
85	0	0	936	56	1015	2184	0	0	0	0
86	0	0	927	46	1022	2181	0	0	0	0
87	0	0	918	38	1029	2215	0	0	0	0
88	0	0	902	34	1036	2214	0	0	0	0
89	0	0	880	30	1047	2203	0	0	0	0
90	0	0	849	32	1065	2189	0	0	0	0
91	0	0	822	29	1088	2196	0	0	0	0
92	0	0	800	27	1112	2233	0	0	0	0
93	0	0	776	26	1140	2212	0	0	0	0
94	0	0	757	27	1162	2207	0	0	0	0
95	0	0	746	27	1188	2209	0	0	0	0
96	0	0	744	29	1214	2205	0	0	0	0
97	0	0	743	36	1235	2205	0	0	0	0
98	0	0	748	47	1254	2196	0	0	0	0
99	0	0	757	64	1270	2185	0	0	0	0
100	0	0	766	79	1281	2175	0	0	0	0
101	0	0	774	100	1288	2177	0	0	0	0
102	0	0	782	119	1291	2184	0	0	0	0
103	0	0	785	136	1291	2174	0	0	0	0
104	0	0	790	151	1290	2159	0	0	0	0
105	0	0	795	164	1288	2156	0	0	0	0
106	0	0	798	178	1285	2157	0	0	0	0
107	0	0	801	192	1279	2154	0	0	0	0
108	0	0	802	206	1273	2154	0	0	0	0
109	0	0	802	218	1267	2160	0	0	0	0
110	0	0	799	231	1257	2161	0	0	0	0
111	0	0	795	248	1246	2170	0	0	0	0
112	0	0	786	267	1230	2169	0	0	0	0
113	0	0	780	284	1213	2172	0	0	0	0
114	0	0	774	301	1197	2176	0	0	0	0
115	0	0	770	319	1176	2180	0	0	0	0
116	0	0	771	337	1157	2180	0	0	0	0
117	0	0	772	353	1136	2185	0	0	0	0
118	0	0	775	368	1117	2186	0	0	0	0
119	0	0	778	384	1097	2193	0	0	0	0
120	0	0	782	398	1077	2197	0	0	0	0
121	0	0	785	412	1055	2200	0	0	0	0
122	0	0	787	425	1033	2203	0	0	0	0
123	0	0	787	436	1014	2206	0	0	0	0
124	0	0	788	442	994	2208	0	0	0	0
125	0	0	789	450	976	2214	0	0	0	0
126	0	0	790	457	958	2215	0	0	0	0
127	0	0	788	465	942	2215	0	0	0	0
0	0	0	785	475	926	2216	0	0	0	0
1	0	0	781	485	912	2216	0	0	0	0
2	0	0	777	497	899	2215	0	0	0	0
3	0	0	775	508	886	2214	0	0	0	0
4	0	0	775	521	877	2213	0	0	0	0
5	0	0	777	532	866	2212	0	0	0	0
6	0	0	779	539	856	2212	0	0	0	0
7	0	0	784	545	848	2215	0	0	0	0
8	0	0	789	551	838	2209	0	0	0	0
9	0	0	794	558	831	2208	0	0	0	0
10	0	0	802	563	823	2207	0	0	0	0
11	0	0	808	569	816	2204	0	0	0	0
12	0	0	812	577	810	2203	0	0	0	0
13	0	0	819	583	804	2196	0	0	0	0
14	0	0	824	588	800	2193	0	0	0	0
15	0	0	824	597	797	2191	0	0	0	0
16	0	0	826	607	794	2190	0	0	0	0
17	0	0	824	609	793	2187	0	0	0	0
18	0	0	817	616	791	2179	0	0	0	0
19	0	0	814	617	792	2173	0	0	0	0
20	0	0	804	621	793	2172	0	0	0	0
21	0	0	800	620	793	2170	0	0	0	0
22	0	0	791	625	794	2168	0	0	0	0
23	0	0	786	629	792	2165	0	0	0	0
24	0	0	781	633	792	2160	0	0	0	0
25	0	0	776	636	790	2155	0	0	0	0
26	0	0	773	639	789	2154	0	0	0	0
27	0	0	768	640	789	2153	0	0	0	0
28	0	0	764	641	788	2150	0	0	0	0
29	0	0	761	644	787	2153	0	0	0	0
30	0	0	758	648	784	2152	0	0	0	0
31	0	0	755	652	783	2153	0	0	0	0
32	0	0	754	655	781	2148	0	0	0	0
33	0	0	753	656	780	2139	0	0	0	0
34	0	0	753	657	779	2131	0	0	0	0
35	0	0	754	657	780	2120	0	0	0	0
36	0	0	755	654	782	2116	0	0	0	0
37	0	0	756	656	783	2112	0	0	0	0
38	0	0	760	656	784	2101	0	0	0	0
39	0	0	761	656	785	2099	0	0	0	0
40	0	0	765	655	788	2099	0	0	0	0
41	0	0	767	656	791	2098	0	0	0	0
42	0	0	770	654	794	2096	0	0	0	0
43	0	0	773	654	798	2094	0	0	0	0
44	0	0	777	653	800	2094	0	0	0	0
45	0	0	778	654	803	2090	0	0	0	0
46	0	0	780	655	806	2081	0	0	0	0
47	0	0	783	654	813	2083	0	0	0	0
48	0	0	786	655	817	2076	0	0	0	0
49	0	0	787	653	821	2070	0	0	0	0
50	0	0	790	652	826	2062	0	0	0	0
51	0	0	792	649	832	2038	0	0	0	0
52	0	0	794	649	837	2048	0	0	0	0
53	0	0	797	645	844	2035	0	0	0	0
54	0	0	797	642	851	2060	0	0	0	0
55	0	0	800	639	857	2062	0	0	0	0
56	0	0	799	637	862	2061	0	0	0	0
57	0	0	798	634	868	2058	0	0	0	0
58	0	0	798	633	873	2053	0	0	0	0
59	0	0	798	631	879	2051	0	0	0	0
60	0	0	796	629	884	2049	0	0	0	0
61	0	0	795	627	891	2049	0	0	0	0
62	0	0	794	626	897	2044	0	0	0	0
63	0	0	793	625	903	2038	0	0	0	0
64	0	0	791	623	908	2034	0	0	0	0
65	0	0	790	621	912	2028	0	0	0	0
66	0	0	788	621	917	2025	0	0	0	0
67	0	0	787	619	922	2025	0	0	0	0
68	0	0	784	618	927	2028	0	0	0	0
69	0	0	781	617	930	2022	0	0	0	0
70	0	0	779	616	933	2020	0	0	0	0
71	0	0	778	615	939	2016	0	0	0	0
72	0	0	775	613	943	2015	0	0	0	0
73	0	0	772	613	947	2016	0	0	0	0
74	0	0	768	613	951	2010	0	0	0	0
75	0	0	770	611	954	2005	0	0	0	0
76	0	0	769	610	959	2003	0	0	0	0
77	0	0	766	607	961	1998	0	0	0	0
78	0	0	767	606	965	1997	0	0	0	0
79	0	0	766	603	967	1994	0	0	0	0
80	0	0	765	602	970	1988	0	0	0	0
81	0	0	765	600	973	1984	0	0	0	0
82	0	0	766	598	975	1979	0	0	0	0
83	0	0	766	595	978	1977	0	0	0	0
84	0	0	766	592	981	1972	0	0	0	0
85	0	0	767	590	983	1960	0	0	0	0
86	0	0	769	590	984	1952	0	0	0	0
87	0	0	769	589	985	1952	0	0	0	0
88	0	0	769	588	985	1947	0	0	0	0
89	0	0	770	588	985	1936	0	0	0	0
90	0	0	769	589	984	1935	0	0	0	0
91	0	0	769	589	982	1936	0	0	0	0
92	0	0	770	590	981	1926	0	0	0	0
93	0	0	769	592	978	1918	0	0	0	0
94	0	0	769	594	974	1911	0	0	0	0
95	0	0	768	596	971	1909	0	0	0	0
96	0	0	768	598	968	1911	0	0	0	0
97	0	0	767	601	964	1902	0	0	0	0
98	0	0	766	600	961	1890	0	0	0	0
99	0	0	765	602	958	1883	0	0	0	0
100	0	0	765	605	955	1880	0	0	0	0
101	0	0	765	607	952	1873	0	0	0	0
102	0	0	765	609	949	1859	0	0	0	0
103	0	0	764	610	945	1841	0	0	0	0
104	0	0	763	614	942	1836	0	0	0	0
105	0	0	763	615	939	1832	0	0	0	0
106	0	0	762	618	935	1813	0	0	0	0
107	0	0	761	620	932	1811	0	0	0	0
108	0	0	761	623	929	1807	0	0	0	0
109	0	0	760	623	924	1794	0	0	0	0
110	0	0	762	625	921	1777	0	0	0	0
111	0	0	764	627	918	1773	0	0	0	0
112	0	0	764	629	915	1769	0	0	0	0
113	0	0	765	630	912	1752	0	0	0	0
114	0	0	766	631	909	1735	0	0	0	0
115	0	0	767	633	907	1729	0	0	0	0
116	0	0	767	635	902	1723	0	0	0	0
117	0	0	767	636	901	1719	0	0	0	0
118	0	0	768	638	898	1715	0	0	0	0
119	0	0	769	639	894	1715	0	0	0	0
120	0	0	771	641	891	1710	0	0	0	0
121	0	0	773	644	889	1704	0	0	0	0
122	0	0	773	646	886	1685	0	0	0	0
123	0	0	775	649	883	1679	0	0	0	0
124	0	0	775	650	879	1676	0	0	0	0
125	0	0	775	652	875	1675	0	0	0	0
126	0	0	776	655	873	1671	0	0	0	0
127	0	0	777	658	869	1665	0	0	0	0
0	0	0	779	659	866	1649	0	0	0	0
1	0	0	779	662	863	1638	0	0	0	0
2	0	0	781	665	860	1636	0	0	0	0
3	0	0	781	667	857	1631	0	0	0	0
4	0	0	781	670	855	1630	0	0	0	0
5	0	0	782	672	851	1628	0	0	0	0
6	0	0	783	674	850	1624	0	0	0	0
7	0	0	783	676	846	1618	0	0	0	0
8	0	0	784	678	843	1608	0	0	0	0
9	0	0	784	681	842	1601	0	0	0	0
10	0	0	783	683	840	1587	0	0	0	0
11	0	0	784	684	837	1570	0	0	0	0
12	0	0	786	686	835	1570	0	0	0	0
13	0	0	786	688	833	1564	0	0	0	0
14	0	0	786	690	831	1553	0	0	0	0
15	0	0	785	691	828	1550	0	0	0	0
16	0	0	786	692	826	1547	0	0	0	0
17	0	0	786	693	825	1533	0	0	0	0
18	0	0	786	695	823	1527	0	0	0	0
19	0	0	786	694	822	1524	0	0	0	0
20	0	0	786	696	820	1511	0	0	0	0
21	0	0	786	698	819	1503	0	0	0	0
22	0	0	785	699	818	1490	0	0	0	0
23	0	0	786	701	815	1486	0	0	0	0
24	0	0	785	702	814	1482	0	0	0	0
25	0	0	786	703	813	1486	0	0	0	0
26	0	0	786	705	812	1480	0	0	0	0
27	0	0	786	706	811	1476	0	0	0	0
28	0	0	785	708	811	1452	0	0	0	0
29	0	0	784	709	810	1437	0	0	0	0
30	0	0	785	710	808	1429	0	0	0	0
31	0	0	785	711	807	1419	0	0	0	0
32	0	0	785	714	806	1414	0	0	0	0
33	0	0	785	714	806	1410	0	0	0	0
34	0	0	784	716	806	1405	0	0	0	0
35	0	0	785	718	805	1409	0	0	0	0
36	0	0	785	719	803	1408	0	0	0	0
37	0	0	784	720	803	1406	0	0	0	0
38	0	0	784	724	802	1405	0	0	0	0
39	0	0	783	726	802	1400	0	0	0	0
40	0	0	783	728	801	1396	0	0	0	0
41	0	0	782	729	800	1387	0	0	0	0
42	0	0	781	732	800	1385	0	0	0	0
43	0	0	781	734	798	1385	0	0	0	0
44	0	0	782	735	799	1385	0	0	0	0
45	0	0	780	738	798	1380	0	0	0	0
46	0	0	779	740	798	1378	0	0	0	0
47	0	0	778	741	797	1373	0	0	0	0
48	0	0	777	743	797	1367	0	0	0	0
49	0	0	776	744	797	1363	0	0	0	0
50	0	0	775	745	797	1352	0	0	0	0
51	0	0	776	746	797	1346	0	0	0	0
52	0	0	773	746	796	1345	0	0	0	0
53	0	0	774	746	796	1330	0	0	0	0
54	0	0	774	748	795	1318	0	0	0	0
55	0	0	772	749	795	1308	0	0	0	0
56	0	0	772	750	793	1303	0	0	0	0
57	0	0	772	751	792	1302	0	0	0	0
58	0	0	771	753	791	1297	0	0	0	0
59	0	0	772	754	790	1291	0	0	0	0
60	0	0	772	756	789	1290	0	0	0	0
61	0	0	771	759	786	1294	0	0	0	0
62	0	0	771	760	785	1264	0	0	0	0
63	0	0	771	762	783	1263	0	0	0	0
64	0	0	771	765	783	1265	0	0	0	0
65	0	0	772	767	781	1261	0	0	0	0
66	0	0	771	767	779	1268	0	0	0	0
67	0	0	770	772	779	1269	0	0	0	0
68	0	0	772	774	777	1266	0	0	0	0
69	0	0	772	774	777	1265	0	0	0	0
70	0	0	772	777	776	1268	0	0	0	0
71	0	0	772	776	775	1271	0	0	0	0
72	0	0	773	780	773	1266	0	0	0	0
73	0	0	773	781	771	1261	0	0	0	0
74	0	0	773	781	772	1254	0	0	0	0
75	0	0	772	782	770	1256	0	0	0	0
76	0	0	772	783	770	1257	0	0	0	0
77	0	0	773	784	769	1253	0	0	0	0
78	0	0	774	783	769	1250	0	0	0	0
79	0	0	774	785	770	1237	0	0	0	0
80	0	0	774	784	771	1255	0	0	0	0
81	0	0	775	782	772	1247	0	0	0	0
82	0	0	775	782	772	1245	0	0	0	0
83	0	0	776	781	773	1231	0	0	0	0
84	0	0	777	781	773	1237	0	0	0	0
85	0	0	776	778	774	1234	0	0	0	0
86	0	0	778	778	774	1231	0	0	0	0
87	0	0	778	778	775	1231	0	0	0	0
88	0	0	779	778	776	1231	0	0	0	0
89	0	0	780	777	777	1229	0	0	0	0
90	0	0	782	775	779	1230	0	0	0	0
91	0	0	782	775	780	1234	0	0	0	0
92	0	0	784	774	781	1231	0	0	0	0
93	0	0	784	773	782	1231	0	0	0	0
94	0	0	784	771	785	1229	0	0	0	0
95	0	0	784	770	786	1228	0	0	0	0
96	0	0	784	767	788	1229	0	0	0	0
97	0	0	785	768	788	1224	0	0	0	0
98	0	0	786	766	788	1224	0	0	0	0
99	0	0	786	765	792	1225	0	0	0	0
100	0	0	785	762	792	1224	0	0	0	0
101	0	0	786	762	794	1225	0	0	0	0
102	0	0	787	761	796	1228	0	0	0	0
103	0	0	786	760	795	1232	0	0	0	0
104	0	0	787	757	800	1231	0	0	0	0
105	0	0	786	756	801	1229	0	0	0	0
106	0	0	787	754	803	1229	0	0	0	0
107	0	0	787	753	805	1228	0	0	0	0
108	0	0	787	752	806	1228	0	0	0	0
109	0	0	786	751	808	1228	0	0	0	0
110	0	0	787	749	809	1231	0	0	0	0
111	0	0	788	747	811	1232	0	0	0	0
112	0	0	789	746	812	1234	0	0	0	0
113	0	0	790	744	814	1236	0	0	0	0
114	0	0	789	742	815	1239	0	0	0	0
115	0	0	790	740	817	1242	0	0	0	0
116	0	0	791	738	818	1246	0	0	0	0
117	0	0	790	736	820	1242	0	0	0	0
118	0	0	791	733	821	1243	0	0	0	0
119	0	0	789	730	824	1243	0	0	0	0
120	0	0	789	726	826	1248	0	0	0	0
121	0	0	789	723	828	1249	0	0	0	0
122	0	0	789	718	832	1249	0	0	0	0
123	0	0	789	715	833	1252	0	0	0	0
124	0	0	789	711	836	1255	0	0	0	0
125	0	0	788	709	838	1256	0	0	0	0
126	0	0	788	706	839	1259	0	0	0	0
127	0	0	788	703	841	1255	0	0	0	0
0	0	0	788	701	843	1256	0	0	0	0
1	0	0	788	699	844	1262	0	0	0	0
2	0	0	788	697	846	1263	0	0	0	0
3	0	0	785	696	847	1264	0	0	0	0
4	0	0	783	694	848	1269	0	0	0	0
5	0	0	783	691	849	1272	0	0	0	0
6	0	0	782	690	851	1281	0	0	0	0
7	0	0	781	689	851	1288	0	0	0	0
8	0	0	780	686	852	1294	0	0	0	0
9	0	0	777	685	854	1298	0	0	0	0
10	0	0	775	683	856	1300	0	0	0	0
11	0	0	775	679	857	1305	0	0	0	0
12	0	0	773	677	860	1305	0	0	0	0
13	0	0	772	672	863	1308	0	0	0	0
14	0	0	772	670	865	1311	0	0	0	0
15	0	0	771	666	867	1311	0	0	0	0
16	0	0	771	661	870	1313	0	0	0	0
17	0	0	773	660	872	1315	0	0	0	0
18	0	0	771	656	873	1313	0	0	0	0
19	0	0	770	655	874	1318	0	0	0	0
20	0	0	770	652	877	1327	0	0	0	0
21	0	0	770	650	877	1329	0	0	0	0
22	0	0	770	648	878	1336	0	0	0	0
23	0	0	770	645	878	1349	0	0	0	0
24	0	0	770	643	880	1352	0	0	0	0
25	0	0	769	640	880	1355	0	0	0	0
26	0	0	769	637	881	1363	0	0	0	0
27	0	0	770	636	882	1369	0	0	0	0
28	0	0	768	633	882	1375	0	0	0	0
29	0	0	768	632	883	1377	0	0	0	0
30	0	0	767	629	884	1387	0	0	0	0
31	0	0	766	626	884	1389	0	0	0	0
32	0	0	766	624	884	1397	0	0	0	0
33	0	0	766	621	886	1400	0	0	0	0
34	0	0	766	618	886	1404	0	0	0	0
35	0	0	766	617	887	1409	0	0	0	0
36	0	0	765	613	889	1405	0	0	0	0
37	0	0	765	611	889	1408	0	0	0	0
38	0	0	764	608	890	1413	0	0	0	0
39	0	0	764	605	891	1420	0	0	0	0
40	0	0	764	604	891	1424	0	0	0	0
41	0	0	764	602	892	1425	0	0	0	0
42	0	0	764	601	893	1425	0	0	0	0
43	0	0	765	599	894	1430	0	0	0	0
44	0	0	765	598	894	1432	0	0	0	0
45	0	0	764	596	894	1433	0	0	0	0
46	0	0	764	594	895	1436	0	0	0	0
47	0	0	763	592	895	1441	0	0	0	0
48	0	0	764	591	895	1449	0	0	0	0
49	0	0	763	590	896	1457	0	0	0	0
50	0	0	762	589	897	1463	0	0	0	0
51	0	0	762	588	896	1469	0	0	0	0
52	0	0	762	587	896	1469	0	0	0	0
53	0	0	762	586	897	1469	0	0	0	0
54	0	0	763	586	897	1474	0	0	0	0
55	0	0	763	586	896	1479	0	0	0	0
56	0	0	762	586	896	1481	0	0	0	0
57	0	0	762	585	897	1478	0	0	0	0
58	0	0	761	587	895	1482	0	0	0	0
59	0	0	762	587	895	1487	0	0	0	0
60	0	0	761	586	894	1490	0	0	0	0
61	0	0	762	587	894	1488	0	0	0	0
62	0	0	761	588	893	1488	0	0	0	0
63	0	0	762	589	891	1488	0	0	0	0
64	0	0	761	590	891	1496	0	0	0	0
65	0	0	763	592	890	1498	0	0	0	0
66	0	0	763	592	889	1501	0	0	0	0
67	0	0	762	595	888	1502	0	0	0	0
68	0	0	762	595	888	1502	0	0	0	0
69	0	0	762	597	887	1509	0	0	0	0
70	0	0	763	599	886	1509	0	0	0	0
71	0	0	764	600	885	1512	0	0	0	0
72	0	0	765	603	884	1522	0	0	0	0
73	0	0	765	605	884	1530	0	0	0	0
74	0	0	766	607	883	1538	0	0	0	0
75	0	0	767	609	882	1539	0	0	0	0
76	0	0	767	610	881	1541	0	0	0	0
77	0	0	769	613	880	1542	0	0	0	0
78	0	0	770	615	880	1546	0	0	0	0
79	0	0	771	618	878	1545	0	0	0	0
80	0	0	772	620	878	1547	0	0	0	0
81	0	0	773	622	875	1550	0	0	0	0
82	0	0	774	624	876	1550	0	0	0	0
83	0	0	775	626	876	1553	0	0	0	0
84	0	0	778	629	874	1557	0	0	0	0
85	0	0	779	631	872	1560	0	0	0	0
86	0	0	779	633	872	1559	0	0	0	0
87	0	0	780	635	870	1562	0	0	0	0
88	0	0	782	636	869	1564	0	0	0	0
89	0	0	782	638	869	1564	0	0	0	0
90	0	0	783	641	868	1566	0	0	0	0
91	0	0	783	642	866	1570	0	0	0	0
92	0	0	783	644	866	1573	0	0	0	0
93	0	0	784	646	865	1575	0	0	0	0
94	0	0	784	648	864	1575	0	0	0	0
95	0	0	786	649	862	1577	0	0	0	0
96	0	0	785	651	861	1574	0	0	0	0
97	0	0	786	653	860	1575	0	0	0	0
98	0	0	787	655	859	1572	0	0	0	0
99	0	0	788	657	858	1573	0	0	0	0
100	0	0	788	658	858	1575	0	0	0	0
101	0	0	788	657	857	1579	0	0	0	0
102	0	0	788	661	855	1580	0	0	0	0
103	0	0	786	664	855	1584	0	0	0	0
104	0	0	787	663	853	1584	0	0	0	0
105	0	0	787	664	853	1586	0	0	0	0
106	0	0	787	665	852	1588	0	0	0	0
107	0	0	787	665	851	1589	0	0	0	0
108	0	0	787	667	850	1590	0	0	0	0
109	0	0	787	668	849	1588	0	0	0	0
110	0	0	788	669	847	1590	0	0	0	0
111	0	0	788	670	847	1594	0	0	0	0
112	0	0	787	671	847	1598	0	0	0	0
113	0	0	786	672	846	1600	0	0	0	0
114	0	0	787	673	845	1602	0	0	0	0
115	0	0	786	674	845	1604	0	0	0	0
116	0	0	787	675	844	1606	0	0	0	0
117	0	0	789	675	843	1610	0	0	0	0
118	0	0	786	676	843	1608	0	0	0	0
119	0	0	786	677	843	1609	0	0	0	0
120	0	0	786	675	841	1610	0	0	0	0
121	0	0	786	677	841	1617	0	0	0	0
122	0	0	785	678	840	1619	0	0	0	0
123	0	0	786	679	840	1624	0	0	0	0
124	0	0	786	680	840	1627	0	0	0	0
125	0	0	786	679	839	1634	0	0	0	0
126	0	0	787	679	839	1639	0	0	0	0
127	0	0	786	680	837	1641	0	0	0	0
0	0	0	786	680	838	1641	0	0	0	0
1	0	0	785	681	837	1644	0	0	0	0
2	0	0	785	681	837	1645	0	0	0	0
3	0	0	784	681	837	1644	0	0	0	0
4	0	0	784	682	837	1642	0	0	0	0
5	0	0	784	683	837	1639	0	0	0	0
6	0	0	785	683	836	1639	0	0	0	0
7	0	0	785	683	836	1638	0	0	0	0
8	0	0	784	683	836	1639	0	0	0	0
9	0	0	784	684	836	1641	0	0	0	0
10	0	0	783	683	834	1645	0	0	0	0
11	0	0	782	685	835	1642	0	0	0	0
12	0	0	783	684	835	1644	0	0	0	0
13	0	0	782	684	834	1643	0	0	0	0
14	0	0	781	685	834	1643	0	0	0	0
15	0	0	782	685	834	1644	0	0	0	0
16	0	0	781	686	833	1646	0	0	0	0
17	0	0	782	685	834	1644	0	0	0	0
18	0	0	782	685	833	1644	0	0	0	0
19	0	0	782	684	832	1645	0	0	0	0
20	0	0	782	683	833	1644	0	0	0	0
21	0	0	782	683	834	1647	0	0	0	0
22	0	0	782	683	833	1648	0	0	0	0
23	0	0	782	682	834	1647	0	0	0	0
24	0	0	782	682	834	1651	0	0	0	0
25	0	0	781	682	834	1655	0	0	0	0
26	0	0	781	682	833	1654	0	0	0	0
27	0	0	783	682	836	1657	0	0	0	0
28	0	0	781	681	835	1659	0	0	0	0
29	0	0	782	681	835	1655	0	0	0	0
30	0	0	780	681	837	1653	0	0	0	0
31	0	0	781	681	836	1655	0	0	0	0
32	0	0	781	680	838	1658	0	0	0	0
33	0	0	781	680	837	1659	0	0	0	0
34	0	0	780	679	838	1659	0	0	0	0
35	0	0	781	679	838	1661	0	0	0	0
36	0	0	779	679	839	1663	0	0	0	0
37	0	0	780	679	839	1665	0	0	0	0
38	0	0	780	678	840	1666	0	0	0	0
39	0	0	779	679	841	1665	0	0	0	0
40	0	0	779	678	842	1667	0	0	0	0
41	0	0	779	677	842	1667	0	0	0	0
42	0	0	779	677	844	1669	0	0	0	0
43	0	0	778	677	845	1670	0	0	0	0
44	0	0	779	676	844	1668	0	0	0	0
45	0	0	778	676	846	1667	0	0	0	0
46	0	0	778	675	846	1665	0	0	0	0
47	0	0	777	675	846	1669	0	0	0	0
48	0	0	779	674	847	1673	0	0	0	0
49	0	0	778	675	848	1674	0	0	0	0
50	0	0	776	675	849	1679	0	0	0	0
51	0	0	777	673	849	1680	0	0	0	0
52	0	0	777	673	851	1681	0	0	0	0
53	0	0	776	672	851	1683	0	0	0	0
54	0	0	776	671	852	1687	0	0	0	0
55	0	0	777	671	853	1692	0	0	0	0
56	0	0	777	671	854	1692	0	0	0	0
57	0	0	776	670	855	1690	0	0	0	0
58	0	0	776	670	854	1687	0	0	0	0
59	0	0	777	669	855	1685	0	0	0	0
60	0	0	776	669	856	1684	0	0	0	0
61	0	0	776	669	857	1686	0	0	0	0
62	0	0	774	668	853	1686	0	0	0	0
63	0	0	774	667	857	1686	0	0	0	0
64	0	0	775	667	858	1685	0	0	0	0
65	0	0	775	667	858	1688	0	0	0	0
66	0	0	776	666	859	1685	0	0	0	0
67	0	0	776	666	858	1688	0	0	0	0
68	0	0	774	665	859	1685	0	0	0	0
69	0	0	774	665	860	1685	0	0	0	0
70	0	0	775	665	860	1685	0	0	0	0
71	0	0	774	665	861	1690	0	0	0	0
72	0	0	773	665	862	1690	0	0	0	0
73	0	0	772	665	861	1692	0	0	0	0
74	0	0	772	665	862	1688	0	0	0	0
75	0	0	773	664	860	1686	0	0	0	0
76	0	0	771	665	863	1684	0	0	0	0
77	0	0	772	664	863	1687	0	0	0	0
78	0	0	771	664	864	1688	0	0	0	0
79	0	0	771	665	865	1690	0	0	0	0
80	0	0	772	663	864	1688	0	0	0	0
81	0	0	771	665	864	1689	0	0	0	0
82	0	0	770	664	864	1689	0	0	0	0
83	0	0	769	664	866	1689	0	0	0	0
84	0	0	770	663	865	1690	0	0	0	0
85	0	0	769	663	867	1689	0	0	0	0
86	0	0	769	663	866	1691	0	0	0	0
87	0	0	769	664	866	1691	0	0	0	0
88	0	0	768	663	866	1691	0	0	0	0
89	0	0	768	663	867	1688	0	0	0	0
90	0	0	767	663	867	1688	0	0	0	0
91	0	0	767	663	868	1690	0	0	0	0
92	0	0	768	662	868	1688	0	0	0	0
93	0	0	769	662	868	1688	0	0	0	0
94	0	0	767	663	869	1686	0	0	0	0
95	0	0	767	663	870	1688	0	0	0	0
96	0	0	766	664	869	1688	0	0	0	0
97	0	0	766	666	869	1686	0	0	0	0
98	0	0	767	666	869	1687	0	0	0	0
99	0	0	767	665	871	1688	0	0	0	0
100	0	0	768	665	871	1688	0	0	0	0
101	0	0	768	666	871	1690	0	0	0	0
102	0	0	767	665	871	1693	0	0	0	0
103	0	0	767	666	871	1695	0	0	0	0
104	0	0	767	666	871	1692	0	0	0	0
105	0	0	767	666	871	1691	0	0	0	0
106	0	0	767	667	873	1689	0	0	0	0
107	0	0	767	667	871	1689	0	0	0	0
108	0	0	768	667	872	1691	0	0	0	0
109	0	0	767	666	871	1691	0	0	0	0
110	0	0	768	666	873	1690	0	0	0	0
111	0	0	767	667	872	1690	0	0	0	0
112	0	0	767	668	871	1687	0	0	0	0
113	0	0	768	668	872	1686	0	0	0	0
114	0	0	768	667	871	1684	0	0	0	0
115	0	0	770	667	871	1682	0	0	0	0
116	0	0	769	668	871	1684	0	0	0	0
117	0	0	769	669	871	1682	0	0	0	0
118	0	0	770	669	871	1684	0	0	0	0
119	0	0	770	669	871	1681	0	0	0	0
120	0	0	770	669	870	1682	0	0	0	0
121	0	0	769	671	870	1682	0	0	0	0
122	0	0	771	671	870	1683	0	0	0	0
123	0	0	771	669	871	1684	0	0	0	0
124	0	0	770	670	871	1686	0	0	0	0
125	0	0	770	670	871	1688	0	0	0	0
126	0	0	770	670	871	1687	0	0	0	0
127	0	0	771	670	870	1688	0	0	0	0
0	0	0	771	670	870	1687	0	0	0	0
1	0	0	770	671	870	1687	0	0	0	0
2	0	0	770	671	869	1687	0	0	0	0
3	0	0	771	671	869	1688	0	0	0	0
4	0	0	772	671	869	1687	0	0	0	0
5	0	0	772	670	868	1696	0	0	0	0
6	0	0	772	671	868	1701	0	0	0	0
7	0	0	773	671	869	1704	0	0	0	0
8	0	0	773	671	869	1702	0	0	0	0
9	0	0	774	672	869	1704	0	0	0	0
10	0	0	774	672	868	1704	0	0	0	0
11	0	0	773	672	867	1711	0	0	0	0
12	0	0	774	671	867	1709	0	0	0	0
13	0	0	774	672	865	1715	0	0	0	0
14	0	0	775	672	865	1717	0	0	0	0
15	0	0	776	673	865	1718	0	0	0	0
16	0	0	776	672	865	1719	0	0	0	0
17	0	0	776	672	865	1715	0	0	0	0
18	0	0	778	671	864	1715	0	0	0	0
19	0	0	777	671	864	1717	0	0	0	0
20	0	0	777	671	864	1720	0	0	0	0
21	0	0	777	671	863	1721	0	0	0	0
22	0	0	778	672	863	1720	0	0	0	0
23	0	0	778	672	863	1721	0	0	0	0
24	0	0	779	672	863	1718	0	0	0	0
25	0	0	778	672	862	1720	0	0	0	0
26	0	0	779	671	861	1721	0	0	0	0
27	0	0	779	671	860	1721	0	0	0	0
28	0	0	779	671	860	1723	0	0	0	0
29	0	0	780	672	859	1725	0	0	0	0
30	0	0	780	672	859	1728	0	0	0	0
31	0	0	779	672	859	1726	0	0	0	0
32	0	0	779	673	858	1729	0	0	0	0
33	0	0	780	671	858	1730	0	0	0	0
34	0	0	779	671	857	1730	0	0	0	0
35	0	0	780	670	857	1728	0	0	0	0
36	0	0	780	671	857	1727	0	0	0	0
37	0	0	780	670	856	1725	0	0	0	0
38	0	0	781	670	855	1726	0	0	0	0
39	0	0	781	670	855	1728	0	0	0	0
40	0	0	780	670	855	1731	0	0	0	0
41	0	0	781	670	855	1730	0	0	0	0
42	0	0	780	669	853	1726	0	0	0	0
43	0	0	780	669	854	1729	0	0	0	0
44	0	0	780	669	854	1734	0	0	0	0
45	0	0	779	669	854	1732	0	0	0	0
46	0	0	780	669	853	1729	0	0	0	0
47	0	0	779	669	853	1733	0	0	0	0
48	0	0	777	669	852	1737	0	0	0	0
49	0	0	779	669	852	1731	0	0	0	0
50	0	0	777	669	852	1730	0	0	0	0
51	0	0	778	669	852	1731	0	0	0	0
52	0	0	778	670	851	1733	0	0	0	0
53	0	0	778	668	851	1736	0	0	0	0
54	0	0	777	668	851	1736	0	0	0	0
55	0	0	776	667	851	1732	0	0	0	0
56	0	0	776	667	851	1731	0	0	0	0
57	0	0	777	668	851	1732	0	0	0	0
58	0	0	778	667	852	1737	0	0	0	0
59	0	0	779	667	851	1738	0	0	0	0
60	0	0	779	667	852	1736	0	0	0	0
61	0	0	778	667	850	1742	0	0	0	0
62	0	0	778	667	850	1735	0	0	0	0
63	0	0	779	667	850	1738	0	0	0	0
64	0	0	777	666	850	1741	0	0	0	0
65	0	0	779	666	850	1746	0	0	0	0
66	0	0	778	666	850	1748	0	0	0	0
67	0	0	777	665	850	1743	0	0	0	0
68	0	0	777	666	849	1743	0	0	0	0
69	0	0	778	666	850	1747	0	0	0	0
70	0	0	777	667	850	1751	0	0	0	0
71	0	0	778	665	849	1748	0	0	0	0
72	0	0	776	665	850	1750	0	0	0	0
73	0	0	777	666	849	1754	0	0	0	0
74	0	0	776	665	850	1758	0	0	0	0
75	0	0	775	665	851	1763	0	0	0	0
76	0	0	776	665	851	1769	0	0	0	0
77	0	0	776	664	850	1775	0	0	0	0
78	0	0	777	664	850	1782	0	0	0	0
79	0	0	775	665	850	1783	0	0	0	0
80	0	0	775	664	850	1784	0	0	0	0
81	0	0	776	664	850	1786	0	0	0	0
82	0	0	777	664	850	1788	0	0	0	0
83	0	0	776	663	850	1790	0	0	0	0
84	0	0	775	663	851	1795	0	0	0	0
85	0	0	776	662	851	1797	0	0	0	0
86	0	0	776	663	850	1797	0	0	0	0
87	0	0	775	662	850	1799	0	0	0	0
88	0	0	775	662	850	1801	0	0	0	0
89	0	0	775	662	850	1802	0	0	0	0
90	0	0	774	662	851	1806	0	0	0	0
91	0	0	773	661	850	1804	0	0	0	0
92	0	0	775	661	851	1806	0	0	0	0
93	0	0	775	661	849	1809	0	0	0	0
94	0	0	774	661	851	1808	0	0	0	0
95	0	0	775	660	852	1815	0	0	0	0
96	0	0	773	659	851	1816	0	0	0	0
97	0	0	774	660	851	1818	0	0	0	0
98	0	0	775	661	851	1816	0	0	0	0
99	0	0	774	661	851	1817	0	0	0	0
100	0	0	773	660	852	1812	0	0	0	0
101	0	0	775	661	852	1812	0	0	0	0
102	0	0	774	661	850	1812	0	0	0	0
103	0	0	774	661	849	1810	0	0	0	0
104	0	0	773	661	850	1812	0	0	0	0
105	0	0	773	660	850	1814	0	0	0	0
106	0	0	773	661	850	1816	0	0	0	0
107	0	0	773	661	850	1816	0	0	0	0
108	0	0	774	661	850	1816	0	0	0	0
109	0	0	774	661	850	1818	0	0	0	0
110	0	0	774	661	849	1818	0	0	0	0
111	0	0	773	660	850	1820	0	0	0	0
112	0	0	773	661	849	1821	0	0	0	0
113	0	0	773	661	849	1823	0	0	0	0
114	0	0	773	661	850	1825	0	0	0	0
115	0	0	774	661	851	1825	0	0	0	0
116	0	0	774	661	850	1826	0	0	0	0
117	0	0	773	660	850	1825	0	0	0	0
118	0	0	773	661	851	1825	0	0	0	0
119	0	0	773	661	850	1826	0	0	0	0
120	0	0	773	661	850	1826	0	0	0	0
121	0	0	774	662	851	1825	0	0	0	0
122	0	0	774	662	851	1825	0	0	0	0
123	0	0	774	661	851	1825	0	0	0	0
124	0	0	773	661	851	1827	0	0	0	0
125	0	0	774	661	852	1834	0	0	0	0
126	0	0	773	662	851	1827	0	0	0	0
127	0	0	773	662	851	1825	0	0	0	0
0	0	0	772	662	852	1829	0	0	0	0
1	0	0	771	662	852	1831	0	0	0	0
2	0	0	772	662	854	1831	0	0	0	0
3	0	0	772	663	852	1833	0	0	0	0
4	0	0	771	662	853	1836	0	0	0	0
5	0	0	772	662	853	1838	0	0	0	0
6	0	0	774	663	853	1840	0	0	0	0
7	0	0	772	662	853	1844	0	0	0	0
8	0	0	772	663	854	1840	0	0	0	0
9	0	0	772	663	855	1840	0	0	0	0
10	0	0	772	664	855	1841	0	0	0	0
11	0	0	772	663	856	1842	0	0	0	0
12	0	0	772	663	856	1841	0	0	0	0
13	0	0	772	663	856	1839	0	0	0	0
14	0	0	773	663	856	1837	0	0	0	0
15	0	0	772	663	856	1836	0	0	0	0
16	0	0	772	663	856	1837	0	0	0	0
17	0	0	773	663	856	1838	0	0	0	0
18	0	0	772	663	857	1837	0	0	0	0
19	0	0	774	663	856	1839	0	0	0	0
20	0	0	775	663	858	1838	0	0	0	0
21	0	0	774	663	857	1836	0	0	0	0
22	0	0	774	663	858	1841	0	0	0	0
23	0	0	774	663	857	1839	0	0	0	0
24	0	0	775	664	857	1840	0	0	0	0
25	0	0	775	664	858	1844	0	0	0	0
26	0	0	774	663	857	1842	0	0	0	0
27	0	0	773	663	858	1844	0	0	0	0
28	0	0	774	664	857	1847	0	0	0	0
29	0	0	774	663	857	1847	0	0	0	0
30	0	0	774	664	856	1849	0	0	0	0
31	0	0	773	664	858	1850	0	0	0	0
32	0	0	773	664	856	1850	0	0	0	0
33	0	0	774	665	859	1852	0	0	0	0
34	0	0	775	665	858	1853	0	0	0	0
35	0	0	776	665	858	1853	0	0	0	0
36	0	0	776	665	858	1856	0	0	0	0
37	0	0	775	665	857	1854	0	0	0	0
38	0	0	776	666	858	1854	0	0	0	0
39	0	0	775	666	857	1858	0	0	0	0
40	0	0	774	665	858	1855	0	0	0	0
41	0	0	775	665	858	1858	0	0	0	0
42	0	0	776	665	859	1857	0	0	0	0
43	0	0	776	666	858	1859	0	0	0	0
44	0	0	775	667	858	1861	0	0	0	0
45	0	0	776	665	858	1862	0	0	0	0
46	0	0	775	666	857	1863	0	0	0	0
47	0	0	774	665	857	1865	0	0	0	0
48	0	0	775	665	858	1865	0	0	0	0
49	0	0	775	666	857	1867	0	0	0	0
50	0	0	776	666	857	1867	0	0	0	0
51	0	0	776	665	857	1868	0	0	0	0
52	0	0	775	665	856	1866	0	0	0	0
53	0	0	776	666	856	1869	0	0	0	0
54	0	0	776	665	857	1872	0	0	0	0
55	0	0	775	666	857	1881	0	0	0	0
56	0	0	775	666	857	1886	0	0	0	0
57	0	0	775	667	857	1888	0	0	0	0
58	0	0	774	666	856	1887	0	0	0	0
59	0	0	775	667	856	1886	0	0	0	0
60	0	0	776	667	856	1887	0	0	0	0
61	0	0	775	667	856	1890	0	0	0	0
62	0	0	774	667	856	1889	0	0	0	0
63	0	0	774	666	856	1889	0	0	0	0
64	0	0	773	666	856	1891	0	0	0	0
65	0	0	774	666	856	1892	0	0	0	0
66	0	0	774	667	856	1893	0	0	0	0
67	0	0	774	667	856	1896	0	0	0	0
68	0	0	773	666	855	1895	0	0	0	0
69	0	0	774	666	857	1897	0	0	0	0
70	0	0	773	665	857	1900	0	0	0	0
71	0	0	774	665	856	1903	0	0	0	0
72	0	0	773	665	855	1903	0	0	0	0
73	0	0	773	666	857	1903	0	0	0	0
74	0	0	774	666	856	1904	0	0	0	0
75	0	0	773	666	855	1903	0	0	0	0
76	0	0	773	667	855	1904	0	0	0	0
77	0	0	771	666	855	1903	0	0	0	0
78	0	0	772	666	856	1903	0	0	0	0
79	0	0	771	667	854	1904	0	0	0	0
80	0	0	773	666	855	1906	0	0	0	0
81	0	0	772	666	855	1912	0	0	0	0
82	0	0	772	667	855	1915	0	0	0	0
83	0	0	773	666	855	1916	0	0	0	0
84	0	0	773	666	855	1920	0	0	0	0
85	0	0	770	666	855	1922	0	0	0	0
86	0	0	771	667	855	1923	0	0	0	0
87	0	0	771	667	855	1927	0	0	0	0
88	0	0	773	666	854	1928	0	0	0	0
89	0	0	773	667	854	1929	0	0	0	0
90	0	0	774	666	855	1928	0	0	0	0
91	0	0	772	666	854	1933	0	0	0	0
92	0	0	773	667	854	1934	0	0	0	0
93	0	0	772	666	854	1935	0	0	0	0
94	0	0	772	665	854	1936	0	0	0	0
95	0	0	772	666	854	1936	0	0	0	0
96	0	0	771	666	855	1937	0	0	0	0
97	0	0	771	666	855	1937	0	0	0	0
98	0	0	771	666	854	1936	0	0	0	0
99	0	0	771	666	855	1938	0	0	0	0
100	0	0	771	665	855	1939	0	0	0	0
101	0	0	771	665	854	1941	0	0	0	0
102	0	0	772	667	854	1940	0	0	0	0
103	0	0	771	665	854	1941	0	0	0	0
104	0	0	771	664	855	1942	0	0	0	0
105	0	0	772	664	855	1945	0	0	0	0
106	0	0	770	664	855	1945	0	0	0	0
107	0	0	770	665	855	1946	0	0	0	0
108	0	0	770	663	855	1947	0	0	0	0
109	0	0	772	663	855	1946	0	0	0	0
110	0	0	770	664	855	1946	0	0	0	0
111	0	0	770	664	855	1947	0	0	0	0
112	0	0	771	663	855	1951	0	0	0	0
113	0	0	770	663	855	1950	0	0	0	0
114	0	0	770	663	855	1949	0	0	0	0
115	0	0	770	663	855	1950	0	0	0	0
116	0	0	768	663	856	1949	0	0	0	0
117	0	0	770	663	855	1949	0	0	0	0
118	0	0	768	663	855	1950	0	0	0	0
119	0	0	769	663	855	1951	0	0	0	0
120	0	0	770	663	853	1953	0	0	0	0
121	0	0	770	663	856	1955	0	0	0	0
122	0	0	770	662	856	1957	0	0	0	0
123	0	0	770	663	857	1955	0	0	0	0
124	0	0	768	662	856	1958	0	0	0	0
125	0	0	769	662	856	1960	0	0	0	0
126	0	0	770	662	857	1961	0	0	0	0
127	0	0	769	662	856	1961	0	0	0	0
0	0	0	769	662	857	1961	0	0	0	0
1	0	0	769	663	858	1960	0	0	0	0
2	0	0	769	661	857	1960	0	0	0	0
3	0	0	769	661	859	1963	0	0	0	0
4	0	0	769	661	857	1962	0	0	0	0
5	0	0	770	661	858	1962	0	0	0	0
6	0	0	769	661	858	1961	0	0	0	0
7	0	0	770	661	859	1960	0	0	0	0
8	0	0	768	660	859	1960	0	0	0	0
9	0	0	768	661	860	1958	0	0	0	0
10	0	0	767	660	859	1962	0	0	0	0
11	0	0	768	661	859	1961	0	0	0	0
12	0	0	768	662	857	1961	0	0	0	0
13	0	0	768	662	858	1960	0	0	0	0
14	0	0	769	662	858	1961	0	0	0	0
15	0	0	770	661	858	1961	0	0	0	0
16	0	0	769	661	858	1960	0	0	0	0
17	0	0	769	661	858	1962	0	0	0	0
18	0	0	768	661	858	1963	0	0	0	0
19	0	0	769	661	857	1964	0	0	0	0
20	0	0	770	661	858	1963	0	0	0	0
21	0	0	770	662	859	1966	0	0	0	0
22	0	0	769	661	859	1966	0	0	0	0
23	0	0	769	662	860	1967	0	0	0	0
24	0	0	768	661	859	1967	0	0	0	0
25	0	0	768	662	858	1966	0	0	0	0
26	0	0	768	661	859	1966	0	0	0	0
27	0	0	769	662	861	1964	0	0	0	0
28	0	0	769	661	859	1964	0	0	0	0
29	0	0	769	662	859	1964	0	0	0	0
30	0	0	768	662	860	1964	0	0	0	0
31	0	0	769	662	860	1965	0	0	0	0
32	0	0	769	662	859	1967	0	0	0	0
33	0	0	769	662	860	1967	0	0	0	0
34	0	0	770	663	861	1969	0	0	0	0
35	0	0	769	663	861	1970	0	0	0	0
36	0	0	770	662	861	1972	0	0	0	0
37	0	0	770	663	861	1972	0	0	0	0
38	0	0	770	662	861	1972	0	0	0	0
39	0	0	769	662	861	1975	0	0	0	0
40	0	0	770	663	861	1976	0	0	0	0
41	0	0	771	663	861	1976	0	0	0	0
42	0	0	771	663	862	1976	0	0	0	0
43	0	0	772	664	862	1975	0	0	0	0
44	0	0	772	664	861	1976	0	0	0	0
45	0	0	772	664	862	1977	0	0	0	0
46	0	0	774	663	861	1974	0	0	0	0
47	0	0	771	664	861	1976	0	0	0	0
48	0	0	771	664	861	1976	0	0	0	0
49	0	0	772	664	861	1976	0	0	0	0
50	0	0	772	664	860	1975	0	0	0	0
51	0	0	772	664	860	1976	0	0	0	0
52	0	0	772	664	861	1977	0	0	0	0
53	0	0	771	664	861	1980	0	0	0	0
54	0	0	771	663	859	1979	0	0	0	0
55	0	0	771	664	860	1978	0	0	0	0
56	0	0	772	663	860	1980	0	0	0	0
57	0	0	772	664	859	1980	0	0	0	0
58	0	0	773	663	860	1980	0	0	0	0
59	0	0	774	662	860	1982	0	0	0	0
60	0	0	772	663	859	1986	0	0	0	0
61	0	0	772	662	859	1989	0	0	0	0
62	0	0	773	662	858	1993	0	0	0	0
63	0	0	773	662	858	1994	0	0	0	0
64	0	0	773	662	858	1995	0	0	0	0
65	0	0	772	662	858	1996	0	0	0	0
66	0	0	772	662	858	1995	0	0	0	0
67	0	0	773	661	858	1998	0	0	0	0
68	0	0	772	661	859	2000	0	0	0	0
69	0	0	772	660	857	2002	0	0	0	0
70	0	0	772	661	858	2004	0	0	0	0
71	0	0	772	661	858	2004	0	0	0	0
72	0	0	771	661	858	2007	0	0	0	0
73	0	0	772	662	858	2009	0	0	0	0
74	0	0	772	662	857	2008	0	0	0	0
75	0	0	771	662	857	2011	0	0	0	0
76	0	0	771	662	857	2014	0	0	0	0
77	0	0	772	662	857	2013	0	0	0	0
78	0	0	772	662	856	2015	0	0	0	0
79	0	0	771	661	856	2017	0	0	0	0
80	0	0	770	662	856	2018	0	0	0	0
81	0	0	771	662	856	2017	0	0	0	0
82	0	0	772	662	856	2015	0	0	0	0
83	0	0	772	663	856	2017	0	0	0	0
84	0	0	771	663	856	2017	0	0	0	0
85	0	0	771	664	856	2019	0	0	0	0
86	0	0	770	662	856	2017	0	0	0	0
87	0	0	769	661	857	2018	0	0	0	0
88	0	0	771	662	856	2020	0	0	0	0
89	0	0	771	661	856	2022	0	0	0	0
90	0	0	771	661	857	2022	0	0	0	0
91	0	0	771	661	857	2023	0	0	0	0
92	0	0	772	661	857	2024	0	0	0	0
93	0	0	771	662	857	2026	0	0	0	0
94	0	0	771	662	856	2027	0	0	0	0
95	0	0	770	661	857	2028	0	0	0	0
96	0	0	770	661	856	2030	0	0	0	0
97	0	0	769	661	856	2030	0	0	0	0
98	0	0	768	662	857	2029	0	0	0	0
99	0	0	768	662	856	2031	0	0	0	0
100	0	0	770	662	856	2031	0	0	0	0
101	0	0	770	661	857	2031	0	0	0	0
102	0	0	769	660	858	2033	0	0	0	0
103	0	0	768	662	857	2033	0	0	0	0
104	0	0	769	662	856	2033	0	0	0	0
105	0	0	769	663	857	2035	0	0	0	0
106	0	0	770	663	857	2037	0	0	0	0
107	0	0	770	662	857	2037	0	0	0	0
108	0	0	771	662	857	2038	0	0	0	0
109	0	0	771	663	857	2037	0	0	0	0
110	0	0	770	662	856	2040	0	0	0	0
111	0	0	769	662	856	2039	0	0	0	0
112	0	0	770	663	857	2039	0	0	0	0
113	0	0	771	663	857	2039	0	0	0	0
114	0	0	771	664	857	2040	0	0	0	0
115	0	0	772	664	857	2041	0	0	0	0
116	0	0	770	664	857	2038	0	0	0	0
117	0	0	771	664	856	2040	0	0	0	0
118	0	0	771	665	857	2041	0	0	0	0
119	0	0	771	665	857	2042	0	0	0	0
120	0	0	772	665	857	2041	0	0	0	0
121	0	0	772	665	857	2042	0	0	0	0
122	0	0	772	665	857	2043	0	0	0	0
123	0	0	771	665	857	2042	0	0	0	0
124	0	0	772	664	857	2042	0	0	0	0
125	0	0	771	664	858	2043	0	0	0	0
126	0	0	771	665	858	2040	0	0	0	0
127	0	0	772	662	858	2040	0	0	0	0
0	0	0	771	664	859	2039	0	0	0	0
1	0	0	770	665	858	2037	0	0	0	0
2	0	0	770	665	858	2036	0	0	0	0
3	0	0	771	665	858	2036	0	0	0	0
4	0	0	771	666	859	2036	0	0	0	0
5	0	0	771	665	859	2037	0	0	0	0
6	0	0	772	664	859	2035	0	0	0	0
7	0	0	770	665	859	2035	0	0	0	0
8	0	0	770	664	860	2035	0	0	0	0
9	0	0	771	664	861	2037	0	0	0	0
10	0	0	771	665	860	2037	0	0	0	0
11	0	0	771	665	860	2038	0	0	0	0
12	0	0	770	665	860	2038	0	0	0	0
13	0	0	771	665	860	2039	0	0	0	0
14	0	0	771	666	860	2036	0	0	0	0
15	0	0	769	666	860	2037	0	0	0	0
16	0	0	772	666	860	2036	0	0	0	0
17	0	0	772	665	860	2036	0	0	0	0
18	0	0	772	664	860	2035	0	0	0	0
19	0	0	771	665	861	2032	0	0	0	0
20	0	0	771	665	861	2030	0	0	0	0
21	0	0	770	664	861	2029	0	0	0	0
22	0	0	770	665	861	2027	0	0	0	0
23	0	0	770	665	861	2028	0	0	0	0
24	0	0	770	665	861	2027	0	0	0	0
25	0	0	771	665	862	2027	0	0	0	0
26	0	0	770	665	862	2026	0	0	0	0
27	0	0	769	665	861	2026	0	0	0	0
28	0	0	770	665	861	2023	0	0	0	0
29	0	0	771	664	863	2023	0	0	0	0
30	0	0	770	664	862	2024	0	0	0	0
31	0	0	770	665	862	2024	0	0	0	0
32	0	0	771	664	862	2024	0	0	0	0
33	0	0	771	664	861	2025	0	0	0	0
34	0	0	772	664	862	2024	0	0	0	0
35	0	0	772	663	862	2022	0	0	0	0
36	0	0	772	664	861	2018	0	0	0	0
37	0	0	771	663	861	2014	0	0	0	0
38	0	0	772	663	861	2012	0	0	0	0
39	0	0	773	663	861	2009	0	0	0	0
40	0	0	775	663	861	2008	0	0	0	0
41	0	0	772	663	861	2007	0	0	0	0
42	0	0	770	662	861	2007	0	0	0	0
43	0	0	771	663	861	2006	0	0	0	0
44	0	0	773	662	861	2005	0	0	0	0
45	0	0	773	663	861	2007	0	0	0	0
46	0	0	773	661	861	2006	0	0	0	0
47	0	0	773	662	860	2006	0	0	0	0
48	0	0	773	662	861	2006	0	0	0	0
49	0	0	773	662	860	2006	0	0	0	0
50	0	0	774	661	860	2006	0	0	0	0
51	0	0	774	661	860	2002	0	0	0	0
52	0	0	774	661	861	2001	0	0	0	0
53	0	0	774	661	860	2000	0	0	0	0
54	0	0	773	661	859	1998	0	0	0	0
55	0	0	774	661	860	1999	0	0	0	0
56	0	0	775	661	861	1999	0	0	0	0
57	0	0	774	660	859	1997	0	0	0	0
58	0	0	775	661	859	1993	0	0	0	0
59	0	0	775	661	860	1991	0	0	0	0
60	0	0	774	660	860	1989	0	0	0	0
61	0	0	775	661	860	1990	0	0	0	0
62	0	0	773	659	859	1988	0	0	0	0
63	0	0	774	661	859	1989	0	0	0	0
64	0	0	775	660	859	1989	0	0	0	0
65	0	0	777	660	859	1988	0	0	0	0
66	0	0	774	661	859	1987	0	0	0	0
67	0	0	776	660	858	1987	0	0	0	0
68	0	0	775	660	859	1989	0	0	0	0
69	0	0	775	660	858	1990	0	0	0	0
70	0	0	775	659	857	1988	0	0	0	0
71	0	0	775	660	858	1988	0	0	0	0
72	0	0	774	657	857	1987	0	0	0	0
73	0	0	774	660	856	1987	0	0	0	0
74	0	0	776	659	857	1988	0	0	0	0
75	0	0	774	659	857	1987	0	0	0	0
76	0	0	774	659	857	1988	0	0	0	0
77	0	0	774	659	856	1987	0	0	0	0
78	0	0	773	659	856	1984	0	0	0	0
79	0	0	774	659	857	1983	0	0	0	0
80	0	0	774	660	855	1983	0	0	0	0
81	0	0	774	659	855	1984	0	0	0	0
82	0	0	775	660	855	1983	0	0	0	0
83	0	0	775	660	855	1983	0	0	0	0
84	0	0	773	660	855	1984	0	0	0	0
85	0	0	774	659	855	1985	0	0	0	0
86	0	0	775	659	855	1982	0	0	0	0
87	0	0	774	660	854	1984	0	0	0	0
88	0	0	774	659	854	1983	0	0	0	0
89	0	0	775	659	854	1981	0	0	0	0
90	0	0	776	659	854	1982	0	0	0	0
91	0	0	776	660	854	1981	0	0	0	0
92	0	0	776	660	854	1981	0	0	0	0
93	0	0	776	661	854	1983	0	0	0	0
94	0	0	776	660	853	1982	0	0	0	0
95	0	0	776	660	853	1981	0	0	0	0
96	0	0	775	661	853	1981	0	0	0	0
97	0	0	775	660	853	1981	0	0	0	0
98	0	0	776	661	853	1982	0	0	0	0
99	0	0	775	661	853	1980	0	0	0	0
100	0	0	774	661	852	1979	0	0	0	0
101	0	0	775	661	853	1978	0	0	0	0
102	0	0	775	661	852	1974	0	0	0	0
103	0	0	775	661	852	1974	0	0	0	0
104	0	0	776	661	852	1974	0	0	0	0
105	0	0	775	661	853	1976	0	0	0	0
