# bioPlux Text File Format
# Version: 1
# StartDateTime: 2012-03-21 17:56:11
# SamplingFrequency: 1000
# SampledChannels: 1 2 3 4 5 6 7 8
# SamplingResolution: 12
# AcquiringDevice: 00:07:80:93:66:BE
# EndOfHeader
0	0	0	776	651	847	739	0	0	0	0
1	0	0	777	651	847	739	0	0	0	0
2	0	0	776	652	848	742	0	0	0	0
3	0	0	777	652	848	741	0	0	0	0
4	0	0	777	652	847	741	0	0	0	0
5	0	0	776	653	848	744	0	0	0	0
6	0	0	776	655	847	745	0	0	0	0
7	0	0	777	656	847	748	0	0	0	0
8	0	0	776	657	847	750	0	0	0	0
9	0	0	775	657	847	752	0	0	0	0
10	0	0	776	658	847	755	0	0	0	0
11	0	0	776	659	847	753	0	0	0	0
12	0	0	776	659	848	754	0	0	0	0
13	0	0	776	660	848	756	0	0	0	0
14	0	0	777	661	848	759	0	0	0	0
15	0	0	776	662	848	762	0	0	0	0
16	0	0	775	663	849	761	0	0	0	0
17	0	0	775	665	849	759	0	0	0	0
18	0	0	774	665	849	759	0	0	0	0
19	0	0	774	665	849	761	0	0	0	0
20	0	0	775	666	849	758	0	0	0	0
21	0	0	774	667	849	761	0	0	0	0
22	0	0	775	669	850	762	0	0	0	0
23	0	0	774	669	849	763	0	0	0	0
24	0	0	773	669	850	764	0	0	0	0
25	0	0	774	671	850	764	0	0	0	0
26	0	0	775	673	849	763	0	0	0	0
27	0	0	773	673	851	772	0	0	0	0
28	0	0	771	674	849	773	0	0	0	0
29	0	0	771	674	847	771	0	0	0	0
30	0	0	772	677	849	772	0	0	0	0
31	0	0	771	678	849	775	0	0	0	0
32	0	0	771	680	848	775	0	0	0	0
33	0	0	771	681	847	776	0	0	0	0
34	0	0	771	682	846	777	0	0	0	0
35	0	0	770	683	846	782	0	0	0	0
36	0	0	771	684	845	787	0	0	0	0
37	0	0	771	687	845	787	0	0	0	0
38	0	0	770	687	844	790	0	0	0	0
39	0	0	769	687	843	791	0	0	0	0
40	0	0	769	689	842	792	0	0	0	0
41	0	0	768	691	840	794	0	0	0	0
42	0	0	768	690	840	798	0	0	0	0
43	0	0	767	691	839	801	0	0	0	0
44	0	0	768	691	838	801	0	0	0	0
45	0	0	769	692	839	808	0	0	0	0
46	0	0	770	692	839	813	0	0	0	0
47	0	0	769	691	839	818	0	0	0	0
48	0	0	769	691	839	819	0	0	0	0
49	0	0	769	691	839	818	0	0	0	0
50	0	0	770	693	839	822	0	0	0	0
51	0	0	769	693	839	826	0	0	0	0
52	0	0	769	693	838	827	0	0	0	0
53	0	0	769	695	837	833	0	0	0	0
54	0	0	769	696	838	832	0	0	0	0
55	0	0	769	697	837	833	0	0	0	0
56	0	0	768	697	837	832	0	0	0	0
57	0	0	767	697	836	831	0	0	0	0
58	0	0	768	699	837	832	0	0	0	0
59	0	0	769	699	837	838	0	0	0	0
60	0	0	770	699	837	846	0	0	0	0
61	0	0	769	700	837	851	0	0	0	0
62	0	0	769	700	837	855	0	0	0	0
63	0	0	769	701	837	860	0	0	0	0
64	0	0	768	700	838	866	0	0	0	0
65	0	0	770	700	838	871	0	0	0	0
66	0	0	769	701	839	875	0	0	0	0
67	0	0	769	700	839	880	0	0	0	0
68	0	0	768	701	840	888	0	0	0	0
69	0	0	768	701	841	895	0	0	0	0
70	0	0	768	701	841	903	0	0	0	0
71	0	0	767	701	841	914	0	0	0	0
72	0	0	768	701	841	913	0	0	0	0
73	0	0	768	702	842	914	0	0	0	0
74	0	0	767	702	842	921	0	0	0	0
75	0	0	767	702	842	923	0	0	0	0
76	0	0	767	703	842	932	0	0	0	0
77	0	0	767	702	843	940	0	0	0	0
78	0	0	767	702	843	937	0	0	0	0
79	0	0	767	702	844	946	0	0	0	0
80	0	0	765	703	843	948	0	0	0	0
81	0	0	766	703	844	955	0	0	0	0
82	0	0	767	703	845	959	0	0	0	0
83	0	0	765	703	844	960	0	0	0	0
84	0	0	765	703	845	962	0	0	0	0
85	0	0	764	703	845	967	0	0	0	0
86	0	0	764	704	845	967	0	0	0	0
87	0	0	764	704	845	977	0	0	0	0
88	0	0	764	705	845	980	0	0	0	0
89	0	0	764	705	845	982	0	0	0	0
90	0	0	766	706	845	984	0	0	0	0
91	0	0	763	705	846	986	0	0	0	0
92	0	0	762	706	844	989	0	0	0	0
93	0	0	763	707	845	989	0	0	0	0
94	0	0	762	707	845	995	0	0	0	0
95	0	0	759	706	844	999	0	0	0	0
96	0	0	762	707	845	1000	0	0	0	0
97	0	0	762	708	843	1006	0	0	0	0
98	0	0	762	708	844	1015	0	0	0	0
99	0	0	761	712	844	1018	0	0	0	0
100	0	0	760	710	844	1020	0	0	0	0
101	0	0	761	709	844	1028	0	0	0	0
102	0	0	761	709	843	1041	0	0	0	0
103	0	0	762	709	844	1055	0	0	0	0
104	0	0	762	711	844	1062	0	0	0	0
105	0	0	759	710	844	1068	0	0	0	0
106	0	0	761	711	844	1077	0	0	0	0
107	0	0	761	711	843	1086	0	0	0	0
108	0	0	760	712	844	1095	0	0	0	0
109	0	0	760	711	844	1112	0	0	0	0
110	0	0	759	712	844	1145	0	0	0	0
111	0	0	759	711	845	1153	0	0	0	0
112	0	0	757	711	845	1169	0	0	0	0
113	0	0	757	711	845	1196	0	0	0	0
114	0	0	757	711	846	1212	0	0	0	0
115	0	0	756	711	847	1222	0	0	0	0
116	0	0	756	711	848	1221	0	0	0	0
117	0	0	756	710	848	1233	0	0	0	0
118	0	0	757	712	849	1230	0	0	0	0
119	0	0	756	709	849	1234	0	0	0	0
120	0	0	756	711	850	1246	0	0	0	0
121	0	0	756	710	852	1259	0	0	0	0
122	0	0	757	710	852	1276	0	0	0	0
123	0	0	757	710	854	1288	0	0	0	0
124	0	0	757	709	854	1300	0	0	0	0
125	0	0	759	710	856	1306	0	0	0	0
126	0	0	758	707	855	1311	0	0	0	0
127	0	0	756	707	855	1317	0	0	0	0
0	0	0	757	707	858	1317	0	0	0	0
1	0	0	756	706	857	1324	0	0	0	0
2	0	0	755	706	858	1338	0	0	0	0
3	0	0	755	705	859	1336	0	0	0	0
4	0	0	756	704	860	1339	0	0	0	0
5	0	0	755	704	861	1346	0	0	0	0
6	0	0	753	704	860	1353	0	0	0	0
7	0	0	754	700	863	1355	0	0	0	0
8	0	0	753	700	863	1359	0	0	0	0
9	0	0	754	700	864	1361	0	0	0	0
10	0	0	752	698	865	1368	0	0	0	0
11	0	0	751	698	866	1375	0	0	0	0
12	0	0	751	696	866	1382	0	0	0	0
13	0	0	751	695	865	1392	0	0	0	0
14	0	0	751	694	866	1397	0	0	0	0
15	0	0	751	692	866	1413	0	0	0	0
16	0	0	752	691	866	1424	0	0	0	0
17	0	0	752	690	866	1430	0	0	0	0
18	0	0	752	690	867	1439	0	0	0	0
19	0	0	752	688	866	1452	0	0	0	0
20	0	0	752	685	867	1464	0	0	0	0
21	0	0	753	684	867	1467	0	0	0	0
22	0	0	754	681	868	1474	0	0	0	0
23	0	0	755	680	869	1504	0	0	0	0
24	0	0	754	677	870	1518	0	0	0	0
25	0	0	756	675	871	1531	0	0	0	0
26	0	0	755	674	872	1541	0	0	0	0
27	0	0	754	671	874	1552	0	0	0	0
28	0	0	752	669	874	1554	0	0	0	0
29	0	0	751	667	874	1555	0	0	0	0
30	0	0	752	667	875	1557	0	0	0	0
31	0	0	752	667	875	1581	0	0	0	0
32	0	0	752	662	876	1584	0	0	0	0
33	0	0	752	660	878	1603	0	0	0	0
34	0	0	752	658	877	1609	0	0	0	0
35	0	0	753	657	879	1626	0	0	0	0
36	0	0	752	654	879	1650	0	0	0	0
37	0	0	752	653	879	1662	0	0	0	0
38	0	0	752	651	880	1675	0	0	0	0
39	0	0	752	649	880	1678	0	0	0	0
40	0	0	751	647	880	1681	0	0	0	0
41	0	0	750	646	881	1685	0	0	0	0
42	0	0	752	644	881	1699	0	0	0	0
43	0	0	751	643	882	1710	0	0	0	0
44	0	0	752	642	881	1721	0	0	0	0
45	0	0	751	640	883	1736	0	0	0	0
46	0	0	751	639	882	1745	0	0	0	0
47	0	0	751	636	883	1755	0	0	0	0
48	0	0	753	634	884	1768	0	0	0	0
49	0	0	754	633	886	1775	0	0	0	0
50	0	0	753	631	886	1774	0	0	0	0
51	0	0	753	630	887	1789	0	0	0	0
52	0	0	753	628	888	1793	0	0	0	0
53	0	0	753	627	889	1798	0	0	0	0
54	0	0	753	627	889	1802	0	0	0	0
55	0	0	753	625	891	1808	0	0	0	0
56	0	0	753	625	892	1814	0	0	0	0
57	0	0	753	624	894	1830	0	0	0	0
58	0	0	752	625	894	1846	0	0	0	0
59	0	0	751	625	895	1861	0	0	0	0
60	0	0	748	625	896	1869	0	0	0	0
61	0	0	750	624	896	1882	0	0	0	0
62	0	0	749	623	898	1883	0	0	0	0
63	0	0	749	625	898	1894	0	0	0	0
64	0	0	748	625	899	1902	0	0	0	0
65	0	0	748	626	902	1919	0	0	0	0
66	0	0	749	626	903	1925	0	0	0	0
67	0	0	748	625	905	1931	0	0	0	0
68	0	0	748	627	906	1946	0	0	0	0
69	0	0	747	628	905	1962	0	0	0	0
70	0	0	746	630	907	1981	0	0	0	0
71	0	0	746	631	908	1994	0	0	0	0
72	0	0	745	633	906	2005	0	0	0	0
73	0	0	745	635	908	2027	0	0	0	0
74	0	0	744	635	908	2040	0	0	0	0
75	0	0	744	636	910	2050	0	0	0	0
76	0	0	744	638	910	2058	0	0	0	0
77	0	0	743	639	910	2063	0	0	0	0
78	0	0	743	641	910	2072	0	0	0	0
79	0	0	744	642	909	2083	0	0	0	0
80	0	0	744	644	909	2094	0	0	0	0
81	0	0	743	644	909	2094	0	0	0	0
82	0	0	744	644	909	2098	0	0	0	0
83	0	0	744	646	909	2105	0	0	0	0
84	0	0	744	647	908	2113	0	0	0	0
85	0	0	744	649	909	2124	0	0	0	0
86	0	0	744	650	906	2134	0	0	0	0
87	0	0	745	650	907	2142	0	0	0	0
88	0	0	745	652	907	2157	0	0	0	0
89	0	0	745	653	906	2174	0	0	0	0
90	0	0	744	653	904	2188	0	0	0	0
91	0	0	743	653	902	2187	0	0	0	0
92	0	0	743	656	903	2180	0	0	0	0
93	0	0	743	657	901	2187	0	0	0	0
94	0	0	744	659	901	2188	0	0	0	0
95	0	0	742	660	900	2194	0	0	0	0
96	0	0	743	661	899	2192	0	0	0	0
97	0	0	744	663	898	2195	0	0	0	0
98	0	0	743	664	896	2210	0	0	0	0
99	0	0	744	665	893	2218	0	0	0	0
100	0	0	744	665	893	2217	0	0	0	0
101	0	0	746	666	892	2222	0	0	0	0
102	0	0	746	666	892	2235	0	0	0	0
103	0	0	746	667	891	2238	0	0	0	0
104	0	0	747	667	888	2243	0	0	0	0
105	0	0	747	666	889	2243	0	0	0	0
106	0	0	747	666	886	2254	0	0	0	0
107	0	0	747	666	886	2260	0	0	0	0
108	0	0	748	666	885	2268	0	0	0	0
109	0	0	748	663	884	2276	0	0	0	0
110	0	0	748	663	884	2281	0	0	0	0
111	0	0	749	663	881	2284	0	0	0	0
112	0	0	749	658	882	2280	0	0	0	0
113	0	0	749	659	884	2287	0	0	0	0
114	0	0	749	657	883	2290	0	0	0	0
115	0	0	748	657	884	2296	0	0	0	0
116	0	0	748	654	883	2300	0	0	0	0
117	0	0	748	652	884	2309	0	0	0	0
118	0	0	748	650	884	2326	0	0	0	0
119	0	0	746	648	883	2328	0	0	0	0
120	0	0	746	647	883	2332	0	0	0	0
121	0	0	745	644	882	2339	0	0	0	0
122	0	0	746	641	883	2350	0	0	0	0
123	0	0	746	639	883	2359	0	0	0	0
124	0	0	745	637	882	2370	0	0	0	0
125	0	0	744	634	883	2376	0	0	0	0
126	0	0	745	630	883	2388	0	0	0	0
127	0	0	744	627	881	2388	0	0	0	0
0	0	0	744	626	881	2391	0	0	0	0
1	0	0	743	624	881	2392	0	0	0	0
2	0	0	742	621	881	2389	0	0	0	0
3	0	0	741	619	880	2390	0	0	0	0
4	0	0	740	615	880	2396	0	0	0	0
5	0	0	738	614	879	2404	0	0	0	0
6	0	0	736	613	879	2412	0	0	0	0
7	0	0	734	610	879	2417	0	0	0	0
8	0	0	732	608	880	2426	0	0	0	0
9	0	0	730	608	881	2434	0	0	0	0
10	0	0	727	607	881	2442	0	0	0	0
11	0	0	724	604	883	2445	0	0	0	0
12	0	0	721	602	883	2447	0	0	0	0
13	0	0	717	600	885	2446	0	0	0	0
14	0	0	714	598	885	2452	0	0	0	0
15	0	0	711	598	886	2457	0	0	0	0
16	0	0	709	595	887	2464	0	0	0	0
17	0	0	708	593	888	2474	0	0	0	0
18	0	0	706	592	891	2474	0	0	0	0
19	0	0	703	591	892	2478	0	0	0	0
20	0	0	701	588	896	2476	0	0	0	0
21	0	0	699	585	897	2478	0	0	0	0
22	0	0	698	584	898	2478	0	0	0	0
23	0	0	699	582	900	2479	0	0	0	0
24	0	0	699	580	903	2475	0	0	0	0
25	0	0	699	577	903	2478	0	0	0	0
26	0	0	699	576	904	2483	0	0	0	0
27	0	0	699	574	907	2484	0	0	0	0
28	0	0	701	573	909	2488	0	0	0	0
29	0	0	701	570	909	2490	0	0	0	0
30	0	0	701	568	911	2491	0	0	0	0
31	0	0	702	567	912	2489	0	0	0	0
32	0	0	704	565	913	2491	0	0	0	0
33	0	0	704	562	914	2493	0	0	0	0
34	0	0	705	561	915	2494	0	0	0	0
35	0	0	707	559	917	2494	0	0	0	0
36	0	0	708	557	918	2495	0	0	0	0
37	0	0	709	556	919	2501	0	0	0	0
38	0	0	711	553	921	2513	0	0	0	0
39	0	0	712	551	921	2521	0	0	0	0
40	0	0	712	551	923	2532	0	0	0	0
41	0	0	715	550	923	2532	0	0	0	0
42	0	0	716	550	924	2531	0	0	0	0
43	0	0	717	549	925	2533	0	0	0	0
44	0	0	719	550	926	2530	0	0	0	0
45	0	0	718	551	927	2527	0	0	0	0
46	0	0	719	551	928	2522	0	0	0	0
47	0	0	719	552	929	2520	0	0	0	0
48	0	0	720	553	931	2524	0	0	0	0
49	0	0	721	554	930	2529	0	0	0	0
50	0	0	722	554	932	2529	0	0	0	0
51	0	0	722	556	933	2533	0	0	0	0
52	0	0	721	558	932	2534	0	0	0	0
53	0	0	721	559	933	2536	0	0	0	0
54	0	0	722	561	934	2537	0	0	0	0
55	0	0	722	563	934	2538	0	0	0	0
56	0	0	722	566	936	2539	0	0	0	0
57	0	0	721	568	938	2542	0	0	0	0
58	0	0	722	571	938	2544	0	0	0	0
59	0	0	721	571	941	2546	0	0	0	0
60	0	0	722	573	941	2548	0	0	0	0
61	0	0	721	573	943	2550	0	0	0	0
62	0	0	720	575	945	2553	0	0	0	0
63	0	0	719	576	946	2554	0	0	0	0
64	0	0	718	577	949	2560	0	0	0	0
65	0	0	718	578	951	2562	0	0	0	0
66	0	0	717	580	952	2563	0	0	0	0
67	0	0	717	580	954	2567	0	0	0	0
68	0	0	717	579	953	2568	0	0	0	0
69	0	0	716	580	955	2568	0	0	0	0
70	0	0	715	580	957	2571	0	0	0	0
71	0	0	714	580	957	2571	0	0	0	0
72	0	0	714	580	958	2573	0	0	0	0
73	0	0	714	581	959	2573	0	0	0	0
74	0	0	714	579	959	2574	0	0	0	0
75	0	0	714	578	960	2575	0	0	0	0
76	0	0	713	577	959	2576	0	0	0	0
77	0	0	713	576	959	2578	0	0	0	0
78	0	0	714	576	959	2582	0	0	0	0
79	0	0	712	574	958	2585	0	0	0	0
80	0	0	713	573	958	2587	0	0	0	0
81	0	0	712	572	957	2589	0	0	0	0
82	0	0	712	572	958	2586	0	0	0	0
83	0	0	713	571	958	2584	0	0	0	0
84	0	0	712	570	955	2583	0	0	0	0
85	0	0	711	570	955	2579	0	0	0	0
86	0	0	711	570	955	2579	0	0	0	0
87	0	0	711	570	956	2583	0	0	0	0
88	0	0	711	569	955	2586	0	0	0	0
89	0	0	711	570	954	2588	0	0	0	0
90	0	0	711	569	954	2588	0	0	0	0
91	0	0	710	569	953	2589	0	0	0	0
92	0	0	711	570	953	2590	0	0	0	0
93	0	0	711	570	953	2592	0	0	0	0
94	0	0	712	570	953	2590	0	0	0	0
95	0	0	712	569	953	2590	0	0	0	0
96	0	0	712	570	953	2590	0	0	0	0
97	0	0	712	571	953	2594	0	0	0	0
98	0	0	714	570	953	2598	0	0	0	0
99	0	0	715	570	951	2603	0	0	0	0
100	0	0	715	572	952	2604	0	0	0	0
101	0	0	718	573	951	2606	0	0	0	0
102	0	0	718	573	951	2610	0	0	0	0
103	0	0	718	573	950	2611	0	0	0	0
104	0	0	719	573	951	2613	0	0	0	0
105	0	0	719	573	951	2614	0	0	0	0
106	0	0	721	572	951	2615	0	0	0	0
107	0	0	722	571	951	2617	0	0	0	0
108	0	0	723	570	951	2620	0	0	0	0
109	0	0	724	570	951	2622	0	0	0	0
110	0	0	726	568	952	2620	0	0	0	0
111	0	0	727	566	952	2616	0	0	0	0
112	0	0	728	565	953	2617	0	0	0	0
113	0	0	729	563	952	2620	0	0	0	0
114	0	0	730	561	954	2620	0	0	0	0
115	0	0	730	560	955	2623	0	0	0	0
116	0	0	731	560	955	2624	0	0	0	0
117	0	0	731	558	956	2630	0	0	0	0
118	0	0	731	556	958	2633	0	0	0	0
119	0	0	732	555	959	2635	0	0	0	0
120	0	0	731	554	961	2637	0	0	0	0
121	0	0	731	553	963	2638	0	0	0	0
122	0	0	731	552	963	2636	0	0	0	0
123	0	0	731	549	966	2638	0	0	0	0
124	0	0	732	549	967	2638	0	0	0	0
125	0	0	732	549	968	2640	0	0	0	1
126	0	0	731	548	969	2640	0	0	0	0
127	0	0	730	548	972	2641	0	0	0	0
0	0	0	730	547	972	2640	0	0	0	0
1	0	0	732	545	972	2640	0	0	0	0
2	0	0	731	543	974	2643	0	0	0	0
3	0	0	732	542	975	2643	0	0	0	0
4	0	0	731	540	976	2642	0	0	0	0
5	0	0	731	538	979	2641	0	0	0	0
6	0	0	730	537	981	2644	0	0	0	0
7	0	0	730	535	983	2644	0	0	0	0
8	0	0	729	532	984	2642	0	0	0	0
9	0	0	730	531	987	2639	0	0	0	0
10	0	0	729	529	987	2638	0	0	0	0
11	0	0	729	527	987	2640	0	0	0	0
12	0	0	730	525	988	2639	0	0	0	0
13	0	0	731	524	989	2639	0	0	0	0
14	0	0	731	522	990	2640	0	0	0	0
15	0	0	732	520	990	2640	0	0	0	0
16	0	0	734	518	992	2641	0	0	0	0
17	0	0	733	517	992	2640	0	0	0	0
18	0	0	734	517	992	2640	0	0	0	0
19	0	0	737	515	993	2643	0	0	0	0
20	0	0	739	514	993	2643	0	0	0	0
21	0	0	739	513	993	2643	0	0	0	0
22	0	0	740	512	994	2642	0	0	0	1
23	0	0	743	510	995	2641	0	0	0	0
24	0	0	742	512	995	2642	0	0	0	0
25	0	0	744	510	995	2643	0	0	0	0
26	0	0	743	507	995	2643	0	0	0	0
27	0	0	744	507	997	2642	0	0	0	0
28	0	0	745	506	997	2645	0	0	0	0
29	0	0	745	506	997	2644	0	0	0	0
30	0	0	746	505	996	2643	0	0	0	0
31	0	0	746	506	997	2643	0	0	0	0
32	0	0	746	504	997	2647	0	0	0	0
33	0	0	748	503	997	2646	0	0	0	0
34	0	0	747	502	997	2645	0	0	0	0
35	0	0	748	500	998	2647	0	0	0	0
36	0	0	748	498	998	2649	0	0	0	0
37	0	0	747	496	999	2653	0	0	0	0
38	0	0	747	494	998	2651	0	0	0	0
39	0	0	748	493	998	2652	0	0	0	0
40	0	0	749	491	998	2652	0	0	0	0
41	0	0	749	489	998	2652	0	0	0	0
42	0	0	748	488	997	2654	0	0	0	0
43	0	0	744	488	995	2655	0	0	0	0
44	0	0	743	488	995	2658	0	0	0	0
45	0	0	743	487	994	2659	0	0	0	0
46	0	0	745	487	994	2661	0	0	0	0
47	0	0	744	485	995	2661	0	0	0	0
48	0	0	745	483	995	2659	0	0	0	0
49	0	0	744	482	997	2657	0	0	0	0
50	0	0	745	479	997	2659	0	0	0	0
51	0	0	745	479	997	2660	0	0	0	0
52	0	0	745	478	997	2658	0	0	0	0
53	0	0	746	478	997	2656	0	0	0	0
54	0	0	744	477	997	2653	0	0	0	0
55	0	0	744	476	996	2651	0	0	0	0
56	0	0	744	475	996	2651	0	0	0	0
57	0	0	744	476	996	2651	0	0	0	0
58	0	0	743	476	995	2650	0	0	0	0
59	0	0	743	476	996	2652	0	0	0	0
60	0	0	741	475	996	2652	0	0	0	0
61	0	0	742	473	996	2652	0	0	0	0
62	0	0	741	476	995	2652	0	0	0	0
63	0	0	740	476	995	2651	0	0	0	0
64	0	0	738	478	995	2649	0	0	0	0
65	0	0	736	479	995	2647	0	0	0	0
66	0	0	736	480	997	2649	0	0	0	0
67	0	0	735	479	997	2647	0	0	0	0
68	0	0	734	481	998	2644	0	0	0	0
69	0	0	732	481	998	2642	0	0	0	0
70	0	0	733	483	999	2639	0	0	0	0
71	0	0	733	485	999	2641	0	0	0	0
72	0	0	732	488	998	2640	0	0	0	0
73	0	0	732	490	997	2640	0	0	0	0
74	0	0	733	494	997	2641	0	0	0	0
75	0	0	732	497	996	2644	0	0	0	0
76	0	0	733	499	996	2646	0	0	0	0
77	0	0	731	503	995	2649	0	0	0	0
78	0	0	732	505	991	2651	0	0	0	0
79	0	0	735	508	991	2653	0	0	0	0
80	0	0	737	511	990	2657	0	0	0	0
81	0	0	736	516	986	2659	0	0	0	0
82	0	0	735	519	985	2664	0	0	0	0
83	0	0	736	522	983	2668	0	0	0	0
84	0	0	738	526	981	2670	0	0	0	0
85	0	0	740	528	980	2671	0	0	0	0
86	0	0	741	529	978	2675	0	0	0	0
87	0	0	743	534	977	2682	0	0	0	0
88	0	0	744	539	973	2689	0	0	0	0
89	0	0	745	543	970	2695	0	0	0	0
90	0	0	746	546	969	2700	0	0	0	0
91	0	0	745	548	966	2705	0	0	0	0
92	0	0	745	552	965	2708	0	0	0	0
93	0	0	747	556	961	2709	0	0	0	0
94	0	0	746	563	958	2712	0	0	0	0
95	0	0	747	568	954	2716	0	0	0	0
96	0	0	746	573	950	2720	0	0	0	0
97	0	0	745	577	947	2727	0	0	0	0
98	0	0	746	581	944	2733	0	0	0	0
99	0	0	745	586	942	2739	0	0	0	0
100	0	0	745	589	939	2748	0	0	0	0
101	0	0	743	593	937	2752	0	0	0	0
102	0	0	741	596	934	2754	0	0	0	0
103	0	0	741	600	933	2753	0	0	0	0
104	0	0	739	604	931	2754	0	0	0	0
105	0	0	738	608	929	2758	0	0	0	0
106	0	0	735	611	927	2761	0	0	0	0
107	0	0	734	616	923	2762	0	0	0	0
108	0	0	733	618	921	2762	0	0	0	0
109	0	0	732	623	919	2764	0	0	0	0
110	0	0	730	626	917	2767	0	0	0	0
111	0	0	727	629	915	2767	0	0	0	0
112	0	0	724	633	912	2765	0	0	0	0
113	0	0	721	636	910	2768	0	0	0	0
114	0	0	721	640	907	2768	0	0	0	0
115	0	0	720	642	906	2772	0	0	0	0
116	0	0	719	645	903	2773	0	0	0	0
117	0	0	719	648	902	2774	0	0	0	0
118	0	0	719	650	901	2777	0	0	0	0
119	0	0	719	652	898	2779	0	0	0	0
120	0	0	719	655	896	2779	0	0	0	0
121	0	0	719	658	894	2779	0	0	0	0
122	0	0	717	660	892	2778	0	0	0	0
123	0	0	718	664	889	2776	0	0	0	0
124	0	0	719	668	888	2773	0	0	0	0
125	0	0	719	670	886	2766	0	0	0	0
126	0	0	722	673	883	2761	0	0	0	0
127	0	0	723	676	881	2754	0	0	0	0
0	0	0	722	679	879	2738	0	0	0	0
1	0	0	722	682	877	2734	0	0	0	0
2	0	0	722	686	875	2717	0	0	0	0
3	0	0	723	690	874	2703	0	0	0	0
4	0	0	725	694	872	2692	0	0	0	0
5	0	0	725	696	869	2686	0	0	0	0
6	0	0	727	701	867	2678	0	0	0	0
7	0	0	728	703	866	2657	0	0	0	0
8	0	0	730	707	864	2633	0	0	0	0
9	0	0	732	710	862	2615	0	0	0	0
10	0	0	734	712	859	2584	0	0	0	0
11	0	0	736	715	859	2537	0	0	0	0
12	0	0	738	717	856	2502	0	0	0	0
13	0	0	739	719	856	2448	0	0	0	0
14	0	0	741	719	854	2393	0	0	0	0
15	0	0	744	721	854	2336	0	0	0	0
16	0	0	747	722	851	2271	0	0	0	0
17	0	0	749	724	850	2196	0	0	0	0
18	0	0	751	726	850	2088	0	0	0	0
19	0	0	752	728	848	2071	0	0	0	0
20	0	0	754	729	848	1958	0	0	0	0
21	0	0	756	731	846	1889	0	0	0	0
22	0	0	759	731	845	1854	0	0	0	0
23	0	0	760	731	845	1745	0	0	0	0
24	0	0	762	732	844	1707	0	0	0	0
25	0	0	763	733	843	1553	0	0	0	0
26	0	0	765	734	843	1487	0	0	0	0
27	0	0	768	735	842	1360	0	0	0	0
28	0	0	770	735	843	1266	0	0	0	0
29	0	0	771	737	843	1226	0	0	0	0
30	0	0	771	738	843	1015	0	0	0	0
31	0	0	771	740	842	876	0	0	0	0
32	0	0	772	740	842	772	0	0	0	0
33	0	0	772	743	841	667	0	0	0	0
34	0	0	772	744	841	610	0	0	0	0
35	0	0	771	746	840	625	0	0	0	0
36	0	0	771	749	838	570	0	0	0	0
37	0	0	771	751	837	572	0	0	0	0
38	0	0	772	754	837	580	0	0	0	0
39	0	0	770	753	837	596	0	0	0	0
40	0	0	771	755	838	560	0	0	0	0
41	0	0	771	756	836	563	0	0	0	0
42	0	0	771	756	836	519	0	0	0	0
43	0	0	772	758	837	503	0	0	0	0
44	0	0	772	759	837	491	0	0	0	0
45	0	0	771	761	837	419	0	0	0	0
46	0	0	771	762	837	427	0	0	0	0
47	0	0	773	765	836	392	0	0	0	0
48	0	0	772	767	837	366	0	0	0	0
49	0	0	773	770	836	323	0	0	0	0
50	0	0	772	774	834	317	0	0	0	0
51	0	0	771	777	833	329	0	0	0	0
52	0	0	772	780	832	298	0	0	0	0
53	0	0	772	784	831	320	0	0	0	0
54	0	0	772	788	830	330	0	0	0	0
55	0	0	773	791	830	291	0	0	0	0
56	0	0	772	795	828	284	0	0	0	0
57	0	0	772	799	828	255	0	0	0	0
58	0	0	772	802	828	246	0	0	0	0
59	0	0	772	804	827	239	0	0	0	0
60	0	0	773	807	825	245	0	0	0	0
61	0	0	774	809	825	253	0	0	0	0
62	0	0	774	813	824	253	0	0	0	0
63	0	0	774	817	823	256	0	0	0	0
64	0	0	774	818	822	262	0	0	0	0
65	0	0	773	821	820	265	0	0	0	0
66	0	0	774	824	819	264	0	0	0	0
67	0	0	775	827	817	256	0	0	0	0
68	0	0	774	831	817	255	0	0	0	0
69	0	0	773	835	816	249	0	0	0	0
70	0	0	774	839	814	245	0	0	0	0
71	0	0	774	842	812	235	0	0	0	0
72	0	0	775	844	811	222	0	0	0	0
73	0	0	774	848	808	214	0	0	0	0
74	0	0	774	852	806	200	0	0	0	0
75	0	0	774	857	803	192	0	0	0	0
76	0	0	775	861	800	188	0	0	0	0
77	0	0	774	867	797	188	0	0	0	0
78	0	0	775	872	793	186	0	0	0	0
79	0	0	774	876	791	191	0	0	0	0
80	0	0	773	880	788	197	0	0	0	0
81	0	0	772	885	785	193	0	0	0	0
82	0	0	773	888	783	191	0	0	0	0
83	0	0	772	890	779	197	0	0	0	0
84	0	0	773	893	777	197	0	0	0	0
85	0	0	771	896	774	190	0	0	0	0
86	0	0	771	899	771	183	0	0	0	0
87	0	0	772	901	769	173	0	0	0	0
88	0	0	773	904	768	153	0	0	0	0
89	0	0	773	906	766	144	0	0	0	0
90	0	0	773	908	763	141	0	0	0	0
91	0	0	771	910	760	128	0	0	0	0
92	0	0	771	912	759	126	0	0	0	0
93	0	0	771	915	757	117	0	0	0	0
94	0	0	770	917	755	116	0	0	0	0
95	0	0	770	920	753	117	0	0	0	0
96	0	0	769	924	750	120	0	0	0	0
97	0	0	769	928	747	121	0	0	0	0
98	0	0	767	932	744	120	0	0	0	0
99	0	0	767	935	742	123	0	0	0	0
100	0	0	767	938	740	123	0	0	0	0
101	0	0	768	939	739	122	0	0	0	0
102	0	0	766	940	738	121	0	0	0	0
103	0	0	766	941	736	128	0	0	0	0
104	0	0	765	941	736	127	0	0	0	0
105	0	0	765	941	735	122	0	0	0	0
106	0	0	764	941	735	113	0	0	0	0
107	0	0	764	941	734	113	0	0	0	0
108	0	0	765	939	733	111	0	0	0	0
109	0	0	766	938	733	106	0	0	0	0
110	0	0	766	937	732	101	0	0	0	0
111	0	0	767	935	733	102	0	0	0	0
112	0	0	769	933	732	103	0	0	0	0
113	0	0	769	931	732	104	0	0	0	0
114	0	0	770	929	732	105	0	0	0	0
115	0	0	770	925	731	111	0	0	0	0
116	0	0	771	922	730	117	0	0	0	0
117	0	0	771	919	729	116	0	0	0	0
118	0	0	769	916	729	113	0	0	0	0
119	0	0	768	913	728	117	0	0	0	0
120	0	0	767	911	729	119	0	0	0	0
121	0	0	765	909	727	117	0	0	0	0
122	0	0	764	905	727	117	0	0	0	0
123	0	0	764	900	728	125	0	0	0	0
124	0	0	762	897	728	123	0	0	0	0
125	0	0	764	893	727	119	0	0	0	0
126	0	0	761	887	727	111	0	0	0	0
127	0	0	760	884	727	109	0	0	0	0
0	0	0	760	880	726	108	0	0	0	0
1	0	0	760	878	726	102	0	0	0	0
2	0	0	760	874	725	97	0	0	0	0
3	0	0	760	869	725	97	0	0	0	0
4	0	0	762	865	723	100	0	0	0	0
5	0	0	763	862	722	101	0	0	0	0
6	0	0	762	860	721	101	0	0	0	0
7	0	0	762	857	720	104	0	0	0	0
8	0	0	762	854	719	110	0	0	0	0
9	0	0	763	851	717	111	0	0	0	0
10	0	0	764	849	715	111	0	0	0	0
11	0	0	765	848	715	114	0	0	0	0
12	0	0	767	843	715	116	0	0	0	0
13	0	0	769	839	714	115	0	0	0	0
14	0	0	770	834	715	115	0	0	0	0
15	0	0	770	832	715	119	0	0	0	0
16	0	0	771	827	717	118	0	0	0	0
17	0	0	773	822	718	113	0	0	0	0
18	0	0	774	818	719	105	0	0	0	0
19	0	0	776	814	720	102	0	0	0	0
20	0	0	777	811	722	100	0	0	0	0
21	0	0	779	809	723	95	0	0	0	0
22	0	0	780	805	724	91	0	0	0	0
23	0	0	781	803	725	92	0	0	0	0
24	0	0	781	799	727	92	0	0	0	0
25	0	0	782	798	728	93	0	0	0	0
26	0	0	783	796	730	93	0	0	0	0
27	0	0	783	793	731	95	0	0	0	0
28	0	0	783	790	733	100	0	0	0	0
29	0	0	784	788	733	102	0	0	0	0
30	0	0	785	787	733	103	0	0	0	0
31	0	0	784	786	736	106	0	0	0	0
32	0	0	783	786	736	109	0	0	0	0
33	0	0	783	784	736	109	0	0	0	0
34	0	0	782	784	737	109	0	0	0	0
35	0	0	781	784	738	115	0	0	0	0
36	0	0	780	785	740	115	0	0	0	0
37	0	0	780	782	740	114	0	0	0	0
38	0	0	781	780	742	106	0	0	0	0
39	0	0	780	780	743	105	0	0	0	0
40	0	0	779	779	744	102	0	0	0	0
41	0	0	779	779	746	97	0	0	0	0
42	0	0	779	775	747	93	0	0	0	0
43	0	0	779	774	748	89	0	0	0	0
44	0	0	780	771	750	90	0	0	0	0
45	0	0	782	769	752	92	0	0	0	0
46	0	0	783	766	754	95	0	0	0	0
47	0	0	784	765	755	99	0	0	0	0
48	0	0	783	762	757	106	0	0	0	0
49	0	0	784	760	758	108	0	0	0	0
50	0	0	785	758	758	109	0	0	0	0
51	0	0	785	757	761	111	0	0	0	0
52	0	0	784	755	761	114	0	0	0	0
53	0	0	784	755	763	114	0	0	0	0
54	0	0	785	754	765	113	0	0	0	0
55	0	0	786	752	767	119	0	0	0	0
56	0	0	787	751	767	120	0	0	0	0
57	0	0	786	750	769	117	0	0	0	0
58	0	0	787	749	769	109	0	0	0	0
59	0	0	786	749	771	104	0	0	0	0
60	0	0	788	748	772	103	0	0	0	0
61	0	0	789	745	773	98	0	0	0	0
62	0	0	789	746	774	93	0	0	0	0
63	0	0	788	745	775	91	0	0	0	0
64	0	0	789	745	776	90	0	0	0	0
65	0	0	789	742	778	87	0	0	0	0
66	0	0	789	742	779	88	0	0	0	0
67	0	0	790	743	780	89	0	0	0	0
68	0	0	791	741	781	95	0	0	0	0
69	0	0	789	741	782	97	0	0	0	0
70	0	0	789	741	783	96	0	0	0	0
71	0	0	790	740	784	100	0	0	0	0
72	0	0	790	740	785	102	0	0	0	0
73	0	0	790	739	787	101	0	0	0	0
74	0	0	789	740	788	100	0	0	0	0
75	0	0	791	740	789	108	0	0	0	0
76	0	0	790	739	791	108	0	0	0	0
77	0	0	790	740	791	105	0	0	0	0
78	0	0	791	740	794	99	0	0	0	0
79	0	0	791	741	793	96	0	0	0	0
80	0	0	789	741	795	95	0	0	0	0
81	0	0	790	742	797	88	0	0	0	0
82	0	0	791	743	798	84	0	0	0	0
83	0	0	789	744	799	85	0	0	0	0
84	0	0	789	744	799	85	0	0	0	0
85	0	0	790	746	797	87	0	0	0	0
86	0	0	790	747	801	89	0	0	0	0
87	0	0	791	748	801	90	0	0	0	0
88	0	0	790	749	801	95	0	0	0	0
89	0	0	790	751	802	98	0	0	0	0
90	0	0	790	752	803	98	0	0	0	0
91	0	0	790	753	804	102	0	0	0	0
92	0	0	792	754	804	105	0	0	0	0
93	0	0	792	754	804	105	0	0	0	0
94	0	0	793	755	805	103	0	0	0	0
95	0	0	793	756	806	110	0	0	0	0
96	0	0	793	757	805	112	0	0	0	0
97	0	0	795	759	806	108	0	0	0	0
98	0	0	796	759	806	102	0	0	0	0
99	0	0	796	761	805	97	0	0	0	0
100	0	0	796	761	806	96	0	0	0	0
101	0	0	797	760	806	91	0	0	0	0
102	0	0	797	761	807	87	0	0	0	0
103	0	0	797	761	808	86	0	0	0	0
104	0	0	797	761	809	84	0	0	0	0
105	0	0	799	761	809	85	0	0	0	0
106	0	0	799	761	810	86	0	0	0	0
107	0	0	800	761	809	89	0	0	0	0
108	0	0	801	762	811	92	0	0	0	0
109	0	0	803	762	809	97	0	0	0	0
110	0	0	802	761	810	95	0	0	0	0
111	0	0	803	761	811	100	0	0	0	0
112	0	0	803	761	810	104	0	0	0	0
113	0	0	803	761	810	105	0	0	0	0
114	0	0	804	762	810	104	0	0	0	0
115	0	0	805	763	811	109	0	0	0	0
116	0	0	805	763	809	110	0	0	0	0
117	0	0	806	764	809	107	0	0	0	0
118	0	0	807	766	808	100	0	0	0	0
119	0	0	807	768	806	95	0	0	0	0
120	0	0	807	769	806	95	0	0	0	0
121	0	0	807	770	804	89	0	0	0	0
122	0	0	807	771	803	86	0	0	0	0
123	0	0	807	771	801	85	0	0	0	0
124	0	0	808	772	799	85	0	0	0	0
125	0	0	809	774	798	87	0	0	0	0
126	0	0	810	773	796	89	0	0	0	0
127	0	0	811	775	796	89	0	0	0	0
0	0	0	813	775	794	95	0	0	0	0
1	0	0	812	776	792	98	0	0	0	0
2	0	0	812	776	792	98	0	0	0	0
3	0	0	812	775	791	103	0	0	0	0
4	0	0	813	775	790	104	0	0	0	0
5	0	0	813	776	789	103	0	0	0	0
6	0	0	813	775	788	100	0	0	0	0
7	0	0	814	774	787	106	0	0	0	0
8	0	0	815	775	787	106	0	0	0	0
9	0	0	816	775	786	103	0	0	0	0
10	0	0	816	775	785	96	0	0	0	0
11	0	0	817	775	785	94	0	0	0	0
12	0	0	818	774	785	94	0	0	0	0
13	0	0	818	775	784	88	0	0	0	0
14	0	0	820	776	783	85	0	0	0	0
15	0	0	820	776	783	84	0	0	0	0
16	0	0	821	776	782	85	0	0	0	0
17	0	0	822	775	783	87	0	0	0	0
18	0	0	823	775	781	87	0	0	0	0
19	0	0	822	777	780	89	0	0	0	0
20	0	0	822	777	780	93	0	0	0	0
21	0	0	822	777	779	97	0	0	0	0
22	0	0	822	777	779	97	0	0	0	0
23	0	0	822	777	779	100	0	0	0	0
24	0	0	821	779	778	99	0	0	0	0
25	0	0	820	780	777	99	0	0	0	0
26	0	0	821	781	776	100	0	0	0	0
27	0	0	821	780	775	103	0	0	0	0
28	0	0	821	781	773	107	0	0	0	0
29	0	0	820	781	772	104	0	0	0	0
30	0	0	819	782	771	97	0	0	0	0
31	0	0	819	783	769	95	0	0	0	0
32	0	0	818	784	769	93	0	0	0	0
33	0	0	818	785	767	87	0	0	0	0
34	0	0	817	786	767	84	0	0	0	0
35	0	0	816	786	766	83	0	0	0	0
36	0	0	816	789	765	84	0	0	0	0
37	0	0	817	789	765	86	0	0	0	0
38	0	0	817	789	764	86	0	0	0	0
39	0	0	816	791	764	87	0	0	0	0
40	0	0	813	791	763	92	0	0	0	0
41	0	0	814	789	763	96	0	0	0	0
42	0	0	814	791	763	96	0	0	0	0
43	0	0	814	791	762	100	0	0	0	0
44	0	0	815	792	762	101	0	0	0	0
45	0	0	816	792	761	100	0	0	0	0
46	0	0	815	793	761	100	0	0	0	0
47	0	0	815	792	761	105	0	0	0	0
48	0	0	815	793	762	106	0	0	0	0
49	0	0	814	793	760	103	0	0	0	0
50	0	0	813	793	760	96	0	0	0	0
51	0	0	813	792	759	92	0	0	0	0
52	0	0	811	792	759	85	0	0	0	0
53	0	0	811	792	759	77	0	0	0	0
54	0	0	809	791	757	78	0	0	0	0
55	0	0	808	792	758	73	0	0	0	0
56	0	0	808	792	757	77	0	0	0	0
57	0	0	808	792	756	81	0	0	0	0
58	0	0	807	790	755	82	0	0	0	0
59	0	0	805	792	754	83	0	0	0	0
60	0	0	805	790	754	88	0	0	0	0
61	0	0	805	790	754	92	0	0	0	0
62	0	0	803	789	753	92	0	0	0	0
63	0	0	803	789	753	95	0	0	0	0
64	0	0	803	788	753	95	0	0	0	0
65	0	0	801	787	754	95	0	0	0	0
66	0	0	801	787	753	95	0	0	0	0
67	0	0	799	788	753	99	0	0	0	0
68	0	0	799	785	754	100	0	0	0	0
69	0	0	798	787	753	99	0	0	0	0
70	0	0	798	786	753	93	0	0	0	0
71	0	0	796	786	753	87	0	0	0	0
72	0	0	797	787	752	86	0	0	0	0
73	0	0	795	786	753	82	0	0	0	0
74	0	0	795	787	753	79	0	0	0	0
75	0	0	794	785	753	77	0	0	0	0
76	0	0	795	785	753	77	0	0	0	0
77	0	0	794	784	754	80	0	0	0	0
78	0	0	794	784	754	79	0	0	0	0
79	0	0	792	783	755	79	0	0	0	0
80	0	0	792	782	754	83	0	0	0	0
81	0	0	790	785	754	86	0	0	0	0
82	0	0	790	784	754	87	0	0	0	0
83	0	0	789	783	754	90	0	0	0	0
84	0	0	789	783	754	90	0	0	0	0
85	0	0	790	783	755	89	0	0	0	0
86	0	0	788	783	755	89	0	0	0	0
87	0	0	787	782	756	92	0	0	0	0
88	0	0	786	782	755	93	0	0	0	0
89	0	0	784	782	756	90	0	0	0	0
90	0	0	784	781	756	84	0	0	0	0
91	0	0	782	781	757	78	0	0	0	0
92	0	0	782	780	758	77	0	0	0	0
93	0	0	781	779	757	71	0	0	0	0
94	0	0	779	779	758	67	0	0	0	0
95	0	0	780	780	758	63	0	0	0	0
96	0	0	779	778	759	62	0	0	0	0
97	0	0	778	777	760	61	0	0	0	0
98	0	0	778	777	760	58	0	0	0	0
99	0	0	776	775	761	55	0	0	0	0
100	0	0	776	774	761	51	0	0	0	0
101	0	0	776	774	761	43	0	0	0	0
102	0	0	776	773	762	25	0	0	0	0
103	0	0	775	772	762	15	0	0	0	0
104	0	0	775	772	761	16	0	0	0	0
105	0	0	775	771	762	20	0	0	0	0
106	0	0	773	772	762	18	0	0	0	0
107	0	0	773	770	763	19	0	0	0	0
108	0	0	772	770	763	13	0	0	0	0
109	0	0	769	771	763	7	0	0	0	0
110	0	0	769	772	765	6	0	0	0	0
111	0	0	767	774	765	0	0	0	0	0
112	0	0	765	775	767	227	0	0	0	0
113	0	0	762	775	770	737	0	0	0	0
114	0	0	759	777	774	809	0	0	0	0
115	0	0	759	777	776	962	0	0	0	0
116	0	0	759	778	778	1165	0	0	0	0
117	0	0	764	779	779	1253	0	0	0	0
118	0	0	767	778	780	1326	0	0	0	0
119	0	0	768	777	780	1430	0	0	0	0
120	0	0	772	777	778	1500	0	0	0	0
121	0	0	776	775	776	1469	0	0	0	0
122	0	0	778	775	773	1405	0	0	0	0
123	0	0	774	774	771	1376	0	0	0	0
124	0	0	771	774	770	1341	0	0	0	0
125	0	0	766	773	770	1315	0	0	0	0
126	0	0	762	773	773	1277	0	0	0	0
127	0	0	760	774	777	1244	0	0	0	0
0	0	0	759	774	779	1200	0	0	0	0
1	0	0	761	775	781	1207	0	0	0	0
2	0	0	762	777	783	1194	0	0	0	0
3	0	0	764	779	784	1180	0	0	0	0
4	0	0	765	780	782	1128	0	0	0	0
5	0	0	768	781	785	1083	0	0	0	0
6	0	0	770	783	787	1072	0	0	0	0
7	0	0	773	787	790	1035	0	0	0	0
8	0	0	770	794	798	1056	0	0	0	0
9	0	0	766	810	813	1064	0	0	0	0
10	0	0	751	830	835	1065	0	0	0	0
11	0	0	730	857	858	941	0	0	0	0
12	0	0	688	891	888	824	0	0	0	0
13	0	0	618	931	924	764	0	0	0	0
14	0	0	542	976	959	714	0	0	0	0
15	0	0	455	1019	991	613	0	0	0	0
16	0	0	345	1047	1016	586	0	0	0	0
17	0	0	237	1053	1033	574	0	0	0	0
18	0	0	155	1024	1046	658	0	0	0	0
19	0	0	106	963	1069	700	0	0	0	0
20	0	0	103	891	1105	729	0	0	0	0
21	0	0	183	833	1150	742	0	0	0	0
22	0	0	297	796	1195	746	0	0	0	0
23	0	0	400	786	1233	676	0	0	0	0
24	0	0	473	799	1262	663	0	0	0	0
25	0	0	503	813	1279	676	0	0	0	0
26	0	0	505	811	1285	671	0	0	0	0
27	0	0	511	785	1286	695	0	0	0	0
28	0	0	534	750	1289	727	0	0	0	0
29	0	0	590	719	1292	787	0	0	0	0
30	0	0	691	697	1293	860	0	0	0	0
31	0	0	840	681	1289	939	0	0	0	0
32	0	0	1007	666	1282	1097	0	0	0	0
33	0	0	1150	655	1264	1185	0	0	0	0
34	0	0	1220	633	1251	1277	0	0	0	0
35	0	0	1210	588	1232	1332	0	0	0	0
36	0	0	1143	518	1209	1416	0	0	0	0
37	0	0	1062	432	1179	1515	0	0	0	0
38	0	0	1002	349	1137	1587	0	0	0	0
39	0	0	972	282	1093	1680	0	0	0	0
40	0	0	941	228	1036	1745	0	0	0	0
41	0	0	911	182	977	1799	0	0	0	0
42	0	0	892	139	928	1810	0	0	0	0
43	0	0	908	99	879	1847	0	0	0	0
44	0	0	955	71	844	1885	0	0	0	0
45	0	0	1018	53	831	1930	0	0	0	0
46	0	0	1082	42	832	1973	0	0	0	0
47	0	0	1142	34	857	2029	0	0	0	0
48	0	0	1195	32	868	2063	0	0	0	0
49	0	0	1197	30	889	2076	0	0	0	0
50	0	0	1221	27	918	2121	0	0	0	0
51	0	0	1227	26	937	2162	0	0	0	0
52	0	0	1215	25	948	2194	0	0	0	0
53	0	0	1173	25	956	2210	0	0	0	0
54	0	0	1113	26	972	2254	0	0	0	0
55	0	0	1044	24	995	2260	0	0	0	0
56	0	0	985	25	1009	2262	0	0	0	0
57	0	0	916	25	1023	2270	0	0	0	0
58	0	0	847	24	1045	2270	0	0	0	0
59	0	0	788	25	1062	2279	0	0	0	0
60	0	0	743	25	1082	2291	0	0	0	0
61	0	0	708	25	1101	2308	0	0	0	0
62	0	0	685	25	1117	2305	0	0	0	0
63	0	0	670	24	1128	2318	0	0	0	0
64	0	0	661	24	1139	2335	0	0	0	0
65	0	0	658	24	1147	2346	0	0	0	0
66	0	0	659	23	1158	2359	0	0	0	0
67	0	0	663	24	1160	2362	0	0	0	0
68	0	0	672	24	1157	2367	0	0	0	0
69	0	0	687	28	1152	2366	0	0	0	0
70	0	0	706	41	1147	2366	0	0	0	0
71	0	0	732	60	1142	2365	0	0	0	0
72	0	0	758	78	1138	2373	0	0	0	0
73	0	0	782	95	1133	2380	0	0	0	0
74	0	0	803	112	1131	2383	0	0	0	0
75	0	0	819	129	1131	2383	0	0	0	0
76	0	0	832	148	1129	2383	0	0	0	0
77	0	0	842	169	1129	2383	0	0	0	0
78	0	0	847	189	1127	2384	0	0	0	0
79	0	0	849	208	1125	2387	0	0	0	0
80	0	0	851	229	1123	2387	0	0	0	0
81	0	0	847	254	1122	2390	0	0	0	0
82	0	0	842	279	1118	2391	0	0	0	0
83	0	0	839	302	1113	2388	0	0	0	0
84	0	0	837	325	1107	2393	0	0	0	0
85	0	0	836	347	1097	2392	0	0	0	0
86	0	0	835	367	1088	2391	0	0	0	0
87	0	0	834	387	1076	2387	0	0	0	0
88	0	0	835	405	1062	2388	0	0	0	0
89	0	0	837	424	1047	2388	0	0	0	0
90	0	0	840	441	1030	2391	0	0	0	0
91	0	0	844	456	1015	2394	0	0	0	0
92	0	0	848	469	999	2396	0	0	0	0
93	0	0	852	480	980	2403	0	0	0	0
94	0	0	861	486	966	2405	0	0	0	0
95	0	0	867	489	948	2404	0	0	0	0
96	0	0	872	492	933	2407	0	0	0	0
97	0	0	879	495	918	2410	0	0	0	0
98	0	0	879	493	906	2410	0	0	0	0
99	0	0	886	494	896	2407	0	0	0	0
100	0	0	890	492	888	2404	0	0	0	0
101	0	0	895	491	882	2403	0	0	0	0
102	0	0	896	491	878	2397	0	0	0	0
103	0	0	897	500	875	2391	0	0	0	0
104	0	0	896	497	876	2388	0	0	0	0
105	0	0	890	503	873	2388	0	0	0	0
106	0	0	891	507	872	2391	0	0	0	0
107	0	0	888	521	866	2390	0	0	0	0
108	0	0	882	528	863	2388	0	0	0	0
109	0	0	879	533	860	2386	0	0	0	0
110	0	0	876	540	855	2384	0	0	0	0
111	0	0	872	548	851	2382	0	0	0	0
112	0	0	868	556	846	2379	0	0	0	0
113	0	0	862	564	843	2379	0	0	0	0
114	0	0	861	574	840	2375	0	0	0	0
115	0	0	859	583	837	2370	0	0	0	0
116	0	0	859	590	835	2363	0	0	0	0
117	0	0	858	600	835	2359	0	0	0	0
118	0	0	858	609	833	2354	0	0	0	0
119	0	0	857	618	833	2351	0	0	0	0
120	0	0	855	627	833	2346	0	0	0	0
121	0	0	852	636	833	2344	0	0	0	0
122	0	0	850	644	831	2342	0	0	0	0
123	0	0	846	651	829	2339	0	0	0	0
124	0	0	847	655	828	2342	0	0	0	0
125	0	0	847	658	827	2340	0	0	0	0
126	0	0	848	661	827	2336	0	0	0	0
127	0	0	846	666	825	2334	0	0	0	0
0	0	0	844	669	826	2334	0	0	0	0
1	0	0	844	672	825	2332	0	0	0	0
2	0	0	843	673	824	2330	0	0	0	0
3	0	0	842	673	825	2321	0	0	0	0
4	0	0	841	669	826	2318	0	0	0	0
5	0	0	838	665	828	2313	0	0	0	0
6	0	0	837	659	832	2305	0	0	0	0
7	0	0	835	654	835	2292	0	0	0	0
8	0	0	831	649	835	2288	0	0	0	0
9	0	0	827	646	835	2276	0	0	0	0
10	0	0	823	644	836	2269	0	0	0	0
11	0	0	820	640	837	2263	0	0	0	0
12	0	0	817	637	839	2253	0	0	0	0
13	0	0	814	633	841	2242	0	0	0	0
14	0	0	812	634	845	2231	0	0	0	0
15	0	0	810	630	849	2224	0	0	0	0
16	0	0	808	629	853	2212	0	0	0	0
17	0	0	808	629	856	2206	0	0	0	0
18	0	0	807	629	861	2200	0	0	0	0
19	0	0	806	630	864	2192	0	0	0	0
20	0	0	805	632	869	2180	0	0	0	0
21	0	0	805	634	872	2177	0	0	0	0
22	0	0	805	635	876	2168	0	0	0	0
23	0	0	806	637	881	2169	0	0	0	0
24	0	0	805	638	886	2163	0	0	0	0
25	0	0	805	643	889	2157	0	0	0	0
26	0	0	802	643	895	2153	0	0	0	0
27	0	0	799	645	900	2146	0	0	0	0
28	0	0	795	647	904	2132	0	0	0	0
29	0	0	792	650	907	2130	0	0	0	0
30	0	0	789	649	913	2127	0	0	0	0
31	0	0	785	648	918	2119	0	0	0	0
32	0	0	780	648	923	2113	0	0	0	0
33	0	0	777	649	929	2108	0	0	0	0
34	0	0	773	649	932	2104	0	0	0	0
35	0	0	768	648	936	2097	0	0	0	0
36	0	0	765	646	940	2090	0	0	0	0
37	0	0	761	646	943	2087	0	0	0	0
38	0	0	758	646	947	2076	0	0	0	0
39	0	0	755	645	949	2070	0	0	0	0
40	0	0	754	644	952	2065	0	0	0	0
41	0	0	751	645	954	2062	0	0	0	0
42	0	0	751	644	956	2048	0	0	0	0
43	0	0	749	641	959	2042	0	0	0	0
44	0	0	749	641	961	2034	0	0	0	0
45	0	0	747	641	963	2034	0	0	0	0
46	0	0	747	639	963	2023	0	0	0	0
47	0	0	747	639	964	2016	0	0	0	0
48	0	0	744	638	964	2010	0	0	0	0
49	0	0	745	637	964	2006	0	0	0	0
50	0	0	745	637	965	2001	0	0	0	0
51	0	0	745	637	964	1997	0	0	0	0
52	0	0	745	637	963	1996	0	0	0	0
53	0	0	745	638	961	1987	0	0	0	0
54	0	0	745	637	959	1983	0	0	0	0
55	0	0	745	636	957	1979	0	0	0	0
56	0	0	746	636	956	1983	0	0	0	0
57	0	0	746	636	954	1980	0	0	0	0
58	0	0	747	638	952	1978	0	0	0	0
59	0	0	748	639	948	1973	0	0	0	0
60	0	0	748	640	945	1969	0	0	0	0
61	0	0	747	641	943	1966	0	0	0	0
62	0	0	749	642	939	1960	0	0	0	0
63	0	0	748	645	935	1955	0	0	0	0
64	0	0	749	645	931	1954	0	0	0	0
65	0	0	749	647	927	1943	0	0	0	0
66	0	0	749	649	923	1936	0	0	0	0
67	0	0	750	650	920	1933	0	0	0	0
68	0	0	749	652	915	1932	0	0	0	0
69	0	0	750	654	911	1925	0	0	0	0
70	0	0	750	655	908	1925	0	0	0	0
71	0	0	749	657	903	1922	0	0	0	0
72	0	0	750	659	898	1922	0	0	0	0
73	0	0	751	660	896	1923	0	0	0	0
74	0	0	752	661	892	1920	0	0	0	0
75	0	0	752	662	888	1919	0	0	0	0
76	0	0	752	665	885	1920	0	0	0	0
77	0	0	752	666	882	1921	0	0	0	0
78	0	0	753	668	878	1923	0	0	0	0
79	0	0	753	670	875	1920	0	0	0	0
80	0	0	755	672	872	1916	0	0	0	0
81	0	0	756	673	871	1916	0	0	0	0
82	0	0	757	673	870	1918	0	0	0	0
83	0	0	758	675	866	1916	0	0	0	0
84	0	0	759	677	863	1915	0	0	0	0
85	0	0	760	678	862	1915	0	0	0	0
86	0	0	760	681	860	1913	0	0	0	0
87	0	0	761	681	858	1909	0	0	0	0
88	0	0	762	684	857	1910	0	0	0	0
89	0	0	762	686	856	1907	0	0	0	0
90	0	0	761	686	855	1906	0	0	0	0
91	0	0	763	689	854	1906	0	0	0	0
92	0	0	764	691	852	1904	0	0	0	0
93	0	0	764	693	851	1906	0	0	0	0
94	0	0	765	695	849	1902	0	0	0	0
95	0	0	764	697	848	1898	0	0	0	0
96	0	0	765	699	848	1894	0	0	0	0
97	0	0	766	701	847	1893	0	0	0	0
98	0	0	766	703	845	1891	0	0	0	0
99	0	0	767	706	843	1888	0	0	0	0
100	0	0	767	707	842	1889	0	0	0	0
101	0	0	767	709	840	1889	0	0	0	0
102	0	0	767	710	838	1890	0	0	0	0
103	0	0	767	710	837	1890	0	0	0	0
104	0	0	768	711	836	1889	0	0	0	0
105	0	0	768	712	834	1891	0	0	0	0
106	0	0	769	713	832	1893	0	0	0	0
107	0	0	769	713	831	1894	0	0	0	0
108	0	0	768	714	827	1896	0	0	0	0
109	0	0	768	713	825	1892	0	0	0	0
110	0	0	767	712	824	1891	0	0	0	0
111	0	0	766	710	822	1887	0	0	0	0
112	0	0	767	709	821	1888	0	0	0	0
113	0	0	766	708	819	1889	0	0	0	0
114	0	0	765	705	816	1893	0	0	0	0
115	0	0	765	705	815	1885	0	0	0	0
116	0	0	763	703	814	1886	0	0	0	0
117	0	0	762	703	812	1883	0	0	0	0
118	0	0	761	701	810	1885	0	0	0	0
119	0	0	761	699	809	1890	0	0	0	0
120	0	0	763	698	807	1891	0	0	0	0
121	0	0	764	698	807	1893	0	0	0	0
122	0	0	763	696	805	1899	0	0	0	0
123	0	0	765	697	804	1899	0	0	0	0
124	0	0	766	696	803	1898	0	0	0	0
125	0	0	767	698	800	1897	0	0	0	0
126	0	0	767	699	799	1899	0	0	0	0
127	0	0	769	701	796	1899	0	0	0	0
0	0	0	770	703	794	1904	0	0	0	0
1	0	0	770	706	792	1908	0	0	0	0
2	0	0	770	708	789	1908	0	0	0	0
3	0	0	772	713	786	1911	0	0	0	0
4	0	0	772	713	785	1915	0	0	0	0
5	0	0	773	714	784	1917	0	0	0	0
6	0	0	772	721	781	1919	0	0	0	0
7	0	0	774	723	780	1921	0	0	0	0
8	0	0	776	727	779	1923	0	0	0	0
9	0	0	774	729	779	1925	0	0	0	0
10	0	0	773	731	777	1924	0	0	0	0
11	0	0	773	734	775	1925	0	0	0	0
12	0	0	774	737	775	1926	0	0	0	0
13	0	0	775	741	773	1927	0	0	0	0
14	0	0	774	746	771	1927	0	0	0	0
15	0	0	773	748	769	1926	0	0	0	0
16	0	0	771	751	767	1927	0	0	0	0
17	0	0	770	754	767	1928	0	0	0	0
18	0	0	769	756	766	1932	0	0	0	0
19	0	0	768	758	764	1936	0	0	0	0
20	0	0	767	761	763	1939	0	0	0	0
21	0	0	767	762	762	1943	0	0	0	0
22	0	0	766	763	762	1942	0	0	0	0
23	0	0	765	763	762	1946	0	0	0	0
24	0	0	765	764	762	1944	0	0	0	0
25	0	0	764	764	762	1943	0	0	0	0
26	0	0	764	764	763	1942	0	0	0	0
27	0	0	766	763	764	1941	0	0	0	0
28	0	0	766	763	766	1942	0	0	0	0
29	0	0	764	763	766	1941	0	0	0	0
30	0	0	764	764	766	1939	0	0	0	0
31	0	0	762	764	767	1937	0	0	0	0
32	0	0	762	766	768	1936	0	0	0	0
33	0	0	763	766	769	1937	0	0	0	0
34	0	0	763	766	771	1939	0	0	0	0
35	0	0	763	766	771	1941	0	0	0	0
36	0	0	763	767	772	1941	0	0	0	0
37	0	0	763	769	773	1943	0	0	0	0
38	0	0	762	770	775	1945	0	0	0	0
39	0	0	761	771	774	1945	0	0	0	0
40	0	0	762	772	776	1946	0	0	0	0
41	0	0	762	773	776	1948	0	0	0	0
42	0	0	763	773	777	1948	0	0	0	0
43	0	0	763	773	779	1947	0	0	0	0
44	0	0	764	772	779	1951	0	0	0	0
45	0	0	763	772	780	1949	0	0	0	0
46	0	0	764	772	782	1948	0	0	0	0
47	0	0	765	770	784	1949	0	0	0	0
48	0	0	766	771	783	1946	0	0	0	0
49	0	0	767	768	785	1949	0	0	0	0
50	0	0	770	768	787	1952	0	0	0	0
51	0	0	770	767	787	1952	0	0	0	0
52	0	0	773	765	788	1950	0	0	0	0
53	0	0	772	765	790	1952	0	0	0	0
54	0	0	773	764	790	1952	0	0	0	0
55	0	0	774	761	791	1954	0	0	0	0
56	0	0	774	761	793	1954	0	0	0	0
57	0	0	776	759	795	1955	0	0	0	0
58	0	0	777	758	797	1958	0	0	0	0
59	0	0	778	755	798	1957	0	0	0	0
60	0	0	781	753	801	1960	0	0	0	0
61	0	0	783	753	802	1960	0	0	0	0
62	0	0	782	751	804	1962	0	0	0	0
63	0	0	784	750	805	1962	0	0	0	0
64	0	0	786	748	808	1959	0	0	0	0
65	0	0	786	745	810	1958	0	0	0	0
66	0	0	787	743	813	1953	0	0	0	0
67	0	0	789	742	814	1952	0	0	0	0
68	0	0	790	741	816	1948	0	0	0	0
69	0	0	790	739	817	1948	0	0	0	0
70	0	0	791	737	820	1945	0	0	0	0
71	0	0	791	735	822	1942	0	0	0	0
72	0	0	792	732	823	1943	0	0	0	0
73	0	0	793	730	827	1947	0	0	0	0
74	0	0	795	728	829	1954	0	0	0	0
75	0	0	795	727	830	1964	0	0	0	0
76	0	0	797	725	833	1974	0	0	0	0
77	0	0	798	722	834	1978	0	0	0	0
78	0	0	797	719	836	1983	0	0	0	0
79	0	0	798	717	840	1988	0	0	0	0
80	0	0	796	714	841	1987	0	0	0	0
81	0	0	797	711	842	1990	0	0	0	0
82	0	0	797	709	844	1984	0	0	0	0
83	0	0	796	706	846	1983	0	0	0	0
84	0	0	794	704	847	1981	0	0	0	0
85	0	0	793	701	848	1980	0	0	0	0
86	0	0	791	699	849	1981	0	0	0	0
87	0	0	790	696	850	1985	0	0	0	0
88	0	0	790	696	850	1980	0	0	0	0
89	0	0	787	693	849	1986	0	0	0	0
90	0	0	786	693	850	1989	0	0	0	0
91	0	0	783	692	849	1990	0	0	0	0
92	0	0	781	691	851	1991	0	0	0	0
93	0	0	780	690	851	2000	0	0	0	0
94	0	0	779	689	852	2011	0	0	0	0
95	0	0	777	688	852	2016	0	0	0	0
96	0	0	776	688	853	2018	0	0	0	0
97	0	0	775	686	853	2024	0	0	0	0
98	0	0	774	687	854	2028	0	0	0	0
99	0	0	774	686	854	2035	0	0	0	0
100	0	0	772	685	856	2042	0	0	0	0
101	0	0	771	685	857	2050	0	0	0	0
102	0	0	770	683	856	2054	0	0	0	0
103	0	0	770	683	859	2060	0	0	0	0
104	0	0	769	683	860	2067	0	0	0	0
105	0	0	767	682	862	2079	0	0	0	0
106	0	0	765	681	863	2082	0	0	0	0
107	0	0	763	680	864	2084	0	0	0	0
108	0	0	763	679	866	2090	0	0	0	0
109	0	0	761	678	867	2096	0	0	0	0
110	0	0	759	676	868	2099	0	0	0	0
111	0	0	758	675	869	2101	0	0	0	0
112	0	0	758	674	871	2103	0	0	0	0
113	0	0	757	672	873	2104	0	0	0	0
114	0	0	757	671	874	2107	0	0	0	0
115	0	0	757	669	875	2107	0	0	0	0
116	0	0	756	667	876	2107	0	0	0	0
117	0	0	757	665	878	2110	0	0	0	0
118	0	0	757	663	879	2114	0	0	0	0
119	0	0	755	661	879	2114	0	0	0	0
120	0	0	756	659	880	2117	0	0	0	0
121	0	0	756	656	882	2123	0	0	0	0
122	0	0	757	655	882	2127	0	0	0	0
123	0	0	755	653	885	2129	0	0	0	0
124	0	0	756	651	885	2134	0	0	0	0
125	0	0	757	649	886	2138	0	0	0	0
126	0	0	758	646	888	2139	0	0	0	0
127	0	0	757	645	889	2139	0	0	0	0
0	0	0	757	643	891	2142	0	0	0	0
1	0	0	758	641	893	2139	0	0	0	0
2	0	0	759	638	893	2138	0	0	0	0
3	0	0	759	636	895	2140	0	0	0	0
4	0	0	760	634	896	2140	0	0	0	0
5	0	0	759	633	899	2141	0	0	0	0
6	0	0	758	631	899	2143	0	0	0	0
7	0	0	758	629	901	2143	0	0	0	0
8	0	0	758	628	903	2143	0	0	0	0
9	0	0	758	627	905	2146	0	0	0	0
10	0	0	757	626	906	2146	0	0	0	0
11	0	0	756	625	907	2148	0	0	0	0
12	0	0	755	625	908	2150	0	0	0	0
13	0	0	755	624	909	2152	0	0	0	0
14	0	0	755	624	911	2154	0	0	0	0
15	0	0	755	623	912	2153	0	0	0	0
16	0	0	753	623	912	2156	0	0	0	0
17	0	0	753	622	914	2153	0	0	0	0
18	0	0	753	622	915	2151	0	0	0	0
19	0	0	753	621	916	2152	0	0	0	0
20	0	0	752	621	917	2152	0	0	0	0
21	0	0	752	620	918	2150	0	0	0	0
22	0	0	752	620	917	2150	0	0	0	0
23	0	0	752	619	917	2151	0	0	0	0
24	0	0	752	620	918	2153	0	0	0	0
25	0	0	752	621	918	2154	0	0	0	0
26	0	0	751	621	918	2154	0	0	0	0
27	0	0	751	623	918	2154	0	0	0	0
28	0	0	752	623	918	2154	0	0	0	0
29	0	0	752	624	917	2155	0	0	0	0
30	0	0	751	625	916	2156	0	0	0	0
31	0	0	751	626	916	2156	0	0	0	0
32	0	0	751	627	915	2154	0	0	0	0
33	0	0	753	629	914	2154	0	0	0	0
34	0	0	753	631	913	2156	0	0	0	0
35	0	0	755	632	912	2156	0	0	0	0
36	0	0	755	633	910	2158	0	0	0	0
37	0	0	755	635	910	2157	0	0	0	0
38	0	0	757	635	908	2156	0	0	0	0
39	0	0	756	637	906	2158	0	0	0	0
40	0	0	759	638	905	2163	0	0	0	0
41	0	0	761	639	904	2164	0	0	0	0
42	0	0	762	641	902	2164	0	0	0	0
43	0	0	763	642	899	2165	0	0	0	0
44	0	0	764	644	898	2166	0	0	0	0
45	0	0	766	646	896	2168	0	0	0	0
46	0	0	767	646	892	2171	0	0	0	0
47	0	0	767	648	892	2176	0	0	0	0
48	0	0	769	649	891	2179	0	0	0	0
49	0	0	769	651	889	2180	0	0	0	0
50	0	0	771	653	887	2183	0	0	0	0
51	0	0	771	654	884	2180	0	0	0	0
52	0	0	773	657	883	2183	0	0	0	0
53	0	0	775	658	881	2185	0	0	0	0
54	0	0	777	658	878	2188	0	0	0	0
55	0	0	778	661	877	2189	0	0	0	0
56	0	0	778	662	873	2190	0	0	0	0
57	0	0	781	664	872	2191	0	0	0	0
58	0	0	782	665	870	2192	0	0	0	0
59	0	0	782	667	868	2191	0	0	0	0
60	0	0	783	668	867	2189	0	0	0	0
61	0	0	784	670	864	2188	0	0	0	0
62	0	0	786	671	862	2188	0	0	0	0
63	0	0	787	672	860	2187	0	0	0	0
64	0	0	787	672	859	2188	0	0	0	0
65	0	0	789	674	857	2189	0	0	0	0
66	0	0	789	676	856	2190	0	0	0	0
67	0	0	791	677	853	2194	0	0	0	0
68	0	0	791	678	852	2197	0	0	0	0
69	0	0	792	680	849	2198	0	0	0	0
70	0	0	791	681	849	2201	0	0	0	0
71	0	0	793	682	846	2203	0	0	0	0
72	0	0	793	683	846	2204	0	0	0	0
73	0	0	793	684	844	2205	0	0	0	0
74	0	0	793	685	843	2210	0	0	0	0
75	0	0	794	685	841	2209	0	0	0	0
76	0	0	793	686	841	2210	0	0	0	0
77	0	0	793	687	841	2210	0	0	0	0
78	0	0	795	688	837	2209	0	0	0	0
79	0	0	794	686	838	2206	0	0	0	0
80	0	0	794	689	837	2205	0	0	0	0
81	0	0	795	690	836	2202	0	0	0	0
82	0	0	794	692	835	2201	0	0	0	0
83	0	0	794	692	834	2198	0	0	0	0
84	0	0	796	694	831	2200	0	0	0	0
85	0	0	794	695	832	2203	0	0	0	0
86	0	0	795	695	832	2203	0	0	0	0
87	0	0	794	696	830	2204	0	0	0	0
88	0	0	793	697	828	2206	0	0	0	0
89	0	0	793	697	829	2207	0	0	0	0
90	0	0	794	698	827	2206	0	0	0	0
91	0	0	794	699	826	2205	0	0	0	0
92	0	0	794	700	825	2204	0	0	0	0
93	0	0	794	700	825	2204	0	0	0	0
94	0	0	795	700	825	2206	0	0	0	0
95	0	0	794	701	825	2202	0	0	0	0
96	0	0	794	702	824	2202	0	0	0	0
97	0	0	792	703	823	2196	0	0	0	0
98	0	0	793	704	823	2194	0	0	0	0
99	0	0	792	704	822	2191	0	0	0	0
100	0	0	794	705	822	2190	0	0	0	0
101	0	0	794	705	821	2188	0	0	0	0
102	0	0	793	706	821	2185	0	0	0	0
103	0	0	793	706	820	2185	0	0	0	0
104	0	0	794	706	821	2181	0	0	0	0
105	0	0	794	705	821	2177	0	0	0	0
106	0	0	794	706	821	2177	0	0	0	0
107	0	0	794	706	820	2178	0	0	0	0
108	0	0	795	705	820	2176	0	0	0	0
109	0	0	796	704	820	2169	0	0	0	0
110	0	0	796	704	820	2159	0	0	0	0
111	0	0	796	703	821	2154	0	0	0	0
112	0	0	797	703	820	2152	0	0	0	0
113	0	0	798	703	820	2147	0	0	0	0
114	0	0	798	703	820	2139	0	0	0	0
115	0	0	798	702	820	2135	0	0	0	0
116	0	0	798	701	820	2130	0	0	0	0
117	0	0	798	701	820	2127	0	0	0	0
118	0	0	798	700	820	2121	0	0	0	0
119	0	0	800	700	820	2110	0	0	0	0
120	0	0	800	699	821	2105	0	0	0	0
121	0	0	800	698	821	2100	0	0	0	0
122	0	0	800	698	822	2096	0	0	0	0
123	0	0	798	697	822	2092	0	0	0	0
124	0	0	799	697	824	2086	0	0	0	0
125	0	0	798	696	823	2077	0	0	0	0
126	0	0	797	696	824	2069	0	0	0	0
127	0	0	796	695	823	2064	0	0	0	0
0	0	0	797	694	824	2054	0	0	0	0
1	0	0	796	694	825	2051	0	0	0	0
2	0	0	796	693	826	2050	0	0	0	0
3	0	0	794	693	826	2040	0	0	0	0
4	0	0	793	692	827	2033	0	0	0	0
5	0	0	794	692	828	2026	0	0	0	0
6	0	0	793	691	830	2020	0	0	0	0
7	0	0	792	691	829	2015	0	0	0	0
8	0	0	790	689	830	2006	0	0	0	0
9	0	0	790	689	832	1991	0	0	0	0
10	0	0	789	691	832	1976	0	0	0	0
11	0	0	788	689	834	1967	0	0	0	0
12	0	0	788	687	835	1963	0	0	0	0
13	0	0	785	687	836	1956	0	0	0	0
14	0	0	785	686	837	1951	0	0	0	0
15	0	0	785	686	839	1946	0	0	0	0
16	0	0	783	685	839	1938	0	0	0	0
17	0	0	784	684	841	1928	0	0	0	0
18	0	0	782	684	843	1922	0	0	0	0
19	0	0	781	683	844	1921	0	0	0	0
20	0	0	780	682	845	1915	0	0	0	0
21	0	0	778	682	846	1891	0	0	0	0
22	0	0	778	681	847	1873	0	0	0	0
23	0	0	775	681	847	1860	0	0	0	0
24	0	0	773	679	849	1845	0	0	0	0
25	0	0	775	678	850	1848	0	0	0	0
26	0	0	773	678	851	1845	0	0	0	0
27	0	0	773	676	853	1840	0	0	0	0
28	0	0	772	673	854	1831	0	0	0	0
29	0	0	771	672	856	1813	0	0	0	0
30	0	0	772	670	857	1797	0	0	0	0
31	0	0	772	667	859	1783	0	0	0	0
32	0	0	771	665	861	1775	0	0	0	0
33	0	0	771	663	862	1778	0	0	0	0
34	0	0	771	660	863	1773	0	0	0	0
35	0	0	771	658	867	1769	0	0	0	0
36	0	0	772	656	867	1763	0	0	0	0
37	0	0	774	653	869	1755	0	0	0	0
38	0	0	775	650	871	1752	0	0	0	0
39	0	0	776	647	873	1743	0	0	0	0
40	0	0	777	644	875	1742	0	0	0	0
41	0	0	778	642	876	1733	0	0	0	0
42	0	0	777	638	878	1734	0	0	0	0
43	0	0	780	636	880	1728	0	0	0	0
44	0	0	781	633	880	1718	0	0	0	0
45	0	0	780	631	882	1715	0	0	0	0
46	0	0	785	628	884	1710	0	0	0	0
47	0	0	784	625	885	1706	0	0	0	0
48	0	0	786	623	886	1704	0	0	0	0
49	0	0	786	621	886	1704	0	0	0	0
50	0	0	786	619	887	1698	0	0	0	0
51	0	0	787	616	888	1691	0	0	0	0
52	0	0	788	614	889	1689	0	0	0	0
53	0	0	790	612	890	1681	0	0	0	0
54	0	0	791	610	890	1680	0	0	0	0
55	0	0	791	608	890	1681	0	0	0	0
56	0	0	791	606	891	1676	0	0	0	0
57	0	0	791	605	892	1668	0	0	0	0
58	0	0	791	603	891	1662	0	0	0	0
59	0	0	791	602	892	1655	0	0	0	0
60	0	0	790	600	893	1640	0	0	0	0
61	0	0	789	598	891	1632	0	0	0	0
62	0	0	789	597	891	1630	0	0	0	0
63	0	0	789	596	891	1630	0	0	0	0
64	0	0	787	594	892	1631	0	0	0	0
65	0	0	785	594	892	1628	0	0	0	0
66	0	0	785	593	890	1625	0	0	0	0
67	0	0	783	591	890	1623	0	0	0	0
68	0	0	783	591	889	1620	0	0	0	0
69	0	0	782	591	889	1620	0	0	0	0
70	0	0	781	590	889	1616	0	0	0	0
71	0	0	779	591	889	1615	0	0	0	0
72	0	0	777	589	889	1609	0	0	0	0
73	0	0	776	590	888	1608	0	0	0	0
74	0	0	776	590	888	1608	0	0	0	0
75	0	0	774	590	887	1607	0	0	0	0
76	0	0	773	590	886	1604	0	0	0	0
77	0	0	770	591	886	1603	0	0	0	0
78	0	0	771	591	887	1603	0	0	0	0
79	0	0	770	592	887	1604	0	0	0	0
80	0	0	769	593	886	1600	0	0	0	0
81	0	0	767	595	885	1592	0	0	0	0
82	0	0	766	596	885	1586	0	0	0	0
83	0	0	765	597	884	1579	0	0	0	0
84	0	0	764	598	885	1575	0	0	0	0
85	0	0	763	600	884	1570	0	0	0	0
86	0	0	763	600	883	1568	0	0	0	0
87	0	0	763	603	882	1560	0	0	0	0
88	0	0	762	603	881	1547	0	0	0	0
89	0	0	763	605	880	1547	0	0	0	0
90	0	0	762	606	880	1546	0	0	0	0
91	0	0	763	608	878	1543	0	0	0	0
92	0	0	763	609	878	1538	0	0	0	0
93	0	0	764	611	877	1536	0	0	0	0
94	0	0	763	613	876	1534	0	0	0	0
95	0	0	762	614	875	1529	0	0	0	0
96	0	0	764	615	874	1529	0	0	0	0
97	0	0	763	617	873	1533	0	0	0	0
98	0	0	765	618	873	1532	0	0	0	0
99	0	0	764	619	872	1528	0	0	0	0
100	0	0	765	620	870	1532	0	0	0	0
101	0	0	765	622	870	1536	0	0	0	0
102	0	0	766	624	869	1536	0	0	0	0
103	0	0	766	625	869	1531	0	0	0	0
104	0	0	766	626	867	1532	0	0	0	0
105	0	0	767	627	866	1532	0	0	0	0
106	0	0	768	629	866	1530	0	0	0	0
107	0	0	768	631	864	1526	0	0	0	0
108	0	0	768	631	865	1524	0	0	0	0
109	0	0	769	634	865	1523	0	0	0	0
110	0	0	770	635	865	1527	0	0	0	0
111	0	0	770	636	863	1526	0	0	0	0
112	0	0	773	638	863	1524	0	0	0	0
113	0	0	773	639	862	1522	0	0	0	0
114	0	0	773	641	861	1523	0	0	0	0
115	0	0	774	642	862	1524	0	0	0	0
116	0	0	775	645	861	1523	0	0	0	0
117	0	0	775	646	861	1524	0	0	0	0
118	0	0	777	648	861	1523	0	0	0	0
119	0	0	778	649	859	1523	0	0	0	0
120	0	0	778	651	859	1521	0	0	0	0
121	0	0	780	654	859	1525	0	0	0	0
122	0	0	780	654	859	1527	0	0	0	0
123	0	0	781	656	857	1526	0	0	0	0
124	0	0	781	658	858	1526	0	0	0	0
125	0	0	782	659	857	1528	0	0	0	0
126	0	0	784	661	856	1527	0	0	0	0
127	0	0	784	662	855	1525	0	0	0	0
0	0	0	785	663	855	1526	0	0	0	0
1	0	0	786	664	855	1526	0	0	0	0
2	0	0	787	665	854	1527	0	0	0	0
3	0	0	787	667	854	1528	0	0	0	0
4	0	0	787	668	853	1529	0	0	0	0
5	0	0	786	669	854	1527	0	0	0	0
6	0	0	788	669	854	1527	0	0	0	0
7	0	0	788	670	854	1526	0	0	0	0
8	0	0	788	672	853	1522	0	0	0	0
9	0	0	788	671	853	1525	0	0	0	0
10	0	0	789	672	852	1526	0	0	0	0
11	0	0	790	673	852	1526	0	0	0	0
12	0	0	791	674	853	1526	0	0	0	0
13	0	0	791	675	853	1528	0	0	0	0
14	0	0	790	675	852	1529	0	0	0	0
15	0	0	790	676	851	1530	0	0	0	0
16	0	0	791	677	851	1532	0	0	0	0
17	0	0	792	678	851	1531	0	0	0	0
18	0	0	793	680	850	1532	0	0	0	0
19	0	0	793	680	850	1532	0	0	0	0
20	0	0	793	681	851	1536	0	0	0	0
21	0	0	793	683	850	1539	0	0	0	0
22	0	0	793	683	850	1539	0	0	0	0
23	0	0	793	685	851	1536	0	0	0	0
24	0	0	792	684	851	1533	0	0	0	0
25	0	0	794	686	851	1536	0	0	0	0
26	0	0	793	686	851	1537	0	0	0	0
27	0	0	792	687	850	1537	0	0	0	0
28	0	0	793	687	851	1534	0	0	0	0
29	0	0	793	688	851	1536	0	0	0	0
30	0	0	793	689	851	1538	0	0	0	0
31	0	0	791	690	851	1539	0	0	0	0
32	0	0	792	691	851	1540	0	0	0	0
33	0	0	792	690	852	1541	0	0	0	0
34	0	0	792	690	851	1542	0	0	0	0
35	0	0	792	691	851	1542	0	0	0	0
36	0	0	793	693	851	1541	0	0	0	0
37	0	0	793	693	851	1542	0	0	0	0
38	0	0	793	691	851	1543	0	0	0	0
39	0	0	794	692	851	1542	0	0	0	0
40	0	0	794	693	851	1542	0	0	0	0
41	0	0	793	693	851	1543	0	0	0	0
42	0	0	794	693	851	1540	0	0	0	0
43	0	0	793	692	851	1541	0	0	0	0
44	0	0	793	692	850	1541	0	0	0	0
45	0	0	793	692	850	1542	0	0	0	0
46	0	0	794	692	851	1542	0	0	0	0
47	0	0	794	691	850	1539	0	0	0	0
48	0	0	795	691	850	1540	0	0	0	0
49	0	0	793	691	850	1543	0	0	0	0
50	0	0	794	691	850	1543	0	0	0	0
51	0	0	794	690	850	1543	0	0	0	0
52	0	0	794	690	850	1543	0	0	0	0
53	0	0	794	690	849	1544	0	0	0	0
54	0	0	794	689	850	1545	0	0	0	0
55	0	0	794	689	850	1546	0	0	0	0
56	0	0	793	687	850	1546	0	0	0	0
57	0	0	793	686	850	1549	0	0	0	0
58	0	0	794	686	850	1549	0	0	0	0
59	0	0	793	684	851	1550	0	0	0	0
60	0	0	793	683	851	1549	0	0	0	0
61	0	0	794	683	851	1549	0	0	0	0
62	0	0	794	682	850	1549	0	0	0	0
63	0	0	794	681	850	1549	0	0	0	0
64	0	0	793	680	850	1549	0	0	0	0
65	0	0	794	678	850	1549	0	0	0	0
66	0	0	794	677	850	1547	0	0	0	0
67	0	0	794	676	850	1546	0	0	0	0
68	0	0	795	675	850	1547	0	0	0	0
69	0	0	794	674	850	1549	0	0	0	0
70	0	0	793	673	850	1551	0	0	0	0
71	0	0	794	672	850	1553	0	0	0	0
72	0	0	794	672	850	1554	0	0	0	0
73	0	0	793	671	850	1552	0	0	0	0
74	0	0	792	671	850	1554	0	0	0	0
75	0	0	794	670	850	1554	0	0	0	0
76	0	0	792	668	850	1557	0	0	0	0
77	0	0	792	667	850	1561	0	0	0	0
78	0	0	792	667	850	1561	0	0	0	0
79	0	0	790	666	851	1563	0	0	0	0
80	0	0	790	664	851	1564	0	0	0	0
81	0	0	789	665	852	1566	0	0	0	0
82	0	0	788	663	851	1567	0	0	0	0
83	0	0	787	663	852	1566	0	0	0	0
84	0	0	785	662	852	1569	0	0	0	0
85	0	0	788	662	853	1567	0	0	0	0
86	0	0	787	660	853	1570	0	0	0	0
87	0	0	785	660	853	1573	0	0	0	0
88	0	0	783	660	854	1574	0	0	0	0
