# bioPlux Text File Format
# Version: 1
# StartDateTime: 2012-03-21 18:18:07
# SamplingFrequency: 1000
# SampledChannels: 1 2 3 4 5 6 7 8
# SamplingResolution: 12
# AcquiringDevice: 00:07:80:93:66:BE
# EndOfHeader
0	0	0	759	694	851	1914	0	0	0	0
1	0	0	758	695	850	1912	0	0	0	0
2	0	0	758	694	851	1910	0	0	0	0
3	0	0	758	695	850	1910	0	0	0	0
4	0	0	758	696	849	1909	0	0	0	0
5	0	0	758	697	848	1907	0	0	0	0
6	0	0	758	697	849	1907	0	0	0	0
7	0	0	758	697	849	1907	0	0	0	0
8	0	0	758	698	848	1906	0	0	0	0
9	0	0	758	698	848	1904	0	0	0	0
10	0	0	759	699	847	1900	0	0	0	0
11	0	0	759	699	847	1895	0	0	0	0
12	0	0	759	700	847	1891	0	0	0	0
13	0	0	759	701	847	1883	0	0	0	0
14	0	0	759	701	845	1871	0	0	0	0
15	0	0	760	701	845	1860	0	0	0	0
16	0	0	761	702	844	1856	0	0	0	0
17	0	0	760	703	844	1851	0	0	0	0
18	0	0	760	704	844	1850	0	0	0	0
19	0	0	760	704	843	1846	0	0	0	0
20	0	0	760	705	844	1842	0	0	0	0
21	0	0	760	706	840	1840	0	0	0	0
22	0	0	761	707	842	1835	0	0	0	0
23	0	0	761	707	841	1833	0	0	0	0
24	0	0	760	708	841	1826	0	0	0	0
25	0	0	760	708	841	1821	0	0	0	0
26	0	0	761	709	841	1820	0	0	0	0
27	0	0	761	709	840	1818	0	0	0	0
28	0	0	761	710	840	1817	0	0	0	0
29	0	0	762	710	840	1809	0	0	0	0
30	0	0	761	711	839	1807	0	0	0	0
31	0	0	762	711	840	1802	0	0	0	0
32	0	0	762	712	840	1801	0	0	0	0
33	0	0	762	713	839	1796	0	0	0	0
34	0	0	763	714	839	1790	0	0	0	0
35	0	0	763	715	839	1785	0	0	0	0
36	0	0	763	715	838	1778	0	0	0	0
37	0	0	764	715	839	1773	0	0	0	0
38	0	0	764	716	837	1765	0	0	0	0
39	0	0	763	716	838	1756	0	0	0	0
40	0	0	763	717	839	1750	0	0	0	0
41	0	0	763	718	839	1745	0	0	0	0
42	0	0	763	718	839	1738	0	0	0	0
43	0	0	762	718	840	1725	0	0	0	0
44	0	0	762	718	840	1717	0	0	0	0
45	0	0	764	718	839	1709	0	0	0	0
46	0	0	766	718	838	1708	0	0	0	0
47	0	0	766	719	837	1707	0	0	0	0
48	0	0	767	720	837	1697	0	0	0	0
49	0	0	767	720	837	1694	0	0	0	0
50	0	0	768	720	837	1694	0	0	0	0
51	0	0	768	721	836	1691	0	0	0	0
52	0	0	768	721	836	1691	0	0	0	0
53	0	0	769	721	836	1691	0	0	0	0
54	0	0	770	721	835	1690	0	0	0	0
55	0	0	771	722	834	1688	0	0	0	0
56	0	0	772	722	834	1685	0	0	0	0
57	0	0	772	723	833	1681	0	0	0	0
58	0	0	773	722	834	1677	0	0	0	0
59	0	0	774	722	834	1672	0	0	0	0
60	0	0	774	723	833	1668	0	0	0	0
61	0	0	775	724	833	1665	0	0	0	0
62	0	0	775	724	833	1661	0	0	0	0
63	0	0	776	724	833	1659	0	0	0	0
64	0	0	776	724	832	1658	0	0	0	0
65	0	0	778	723	833	1657	0	0	0	0
66	0	0	779	723	832	1657	0	0	0	0
67	0	0	779	723	833	1657	0	0	0	0
68	0	0	779	725	831	1658	0	0	0	0
69	0	0	779	724	831	1657	0	0	0	0
70	0	0	780	725	831	1656	0	0	0	0
71	0	0	780	725	831	1653	0	0	0	0
72	0	0	781	725	830	1653	0	0	0	0
73	0	0	783	725	830	1653	0	0	0	0
74	0	0	783	725	829	1653	0	0	0	0
75	0	0	785	724	829	1652	0	0	0	0
76	0	0	784	724	829	1648	0	0	0	0
77	0	0	784	723	830	1643	0	0	0	0
78	0	0	785	723	829	1642	0	0	0	0
79	0	0	786	723	829	1639	0	0	0	0
80	0	0	787	724	828	1637	0	0	0	0
81	0	0	786	723	828	1629	0	0	0	0
82	0	0	787	723	828	1628	0	0	0	0
83	0	0	787	722	827	1627	0	0	0	0
84	0	0	787	722	826	1625	0	0	0	0
85	0	0	788	722	826	1629	0	0	0	0
86	0	0	788	722	826	1622	0	0	0	0
87	0	0	788	721	827	1622	0	0	0	0
88	0	0	788	720	827	1619	0	0	0	0
89	0	0	789	720	827	1617	0	0	0	0
90	0	0	790	719	826	1617	0	0	0	0
91	0	0	789	720	826	1613	0	0	0	0
92	0	0	788	718	826	1612	0	0	0	0
93	0	0	789	717	827	1612	0	0	0	0
94	0	0	789	716	826	1615	0	0	0	0
95	0	0	789	715	827	1614	0	0	0	0
96	0	0	789	715	827	1609	0	0	0	0
97	0	0	790	715	826	1605	0	0	0	0
98	0	0	788	713	827	1598	0	0	0	0
99	0	0	787	712	828	1593	0	0	0	0
100	0	0	788	712	828	1589	0	0	0	0
101	0	0	789	710	828	1586	0	0	0	0
102	0	0	788	708	828	1583	0	0	0	0
103	0	0	787	708	827	1577	0	0	0	0
104	0	0	787	708	828	1571	0	0	0	0
105	0	0	787	706	828	1566	0	0	0	0
106	0	0	789	706	828	1564	0	0	0	0
107	0	0	789	705	829	1564	0	0	0	0
108	0	0	788	704	829	1563	0	0	0	0
109	0	0	787	703	829	1562	0	0	0	0
110	0	0	786	703	829	1561	0	0	0	0
111	0	0	787	701	830	1564	0	0	0	0
112	0	0	787	699	830	1563	0	0	0	0
113	0	0	787	699	830	1564	0	0	0	0
114	0	0	787	698	831	1564	0	0	0	0
115	0	0	787	698	830	1562	0	0	0	0
116	0	0	788	697	831	1560	0	0	0	0
117	0	0	788	695	832	1561	0	0	0	0
118	0	0	788	697	832	1560	0	0	0	0
119	0	0	788	695	833	1548	0	0	0	0
120	0	0	788	695	832	1546	0	0	0	0
121	0	0	788	695	833	1545	0	0	0	0
122	0	0	789	693	832	1546	0	0	0	0
123	0	0	788	693	832	1533	0	0	0	0
124	0	0	788	692	833	1527	0	0	0	0
125	0	0	787	692	833	1527	0	0	0	0
126	0	0	787	692	833	1529	0	0	0	0
127	0	0	786	692	834	1527	0	0	0	0
0	0	0	785	692	835	1528	0	0	0	0
1	0	0	785	691	835	1527	0	0	0	0
2	0	0	786	691	834	1528	0	0	0	0
3	0	0	786	689	835	1530	0	0	0	0
4	0	0	785	689	835	1530	0	0	0	0
5	0	0	786	689	836	1528	0	0	0	0
6	0	0	785	688	835	1528	0	0	0	0
7	0	0	784	688	835	1528	0	0	0	0
8	0	0	785	688	835	1527	0	0	0	0
9	0	0	783	687	835	1528	0	0	0	0
10	0	0	784	688	835	1528	0	0	0	0
11	0	0	785	687	835	1529	0	0	0	0
12	0	0	783	687	835	1527	0	0	0	0
13	0	0	783	688	834	1527	0	0	0	0
14	0	0	782	685	834	1529	0	0	0	0
15	0	0	782	686	834	1530	0	0	0	0
16	0	0	782	686	835	1532	0	0	0	0
17	0	0	781	685	834	1533	0	0	0	0
18	0	0	780	686	832	1533	0	0	0	0
19	0	0	778	685	833	1534	0	0	0	0
20	0	0	778	685	833	1536	0	0	0	0
21	0	0	777	685	832	1533	0	0	0	0
22	0	0	778	685	833	1536	0	0	0	0
23	0	0	777	684	833	1538	0	0	0	0
24	0	0	776	683	832	1537	0	0	0	0
25	0	0	776	685	830	1538	0	0	0	0
26	0	0	774	685	829	1538	0	0	0	0
27	0	0	774	684	829	1537	0	0	0	0
28	0	0	775	683	830	1534	0	0	0	0
29	0	0	774	680	830	1537	0	0	0	0
30	0	0	776	679	830	1537	0	0	0	0
31	0	0	776	678	832	1536	0	0	0	0
32	0	0	775	678	831	1536	0	0	0	0
33	0	0	774	678	831	1534	0	0	0	0
34	0	0	774	679	831	1532	0	0	0	0
35	0	0	773	678	830	1532	0	0	0	0
36	0	0	773	679	830	1529	0	0	0	0
37	0	0	773	679	829	1530	0	0	0	0
38	0	0	774	679	828	1529	0	0	0	0
39	0	0	774	679	828	1531	0	0	0	0
40	0	0	773	679	828	1531	0	0	0	0
41	0	0	772	679	828	1533	0	0	0	0
42	0	0	771	680	827	1533	0	0	0	0
43	0	0	772	680	827	1542	0	0	0	0
44	0	0	773	680	827	1546	0	0	0	0
45	0	0	773	681	827	1543	0	0	0	0
46	0	0	773	681	825	1549	0	0	0	0
47	0	0	772	682	825	1552	0	0	0	0
48	0	0	772	682	825	1551	0	0	0	0
49	0	0	773	682	825	1548	0	0	0	0
50	0	0	772	683	825	1546	0	0	0	0
51	0	0	772	684	825	1555	0	0	0	0
52	0	0	772	686	825	1560	0	0	0	0
53	0	0	772	685	826	1561	0	0	0	0
54	0	0	772	684	825	1563	0	0	0	0
55	0	0	772	685	826	1568	0	0	0	0
56	0	0	773	685	826	1572	0	0	0	0
57	0	0	773	685	826	1576	0	0	0	0
58	0	0	773	686	828	1578	0	0	0	0
59	0	0	773	687	827	1582	0	0	0	0
60	0	0	773	687	827	1585	0	0	0	0
61	0	0	773	687	828	1592	0	0	0	0
62	0	0	773	688	828	1598	0	0	0	0
63	0	0	773	689	827	1600	0	0	0	0
64	0	0	772	689	829	1599	0	0	0	0
65	0	0	773	689	829	1604	0	0	0	0
66	0	0	773	690	830	1604	0	0	0	0
67	0	0	774	691	829	1607	0	0	0	0
68	0	0	774	690	830	1614	0	0	0	0
69	0	0	774	690	831	1614	0	0	0	0
70	0	0	774	692	831	1617	0	0	0	0
71	0	0	780	692	833	1621	0	0	0	0
72	0	0	777	693	833	1621	0	0	0	0
73	0	0	777	694	834	1623	0	0	0	0
74	0	0	778	693	835	1626	0	0	0	0
75	0	0	778	693	836	1633	0	0	0	0
76	0	0	778	692	835	1641	0	0	0	0
77	0	0	776	693	836	1642	0	0	0	0
78	0	0	777	693	837	1649	0	0	0	0
79	0	0	777	693	837	1654	0	0	0	0
80	0	0	776	693	837	1660	0	0	0	0
81	0	0	776	694	838	1669	0	0	0	0
82	0	0	775	695	837	1679	0	0	0	0
83	0	0	774	695	838	1687	0	0	0	0
84	0	0	773	696	838	1691	0	0	0	0
85	0	0	773	695	839	1694	0	0	0	0
86	0	0	773	694	840	1697	0	0	0	0
87	0	0	773	696	841	1697	0	0	0	0
88	0	0	772	696	839	1700	0	0	0	0
89	0	0	772	696	841	1702	0	0	0	0
90	0	0	772	696	840	1701	0	0	0	0
91	0	0	773	697	841	1703	0	0	0	0
92	0	0	772	696	842	1703	0	0	0	0
93	0	0	772	696	841	1704	0	0	0	0
94	0	0	772	697	843	1707	0	0	0	0
95	0	0	773	698	843	1711	0	0	0	0
96	0	0	775	699	843	1720	0	0	0	0
97	0	0	770	699	843	1737	0	0	0	0
98	0	0	770	699	841	1741	0	0	0	0
99	0	0	770	699	843	1750	0	0	0	0
100	0	0	770	699	844	1757	0	0	0	0
101	0	0	768	700	844	1769	0	0	0	0
102	0	0	768	700	845	1783	0	0	0	0
103	0	0	769	700	845	1786	0	0	0	0
104	0	0	768	700	845	1787	0	0	0	0
105	0	0	768	700	845	1793	0	0	0	0
106	0	0	769	701	846	1796	0	0	0	0
107	0	0	767	701	846	1798	0	0	0	0
108	0	0	767	703	846	1802	0	0	0	0
109	0	0	767	702	847	1806	0	0	0	0
110	0	0	769	701	848	1810	0	0	0	0
111	0	0	767	702	849	1813	0	0	0	0
112	0	0	768	701	848	1816	0	0	0	0
113	0	0	768	701	849	1819	0	0	0	0
114	0	0	769	700	849	1823	0	0	0	0
115	0	0	768	700	849	1826	0	0	0	0
116	0	0	768	700	851	1827	0	0	0	0
117	0	0	767	700	850	1828	0	0	0	0
118	0	0	768	699	850	1829	0	0	0	0
119	0	0	769	698	850	1834	0	0	0	0
120	0	0	769	697	851	1834	0	0	0	0
121	0	0	771	695	851	1832	0	0	0	0
122	0	0	770	695	851	1837	0	0	0	0
123	0	0	771	695	852	1842	0	0	0	0
124	0	0	771	694	851	1847	0	0	0	0
125	0	0	772	693	853	1858	0	0	0	0
126	0	0	771	691	853	1860	0	0	0	0
127	0	0	770	690	855	1862	0	0	0	0
0	0	0	771	689	855	1861	0	0	0	0
1	0	0	771	688	855	1861	0	0	0	0
2	0	0	770	686	855	1867	0	0	0	0
3	0	0	769	685	857	1868	0	0	0	0
4	0	0	771	683	857	1873	0	0	0	0
5	0	0	770	680	857	1874	0	0	0	0
6	0	0	771	680	858	1879	0	0	0	0
7	0	0	771	679	860	1884	0	0	0	0
8	0	0	771	677	861	1888	0	0	0	0
9	0	0	770	677	861	1895	0	0	0	0
10	0	0	770	675	861	1898	0	0	0	0
11	0	0	769	673	862	1900	0	0	0	0
12	0	0	770	671	862	1905	0	0	0	0
13	0	0	770	669	863	1909	0	0	0	0
14	0	0	769	666	865	1913	0	0	0	0
15	0	0	769	665	867	1919	0	0	0	0
16	0	0	769	662	867	1924	0	0	0	0
17	0	0	769	661	869	1928	0	0	0	0
18	0	0	769	659	871	1929	0	0	0	0
19	0	0	769	658	873	1931	0	0	0	0
20	0	0	768	655	874	1935	0	0	0	0
21	0	0	769	653	876	1940	0	0	0	0
22	0	0	768	651	876	1946	0	0	0	0
23	0	0	768	649	878	1949	0	0	0	0
24	0	0	768	647	879	1950	0	0	0	0
25	0	0	767	647	882	1954	0	0	0	0
26	0	0	767	644	883	1958	0	0	0	0
27	0	0	767	643	885	1964	0	0	0	0
28	0	0	767	642	887	1977	0	0	0	0
29	0	0	767	640	889	1982	0	0	0	0
30	0	0	767	638	891	1985	0	0	0	0
31	0	0	766	636	893	1996	0	0	0	0
32	0	0	766	634	896	2002	0	0	0	0
33	0	0	766	632	899	2008	0	0	0	0
34	0	0	764	630	899	2015	0	0	0	0
35	0	0	765	629	900	2022	0	0	0	0
36	0	0	765	626	901	2023	0	0	0	0
37	0	0	766	625	903	2031	0	0	0	0
38	0	0	766	623	906	2039	0	0	0	0
39	0	0	766	621	908	2046	0	0	0	0
40	0	0	764	618	910	2049	0	0	0	0
41	0	0	763	615	912	2048	0	0	0	0
42	0	0	764	612	914	2050	0	0	0	0
43	0	0	763	609	915	2062	0	0	0	0
44	0	0	760	606	917	2064	0	0	0	0
45	0	0	761	604	920	2067	0	0	0	0
46	0	0	761	601	921	2069	0	0	0	0
47	0	0	760	599	924	2074	0	0	0	0
48	0	0	758	598	924	2078	0	0	0	0
49	0	0	758	595	926	2082	0	0	0	0
50	0	0	756	595	928	2089	0	0	0	0
51	0	0	755	593	930	2101	0	0	0	0
52	0	0	753	593	930	2108	0	0	0	0
53	0	0	752	592	931	2112	0	0	0	0
54	0	0	750	592	932	2119	0	0	0	0
55	0	0	749	590	934	2124	0	0	0	0
56	0	0	748	589	935	2130	0	0	0	0
57	0	0	747	588	936	2131	0	0	0	0
58	0	0	747	588	937	2134	0	0	0	0
59	0	0	747	588	939	2138	0	0	0	0
60	0	0	746	587	940	2146	0	0	0	0
61	0	0	745	587	941	2152	0	0	0	0
62	0	0	745	587	940	2156	0	0	0	0
63	0	0	745	586	940	2160	0	0	0	0
64	0	0	745	586	941	2169	0	0	0	0
65	0	0	744	587	940	2173	0	0	0	0
66	0	0	746	586	941	2181	0	0	0	0
67	0	0	745	585	941	2190	0	0	0	0
68	0	0	745	585	941	2192	0	0	0	0
69	0	0	745	584	943	2202	0	0	0	0
70	0	0	744	585	940	2204	0	0	0	0
71	0	0	743	585	941	2208	0	0	0	0
72	0	0	743	584	941	2210	0	0	0	0
73	0	0	742	585	941	2212	0	0	0	0
74	0	0	742	583	940	2217	0	0	0	0
75	0	0	741	583	939	2221	0	0	0	0
76	0	0	741	584	937	2226	0	0	0	0
77	0	0	742	584	936	2229	0	0	0	0
78	0	0	742	585	935	2231	0	0	0	0
79	0	0	740	585	933	2233	0	0	0	0
80	0	0	740	586	931	2233	0	0	0	0
81	0	0	740	587	929	2235	0	0	0	0
82	0	0	740	586	927	2240	0	0	0	0
83	0	0	738	586	925	2242	0	0	0	0
84	0	0	738	587	922	2244	0	0	0	0
85	0	0	738	586	920	2246	0	0	0	0
86	0	0	738	586	918	2251	0	0	0	0
87	0	0	736	586	915	2256	0	0	0	0
88	0	0	736	586	913	2260	0	0	0	0
89	0	0	735	587	911	2264	0	0	0	0
90	0	0	735	587	910	2268	0	0	0	0
91	0	0	735	585	908	2274	0	0	0	0
92	0	0	733	585	906	2276	0	0	0	0
93	0	0	734	585	904	2278	0	0	0	0
94	0	0	733	585	904	2278	0	0	0	0
95	0	0	730	585	903	2279	0	0	0	0
96	0	0	729	585	902	2289	0	0	0	0
97	0	0	727	586	901	2293	0	0	0	0
98	0	0	726	585	900	2296	0	0	0	0
99	0	0	725	585	900	2300	0	0	0	0
100	0	0	724	585	900	2304	0	0	0	0
101	0	0	723	585	900	2305	0	0	0	0
102	0	0	723	585	899	2308	0	0	0	0
103	0	0	722	583	899	2310	0	0	0	0
104	0	0	719	584	899	2319	0	0	0	0
105	0	0	719	583	899	2322	0	0	0	0
106	0	0	717	582	898	2327	0	0	0	0
107	0	0	715	581	898	2334	0	0	0	0
108	0	0	714	579	901	2340	0	0	0	0
109	0	0	714	576	903	2347	0	0	0	0
110	0	0	713	572	905	2350	0	0	0	0
111	0	0	712	570	906	2357	0	0	0	0
112	0	0	711	569	907	2366	0	0	0	0
113	0	0	709	568	908	2372	0	0	0	0
114	0	0	709	565	909	2378	0	0	0	0
115	0	0	708	563	910	2383	0	0	0	0
116	0	0	708	561	911	2388	0	0	0	0
117	0	0	707	559	912	2398	0	0	0	0
118	0	0	707	557	913	2403	0	0	0	0
119	0	0	708	556	916	2407	0	0	0	0
120	0	0	709	554	917	2412	0	0	0	0
121	0	0	710	553	919	2418	0	0	0	0
122	0	0	711	551	919	2427	0	0	0	0
123	0	0	711	550	921	2431	0	0	0	0
124	0	0	712	548	923	2434	0	0	0	0
125	0	0	714	547	924	2438	0	0	0	0
126	0	0	714	545	926	2442	0	0	0	0
127	0	0	715	544	927	2445	0	0	0	0
0	0	0	715	542	928	2449	0	0	0	0
1	0	0	715	540	931	2451	0	0	0	0
2	0	0	716	540	932	2455	0	0	0	0
3	0	0	716	538	934	2460	0	0	0	0
4	0	0	716	536	934	2463	0	0	0	0
5	0	0	718	534	935	2469	0	0	0	0
6	0	0	719	533	938	2474	0	0	0	0
7	0	0	720	532	938	2480	0	0	0	0
8	0	0	720	532	938	2485	0	0	0	0
9	0	0	721	531	939	2492	0	0	0	0
10	0	0	722	530	940	2494	0	0	0	0
11	0	0	722	529	939	2497	0	0	0	0
12	0	0	724	529	940	2499	0	0	0	0
13	0	0	726	529	941	2501	0	0	0	0
14	0	0	727	528	941	2502	0	0	0	0
15	0	0	728	528	942	2507	0	0	0	0
16	0	0	728	529	942	2512	0	0	0	0
17	0	0	727	529	942	2511	0	0	0	0
18	0	0	728	529	942	2514	0	0	0	0
19	0	0	730	530	941	2518	0	0	0	0
20	0	0	732	531	941	2520	0	0	0	0
21	0	0	733	532	940	2520	0	0	0	0
22	0	0	732	533	941	2522	0	0	0	0
23	0	0	733	534	940	2530	0	0	0	0
24	0	0	733	534	940	2528	0	0	0	0
25	0	0	734	535	940	2531	0	0	0	0
26	0	0	734	535	941	2535	0	0	0	0
27	0	0	736	537	942	2538	0	0	0	0
28	0	0	735	537	941	2540	0	0	0	0
29	0	0	736	539	942	2543	0	0	0	0
30	0	0	736	539	942	2542	0	0	0	0
31	0	0	737	539	943	2544	0	0	0	0
32	0	0	738	541	944	2546	0	0	0	0
33	0	0	738	541	943	2548	0	0	0	0
34	0	0	737	541	944	2552	0	0	0	0
35	0	0	737	540	946	2554	0	0	0	0
36	0	0	736	540	947	2557	0	0	0	0
37	0	0	736	541	948	2561	0	0	0	0
38	0	0	735	541	949	2563	0	0	0	0
39	0	0	735	541	949	2569	0	0	0	0
40	0	0	735	541	950	2575	0	0	0	0
41	0	0	735	542	951	2586	0	0	0	0
42	0	0	736	540	952	2598	0	0	0	0
43	0	0	737	541	953	2602	0	0	0	0
44	0	0	738	541	952	2608	0	0	0	0
45	0	0	738	542	951	2610	0	0	0	0
46	0	0	739	543	951	2614	0	0	0	0
47	0	0	740	544	954	2616	0	0	0	0
48	0	0	740	544	952	2619	0	0	0	0
49	0	0	740	545	954	2622	0	0	0	0
50	0	0	740	545	954	2625	0	0	0	0
51	0	0	741	544	955	2628	0	0	0	0
52	0	0	741	544	956	2628	0	0	0	0
53	0	0	741	544	957	2628	0	0	0	0
54	0	0	741	544	958	2631	0	0	0	0
55	0	0	740	545	960	2632	0	0	0	0
56	0	0	741	544	960	2634	0	0	0	0
57	0	0	740	543	961	2638	0	0	0	0
58	0	0	741	543	963	2642	0	0	0	0
59	0	0	740	543	963	2642	0	0	0	0
60	0	0	740	543	964	2644	0	0	0	0
61	0	0	741	542	965	2647	0	0	0	0
62	0	0	741	543	966	2649	0	0	0	0
63	0	0	742	542	966	2651	0	0	0	0
64	0	0	742	542	966	2653	0	0	0	0
65	0	0	742	541	967	2655	0	0	0	0
66	0	0	744	540	968	2660	0	0	0	0
67	0	0	743	541	969	2663	0	0	0	0
68	0	0	743	540	968	2663	0	0	0	0
69	0	0	744	540	968	2671	0	0	0	0
70	0	0	743	540	969	2674	0	0	0	0
71	0	0	744	541	969	2675	0	0	0	0
72	0	0	744	540	970	2679	0	0	0	0
73	0	0	745	539	971	2681	0	0	0	0
74	0	0	746	541	969	2684	0	0	0	0
75	0	0	746	540	968	2687	0	0	0	0
76	0	0	747	540	971	2687	0	0	0	0
77	0	0	746	540	971	2687	0	0	0	0
78	0	0	747	540	971	2691	0	0	0	0
79	0	0	747	540	971	2694	0	0	0	0
80	0	0	748	539	972	2695	0	0	0	0
81	0	0	748	539	973	2700	0	0	0	0
82	0	0	748	539	973	2705	0	0	0	0
83	0	0	748	539	973	2707	0	0	0	0
84	0	0	748	539	973	2712	0	0	0	0
85	0	0	747	540	972	2715	0	0	0	0
86	0	0	748	539	972	2715	0	0	0	0
87	0	0	748	539	973	2719	0	0	0	0
88	0	0	747	539	973	2722	0	0	0	0
89	0	0	747	538	973	2725	0	0	0	0
90	0	0	747	538	973	2728	0	0	0	0
91	0	0	747	537	975	2735	0	0	0	0
92	0	0	745	538	975	2739	0	0	0	0
93	0	0	745	537	975	2743	0	0	0	0
94	0	0	743	535	977	2746	0	0	0	0
95	0	0	742	536	978	2748	0	0	0	0
96	0	0	741	536	978	2750	0	0	0	0
97	0	0	741	536	978	2750	0	0	0	0
98	0	0	740	536	978	2752	0	0	0	0
99	0	0	738	537	979	2754	0	0	0	0
100	0	0	738	538	978	2755	0	0	0	0
101	0	0	737	538	979	2756	0	0	0	0
102	0	0	737	537	978	2760	0	0	0	0
103	0	0	738	537	979	2766	0	0	0	0
104	0	0	737	536	979	2773	0	0	0	0
105	0	0	735	536	978	2779	0	0	0	0
106	0	0	736	536	978	2783	0	0	0	0
107	0	0	735	535	978	2783	0	0	0	0
108	0	0	735	533	978	2785	0	0	0	0
109	0	0	736	533	980	2787	0	0	0	0
110	0	0	735	532	979	2789	0	0	0	0
111	0	0	735	532	978	2792	0	0	0	0
112	0	0	734	532	978	2795	0	0	0	0
113	0	0	735	533	978	2799	0	0	0	0
114	0	0	735	532	978	2810	0	0	0	0
115	0	0	735	531	978	2815	0	0	0	0
116	0	0	735	531	979	2817	0	0	0	0
117	0	0	735	531	978	2813	0	0	0	0
118	0	0	735	530	978	2810	0	0	0	0
119	0	0	736	530	979	2809	0	0	0	0
120	0	0	737	529	979	2803	0	0	0	0
121	0	0	738	529	978	2805	0	0	0	0
122	0	0	738	529	978	2804	0	0	0	0
123	0	0	739	529	978	2798	0	0	0	0
124	0	0	740	529	979	2798	0	0	0	0
125	0	0	739	529	977	2798	0	0	0	0
126	0	0	742	529	978	2797	0	0	0	0
127	0	0	741	530	978	2793	0	0	0	0
0	0	0	741	530	977	2791	0	0	0	0
1	0	0	741	531	977	2786	0	0	0	0
2	0	0	743	530	976	2777	0	0	0	0
3	0	0	743	531	975	2776	0	0	0	0
4	0	0	744	532	975	2770	0	0	0	0
5	0	0	744	532	974	2764	0	0	0	0
6	0	0	745	533	974	2758	0	0	0	0
7	0	0	747	533	973	2750	0	0	0	0
8	0	0	746	536	973	2741	0	0	0	0
9	0	0	744	538	971	2733	0	0	0	0
10	0	0	743	540	969	2726	0	0	0	0
11	0	0	743	543	968	2725	0	0	0	0
12	0	0	742	544	966	2724	0	0	0	0
13	0	0	740	545	966	2712	0	0	0	0
14	0	0	742	547	964	2713	0	0	0	0
15	0	0	742	547	963	2696	0	0	0	0
16	0	0	742	548	962	2673	0	0	0	0
17	0	0	743	549	962	2666	0	0	0	0
18	0	0	743	549	963	2640	0	0	0	0
19	0	0	742	549	962	2625	0	0	0	0
20	0	0	742	550	961	2608	0	0	0	0
21	0	0	744	552	961	2600	0	0	0	0
22	0	0	745	553	960	2601	0	0	0	0
23	0	0	745	553	959	2591	0	0	0	0
24	0	0	745	555	958	2579	0	0	0	0
25	0	0	744	558	957	2555	0	0	0	0
26	0	0	744	560	956	2545	0	0	0	0
27	0	0	743	562	953	2530	0	0	0	0
28	0	0	743	561	953	2504	0	0	0	0
29	0	0	743	565	953	2486	0	0	0	0
30	0	0	742	567	951	2460	0	0	0	0
31	0	0	741	569	950	2444	0	0	0	0
32	0	0	741	572	949	2427	0	0	0	0
33	0	0	740	573	948	2415	0	0	0	0
34	0	0	741	576	947	2387	0	0	0	0
35	0	0	739	579	945	2390	0	0	0	0
36	0	0	739	581	945	2383	0	0	0	0
37	0	0	739	584	943	2368	0	0	0	0
38	0	0	738	585	941	2352	0	0	0	0
39	0	0	738	587	940	2320	0	0	0	0
40	0	0	739	590	940	2300	0	0	0	0
41	0	0	738	592	937	2272	0	0	0	0
42	0	0	738	595	936	2261	0	0	0	0
43	0	0	739	598	935	2237	0	0	0	0
44	0	0	737	600	933	2223	0	0	0	0
45	0	0	738	602	931	2208	0	0	0	0
46	0	0	738	605	931	2176	0	0	0	0
47	0	0	739	607	930	2142	0	0	0	0
48	0	0	741	609	927	2115	0	0	0	0
49	0	0	740	613	927	2104	0	0	0	0
50	0	0	739	615	924	2051	0	0	0	0
51	0	0	740	618	923	2038	0	0	0	0
52	0	0	739	621	922	2035	0	0	0	0
53	0	0	739	621	919	2022	0	0	0	0
54	0	0	740	624	919	1978	0	0	0	0
55	0	0	739	626	917	1919	0	0	0	0
56	0	0	739	629	915	1904	0	0	0	0
57	0	0	738	632	913	1876	0	0	0	0
58	0	0	738	634	911	1824	0	0	0	0
59	0	0	740	637	910	1766	0	0	0	0
60	0	0	739	639	907	1695	0	0	0	0
61	0	0	740	642	904	1667	0	0	0	0
62	0	0	740	644	903	1608	0	0	0	0
63	0	0	741	647	901	1561	0	0	0	0
64	0	0	740	651	899	1527	0	0	0	0
65	0	0	740	653	896	1469	0	0	0	0
66	0	0	740	656	895	1411	0	0	0	0
67	0	0	741	658	893	1383	0	0	0	0
68	0	0	741	661	891	1345	0	0	0	0
69	0	0	741	664	888	1311	0	0	0	0
70	0	0	742	668	886	1263	0	0	0	0
71	0	0	743	670	882	1230	0	0	0	0
72	0	0	743	673	879	1152	0	0	0	0
73	0	0	744	675	878	1012	0	0	0	0
74	0	0	746	678	875	944	0	0	0	0
75	0	0	746	679	873	917	0	0	0	0
76	0	0	746	681	871	859	0	0	0	0
77	0	0	746	683	868	819	0	0	0	0
78	0	0	746	686	866	740	0	0	0	0
79	0	0	746	689	864	694	0	0	0	0
80	0	0	746	689	860	617	0	0	0	0
81	0	0	748	691	858	504	0	0	0	0
82	0	0	748	691	856	467	0	0	0	0
83	0	0	748	693	854	478	0	0	0	0
84	0	0	748	695	852	477	0	0	0	0
85	0	0	747	697	850	448	0	0	0	0
86	0	0	747	697	847	370	0	0	0	0
87	0	0	747	700	845	342	0	0	0	0
88	0	0	748	702	843	333	0	0	0	0
89	0	0	749	704	842	312	0	0	0	0
90	0	0	750	703	840	316	0	0	0	0
91	0	0	752	705	841	315	0	0	0	0
92	0	0	753	704	840	263	0	0	0	0
93	0	0	755	704	840	260	0	0	0	0
94	0	0	755	705	839	221	0	0	0	0
95	0	0	753	708	836	240	0	0	0	0
96	0	0	752	712	833	226	0	0	0	0
97	0	0	752	716	831	207	0	0	0	0
98	0	0	751	721	829	221	0	0	0	0
99	0	0	750	724	826	228	0	0	0	0
100	0	0	749	727	824	229	0	0	0	0
101	0	0	748	731	824	229	0	0	0	0
102	0	0	749	735	822	261	0	0	0	0
103	0	0	746	739	821	271	0	0	0	0
104	0	0	744	743	820	265	0	0	0	0
105	0	0	742	747	820	254	0	0	0	0
106	0	0	741	750	819	257	0	0	0	0
107	0	0	739	753	820	262	0	0	0	0
108	0	0	739	757	820	262	0	0	0	0
109	0	0	738	760	819	257	0	0	0	0
110	0	0	736	766	818	260	0	0	0	0
111	0	0	735	772	818	262	0	0	0	0
112	0	0	735	774	818	263	0	0	0	0
113	0	0	735	777	817	258	0	0	0	0
114	0	0	736	781	817	259	0	0	0	0
115	0	0	736	785	815	269	0	0	0	0
116	0	0	738	790	814	272	0	0	0	0
117	0	0	739	794	813	286	0	0	0	0
118	0	0	741	798	812	297	0	0	0	0
119	0	0	742	803	812	299	0	0	0	1
120	0	0	742	807	808	299	0	0	0	0
121	0	0	743	812	809	299	0	0	0	0
122	0	0	744	817	810	302	0	0	0	0
123	0	0	744	822	806	294	0	0	0	0
124	0	0	745	827	805	277	0	0	0	0
125	0	0	748	832	803	251	0	0	0	0
126	0	0	751	837	801	240	0	0	0	0
127	0	0	754	843	798	235	0	0	0	0
0	0	0	755	848	795	237	0	0	0	0
1	0	0	757	855	793	237	0	0	0	0
2	0	0	759	860	789	235	0	0	0	0
3	0	0	760	867	788	235	0	0	0	0
4	0	0	761	874	784	235	0	0	0	0
5	0	0	762	877	782	235	0	0	0	0
6	0	0	764	884	779	236	0	0	0	0
7	0	0	767	887	776	245	0	0	0	0
8	0	0	767	891	773	252	0	0	0	0
9	0	0	768	895	771	255	0	0	0	0
10	0	0	770	900	767	256	0	0	0	0
11	0	0	770	905	765	265	0	0	0	0
12	0	0	770	910	761	258	0	0	0	0
13	0	0	772	914	758	245	0	0	0	0
14	0	0	774	919	754	245	0	0	0	0
15	0	0	777	924	750	246	0	0	0	0
16	0	0	778	929	747	243	0	0	0	0
17	0	0	779	934	744	229	0	0	0	0
18	0	0	780	938	739	217	0	0	0	0
19	0	0	782	943	736	217	0	0	0	0
20	0	0	783	946	733	208	0	0	0	0
21	0	0	782	950	730	196	0	0	0	0
22	0	0	783	952	729	192	0	0	0	0
23	0	0	782	954	728	186	0	0	0	0
24	0	0	782	957	727	174	0	0	0	0
25	0	0	782	957	726	173	0	0	0	0
26	0	0	782	960	727	159	0	0	0	0
27	0	0	782	961	727	172	0	0	0	0
28	0	0	782	961	727	172	0	0	0	0
29	0	0	783	962	728	163	0	0	0	0
30	0	0	783	963	726	147	0	0	0	0
31	0	0	783	963	728	160	0	0	0	0
32	0	0	784	963	729	145	0	0	0	0
33	0	0	786	962	728	148	0	0	0	0
34	0	0	786	960	729	139	0	0	0	0
35	0	0	786	956	730	140	0	0	0	0
36	0	0	788	956	730	130	0	0	0	0
37	0	0	789	953	730	127	0	0	0	0
38	0	0	790	949	732	128	0	0	0	0
39	0	0	790	946	732	132	0	0	0	0
40	0	0	789	942	733	91	0	0	0	0
41	0	0	788	940	734	111	0	0	0	0
42	0	0	788	937	735	111	0	0	0	0
43	0	0	787	933	736	109	0	0	0	0
44	0	0	786	929	737	113	0	0	0	0
45	0	0	786	923	737	130	0	0	0	0
46	0	0	785	918	739	128	0	0	0	0
47	0	0	785	912	740	131	0	0	0	0
48	0	0	781	907	741	136	0	0	0	0
49	0	0	778	902	741	137	0	0	0	0
50	0	0	777	899	742	141	0	0	0	0
51	0	0	773	893	742	145	0	0	0	0
52	0	0	771	888	742	142	0	0	0	0
53	0	0	769	883	743	131	0	0	0	0
54	0	0	768	879	743	134	0	0	0	0
55	0	0	766	875	744	127	0	0	0	0
56	0	0	764	872	744	131	0	0	0	0
57	0	0	763	868	744	119	0	0	0	0
58	0	0	764	864	743	135	0	0	0	0
59	0	0	761	860	744	135	0	0	0	0
60	0	0	760	858	744	130	0	0	0	0
61	0	0	760	856	743	123	0	0	0	0
62	0	0	759	853	744	124	0	0	0	0
63	0	0	758	850	744	127	0	0	0	0
64	0	0	758	848	742	124	0	0	0	0
65	0	0	756	847	743	130	0	0	0	0
66	0	0	757	846	743	84	0	0	0	0
67	0	0	757	844	744	90	0	0	0	0
68	0	0	757	840	745	98	0	0	0	0
69	0	0	758	838	746	96	0	0	0	0
70	0	0	759	835	748	97	0	0	0	0
71	0	0	759	831	750	97	0	0	0	0
72	0	0	759	828	750	95	0	0	0	0
73	0	0	759	826	751	96	0	0	0	0
74	0	0	761	823	751	94	0	0	0	0
75	0	0	763	818	754	91	0	0	0	0
76	0	0	766	815	755	85	0	0	0	0
77	0	0	765	813	756	74	0	0	0	0
78	0	0	767	809	756	78	0	0	0	0
79	0	0	768	808	757	74	0	0	0	0
80	0	0	770	805	760	76	0	0	0	0
81	0	0	772	802	760	67	0	0	0	0
82	0	0	775	799	762	63	0	0	0	0
83	0	0	776	798	762	56	0	0	0	0
84	0	0	777	793	764	63	0	0	0	0
85	0	0	779	792	764	29	0	0	0	0
86	0	0	780	790	764	33	0	0	0	0
87	0	0	780	788	765	39	0	0	0	0
88	0	0	780	787	763	41	0	0	0	0
89	0	0	783	786	764	44	0	0	0	0
90	0	0	783	786	763	47	0	0	0	0
91	0	0	785	786	763	52	0	0	0	0
92	0	0	784	784	763	51	0	0	0	0
93	0	0	785	785	763	50	0	0	0	0
94	0	0	785	784	763	56	0	0	0	0
95	0	0	784	783	763	58	0	0	0	0
96	0	0	785	781	764	53	0	0	0	0
97	0	0	784	780	766	44	0	0	0	0
98	0	0	786	777	766	42	0	0	0	0
99	0	0	786	775	767	40	0	0	0	0
100	0	0	787	774	767	34	0	0	0	0
101	0	0	789	772	769	28	0	0	0	0
102	0	0	790	769	769	28	0	0	0	0
103	0	0	789	767	770	28	0	0	0	0
104	0	0	790	766	771	30	0	0	0	0
105	0	0	791	765	772	31	0	0	0	0
106	0	0	791	762	774	32	0	0	0	0
107	0	0	792	762	775	38	0	0	0	0
108	0	0	792	759	776	41	0	0	0	0
109	0	0	792	757	778	42	0	0	0	0
110	0	0	794	756	777	45	0	0	0	0
111	0	0	794	754	779	49	0	0	0	0
112	0	0	794	753	780	47	0	0	0	0
113	0	0	794	751	781	47	0	0	0	0
114	0	0	794	751	782	55	0	0	0	0
115	0	0	796	751	782	55	0	0	0	0
116	0	0	798	751	782	51	0	0	0	0
117	0	0	797	752	782	43	0	0	0	0
118	0	0	797	752	782	39	0	0	0	0
119	0	0	795	751	782	38	0	0	0	0
120	0	0	796	752	782	33	0	0	0	0
121	0	0	798	751	783	26	0	0	0	0
122	0	0	799	751	784	25	0	0	0	0
123	0	0	800	751	785	26	0	0	0	0
124	0	0	800	750	785	28	0	0	0	0
125	0	0	801	749	785	27	0	0	0	0
126	0	0	802	749	787	31	0	0	0	0
127	0	0	802	749	787	35	0	0	0	0
0	0	0	801	749	786	37	0	0	0	0
1	0	0	800	749	787	39	0	0	0	0
2	0	0	800	749	787	43	0	0	0	0
3	0	0	802	750	787	47	0	0	0	0
4	0	0	800	751	787	46	0	0	0	0
5	0	0	799	750	786	46	0	0	0	0
6	0	0	799	750	787	53	0	0	0	0
7	0	0	800	749	788	53	0	0	0	0
8	0	0	800	748	790	46	0	0	0	0
9	0	0	799	746	789	39	0	0	0	0
10	0	0	798	746	789	36	0	0	0	0
11	0	0	797	746	790	35	0	0	0	0
12	0	0	798	745	790	28	0	0	0	0
13	0	0	796	744	791	22	0	0	0	0
14	0	0	797	744	792	22	0	0	0	0
15	0	0	797	743	792	23	0	0	0	0
16	0	0	797	742	792	23	0	0	0	0
17	0	0	796	741	793	25	0	0	0	0
18	0	0	796	741	793	27	0	0	0	0
19	0	0	797	742	794	32	0	0	0	0
20	0	0	799	740	791	36	0	0	0	0
21	0	0	798	741	793	36	0	0	0	0
22	0	0	799	741	793	38	0	0	0	0
23	0	0	799	741	792	44	0	0	0	0
24	0	0	800	743	792	42	0	0	0	0
25	0	0	801	743	792	42	0	0	0	0
26	0	0	801	745	791	49	0	0	0	0
27	0	0	802	745	790	49	0	0	0	0
28	0	0	802	747	789	44	0	0	0	0
29	0	0	802	748	789	36	0	0	0	0
30	0	0	803	748	787	33	0	0	0	0
31	0	0	803	749	787	31	0	0	0	0
32	0	0	805	750	786	25	0	0	0	0
33	0	0	805	751	785	19	0	0	0	0
34	0	0	807	753	783	19	0	0	0	0
35	0	0	806	753	782	20	0	0	0	0
36	0	0	807	754	781	23	0	0	0	0
37	0	0	808	754	780	23	0	0	0	0
38	0	0	809	756	778	25	0	0	0	0
39	0	0	808	756	777	31	0	0	0	0
40	0	0	810	757	776	33	0	0	0	0
41	0	0	810	757	776	33	0	0	0	0
42	0	0	811	758	774	37	0	0	0	0
43	0	0	811	758	772	42	0	0	0	0
44	0	0	810	758	772	41	0	0	0	0
45	0	0	812	759	772	41	0	0	0	0
46	0	0	814	759	771	49	0	0	0	0
47	0	0	813	761	769	50	0	0	0	0
48	0	0	811	762	768	45	0	0	0	0
49	0	0	813	764	768	36	0	0	0	0
50	0	0	814	762	767	33	0	0	0	0
51	0	0	814	763	767	30	0	0	0	0
52	0	0	814	764	767	24	0	0	0	0
53	0	0	814	763	766	19	0	0	0	0
54	0	0	814	764	766	18	0	0	0	0
55	0	0	815	763	765	18	0	0	0	0
56	0	0	815	763	766	19	0	0	0	0
57	0	0	815	762	766	20	0	0	0	0
58	0	0	815	761	766	22	0	0	0	0
59	0	0	815	761	765	27	0	0	0	0
60	0	0	814	761	765	31	0	0	0	0
61	0	0	813	762	765	31	0	0	0	0
62	0	0	814	762	764	35	0	0	0	0
63	0	0	813	761	764	40	0	0	0	0
64	0	0	814	761	763	39	0	0	0	0
65	0	0	814	761	764	38	0	0	0	0
66	0	0	813	760	764	46	0	0	0	0
67	0	0	812	762	762	45	0	0	0	0
68	0	0	811	761	763	42	0	0	0	0
69	0	0	810	762	762	33	0	0	0	0
70	0	0	810	763	762	30	0	0	0	0
71	0	0	809	763	761	29	0	0	0	0
72	0	0	808	762	761	23	0	0	0	0
73	0	0	808	762	761	16	0	0	0	0
74	0	0	807	762	760	17	0	0	0	0
75	0	0	808	764	760	17	0	0	0	0
76	0	0	807	764	760	19	0	0	0	0
77	0	0	807	765	759	21	0	0	0	0
78	0	0	806	765	759	23	0	0	0	0
79	0	0	807	766	760	31	0	0	0	0
80	0	0	806	766	758	34	0	0	0	0
81	0	0	803	767	759	33	0	0	0	0
82	0	0	803	770	758	37	0	0	0	0
83	0	0	804	769	757	41	0	0	0	0
84	0	0	803	770	757	39	0	0	0	0
85	0	0	802	771	757	40	0	0	0	0
86	0	0	802	772	757	47	0	0	0	0
87	0	0	802	773	756	47	0	0	0	0
88	0	0	800	774	757	44	0	0	0	0
89	0	0	801	773	756	38	0	0	0	0
90	0	0	801	774	755	34	0	0	0	0
91	0	0	801	775	755	32	0	0	0	0
92	0	0	800	776	756	27	0	0	0	0
93	0	0	799	777	756	21	0	0	0	0
94	0	0	800	778	755	22	0	0	0	0
95	0	0	800	778	755	24	0	0	0	0
96	0	0	801	778	756	24	0	0	0	0
97	0	0	801	779	756	19	0	0	0	0
98	0	0	800	780	757	19	0	0	0	0
99	0	0	799	780	756	23	0	0	0	0
100	0	0	798	780	757	27	0	0	0	0
101	0	0	797	780	756	30	0	0	0	0
102	0	0	797	781	758	33	0	0	0	0
103	0	0	797	781	757	37	0	0	0	0
104	0	0	797	783	757	37	0	0	0	0
105	0	0	796	783	758	39	0	0	0	0
106	0	0	794	783	757	45	0	0	0	0
107	0	0	796	783	758	45	0	0	0	0
108	0	0	796	784	759	42	0	0	0	0
109	0	0	794	785	759	33	0	0	0	0
110	0	0	794	786	760	30	0	0	0	0
111	0	0	794	787	760	28	0	0	0	0
112	0	0	793	787	760	22	0	0	0	0
113	0	0	793	787	761	16	0	0	0	0
114	0	0	792	788	761	17	0	0	0	0
115	0	0	791	788	762	18	0	0	0	0
116	0	0	793	789	762	19	0	0	0	0
117	0	0	793	790	763	20	0	0	0	0
118	0	0	792	791	764	22	0	0	0	0
119	0	0	793	792	764	27	0	0	0	0
120	0	0	791	792	765	30	0	0	0	0
121	0	0	790	792	766	30	0	0	0	0
122	0	0	791	791	766	33	0	0	0	0
123	0	0	790	793	767	37	0	0	0	0
124	0	0	791	793	767	36	0	0	0	0
125	0	0	790	793	768	36	0	0	0	0
126	0	0	790	794	768	41	0	0	0	0
127	0	0	790	794	769	41	0	0	0	0
0	0	0	789	795	769	37	0	0	0	0
1	0	0	791	794	770	28	0	0	0	0
2	0	0	792	794	770	25	0	0	0	0
3	0	0	792	793	770	22	0	0	0	0
4	0	0	791	793	772	15	0	0	0	0
5	0	0	792	793	772	6	0	0	0	0
6	0	0	792	792	772	0	0	0	0	0
7	0	0	793	793	772	0	0	0	0	0
8	0	0	793	792	772	0	0	0	0	0
9	0	0	794	791	773	0	0	0	0	0
10	0	0	793	791	773	0	0	0	0	0
11	0	0	795	791	773	0	0	0	0	0
12	0	0	796	789	773	0	0	0	0	0
13	0	0	795	791	773	0	0	0	0	0
14	0	0	797	791	774	0	0	0	0	0
15	0	0	797	789	774	0	0	0	0	0
16	0	0	795	791	775	0	0	0	0	0
17	0	0	795	791	776	0	0	0	0	0
18	0	0	794	790	777	6	0	0	0	0
19	0	0	795	791	779	5	0	0	0	0
20	0	0	794	793	780	4	0	0	0	0
21	0	0	795	792	781	45	0	0	0	0
22	0	0	798	793	782	134	0	0	0	0
23	0	0	803	790	783	276	0	0	0	0
24	0	0	807	789	783	645	0	0	0	0
25	0	0	808	788	784	675	0	0	0	0
26	0	0	810	788	783	758	0	0	0	0
27	0	0	811	789	784	687	0	0	0	0
28	0	0	810	790	784	722	0	0	0	0
29	0	0	807	792	785	722	0	0	0	0
30	0	0	803	791	784	730	0	0	0	0
31	0	0	802	790	783	767	0	0	0	0
32	0	0	802	789	781	759	0	0	0	0
33	0	0	798	787	780	908	0	0	0	0
34	0	0	793	788	780	951	0	0	0	0
35	0	0	789	787	782	1015	0	0	0	0
36	0	0	783	788	784	1083	0	0	0	0
37	0	0	777	787	787	1135	0	0	0	0
38	0	0	775	789	791	1337	0	0	0	0
39	0	0	773	789	795	1489	0	0	0	0
40	0	0	772	790	797	1659	0	0	0	0
41	0	0	773	792	799	1713	0	0	0	0
42	0	0	771	792	802	1787	0	0	0	0
43	0	0	773	794	805	1818	0	0	0	0
44	0	0	775	798	810	1843	0	0	0	0
45	0	0	775	803	818	1969	0	0	0	0
46	0	0	775	816	835	2066	0	0	0	0
47	0	0	765	831	853	2010	0	0	0	0
48	0	0	751	854	876	1886	0	0	0	0
49	0	0	725	882	899	1938	0	0	0	0
50	0	0	682	913	915	1952	0	0	0	0
51	0	0	625	945	928	1849	0	0	0	0
52	0	0	542	978	938	1725	0	0	0	0
53	0	0	437	1003	941	1663	0	0	0	0
54	0	0	309	1006	939	1643	0	0	0	0
55	0	0	200	981	933	1597	0	0	0	0
56	0	0	131	932	943	1613	0	0	0	0
57	0	0	91	870	979	1582	0	0	0	0
58	0	0	87	810	1041	1582	0	0	0	0
59	0	0	170	765	1118	1550	0	0	0	0
60	0	0	296	743	1194	1539	0	0	0	0
61	0	0	408	742	1250	1515	0	0	0	0
62	0	0	483	744	1281	1504	0	0	0	0
63	0	0	510	733	1294	1525	0	0	0	0
64	0	0	498	715	1290	1551	0	0	0	0
65	0	0	470	692	1286	1553	0	0	0	0
66	0	0	465	676	1293	1567	0	0	0	0
67	0	0	489	667	1298	1592	0	0	0	0
68	0	0	533	657	1288	1620	0	0	0	0
69	0	0	619	656	1261	1633	0	0	0	0
70	0	0	754	673	1233	1642	0	0	0	0
71	0	0	910	689	1207	1665	0	0	0	0
72	0	0	1036	684	1181	1688	0	0	0	0
73	0	0	1113	651	1149	1709	0	0	0	0
74	0	0	1142	595	1121	1737	0	0	0	0
75	0	0	1140	526	1093	1784	0	0	0	0
76	0	0	1126	450	1061	1815	0	0	0	0
77	0	0	1097	383	1019	1855	0	0	0	0
78	0	0	1056	333	978	1888	0	0	0	0
79	0	0	1002	293	935	1913	0	0	0	0
80	0	0	948	254	905	1969	0	0	0	0
81	0	0	908	216	881	2003	0	0	0	0
82	0	0	897	187	870	2032	0	0	0	0
83	0	0	909	155	867	2075	0	0	0	0
84	0	0	934	128	863	2102	0	0	0	0
85	0	0	962	112	851	2126	0	0	0	0
86	0	0	967	101	839	2132	0	0	0	0
87	0	0	992	98	845	2147	0	0	0	0
88	0	0	1001	87	852	2159	0	0	0	0
89	0	0	1005	75	874	2148	0	0	0	0
90	0	0	1005	70	900	2152	0	0	0	0
91	0	0	974	95	921	2161	0	0	0	0
92	0	0	931	115	943	2169	0	0	0	0
93	0	0	877	123	969	2175	0	0	0	0
94	0	0	827	130	987	2176	0	0	0	0
95	0	0	781	139	1005	2170	0	0	0	0
96	0	0	737	146	1014	2171	0	0	0	0
97	0	0	703	155	1023	2177	0	0	0	0
98	0	0	681	161	1032	2189	0	0	0	0
99	0	0	671	165	1041	2191	0	0	0	0
100	0	0	669	164	1051	2190	0	0	0	0
101	0	0	675	159	1064	2193	0	0	0	0
102	0	0	690	149	1079	2195	0	0	0	0
103	0	0	708	138	1098	2205	0	0	0	0
104	0	0	727	124	1113	2211	0	0	0	0
105	0	0	747	118	1128	2214	0	0	0	0
106	0	0	767	116	1138	2225	0	0	0	0
107	0	0	784	115	1147	2232	0	0	0	0
108	0	0	796	121	1152	2221	0	0	0	0
109	0	0	807	125	1154	2227	0	0	0	0
110	0	0	814	131	1154	2234	0	0	0	0
111	0	0	819	137	1150	2238	0	0	0	0
112	0	0	825	145	1149	2240	0	0	0	0
113	0	0	825	155	1151	2242	0	0	0	0
114	0	0	833	162	1152	2248	0	0	0	0
115	0	0	842	169	1151	2253	0	0	0	0
116	0	0	849	178	1150	2252	0	0	0	0
117	0	0	852	186	1149	2255	0	0	0	0
118	0	0	851	195	1149	2257	0	0	0	0
119	0	0	847	202	1148	2257	0	0	0	0
120	0	0	841	210	1147	2254	0	0	0	0
121	0	0	836	218	1145	2255	0	0	0	0
122	0	0	833	227	1141	2257	0	0	0	0
123	0	0	832	237	1136	2259	0	0	0	0
124	0	0	829	254	1127	2259	0	0	0	0
125	0	0	828	273	1118	2259	0	0	0	0
126	0	0	827	295	1107	2259	0	0	0	0
127	0	0	827	317	1095	2261	0	0	0	0
0	0	0	829	339	1082	2261	0	0	0	0
1	0	0	829	358	1068	2262	0	0	0	0
2	0	0	829	375	1057	2263	0	0	0	0
3	0	0	829	392	1043	2265	0	0	0	0
4	0	0	830	406	1029	2268	0	0	0	0
5	0	0	829	418	1017	2268	0	0	0	0
6	0	0	830	427	1007	2266	0	0	0	0
7	0	0	830	434	995	2266	0	0	0	0
8	0	0	828	440	985	2266	0	0	0	0
9	0	0	828	448	975	2264	0	0	0	0
10	0	0	826	454	966	2263	0	0	0	0
11	0	0	824	457	957	2262	0	0	0	0
12	0	0	823	461	951	2260	0	0	0	0
13	0	0	822	463	945	2255	0	0	0	0
14	0	0	821	463	940	2254	0	0	0	0
15	0	0	820	468	934	2250	0	0	0	0
16	0	0	819	472	927	2251	0	0	0	0
17	0	0	818	477	922	2251	0	0	0	0
18	0	0	817	482	915	2248	0	0	0	0
19	0	0	816	489	908	2246	0	0	0	0
20	0	0	817	495	903	2246	0	0	0	0
21	0	0	819	501	899	2241	0	0	0	0
22	0	0	820	507	892	2233	0	0	0	0
23	0	0	821	514	887	2231	0	0	0	0
24	0	0	821	520	883	2227	0	0	0	0
25	0	0	822	527	877	2227	0	0	0	0
26	0	0	821	534	874	2225	0	0	0	0
27	0	0	820	540	868	2226	0	0	0	0
28	0	0	820	550	862	2221	0	0	0	0
29	0	0	819	558	858	2220	0	0	0	0
30	0	0	819	567	850	2219	0	0	0	0
31	0	0	817	576	843	2218	0	0	0	0
32	0	0	816	585	837	2212	0	0	0	0
33	0	0	816	593	833	2209	0	0	0	0
34	0	0	818	601	827	2208	0	0	0	0
35	0	0	815	612	824	2209	0	0	0	0
36	0	0	815	621	821	2200	0	0	0	0
37	0	0	812	629	817	2192	0	0	0	0
38	0	0	811	636	813	2185	0	0	0	0
39	0	0	808	642	810	2178	0	0	0	0
40	0	0	806	647	807	2175	0	0	0	0
41	0	0	804	653	801	2168	0	0	0	0
42	0	0	803	657	800	2164	0	0	0	0
43	0	0	802	662	797	2164	0	0	0	0
44	0	0	801	665	794	2153	0	0	0	0
45	0	0	799	668	791	2142	0	0	0	0
46	0	0	798	666	789	2137	0	0	0	0
47	0	0	797	664	789	2135	0	0	0	0
48	0	0	798	661	788	2126	0	0	0	0
49	0	0	798	658	789	2123	0	0	0	0
50	0	0	798	655	790	2114	0	0	0	0
51	0	0	802	651	792	2109	0	0	0	0
52	0	0	801	646	792	2106	0	0	0	0
53	0	0	804	641	794	2100	0	0	0	0
54	0	0	805	637	795	2099	0	0	0	0
55	0	0	807	634	796	2093	0	0	0	0
56	0	0	806	631	797	2091	0	0	0	0
57	0	0	805	627	799	2087	0	0	0	0
58	0	0	800	625	801	2085	0	0	0	0
59	0	0	797	623	804	2079	0	0	0	0
60	0	0	793	623	806	2074	0	0	0	0
61	0	0	790	623	810	2069	0	0	0	0
62	0	0	787	625	812	2067	0	0	0	0
63	0	0	786	623	816	2063	0	0	0	0
64	0	0	784	623	819	2061	0	0	0	0
65	0	0	784	626	821	2057	0	0	0	0
66	0	0	784	624	824	2045	0	0	0	0
67	0	0	784	623	828	2040	0	0	0	0
68	0	0	783	621	831	2031	0	0	0	0
69	0	0	783	622	836	2028	0	0	0	0
70	0	0	782	619	839	2022	0	0	0	0
71	0	0	779	617	843	2012	0	0	0	0
72	0	0	778	613	847	2007	0	0	0	0
73	0	0	776	609	853	1997	0	0	0	0
74	0	0	775	605	857	1983	0	0	0	0
75	0	0	772	600	861	1966	0	0	0	0
76	0	0	770	597	865	1965	0	0	0	0
77	0	0	770	593	870	1961	0	0	0	0
78	0	0	768	588	873	1947	0	0	0	0
79	0	0	768	583	877	1936	0	0	0	0
80	0	0	767	579	880	1935	0	0	0	0
81	0	0	767	575	885	1927	0	0	0	0
82	0	0	768	570	889	1906	0	0	0	0
83	0	0	769	566	892	1882	0	0	0	0
84	0	0	769	562	896	1888	0	0	0	0
85	0	0	769	559	900	1875	0	0	0	0
86	0	0	770	558	901	1858	0	0	0	0
87	0	0	770	558	908	1845	0	0	0	0
88	0	0	770	556	911	1832	0	0	0	0
89	0	0	769	556	913	1816	0	0	0	0
90	0	0	768	557	916	1812	0	0	0	0
91	0	0	768	556	918	1784	0	0	0	0
92	0	0	769	557	920	1770	0	0	0	0
93	0	0	770	559	922	1763	0	0	0	0
94	0	0	770	560	924	1743	0	0	0	0
95	0	0	771	564	926	1749	0	0	0	0
96	0	0	773	567	925	1746	0	0	0	0
97	0	0	775	571	926	1736	0	0	0	0
98	0	0	775	573	926	1710	0	0	0	0
99	0	0	776	576	926	1697	0	0	0	0
100	0	0	779	579	926	1702	0	0	0	0
101	0	0	781	584	925	1693	0	0	0	0
102	0	0	781	587	925	1677	0	0	0	0
103	0	0	782	591	924	1656	0	0	0	0
104	0	0	783	594	923	1646	0	0	0	0
105	0	0	784	598	922	1640	0	0	0	0
106	0	0	785	602	920	1638	0	0	0	0
107	0	0	784	604	919	1609	0	0	0	0
108	0	0	783	607	917	1604	0	0	0	0
109	0	0	783	610	916	1616	0	0	0	0
110	0	0	782	615	915	1619	0	0	0	0
111	0	0	781	618	911	1618	0	0	0	0
112	0	0	780	621	912	1599	0	0	0	0
113	0	0	778	623	911	1547	0	0	0	0
114	0	0	777	626	910	1529	0	0	0	0
115	0	0	776	629	909	1530	0	0	0	0
116	0	0	776	633	906	1524	0	0	0	0
117	0	0	776	636	905	1520	0	0	0	0
118	0	0	775	640	903	1511	0	0	0	0
119	0	0	774	643	902	1504	0	0	0	0
120	0	0	774	648	900	1497	0	0	0	0
121	0	0	774	650	899	1489	0	0	0	0
122	0	0	774	656	898	1485	0	0	0	0
123	0	0	773	659	895	1473	0	0	0	0
124	0	0	772	664	893	1463	0	0	0	0
125	0	0	771	668	891	1464	0	0	0	0
126	0	0	772	672	890	1451	0	0	0	0
127	0	0	771	675	889	1433	0	0	0	0
0	0	0	771	679	888	1417	0	0	0	0
1	0	0	771	683	886	1410	0	0	0	0
2	0	0	771	687	884	1411	0	0	0	0
3	0	0	771	691	883	1407	0	0	0	0
4	0	0	771	694	882	1407	0	0	0	0
5	0	0	772	698	881	1393	0	0	0	0
6	0	0	773	701	879	1380	0	0	0	0
7	0	0	772	705	877	1357	0	0	0	0
8	0	0	774	709	875	1342	0	0	0	0
9	0	0	774	712	872	1334	0	0	0	0
10	0	0	775	716	873	1331	0	0	0	0
11	0	0	775	720	869	1329	0	0	0	0
12	0	0	777	724	868	1322	0	0	0	0
13	0	0	776	727	867	1320	0	0	0	0
14	0	0	777	730	864	1295	0	0	0	0
15	0	0	778	733	863	1277	0	0	0	0
16	0	0	781	735	860	1278	0	0	0	0
17	0	0	779	738	859	1274	0	0	0	0
18	0	0	779	741	856	1264	0	0	0	0
19	0	0	781	741	856	1269	0	0	0	0
20	0	0	780	742	854	1270	0	0	0	0
21	0	0	782	744	852	1267	0	0	0	0
22	0	0	783	745	850	1263	0	0	0	0
23	0	0	782	745	850	1264	0	0	0	0
24	0	0	783	746	849	1253	0	0	0	0
25	0	0	782	745	847	1235	0	0	0	0
26	0	0	783	746	845	1213	0	0	0	0
27	0	0	783	747	844	1190	0	0	0	0
28	0	0	783	749	842	1187	0	0	0	0
29	0	0	782	749	839	1181	0	0	0	0
30	0	0	783	750	836	1180	0	0	0	0
31	0	0	783	750	834	1182	0	0	0	0
32	0	0	783	751	832	1169	0	0	0	0
33	0	0	783	751	829	1163	0	0	0	0
34	0	0	783	751	827	1163	0	0	0	0
35	0	0	783	752	824	1150	0	0	0	0
36	0	0	782	752	823	1141	0	0	0	0
37	0	0	782	751	820	1153	0	0	0	0
38	0	0	782	752	818	1160	0	0	0	0
39	0	0	782	753	816	1151	0	0	0	0
40	0	0	781	754	815	1129	0	0	0	0
41	0	0	782	754	813	1110	0	0	0	0
42	0	0	779	754	811	1100	0	0	0	0
43	0	0	779	755	810	1074	0	0	0	0
44	0	0	779	755	808	1065	0	0	0	0
45	0	0	780	757	806	1039	0	0	0	0
46	0	0	779	758	805	1008	0	0	0	0
47	0	0	778	760	802	977	0	0	0	0
48	0	0	778	761	800	957	0	0	0	0
49	0	0	778	765	797	972	0	0	0	0
50	0	0	777	764	794	952	0	0	0	0
51	0	0	777	769	794	943	0	0	0	0
52	0	0	777	770	790	946	0	0	0	0
53	0	0	776	772	788	926	0	0	0	0
54	0	0	776	777	783	962	0	0	0	0
55	0	0	775	780	782	953	0	0	0	0
56	0	0	776	782	779	936	0	0	0	0
57	0	0	773	785	775	928	0	0	0	0
58	0	0	771	788	773	905	0	0	0	0
59	0	0	771	791	772	900	0	0	0	0
60	0	0	772	792	770	904	0	0	0	0
61	0	0	776	794	769	883	0	0	0	0
62	0	0	778	796	767	895	0	0	0	0
63	0	0	778	798	766	854	0	0	0	0
64	0	0	779	799	763	848	0	0	0	0
65	0	0	778	802	762	847	0	0	0	0
66	0	0	776	805	760	856	0	0	0	0
67	0	0	775	807	759	863	0	0	0	0
68	0	0	774	809	759	904	0	0	0	0
69	0	0	772	809	757	907	0	0	0	0
70	0	0	771	810	757	894	0	0	0	0
71	0	0	770	812	757	896	0	0	0	0
72	0	0	771	812	756	903	0	0	0	0
73	0	0	770	813	754	906	0	0	0	0
74	0	0	769	813	754	913	0	0	0	0
75	0	0	767	813	754	918	0	0	0	0
76	0	0	768	813	753	912	0	0	0	0
77	0	0	767	812	753	913	0	0	0	0
78	0	0	767	812	753	914	0	0	0	0
79	0	0	767	811	753	915	0	0	0	0
80	0	0	768	810	752	912	0	0	0	0
81	0	0	768	811	753	914	0	0	0	0
82	0	0	768	811	752	904	0	0	0	0
83	0	0	767	811	753	925	0	0	0	0
84	0	0	765	810	753	933	0	0	0	0
85	0	0	765	810	753	933	0	0	0	0
86	0	0	765	810	754	938	0	0	0	0
87	0	0	765	809	754	943	0	0	0	0
88	0	0	763	807	755	945	0	0	0	0
89	0	0	763	806	756	949	0	0	0	0
90	0	0	763	806	757	951	0	0	0	0
91	0	0	762	804	758	957	0	0	0	0
92	0	0	763	803	759	970	0	0	0	0
93	0	0	761	803	760	980	0	0	0	0
94	0	0	761	802	760	1006	0	0	0	0
95	0	0	760	802	760	1016	0	0	0	0
96	0	0	760	801	761	1022	0	0	0	0
97	0	0	759	798	763	1026	0	0	0	0
98	0	0	758	797	764	1029	0	0	0	0
99	0	0	759	794	765	1044	0	0	0	0
100	0	0	758	792	767	1048	0	0	0	0
101	0	0	758	788	768	1042	0	0	0	0
102	0	0	760	785	770	1060	0	0	0	0
103	0	0	760	782	773	1065	0	0	0	0
104	0	0	761	778	775	1066	0	0	0	0
105	0	0	762	775	777	1063	0	0	0	0
106	0	0	764	772	781	1065	0	0	0	0
107	0	0	764	767	783	1067	0	0	0	0
108	0	0	766	764	787	1069	0	0	0	0
109	0	0	767	760	789	1070	0	0	0	0
110	0	0	770	757	793	1069	0	0	0	0
111	0	0	771	754	796	1069	0	0	0	0
112	0	0	773	751	800	1075	0	0	0	0
113	0	0	774	750	804	1077	0	0	0	0
114	0	0	774	745	807	1085	0	0	0	0
115	0	0	777	742	812	1089	0	0	0	0
116	0	0	777	739	815	1092	0	0	0	0
117	0	0	778	736	819	1087	0	0	0	0
118	0	0	778	733	822	1088	0	0	0	0
119	0	0	780	729	824	1092	0	0	0	0
120	0	0	782	724	827	1093	0	0	0	0
121	0	0	782	723	829	1096	0	0	0	0
122	0	0	782	718	832	1098	0	0	0	0
123	0	0	784	715	835	1096	0	0	0	0
124	0	0	783	710	837	1096	0	0	0	0
125	0	0	786	707	842	1094	0	0	0	0
126	0	0	787	704	844	1092	0	0	0	0
127	0	0	788	698	846	1091	0	0	0	0
0	0	0	788	693	849	1086	0	0	0	0
1	0	0	792	687	852	1089	0	0	0	0
2	0	0	793	681	856	1090	0	0	0	0
3	0	0	795	675	856	1090	0	0	0	0
4	0	0	797	670	861	1090	0	0	0	0
5	0	0	798	664	865	1092	0	0	0	0
6	0	0	798	657	867	1099	0	0	0	0
7	0	0	798	652	871	1103	0	0	0	0
8	0	0	798	646	874	1104	0	0	0	0
9	0	0	799	641	877	1105	0	0	0	0
10	0	0	799	637	879	1106	0	0	0	0
11	0	0	800	633	880	1105	0	0	0	0
12	0	0	800	628	881	1105	0	0	0	0
13	0	0	801	623	883	1107	0	0	0	0
14	0	0	803	621	882	1112	0	0	0	0
15	0	0	804	618	884	1117	0	0	0	0
16	0	0	805	615	883	1117	0	0	0	0
17	0	0	805	614	884	1115	0	0	0	0
18	0	0	804	612	883	1120	0	0	0	0
19	0	0	804	612	883	1120	0	0	0	0
20	0	0	805	610	883	1118	0	0	0	0
21	0	0	802	609	882	1120	0	0	0	0
22	0	0	802	609	883	1122	0	0	0	0
23	0	0	802	607	885	1122	0	0	0	0
24	0	0	800	606	886	1127	0	0	0	0
25	0	0	799	605	887	1125	0	0	0	0
26	0	0	798	604	888	1128	0	0	0	0
27	0	0	795	603	888	1132	0	0	0	0
28	0	0	795	600	890	1130	0	0	0	0
29	0	0	793	601	891	1133	0	0	0	0
30	0	0	793	600	892	1135	0	0	0	0
31	0	0	792	598	895	1134	0	0	0	0
32	0	0	790	596	896	1132	0	0	0	0
33	0	0	788	595	898	1133	0	0	0	0
34	0	0	786	594	899	1134	0	0	0	0
35	0	0	784	592	901	1133	0	0	0	0
36	0	0	783	589	902	1127	0	0	0	0
37	0	0	782	587	904	1124	0	0	0	0
38	0	0	780	585	904	1119	0	0	0	0
39	0	0	778	582	905	1118	0	0	0	0
40	0	0	776	580	906	1116	0	0	0	0
41	0	0	774	579	906	1112	0	0	0	0
42	0	0	772	576	907	1108	0	0	0	0
43	0	0	772	574	907	1106	0	0	0	0
44	0	0	773	572	907	1105	0	0	0	0
45	0	0	774	572	907	1103	0	0	0	0
46	0	0	774	570	908	1103	0	0	0	0
47	0	0	775	569	908	1106	0	0	0	0
48	0	0	775	569	908	1104	0	0	0	0
49	0	0	776	568	908	1105	0	0	0	0
50	0	0	776	568	907	1107	0	0	0	0
51	0	0	776	569	907	1108	0	0	0	0
52	0	0	775	570	906	1108	0	0	0	0
53	0	0	775	570	906	1107	0	0	0	0
54	0	0	775	572	906	1111	0	0	0	0
55	0	0	776	573	905	1110	0	0	0	0
56	0	0	774	575	905	1109	0	0	0	0
57	0	0	774	578	904	1109	0	0	0	0
58	0	0	774	579	902	1108	0	0	0	0
59	0	0	774	581	901	1106	0	0	0	0
60	0	0	775	584	901	1105	0	0	0	0
61	0	0	776	585	900	1104	0	0	0	0
62	0	0	777	588	899	1104	0	0	0	0
63	0	0	778	590	898	1107	0	0	0	0
64	0	0	778	592	897	1111	0	0	0	0
65	0	0	779	595	895	1117	0	0	0	0
66	0	0	780	597	893	1117	0	0	0	0
67	0	0	780	599	893	1124	0	0	0	0
68	0	0	781	600	891	1125	0	0	0	0
69	0	0	779	604	890	1126	0	0	0	0
70	0	0	779	606	888	1129	0	0	0	0
71	0	0	779	607	887	1128	0	0	0	0
72	0	0	779	609	886	1131	0	0	0	0
73	0	0	779	611	885	1134	0	0	0	0
74	0	0	778	613	883	1137	0	0	0	0
75	0	0	779	614	882	1135	0	0	0	0
76	0	0	778	615	881	1135	0	0	0	0
77	0	0	778	617	880	1134	0	0	0	0
78	0	0	779	618	880	1136	0	0	0	0
79	0	0	778	619	879	1139	0	0	0	0
80	0	0	778	620	878	1136	0	0	0	0
81	0	0	778	621	876	1135	0	0	0	0
82	0	0	779	622	875	1135	0	0	0	0
83	0	0	778	623	875	1140	0	0	0	0
84	0	0	779	625	872	1140	0	0	0	0
85	0	0	780	626	872	1140	0	0	0	0
86	0	0	779	627	871	1142	0	0	0	0
87	0	0	780	629	870	1142	0	0	0	0
88	0	0	781	630	869	1143	0	0	0	0
89	0	0	780	632	868	1142	0	0	0	0
90	0	0	782	633	866	1147	0	0	0	0
91	0	0	783	635	865	1148	0	0	0	0
92	0	0	783	637	862	1148	0	0	0	0
93	0	0	783	638	862	1148	0	0	0	0
94	0	0	786	640	860	1149	0	0	0	0
95	0	0	785	641	859	1148	0	0	0	0
96	0	0	786	642	857	1150	0	0	0	0
97	0	0	786	644	856	1149	0	0	0	0
98	0	0	788	645	855	1148	0	0	0	0
99	0	0	787	647	853	1147	0	0	0	0
100	0	0	790	648	852	1147	0	0	0	0
101	0	0	789	649	850	1147	0	0	0	0
102	0	0	789	650	849	1148	0	0	0	0
103	0	0	789	652	848	1150	0	0	0	0
104	0	0	790	653	847	1149	0	0	0	0
105	0	0	790	653	845	1151	0	0	0	0
106	0	0	790	654	845	1149	0	0	0	0
107	0	0	790	655	844	1152	0	0	0	0
108	0	0	790	655	841	1154	0	0	0	0
109	0	0	790	657	841	1151	0	0	0	0
110	0	0	791	657	840	1152	0	0	0	0
111	0	0	791	658	839	1153	0	0	0	0
112	0	0	792	659	838	1152	0	0	0	0
113	0	0	792	661	838	1155	0	0	0	0
114	0	0	791	659	838	1155	0	0	0	0
115	0	0	790	660	837	1155	0	0	0	0
116	0	0	790	660	837	1154	0	0	0	0
117	0	0	790	661	835	1151	0	0	0	0
118	0	0	789	662	835	1152	0	0	0	0
119	0	0	788	663	835	1150	0	0	0	0
120	0	0	789	663	835	1150	0	0	0	0
121	0	0	788	664	834	1148	0	0	0	0
122	0	0	789	665	834	1147	0	0	0	0
123	0	0	787	665	834	1147	0	0	0	0
124	0	0	788	665	833	1148	0	0	0	0
125	0	0	787	666	834	1147	0	0	0	0
126	0	0	787	666	833	1149	0	0	0	0
127	0	0	787	667	833	1147	0	0	0	0
0	0	0	786	668	832	1151	0	0	0	0
1	0	0	783	669	832	1152	0	0	0	0
2	0	0	786	669	833	1154	0	0	0	0
3	0	0	786	669	832	1155	0	0	0	0
4	0	0	786	672	832	1156	0	0	0	0
5	0	0	786	671	831	1156	0	0	0	0
6	0	0	785	672	832	1157	0	0	0	0
7	0	0	786	671	832	1154	0	0	0	0
8	0	0	786	673	832	1154	0	0	0	0
9	0	0	784	672	833	1154	0	0	0	0
10	0	0	784	672	832	1152	0	0	0	0
11	0	0	782	675	832	1151	0	0	0	0
12	0	0	784	675	832	1151	0	0	0	0
13	0	0	783	675	831	1152	0	0	0	0
14	0	0	783	675	831	1152	0	0	0	0
15	0	0	782	676	831	1154	0	0	0	0
16	0	0	783	676	833	1152	0	0	0	0
17	0	0	784	677	833	1152	0	0	0	0
18	0	0	783	677	832	1154	0	0	0	0
19	0	0	783	678	832	1155	0	0	0	0
20	0	0	784	678	832	1158	0	0	0	0
21	0	0	784	679	833	1156	0	0	0	0
22	0	0	784	681	834	1158	0	0	0	0
23	0	0	785	681	833	1159	0	0	0	0
24	0	0	784	681	833	1158	0	0	0	0
25	0	0	785	682	833	1159	0	0	0	0
26	0	0	785	683	834	1165	0	0	0	0
27	0	0	784	684	832	1166	0	0	0	0
28	0	0	784	685	833	1165	0	0	0	0
29	0	0	784	684	833	1161	0	0	0	0
30	0	0	784	685	833	1161	0	0	0	0
31	0	0	785	686	834	1162	0	0	0	0
32	0	0	784	686	834	1161	0	0	0	0
33	0	0	786	686	835	1161	0	0	0	1
34	0	0	785	687	834	1162	0	0	0	0
35	0	0	785	687	835	1162	0	0	0	0
36	0	0	786	687	835	1164	0	0	0	0
37	0	0	786	687	836	1163	0	0	0	0
38	0	0	787	687	836	1162	0	0	0	0
39	0	0	787	686	835	1164	0	0	0	0
40	0	0	786	686	836	1167	0	0	0	0
41	0	0	784	685	837	1164	0	0	0	0
42	0	0	789	685	837	1165	0	0	0	0
43	0	0	787	684	837	1165	0	0	0	0
44	0	0	787	684	838	1164	0	0	0	0
45	0	0	788	683	838	1163	0	0	0	0
46	0	0	789	682	838	1165	0	0	0	0
47	0	0	788	680	839	1163	0	0	0	0
48	0	0	788	679	840	1162	0	0	0	0
49	0	0	788	679	840	1161	0	0	0	0
50	0	0	788	677	841	1162	0	0	0	0
51	0	0	789	677	842	1161	0	0	0	0
52	0	0	789	676	844	1160	0	0	0	0
53	0	0	789	675	844	1158	0	0	0	0
54	0	0	788	674	843	1159	0	0	0	0
55	0	0	790	674	843	1158	0	0	0	0
56	0	0	789	673	846	1159	0	0	0	0
57	0	0	789	673	846	1160	0	0	0	0
58	0	0	789	672	845	1159	0	0	0	0
59	0	0	789	672	846	1164	0	0	0	0
60	0	0	788	670	847	1164	0	0	0	0
61	0	0	788	670	848	1165	0	0	0	0
62	0	0	788	669	849	1164	0	0	0	0
63	0	0	788	668	849	1164	0	0	0	0
64	0	0	789	667	850	1164	0	0	0	0
65	0	0	788	667	851	1162	0	0	0	0
66	0	0	787	666	852	1165	0	0	0	0
67	0	0	787	665	853	1165	0	0	0	0
68	0	0	786	664	854	1165	0	0	0	0
69	0	0	787	663	855	1164	0	0	0	0
70	0	0	786	663	856	1164	0	0	0	0
71	0	0	785	661	856	1165	0	0	0	0
72	0	0	786	661	857	1164	0	0	0	0
73	0	0	784	661	856	1163	0	0	0	0
74	0	0	784	660	858	1163	0	0	0	0
75	0	0	785	660	859	1164	0	0	0	0
76	0	0	786	658	860	1165	0	0	0	0
77	0	0	785	658	861	1164	0	0	0	0
78	0	0	783	658	862	1165	0	0	0	0
79	0	0	785	657	862	1167	0	0	0	0
80	0	0	786	657	863	1170	0	0	0	0
81	0	0	785	657	862	1171	0	0	0	0
82	0	0	785	657	865	1171	0	0	0	0
83	0	0	784	657	864	1169	0	0	0	0
84	0	0	784	657	865	1168	0	0	0	0
85	0	0	782	656	865	1167	0	0	0	0
86	0	0	783	656	867	1170	0	0	0	0
87	0	0	782	656	868	1169	0	0	0	0
88	0	0	783	657	868	1168	0	0	0	0
89	0	0	782	656	868	1167	0	0	0	0
90	0	0	782	655	869	1166	0	0	0	0
91	0	0	782	655	869	1166	0	0	0	0
92	0	0	781	655	870	1166	0	0	0	0
93	0	0	781	654	871	1166	0	0	0	0
94	0	0	780	654	871	1164	0	0	0	0
95	0	0	780	655	871	1165	0	0	0	0
96	0	0	779	654	871	1167	0	0	0	0
97	0	0	779	655	871	1167	0	0	0	0
98	0	0	778	655	871	1168	0	0	0	0
99	0	0	779	655	871	1170	0	0	0	0
100	0	0	779	654	870	1170	0	0	0	0
101	0	0	780	655	871	1172	0	0	0	0
102	0	0	779	654	871	1170	0	0	0	0
103	0	0	779	654	872	1174	0	0	0	0
104	0	0	778	654	871	1176	0	0	0	0
105	0	0	778	655	870	1171	0	0	0	0
106	0	0	777	654	871	1174	0	0	0	0
107	0	0	778	655	870	1176	0	0	0	0
108	0	0	777	655	871	1176	0	0	0	0
109	0	0	777	655	870	1175	0	0	0	0
110	0	0	778	655	869	1173	0	0	0	0
111	0	0	778	656	870	1174	0	0	0	0
112	0	0	778	656	870	1172	0	0	0	0
113	0	0	778	656	868	1172	0	0	0	0
114	0	0	778	656	869	1172	0	0	0	0
115	0	0	777	658	868	1174	0	0	0	0
116	0	0	777	657	868	1175	0	0	0	0
117	0	0	778	657	869	1173	0	0	0	0
118	0	0	778	657	869	1173	0	0	0	0
119	0	0	777	657	867	1174	0	0	0	0
120	0	0	778	658	866	1178	0	0	0	0
121	0	0	778	658	866	1177	0	0	0	0
122	0	0	777	659	866	1175	0	0	0	0
123	0	0	777	658	866	1182	0	0	0	0
124	0	0	778	658	865	1180	0	0	0	0
125	0	0	777	659	863	1182	0	0	0	0
126	0	0	779	659	863	1185	0	0	0	0
127	0	0	778	660	863	1183	0	0	0	0
0	0	0	779	660	863	1185	0	0	0	0
1	0	0	778	661	862	1183	0	0	0	0
2	0	0	778	660	861	1183	0	0	0	0
3	0	0	778	661	861	1185	0	0	0	0
4	0	0	778	662	861	1183	0	0	0	0
5	0	0	779	663	861	1182	0	0	0	0
6	0	0	779	662	860	1183	0	0	0	0
7	0	0	779	662	859	1182	0	0	0	0
8	0	0	778	664	859	1186	0	0	0	0
9	0	0	780	664	858	1186	0	0	0	0
10	0	0	781	664	858	1186	0	0	0	0
11	0	0	779	664	857	1189	0	0	0	0
12	0	0	779	663	856	1189	0	0	0	0
13	0	0	780	666	857	1191	0	0	0	0
14	0	0	781	666	855	1191	0	0	0	0
15	0	0	781	666	855	1191	0	0	0	0
16	0	0	781	666	854	1190	0	0	0	0
17	0	0	781	666	854	1192	0	0	0	0
18	0	0	780	666	854	1193	0	0	0	0
19	0	0	780	667	854	1197	0	0	0	0
20	0	0	780	667	854	1192	0	0	0	0
21	0	0	781	667	852	1190	0	0	0	0
22	0	0	782	667	852	1189	0	0	0	0
23	0	0	781	667	852	1191	0	0	0	0
24	0	0	781	668	851	1193	0	0	0	0
25	0	0	780	668	850	1192	0	0	0	0
26	0	0	780	668	850	1196	0	0	0	0
27	0	0	781	669	849	1193	0	0	0	0
28	0	0	780	668	849	1195	0	0	0	0
29	0	0	780	668	849	1193	0	0	0	0
30	0	0	780	669	849	1194	0	0	0	0
31	0	0	780	669	848	1196	0	0	0	0
32	0	0	780	669	848	1196	0	0	0	0
33	0	0	780	667	847	1198	0	0	0	0
34	0	0	779	669	848	1199	0	0	0	0
35	0	0	777	668	849	1197	0	0	0	0
36	0	0	774	668	848	1196	0	0	0	0
37	0	0	775	667	846	1195	0	0	0	0
38	0	0	776	668	849	1196	0	0	0	0
39	0	0	775	668	848	1197	0	0	0	0
40	0	0	776	667	848	1194	0	0	0	0
41	0	0	775	666	847	1189	0	0	0	0
42	0	0	775	666	848	1187	0	0	0	0
43	0	0	776	666	847	1189	0	0	0	0
44	0	0	775	665	847	1187	0	0	0	0
45	0	0	774	665	847	1189	0	0	0	0
46	0	0	774	663	847	1188	0	0	0	0
47	0	0	775	663	847	1188	0	0	0	0
48	0	0	775	664	847	1187	0	0	0	0
49	0	0	774	663	847	1188	0	0	0	0
50	0	0	773	663	846	1188	0	0	0	0
51	0	0	774	662	848	1189	0	0	0	0
52	0	0	774	661	849	1189	0	0	0	0
53	0	0	774	661	847	1189	0	0	0	0
54	0	0	774	661	847	1190	0	0	0	0
55	0	0	774	659	847	1192	0	0	0	0
56	0	0	773	660	847	1193	0	0	0	0
57	0	0	773	659	849	1192	0	0	0	0
58	0	0	774	659	848	1192	0	0	0	0
59	0	0	773	657	848	1193	0	0	0	0
60	0	0	773	658	848	1191	0	0	0	0
61	0	0	773	658	849	1190	0	0	0	0
62	0	0	772	657	849	1191	0	0	0	0
63	0	0	773	657	850	1192	0	0	0	0
64	0	0	773	657	849	1192	0	0	0	0
65	0	0	774	656	850	1191	0	0	0	0
66	0	0	772	656	849	1193	0	0	0	0
67	0	0	773	655	850	1194	0	0	0	0
68	0	0	774	655	850	1194	0	0	0	0
69	0	0	774	655	851	1193	0	0	0	0
70	0	0	775	654	850	1192	0	0	0	0
71	0	0	775	654	851	1193	0	0	0	0
72	0	0	774	654	852	1193	0	0	0	0
73	0	0	775	655	852	1194	0	0	0	0
74	0	0	775	655	853	1195	0	0	0	0
75	0	0	775	654	852	1196	0	0	0	0
76	0	0	776	654	853	1195	0	0	0	0
77	0	0	773	653	853	1195	0	0	0	0
78	0	0	775	653	854	1197	0	0	0	0
79	0	0	775	653	854	1197	0	0	0	0
80	0	0	777	653	855	1195	0	0	0	0
81	0	0	776	653	856	1193	0	0	0	0
82	0	0	777	652	856	1192	0	0	0	0
83	0	0	777	652	855	1194	0	0	0	0
84	0	0	777	653	855	1194	0	0	0	0
85	0	0	777	652	855	1194	0	0	0	0
86	0	0	777	653	856	1194	0	0	0	0
87	0	0	778	653	855	1194	0	0	0	0
88	0	0	779	654	856	1195	0	0	0	0
89	0	0	779	653	857	1196	0	0	0	0
90	0	0	779	653	856	1197	0	0	0	0
91	0	0	781	654	857	1201	0	0	0	0
92	0	0	780	653	857	1204	0	0	0	0
93	0	0	781	653	857	1197	0	0	0	0
94	0	0	780	654	857	1198	0	0	0	0
95	0	0	781	654	857	1199	0	0	0	0
96	0	0	782	655	857	1197	0	0	0	0
97	0	0	782	655	857	1197	0	0	0	0
98	0	0	782	654	858	1198	0	0	0	0
99	0	0	782	655	857	1199	0	0	0	0
100	0	0	781	656	857	1199	0	0	0	0
101	0	0	782	656	857	1199	0	0	0	0
102	0	0	782	656	857	1197	0	0	0	0
103	0	0	783	658	857	1196	0	0	0	0
104	0	0	784	657	857	1196	0	0	0	0
105	0	0	783	657	857	1197	0	0	0	0
106	0	0	783	657	857	1195	0	0	0	0
107	0	0	784	659	855	1196	0	0	0	0
108	0	0	784	658	856	1199	0	0	0	0
109	0	0	783	659	856	1201	0	0	0	0
110	0	0	783	658	855	1203	0	0	0	0
111	0	0	783	659	856	1204	0	0	0	0
112	0	0	783	659	855	1208	0	0	0	0
113	0	0	783	660	855	1209	0	0	0	0
114	0	0	783	660	855	1212	0	0	0	0
115	0	0	783	660	853	1213	0	0	0	0
116	0	0	783	660	854	1214	0	0	0	0
117	0	0	784	661	854	1214	0	0	0	0
118	0	0	783	662	853	1219	0	0	0	0
119	0	0	785	661	853	1219	0	0	0	0
120	0	0	785	662	851	1219	0	0	0	0
121	0	0	783	661	851	1217	0	0	0	0
122	0	0	785	662	851	1217	0	0	0	0
123	0	0	785	662	851	1218	0	0	0	0
124	0	0	784	663	852	1217	0	0	0	0
125	0	0	783	663	851	1217	0	0	0	0
126	0	0	784	664	850	1217	0	0	0	0
127	0	0	785	664	850	1217	0	0	0	0
0	0	0	785	665	849	1217	0	0	0	0
1	0	0	785	666	849	1218	0	0	0	0
2	0	0	784	666	848	1218	0	0	0	0
3	0	0	783	666	848	1218	0	0	0	0
4	0	0	783	666	848	1217	0	0	0	0
5	0	0	783	666	847	1218	0	0	0	0
6	0	0	783	666	847	1221	0	0	0	0
7	0	0	782	666	846	1222	0	0	0	0
8	0	0	782	667	847	1220	0	0	0	0
9	0	0	783	668	845	1221	0	0	0	0
10	0	0	783	667	844	1222	0	0	0	0
11	0	0	780	667	845	1225	0	0	0	0
12	0	0	779	667	844	1223	0	0	0	0
13	0	0	780	668	844	1224	0	0	0	0
14	0	0	780	668	845	1220	0	0	0	0
15	0	0	781	668	843	1219	0	0	0	0
16	0	0	780	667	843	1218	0	0	0	0
17	0	0	778	667	843	1221	0	0	0	0
18	0	0	778	667	843	1216	0	0	0	0
19	0	0	778	668	843	1213	0	0	0	0
20	0	0	778	668	844	1216	0	0	0	0
21	0	0	777	668	843	1217	0	0	0	0
22	0	0	776	668	843	1214	0	0	0	0
23	0	0	776	667	842	1214	0	0	0	0
24	0	0	775	667	842	1217	0	0	0	0
25	0	0	775	667	842	1214	0	0	0	0
26	0	0	775	668	842	1216	0	0	0	0
27	0	0	774	667	842	1218	0	0	0	0
28	0	0	774	667	842	1219	0	0	0	0
29	0	0	771	667	842	1218	0	0	0	0
30	0	0	772	667	842	1220	0	0	0	0
31	0	0	773	667	841	1221	0	0	0	0
32	0	0	773	667	841	1219	0	0	0	0
33	0	0	773	666	843	1217	0	0	0	0
34	0	0	773	666	841	1215	0	0	0	0
35	0	0	773	666	841	1216	0	0	0	0
36	0	0	772	666	842	1215	0	0	0	0
37	0	0	771	666	842	1213	0	0	0	0
38	0	0	772	667	842	1214	0	0	0	0
39	0	0	772	666	843	1215	0	0	0	0
40	0	0	772	666	843	1214	0	0	0	0
41	0	0	770	666	843	1216	0	0	0	0
42	0	0	770	665	842	1215	0	0	0	0
43	0	0	769	665	843	1217	0	0	0	0
44	0	0	770	666	843	1216	0	0	0	0
45	0	0	771	665	844	1215	0	0	0	0
46	0	0	770	665	844	1218	0	0	0	0
47	0	0	770	664	844	1218	0	0	0	0
48	0	0	770	665	845	1220	0	0	0	0
49	0	0	769	663	845	1218	0	0	0	0
50	0	0	770	663	846	1220	0	0	0	0
51	0	0	770	664	846	1221	0	0	0	0
52	0	0	769	664	846	1219	0	0	0	0
53	0	0	769	664	846	1217	0	0	0	0
54	0	0	770	663	846	1216	0	0	0	0
55	0	0	770	662	847	1215	0	0	0	0
56	0	0	769	662	847	1215	0	0	0	0
57	0	0	768	662	848	1214	0	0	0	0
58	0	0	768	663	849	1212	0	0	0	0
59	0	0	768	663	848	1213	0	0	0	0
60	0	0	767	663	849	1213	0	0	0	0
61	0	0	769	663	850	1216	0	0	0	0
62	0	0	768	662	851	1218	0	0	0	0
63	0	0	769	662	852	1217	0	0	0	0
64	0	0	770	662	852	1217	0	0	0	0
65	0	0	769	662	853	1218	0	0	0	0
66	0	0	768	663	853	1218	0	0	0	0
67	0	0	769	663	852	1217	0	0	0	0
68	0	0	768	661	854	1216	0	0	0	0
69	0	0	769	662	854	1218	0	0	0	0
70	0	0	770	663	856	1220	0	0	0	0
71	0	0	770	663	856	1219	0	0	0	0
72	0	0	770	662	856	1216	0	0	0	0
73	0	0	770	663	856	1216	0	0	0	0
74	0	0	771	664	857	1215	0	0	0	0
75	0	0	771	662	857	1215	0	0	0	0
76	0	0	770	662	858	1216	0	0	0	0
77	0	0	770	661	858	1215	0	0	0	0
78	0	0	771	662	860	1216	0	0	0	0
79	0	0	772	660	860	1215	0	0	0	0
80	0	0	770	661	860	1218	0	0	0	0
81	0	0	770	661	860	1218	0	0	0	0
82	0	0	771	662	861	1220	0	0	0	0
83	0	0	772	662	861	1222	0	0	0	0
84	0	0	772	661	861	1223	0	0	0	0
85	0	0	773	661	861	1225	0	0	0	0
86	0	0	774	662	861	1226	0	0	0	0
87	0	0	774	661	861	1227	0	0	0	0
88	0	0	775	661	861	1227	0	0	0	0
89	0	0	774	661	862	1227	0	0	0	0
90	0	0	774	661	862	1231	0	0	0	0
91	0	0	772	661	862	1231	0	0	0	0
92	0	0	773	661	862	1230	0	0	0	0
93	0	0	774	660	863	1228	0	0	0	0
94	0	0	775	661	864	1226	0	0	0	0
95	0	0	774	659	864	1226	0	0	0	0
96	0	0	775	661	863	1227	0	0	0	0
97	0	0	775	661	863	1226	0	0	0	0
98	0	0	774	661	864	1226	0	0	0	0
99	0	0	776	661	863	1227	0	0	0	0
100	0	0	776	659	863	1228	0	0	0	0
101	0	0	778	661	863	1228	0	0	0	0
102	0	0	777	661	862	1230	0	0	0	0
103	0	0	777	661	863	1233	0	0	0	0
104	0	0	777	661	863	1233	0	0	0	0
105	0	0	778	661	863	1231	0	0	0	0
106	0	0	778	661	862	1232	0	0	0	0
107	0	0	779	662	863	1234	0	0	0	0
108	0	0	778	661	862	1235	0	0	0	0
109	0	0	778	662	861	1237	0	0	0	0
110	0	0	778	660	862	1237	0	0	0	0
111	0	0	779	662	862	1238	0	0	0	0
112	0	0	778	662	862	1237	0	0	0	0
113	0	0	778	662	861	1237	0	0	0	0
114	0	0	778	662	862	1236	0	0	0	0
115	0	0	779	662	859	1237	0	0	0	0
116	0	0	777	661	859	1238	0	0	0	0
117	0	0	778	662	859	1238	0	0	0	0
118	0	0	777	662	859	1240	0	0	0	0
119	0	0	778	661	859	1239	0	0	0	0
120	0	0	780	661	859	1239	0	0	0	0
121	0	0	778	662	859	1241	0	0	0	0
122	0	0	777	663	859	1241	0	0	0	0
123	0	0	775	663	858	1242	0	0	0	0
124	0	0	778	662	858	1244	0	0	0	0
125	0	0	779	662	857	1245	0	0	0	0
126	0	0	778	663	857	1246	0	0	0	0
127	0	0	777	664	856	1244	0	0	0	0
0	0	0	778	663	856	1245	0	0	0	0
1	0	0	778	663	855	1247	0	0	0	0
2	0	0	778	663	856	1252	0	0	0	0
3	0	0	777	663	855	1258	0	0	0	0
4	0	0	778	664	854	1256	0	0	0	0
5	0	0	778	664	854	1258	0	0	0	0
6	0	0	778	665	854	1255	0	0	0	0
7	0	0	778	665	854	1256	0	0	0	0
8	0	0	778	665	854	1256	0	0	0	0
9	0	0	776	665	853	1254	0	0	0	0
10	0	0	777	665	853	1256	0	0	0	0
11	0	0	777	666	853	1260	0	0	0	0
12	0	0	777	666	853	1260	0	0	0	0
13	0	0	777	666	852	1263	0	0	0	0
14	0	0	777	667	852	1262	0	0	0	0
15	0	0	775	668	853	1264	0	0	0	0
16	0	0	776	668	852	1270	0	0	0	0
17	0	0	777	667	853	1270	0	0	0	0
18	0	0	776	669	852	1273	0	0	0	0
19	0	0	776	668	852	1273	0	0	0	0
20	0	0	775	669	852	1273	0	0	0	0
21	0	0	775	669	853	1278	0	0	0	0
22	0	0	775	669	852	1280	0	0	0	0
23	0	0	774	668	853	1281	0	0	0	0
24	0	0	774	669	854	1282	0	0	0	0
25	0	0	775	668	853	1280	0	0	0	0
26	0	0	775	669	852	1278	0	0	0	0
27	0	0	774	669	853	1279	0	0	0	0
28	0	0	774	670	853	1278	0	0	0	0
29	0	0	773	670	853	1278	0	0	0	0
30	0	0	773	670	854	1278	0	0	0	0
31	0	0	773	670	854	1281	0	0	0	0
32	0	0	773	670	853	1285	0	0	0	0
33	0	0	773	671	854	1285	0	0	0	0
34	0	0	774	672	853	1287	0	0	0	0
35	0	0	774	672	855	1288	0	0	0	0
36	0	0	774	672	855	1290	0	0	0	0
37	0	0	774	673	855	1293	0	0	0	0
38	0	0	775	673	855	1292	0	0	0	0
39	0	0	773	675	855	1291	0	0	0	0
40	0	0	773	675	856	1293	0	0	0	0
41	0	0	773	676	855	1294	0	0	0	0
42	0	0	773	675	856	1296	0	0	0	0
43	0	0	772	676	857	1297	0	0	0	0
44	0	0	772	676	857	1298	0	0	0	0
45	0	0	772	677	857	1298	0	0	0	0
46	0	0	772	677	857	1298	0	0	0	0
47	0	0	773	678	858	1300	0	0	0	0
48	0	0	772	678	859	1300	0	0	0	0
49	0	0	772	677	860	1300	0	0	0	0
50	0	0	771	678	861	1298	0	0	0	0
51	0	0	772	678	861	1300	0	0	0	0
52	0	0	771	679	861	1299	0	0	0	0
53	0	0	771	680	862	1301	0	0	0	0
54	0	0	770	680	862	1302	0	0	0	0
55	0	0	769	680	864	1303	0	0	0	0
56	0	0	768	681	864	1306	0	0	0	0
57	0	0	768	682	865	1304	0	0	0	0
58	0	0	768	681	864	1305	0	0	0	0
59	0	0	769	683	865	1306	0	0	0	0
60	0	0	767	682	866	1304	0	0	0	0
61	0	0	769	682	865	1303	0	0	0	0
62	0	0	768	683	866	1305	0	0	0	0
63	0	0	767	682	868	1305	0	0	0	0
64	0	0	767	682	868	1304	0	0	0	0
65	0	0	766	682	870	1303	0	0	0	0
66	0	0	766	683	870	1307	0	0	0	0
67	0	0	766	683	871	1306	0	0	0	0
68	0	0	766	683	871	1304	0	0	0	0
69	0	0	766	682	871	1305	0	0	0	0
70	0	0	765	681	872	1306	0	0	0	0
71	0	0	763	682	873	1306	0	0	0	0
72	0	0	764	681	875	1306	0	0	0	0
73	0	0	764	681	875	1309	0	0	0	0
74	0	0	764	682	876	1309	0	0	0	0
75	0	0	765	682	876	1310	0	0	0	0
76	0	0	765	681	877	1314	0	0	0	0
77	0	0	764	681	877	1315	0	0	0	0
78	0	0	764	680	877	1316	0	0	0	0
79	0	0	763	680	878	1317	0	0	0	0
80	0	0	762	679	879	1317	0	0	0	0
81	0	0	764	678	879	1320	0	0	0	0
82	0	0	763	679	879	1322	0	0	0	0
83	0	0	763	677	880	1324	0	0	0	0
84	0	0	762	677	881	1322	0	0	0	0
85	0	0	762	677	882	1322	0	0	0	0
86	0	0	761	677	881	1320	0	0	0	0
87	0	0	762	674	881	1323	0	0	0	0
88	0	0	762	674	882	1321	0	0	0	0
89	0	0	762	673	882	1321	0	0	0	0
90	0	0	762	671	885	1319	0	0	0	0
91	0	0	763	671	883	1321	0	0	0	0
92	0	0	763	670	885	1321	0	0	0	0
93	0	0	762	669	884	1322	0	0	0	0
94	0	0	763	669	884	1322	0	0	0	0
95	0	0	763	667	884	1324	0	0	0	0
96	0	0	763	666	885	1324	0	0	0	0
97	0	0	763	665	886	1325	0	0	0	0
98	0	0	763	663	885	1327	0	0	0	0
99	0	0	763	662	885	1329	0	0	0	0
100	0	0	762	662	886	1328	0	0	0	0
101	0	0	765	661	886	1327	0	0	0	0
102	0	0	764	660	886	1330	0	0	0	0
103	0	0	765	659	886	1330	0	0	0	0
104	0	0	764	658	887	1327	0	0	0	0
105	0	0	764	656	888	1331	0	0	0	0
106	0	0	765	656	887	1332	0	0	0	0
107	0	0	765	656	886	1334	0	0	0	0
108	0	0	765	655	887	1333	0	0	0	0
109	0	0	765	654	885	1330	0	0	0	0
110	0	0	765	655	886	1331	0	0	0	0
111	0	0	766	653	886	1334	0	0	0	0
112	0	0	766	653	884	1333	0	0	0	0
113	0	0	766	652	885	1334	0	0	0	0
114	0	0	767	652	884	1336	0	0	0	0
115	0	0	767	653	882	1339	0	0	0	0
116	0	0	767	652	882	1338	0	0	0	0
117	0	0	767	652	881	1338	0	0	0	0
118	0	0	767	651	881	1340	0	0	0	0
119	0	0	767	651	880	1339	0	0	0	0
120	0	0	767	650	879	1338	0	0	0	0
121	0	0	767	650	879	1338	0	0	0	0
122	0	0	767	649	878	1339	0	0	0	0
123	0	0	767	649	877	1341	0	0	0	0
124	0	0	769	649	876	1342	0	0	0	0
125	0	0	768	648	875	1339	0	0	0	0
126	0	0	768	648	875	1338	0	0	0	0
127	0	0	768	648	874	1340	0	0	0	0
0	0	0	769	649	873	1341	0	0	0	0
1	0	0	768	649	872	1339	0	0	0	0
2	0	0	768	647	871	1341	0	0	0	0
3	0	0	769	648	870	1345	0	0	0	0
4	0	0	770	648	869	1350	0	0	0	0
5	0	0	770	649	869	1350	0	0	0	0
6	0	0	771	649	868	1351	0	0	0	0
7	0	0	771	648	867	1356	0	0	0	0
8	0	0	771	649	866	1352	0	0	0	0
9	0	0	771	649	864	1351	0	0	0	0
10	0	0	770	648	864	1351	0	0	0	0
11	0	0	771	648	864	1353	0	0	0	0
12	0	0	771	649	863	1352	0	0	0	0
13	0	0	771	649	862	1354	0	0	0	0
14	0	0	771	649	861	1358	0	0	0	0
15	0	0	769	649	860	1359	0	0	0	0
16	0	0	770	649	859	1359	0	0	0	0
17	0	0	769	648	858	1359	0	0	0	0
18	0	0	770	650	856	1355	0	0	0	0
19	0	0	770	650	856	1358	0	0	0	0
20	0	0	770	649	855	1357	0	0	0	0
21	0	0	770	649	855	1356	0	0	0	0
22	0	0	769	649	854	1355	0	0	0	0
23	0	0	770	650	853	1354	0	0	0	0
24	0	0	770	650	852	1352	0	0	0	0
25	0	0	770	650	852	1353	0	0	0	0
26	0	0	769	650	850	1353	0	0	0	0
27	0	0	768	650	849	1354	0	0	0	0
28	0	0	768	650	848	1357	0	0	0	0
29	0	0	769	650	848	1357	0	0	0	0
30	0	0	768	649	847	1358	0	0	0	0
31	0	0	768	650	847	1357	0	0	0	0
32	0	0	768	651	846	1357	0	0	0	0
33	0	0	770	651	845	1358	0	0	0	0
34	0	0	770	651	845	1359	0	0	0	0
35	0	0	770	651	844	1363	0	0	0	0
36	0	0	769	650	844	1360	0	0	0	0
37	0	0	768	651	843	1359	0	0	0	0
38	0	0	769	651	843	1359	0	0	0	0
39	0	0	769	652	842	1359	0	0	0	0
40	0	0	769	650	841	1358	0	0	0	0
41	0	0	769	651	840	1356	0	0	0	0
42	0	0	768	652	841	1355	0	0	0	0
43	0	0	767	652	840	1355	0	0	0	0
44	0	0	769	650	839	1353	0	0	0	0
45	0	0	768	651	839	1350	0	0	0	0
46	0	0	768	651	838	1351	0	0	0	0
47	0	0	769	650	837	1353	0	0	0	0
48	0	0	768	650	837	1355	0	0	0	0
49	0	0	770	651	837	1353	0	0	0	0
50	0	0	769	650	836	1357	0	0	0	0
51	0	0	769	650	836	1357	0	0	0	0
52	0	0	770	650	835	1358	0	0	0	0
53	0	0	770	650	835	1356	0	0	0	0
54	0	0	770	651	834	1356	0	0	0	0
55	0	0	770	651	835	1355	0	0	0	0
56	0	0	771	650	834	1355	0	0	0	0
57	0	0	771	651	834	1351	0	0	0	0
58	0	0	772	651	834	1352	0	0	0	0
59	0	0	773	651	833	1351	0	0	0	0
60	0	0	772	652	833	1348	0	0	0	0
61	0	0	772	652	832	1346	0	0	0	0
62	0	0	771	651	833	1345	0	0	0	0
63	0	0	773	652	833	1347	0	0	0	0
64	0	0	773	653	833	1348	0	0	0	0
65	0	0	774	652	832	1351	0	0	0	0
66	0	0	774	653	832	1350	0	0	0	0
67	0	0	775	653	832	1351	0	0	0	0
68	0	0	775	654	831	1347	0	0	0	0
69	0	0	776	654	832	1344	0	0	0	0
70	0	0	776	654	832	1345	0	0	0	0
71	0	0	776	655	832	1344	0	0	0	0
72	0	0	776	655	832	1343	0	0	0	0
73	0	0	775	655	832	1341	0	0	0	0
74	0	0	775	656	832	1341	0	0	0	0
75	0	0	775	656	833	1343	0	0	0	0
76	0	0	777	657	833	1346	0	0	0	0
77	0	0	777	657	833	1342	0	0	0	0
78	0	0	777	658	833	1341	0	0	0	0
79	0	0	778	659	833	1341	0	0	0	0
80	0	0	777	659	833	1335	0	0	0	0
81	0	0	778	659	834	1334	0	0	0	0
82	0	0	777	659	833	1334	0	0	0	0
83	0	0	777	660	834	1334	0	0	0	0
84	0	0	778	661	834	1335	0	0	0	0
85	0	0	778	660	835	1336	0	0	0	0
86	0	0	778	661	835	1335	0	0	0	0
87	0	0	778	658	835	1335	0	0	0	0
88	0	0	780	661	835	1335	0	0	0	0
89	0	0	780	663	837	1334	0	0	0	0
90	0	0	779	662	837	1334	0	0	0	0
91	0	0	779	663	837	1335	0	0	0	0
92	0	0	781	664	838	1334	0	0	0	0
93	0	0	782	665	838	1334	0	0	0	0
94	0	0	782	664	838	1336	0	0	0	0
95	0	0	781	664	839	1336	0	0	0	0
96	0	0	782	663	840	1333	0	0	0	0
97	0	0	783	664	840	1332	0	0	0	0
98	0	0	783	663	842	1331	0	0	0	0
99	0	0	783	665	842	1329	0	0	0	0
100	0	0	783	665	843	1330	0	0	0	0
101	0	0	784	665	844	1329	0	0	0	0
102	0	0	783	665	845	1330	0	0	0	0
103	0	0	783	666	845	1330	0	0	0	0
104	0	0	784	666	846	1332	0	0	0	0
105	0	0	784	666	847	1329	0	0	0	0
106	0	0	785	667	847	1330	0	0	0	0
107	0	0	784	667	847	1330	0	0	0	0
108	0	0	784	666	847	1333	0	0	0	0
109	0	0	785	668	847	1328	0	0	0	0
110	0	0	784	668	848	1329	0	0	0	0
111	0	0	784	669	849	1327	0	0	0	0
112	0	0	784	669	849	1329	0	0	0	0
113	0	0	784	669	850	1330	0	0	0	0
114	0	0	785	669	851	1331	0	0	0	0
115	0	0	783	670	851	1331	0	0	0	0
116	0	0	784	670	852	1329	0	0	0	0
117	0	0	783	670	852	1326	0	0	0	0
118	0	0	784	670	852	1326	0	0	0	0
119	0	0	785	671	853	1327	0	0	0	0
120	0	0	784	670	854	1326	0	0	0	0
121	0	0	782	670	854	1324	0	0	0	0
122	0	0	783	670	854	1323	0	0	0	0
123	0	0	784	669	855	1325	0	0	0	0
124	0	0	784	671	855	1328	0	0	0	0
125	0	0	784	670	856	1332	0	0	0	0
126	0	0	784	670	856	1332	0	0	0	0
127	0	0	785	671	857	1334	0	0	0	0
0	0	0	784	671	858	1335	0	0	0	0
1	0	0	783	671	858	1333	0	0	0	0
2	0	0	784	670	858	1334	0	0	0	0
3	0	0	783	670	858	1335	0	0	0	0
4	0	0	783	671	858	1336	0	0	0	0
5	0	0	783	672	858	1335	0	0	0	0
6	0	0	783	672	859	1336	0	0	0	0
7	0	0	781	671	860	1338	0	0	0	0
8	0	0	782	672	860	1337	0	0	0	0
9	0	0	782	671	860	1334	0	0	0	0
10	0	0	780	672	861	1333	0	0	0	0
11	0	0	781	672	862	1332	0	0	0	0
12	0	0	780	671	862	1333	0	0	0	0
13	0	0	780	671	863	1331	0	0	0	0
14	0	0	779	671	862	1332	0	0	0	0
15	0	0	778	671	863	1333	0	0	0	0
16	0	0	778	671	864	1334	0	0	0	0
17	0	0	779	671	864	1333	0	0	0	0
18	0	0	777	671	864	1334	0	0	0	0
19	0	0	777	670	864	1336	0	0	0	0
20	0	0	777	670	864	1336	0	0	0	0
21	0	0	778	671	864	1339	0	0	0	0
22	0	0	778	671	865	1339	0	0	0	0
23	0	0	777	670	864	1337	0	0	0	0
24	0	0	777	669	865	1337	0	0	0	0
25	0	0	777	670	865	1337	0	0	0	0
26	0	0	777	671	865	1337	0	0	0	0
27	0	0	775	669	866	1338	0	0	0	0
28	0	0	776	669	865	1338	0	0	0	0
29	0	0	776	668	865	1336	0	0	0	0
30	0	0	774	668	865	1335	0	0	0	0
31	0	0	775	668	866	1335	0	0	0	0
32	0	0	774	667	865	1332	0	0	0	0
33	0	0	774	666	866	1332	0	0	0	0
34	0	0	775	666	866	1332	0	0	0	0
35	0	0	774	666	866	1330	0	0	0	0
36	0	0	773	666	867	1332	0	0	0	0
37	0	0	772	666	866	1331	0	0	0	0
38	0	0	773	666	866	1332	0	0	0	0
39	0	0	773	666	865	1333	0	0	0	0
40	0	0	772	666	866	1333	0	0	0	0
41	0	0	771	666	866	1335	0	0	0	0
42	0	0	772	665	866	1336	0	0	0	0
43	0	0	772	666	866	1337	0	0	0	0
44	0	0	772	665	866	1335	0	0	0	0
45	0	0	771	665	866	1336	0	0	0	0
46	0	0	770	665	865	1337	0	0	0	0
47	0	0	771	665	865	1336	0	0	0	0
48	0	0	770	664	864	1335	0	0	0	0
49	0	0	770	665	864	1337	0	0	0	0
50	0	0	771	665	864	1338	0	0	0	0
51	0	0	771	665	864	1334	0	0	0	0
52	0	0	770	664	864	1333	0	0	0	0
53	0	0	769	664	864	1332	0	0	0	0
54	0	0	770	664	864	1335	0	0	0	0
55	0	0	770	663	864	1335	0	0	0	0
56	0	0	770	664	864	1336	0	0	0	0
57	0	0	770	664	863	1336	0	0	0	0
58	0	0	771	663	864	1336	0	0	0	0
59	0	0	771	664	863	1335	0	0	0	0
60	0	0	770	663	863	1337	0	0	0	0
61	0	0	770	663	863	1337	0	0	0	0
62	0	0	771	663	863	1338	0	0	0	0
63	0	0	771	663	862	1335	0	0	0	0
64	0	0	771	663	862	1331	0	0	0	0
65	0	0	771	662	861	1330	0	0	0	0
66	0	0	772	663	861	1331	0	0	0	0
67	0	0	772	663	861	1328	0	0	0	0
68	0	0	772	663	861	1326	0	0	0	0
69	0	0	772	662	861	1325	0	0	0	0
70	0	0	772	662	861	1325	0	0	0	0
71	0	0	772	662	861	1326	0	0	0	0
72	0	0	772	662	861	1323	0	0	0	0
73	0	0	772	662	860	1320	0	0	0	0
74	0	0	774	661	860	1319	0	0	0	0
75	0	0	773	662	860	1320	0	0	0	0
76	0	0	773	662	859	1321	0	0	0	0
77	0	0	773	661	860	1321	0	0	0	0
78	0	0	773	661	859	1322	0	0	0	0
79	0	0	773	661	859	1323	0	0	0	0
80	0	0	773	661	858	1322	0	0	0	0
81	0	0	774	661	859	1319	0	0	0	0
82	0	0	773	662	858	1323	0	0	0	0
83	0	0	773	660	857	1323	0	0	0	0
84	0	0	774	659	857	1322	0	0	0	0
85	0	0	774	660	857	1323	0	0	0	0
86	0	0	774	660	858	1322	0	0	0	0
87	0	0	774	659	857	1323	0	0	0	0
88	0	0	774	659	858	1322	0	0	0	0
89	0	0	770	659	857	1320	0	0	0	0
90	0	0	772	658	857	1318	0	0	0	0
91	0	0	772	659	857	1319	0	0	0	0
92	0	0	771	658	856	1317	0	0	0	0
93	0	0	772	659	857	1317	0	0	0	0
94	0	0	772	660	855	1317	0	0	0	0
95	0	0	772	657	857	1317	0	0	0	0
96	0	0	773	658	856	1316	0	0	0	0
97	0	0	772	658	856	1316	0	0	0	0
98	0	0	773	658	856	1313	0	0	0	0
99	0	0	772	658	855	1313	0	0	0	0
100	0	0	772	657	856	1315	0	0	0	0
101	0	0	773	657	856	1314	0	0	0	0
102	0	0	773	657	856	1317	0	0	0	0
103	0	0	773	657	857	1317	0	0	0	0
104	0	0	774	657	855	1316	0	0	0	0
105	0	0	771	657	856	1315	0	0	0	0
106	0	0	771	657	856	1315	0	0	0	0
107	0	0	772	657	856	1316	0	0	0	0
108	0	0	772	657	856	1314	0	0	0	0
109	0	0	772	657	857	1313	0	0	0	0
110	0	0	773	657	856	1312	0	0	0	0
111	0	0	773	657	856	1315	0	0	0	0
112	0	0	772	657	856	1313	0	0	0	0
113	0	0	772	656	855	1315	0	0	0	0
114	0	0	772	656	856	1314	0	0	0	0
115	0	0	773	656	856	1312	0	0	0	0
116	0	0	773	656	856	1315	0	0	0	0
117	0	0	773	656	856	1312	0	0	0	0
118	0	0	774	656	856	1312	0	0	0	0
119	0	0	774	657	856	1314	0	0	0	0
120	0	0	773	657	855	1312	0	0	0	0
121	0	0	773	657	855	1311	0	0	0	0
122	0	0	774	658	855	1310	0	0	0	0
123	0	0	774	657	855	1315	0	0	0	0
124	0	0	774	657	855	1313	0	0	0	0
125	0	0	774	658	855	1311	0	0	0	0
126	0	0	774	658	855	1311	0	0	0	0
