# bioPlux Text File Format
# Version: 1
# StartDateTime: 2012-03-21 16:01:37
# SamplingFrequency: 1000
# SampledChannels: 1 2 3 4 5 6 7 8
# SamplingResolution: 12
# AcquiringDevice: 00:07:80:93:66:BE
# EndOfHeader
0	0	0	735	564	855	926	0	0	0	0
1	0	0	734	562	856	931	0	0	0	0
2	0	0	731	560	855	932	0	0	0	0
3	0	0	731	559	856	927	0	0	0	0
4	0	0	730	558	857	926	0	0	0	0
5	0	0	728	558	858	928	0	0	0	0
6	0	0	727	559	859	926	0	0	0	0
7	0	0	726	557	860	926	0	0	0	0
8	0	0	727	556	861	931	0	0	0	0
9	0	0	727	556	862	933	0	0	0	0
10	0	0	728	555	862	939	0	0	0	0
11	0	0	727	554	864	954	0	0	0	0
12	0	0	728	553	865	962	0	0	0	0
13	0	0	730	551	865	965	0	0	0	0
14	0	0	731	550	863	957	0	0	0	0
15	0	0	733	550	864	946	0	0	0	0
16	0	0	735	549	864	945	0	0	0	0
17	0	0	736	548	863	949	0	0	0	0
18	0	0	737	546	863	952	0	0	0	0
19	0	0	738	545	864	956	0	0	0	0
20	0	0	740	542	863	960	0	0	0	0
21	0	0	741	542	863	961	0	0	0	0
22	0	0	739	540	862	969	0	0	0	0
23	0	0	740	538	862	970	0	0	0	0
24	0	0	742	536	862	958	0	0	0	0
25	0	0	744	534	862	950	0	0	0	0
26	0	0	745	532	861	948	0	0	0	0
27	0	0	745	530	860	949	0	0	0	0
28	0	0	747	529	860	953	0	0	0	0
29	0	0	748	527	860	957	0	0	0	0
30	0	0	750	525	857	962	0	0	0	0
31	0	0	752	524	857	973	0	0	0	0
32	0	0	754	522	857	976	0	0	0	0
33	0	0	757	522	856	963	0	0	0	0
34	0	0	759	521	855	968	0	0	0	0
35	0	0	760	520	855	986	0	0	0	0
36	0	0	762	519	854	998	0	0	0	0
37	0	0	763	519	853	1020	0	0	0	0
38	0	0	766	517	854	1018	0	0	0	0
39	0	0	765	517	853	1029	0	0	0	0
40	0	0	765	515	852	1033	0	0	0	0
41	0	0	767	514	853	1031	0	0	0	0
42	0	0	767	514	853	1033	0	0	0	0
43	0	0	766	512	852	1045	0	0	0	0
44	0	0	766	512	852	1049	0	0	0	0
45	0	0	766	510	852	1051	0	0	0	0
46	0	0	765	509	853	1057	0	0	0	0
47	0	0	765	509	852	1066	0	0	0	0
48	0	0	763	507	852	1069	0	0	0	0
49	0	0	763	507	853	1072	0	0	0	0
50	0	0	763	506	852	1082	0	0	0	0
51	0	0	762	505	853	1083	0	0	0	0
52	0	0	760	505	853	1071	0	0	0	0
53	0	0	759	503	853	1075	0	0	0	0
54	0	0	759	503	853	1079	0	0	0	0
55	0	0	759	503	852	1081	0	0	0	0
56	0	0	757	503	853	1082	0	0	0	0
57	0	0	757	503	854	1076	0	0	0	0
58	0	0	757	502	854	1072	0	0	0	0
59	0	0	754	502	853	1077	0	0	0	0
60	0	0	757	501	854	1078	0	0	0	0
61	0	0	756	501	854	1078	0	0	0	0
62	0	0	756	501	855	1085	0	0	0	0
63	0	0	756	500	855	1084	0	0	0	0
64	0	0	755	499	856	1083	0	0	0	0
65	0	0	755	499	857	1081	0	0	0	0
66	0	0	756	499	857	1082	0	0	0	0
67	0	0	755	497	859	1084	0	0	0	0
68	0	0	756	497	859	1081	0	0	0	0
69	0	0	755	496	859	1081	0	0	0	0
70	0	0	755	496	860	1081	0	0	0	0
71	0	0	757	495	861	1079	0	0	0	0
72	0	0	757	496	860	1076	0	0	0	0
73	0	0	758	497	860	1082	0	0	0	0
74	0	0	758	497	860	1092	0	0	0	0
75	0	0	760	498	860	1102	0	0	0	0
76	0	0	760	497	861	1098	0	0	0	0
77	0	0	761	498	859	1100	0	0	0	0
78	0	0	762	499	861	1106	0	0	0	0
79	0	0	762	500	860	1108	0	0	0	0
80	0	0	761	499	862	1102	0	0	0	0
81	0	0	762	499	862	1117	0	0	0	0
82	0	0	762	500	863	1118	0	0	0	0
83	0	0	762	500	864	1142	0	0	0	0
84	0	0	762	499	865	1148	0	0	0	0
85	0	0	762	498	866	1159	0	0	0	0
86	0	0	761	498	868	1162	0	0	0	0
87	0	0	761	497	868	1176	0	0	0	0
88	0	0	759	495	870	1185	0	0	0	0
89	0	0	759	495	872	1198	0	0	0	0
90	0	0	756	495	875	1203	0	0	0	0
91	0	0	754	495	874	1199	0	0	0	0
92	0	0	752	495	876	1202	0	0	0	0
93	0	0	750	494	877	1208	0	0	0	0
94	0	0	750	494	878	1210	0	0	0	0
95	0	0	749	494	879	1213	0	0	0	0
96	0	0	747	494	881	1214	0	0	0	0
97	0	0	746	494	882	1216	0	0	0	0
98	0	0	744	492	883	1214	0	0	0	0
99	0	0	742	492	883	1210	0	0	0	0
100	0	0	740	492	884	1204	0	0	0	0
101	0	0	741	491	885	1206	0	0	0	0
102	0	0	740	491	886	1209	0	0	0	0
103	0	0	740	492	886	1208	0	0	0	0
104	0	0	740	492	888	1202	0	0	0	0
105	0	0	737	493	888	1202	0	0	0	0
106	0	0	737	491	889	1207	0	0	0	0
107	0	0	737	491	889	1207	0	0	0	0
108	0	0	736	489	890	1212	0	0	0	0
109	0	0	736	488	891	1214	0	0	0	0
110	0	0	736	489	891	1217	0	0	0	0
111	0	0	736	487	892	1206	0	0	0	0
112	0	0	735	487	894	1207	0	0	0	0
113	0	0	735	485	893	1213	0	0	0	0
114	0	0	735	483	894	1218	0	0	0	0
115	0	0	737	484	896	1213	0	0	0	0
116	0	0	737	483	894	1209	0	0	0	0
117	0	0	736	482	895	1224	0	0	0	0
118	0	0	735	481	895	1221	0	0	0	0
119	0	0	734	481	896	1212	0	0	0	0
120	0	0	736	480	895	1218	0	0	0	0
121	0	0	735	479	896	1225	0	0	0	0
122	0	0	735	481	896	1213	0	0	0	0
123	0	0	734	480	897	1219	0	0	0	0
124	0	0	734	481	897	1225	0	0	0	0
125	0	0	735	480	898	1233	0	0	0	0
126	0	0	738	481	898	1238	0	0	0	0
127	0	0	739	479	899	1223	0	0	0	0
0	0	0	740	479	898	1229	0	0	0	0
1	0	0	740	479	899	1228	0	0	0	0
2	0	0	742	479	901	1238	0	0	0	0
3	0	0	743	478	901	1238	0	0	0	0
4	0	0	743	478	902	1236	0	0	0	0
5	0	0	744	477	903	1237	0	0	0	0
6	0	0	746	476	904	1233	0	0	0	0
7	0	0	747	478	904	1232	0	0	0	0
8	0	0	748	476	905	1231	0	0	0	0
9	0	0	749	476	905	1228	0	0	0	0
10	0	0	750	476	905	1220	0	0	0	0
11	0	0	752	476	906	1216	0	0	0	0
12	0	0	754	477	907	1217	0	0	0	0
13	0	0	755	477	907	1217	0	0	0	0
14	0	0	759	478	908	1213	0	0	0	0
15	0	0	762	477	907	1211	0	0	0	0
16	0	0	764	479	908	1212	0	0	0	0
17	0	0	766	482	908	1217	0	0	0	0
18	0	0	769	481	907	1220	0	0	0	0
19	0	0	770	480	909	1220	0	0	0	0
20	0	0	773	481	908	1216	0	0	0	0
21	0	0	775	481	909	1219	0	0	0	0
22	0	0	777	481	909	1223	0	0	0	0
23	0	0	780	483	907	1221	0	0	0	0
24	0	0	783	483	907	1221	0	0	0	0
25	0	0	784	483	906	1226	0	0	0	0
26	0	0	789	483	906	1227	0	0	0	0
27	0	0	791	485	905	1224	0	0	0	0
28	0	0	795	486	903	1229	0	0	0	0
29	0	0	800	489	901	1231	0	0	0	0
30	0	0	803	491	900	1230	0	0	0	0
31	0	0	808	492	898	1228	0	0	0	0
32	0	0	809	493	896	1229	0	0	0	0
33	0	0	812	495	894	1235	0	0	0	0
34	0	0	813	497	892	1238	0	0	0	0
35	0	0	814	499	890	1239	0	0	0	0
36	0	0	816	500	888	1243	0	0	0	0
37	0	0	817	502	887	1243	0	0	0	0
38	0	0	817	503	886	1244	0	0	0	0
39	0	0	815	504	886	1249	0	0	0	0
40	0	0	816	505	886	1254	0	0	0	0
41	0	0	814	505	885	1257	0	0	0	0
42	0	0	813	505	885	1262	0	0	0	0
43	0	0	810	506	886	1273	0	0	0	0
44	0	0	810	505	886	1279	0	0	0	0
45	0	0	810	507	885	1289	0	0	0	0
46	0	0	807	505	886	1286	0	0	0	0
47	0	0	805	507	886	1288	0	0	0	0
48	0	0	805	507	885	1288	0	0	0	0
49	0	0	803	506	886	1297	0	0	0	0
50	0	0	801	506	886	1302	0	0	0	0
51	0	0	801	505	887	1305	0	0	0	0
52	0	0	799	506	886	1315	0	0	0	0
53	0	0	796	506	887	1322	0	0	0	0
54	0	0	794	506	889	1326	0	0	0	0
55	0	0	794	506	890	1338	0	0	0	0
56	0	0	792	506	890	1352	0	0	0	0
57	0	0	791	506	890	1361	0	0	0	0
58	0	0	792	505	892	1368	0	0	0	0
59	0	0	792	506	891	1380	0	0	0	0
60	0	0	790	504	892	1394	0	0	0	0
61	0	0	789	505	892	1398	0	0	0	0
62	0	0	787	506	892	1400	0	0	0	0
63	0	0	788	504	891	1405	0	0	0	0
64	0	0	786	505	891	1430	0	0	0	0
65	0	0	786	506	891	1460	0	0	0	0
66	0	0	785	506	890	1474	0	0	0	0
67	0	0	784	506	889	1472	0	0	0	0
68	0	0	783	506	888	1482	0	0	0	0
69	0	0	782	505	887	1495	0	0	0	0
70	0	0	782	504	887	1504	0	0	0	0
71	0	0	780	505	887	1520	0	0	0	0
72	0	0	779	506	886	1539	0	0	0	0
73	0	0	778	508	884	1557	0	0	0	0
74	0	0	778	509	883	1565	0	0	0	0
75	0	0	776	512	882	1573	0	0	0	0
76	0	0	774	514	881	1584	0	0	0	0
77	0	0	775	514	881	1600	0	0	0	0
78	0	0	774	515	880	1593	0	0	0	0
79	0	0	772	516	880	1592	0	0	0	0
80	0	0	773	517	878	1594	0	0	0	0
81	0	0	772	518	877	1621	0	0	0	0
82	0	0	773	519	876	1632	0	0	0	0
83	0	0	773	521	872	1651	0	0	0	0
84	0	0	774	521	874	1666	0	0	0	0
85	0	0	774	524	873	1671	0	0	0	0
86	0	0	775	525	873	1694	0	0	0	0
87	0	0	776	527	871	1691	0	0	0	0
88	0	0	778	529	871	1688	0	0	0	0
89	0	0	776	532	870	1699	0	0	0	0
90	0	0	778	535	869	1701	0	0	0	0
91	0	0	776	537	869	1707	0	0	0	0
92	0	0	777	539	868	1696	0	0	0	0
93	0	0	777	542	867	1691	0	0	0	0
94	0	0	777	543	868	1691	0	0	0	0
95	0	0	777	547	867	1695	0	0	0	0
96	0	0	777	550	867	1718	0	0	0	0
97	0	0	778	552	867	1730	0	0	0	0
98	0	0	779	554	870	1727	0	0	0	0
99	0	0	777	556	868	1736	0	0	0	0
100	0	0	777	559	867	1743	0	0	0	0
101	0	0	777	559	868	1742	0	0	0	0
102	0	0	778	561	868	1751	0	0	0	0
103	0	0	779	565	867	1764	0	0	0	0
104	0	0	779	565	869	1771	0	0	0	0
105	0	0	777	566	869	1786	0	0	0	0
106	0	0	777	568	868	1793	0	0	0	0
107	0	0	778	569	866	1793	0	0	0	0
108	0	0	779	571	865	1793	0	0	0	0
109	0	0	779	571	866	1794	0	0	0	0
110	0	0	779	573	864	1793	0	0	0	0
111	0	0	778	576	863	1789	0	0	0	0
112	0	0	779	577	862	1788	0	0	0	0
113	0	0	779	577	860	1780	0	0	0	0
114	0	0	780	579	859	1777	0	0	0	0
115	0	0	782	581	858	1769	0	0	0	0
116	0	0	782	583	858	1766	0	0	0	0
117	0	0	780	585	858	1764	0	0	0	0
118	0	0	778	587	858	1759	0	0	0	0
119	0	0	775	589	857	1769	0	0	0	0
120	0	0	772	591	856	1769	0	0	0	0
121	0	0	770	594	857	1765	0	0	0	0
122	0	0	767	596	858	1741	0	0	0	0
123	0	0	764	597	858	1722	0	0	0	0
124	0	0	761	599	859	1709	0	0	0	0
125	0	0	757	601	859	1695	0	0	0	0
126	0	0	755	602	860	1667	0	0	0	0
127	0	0	753	605	861	1650	0	0	0	0
0	0	0	750	607	862	1608	0	0	0	0
1	0	0	748	608	862	1581	0	0	0	0
2	0	0	747	610	862	1548	0	0	0	0
3	0	0	746	612	863	1499	0	0	0	0
4	0	0	744	614	862	1433	0	0	0	0
5	0	0	745	616	862	1379	0	0	0	0
6	0	0	745	617	862	1343	0	0	0	0
7	0	0	745	621	861	1309	0	0	0	0
8	0	0	745	623	860	1287	0	0	0	0
9	0	0	746	625	860	1291	0	0	0	0
10	0	0	747	630	859	1256	0	0	0	0
11	0	0	749	633	859	1193	0	0	0	0
12	0	0	751	636	857	1130	0	0	0	0
13	0	0	752	638	856	1111	0	0	0	0
14	0	0	754	642	855	1044	0	0	0	0
15	0	0	755	646	854	969	0	0	0	0
16	0	0	757	650	852	968	0	0	0	0
17	0	0	760	653	852	942	0	0	0	0
18	0	0	762	656	850	862	0	0	0	0
19	0	0	762	659	849	768	0	0	0	0
20	0	0	764	664	848	776	0	0	0	0
21	0	0	766	667	847	752	0	0	0	0
22	0	0	767	672	846	715	0	0	0	0
23	0	0	768	675	846	680	0	0	0	0
24	0	0	770	678	845	617	0	0	0	0
25	0	0	772	683	843	512	0	0	0	0
26	0	0	772	687	842	480	0	0	0	0
27	0	0	774	691	841	511	0	0	0	0
28	0	0	774	695	839	512	0	0	0	0
29	0	0	774	699	839	441	0	0	0	0
30	0	0	775	704	838	403	0	0	0	0
31	0	0	774	707	838	349	0	0	0	0
32	0	0	774	711	838	319	0	0	0	0
33	0	0	773	714	836	319	0	0	0	0
34	0	0	773	718	835	312	0	0	0	0
35	0	0	772	722	836	314	0	0	0	0
36	0	0	771	727	835	296	0	0	0	0
37	0	0	771	730	834	290	0	0	0	0
38	0	0	771	733	835	290	0	0	0	0
39	0	0	770	736	833	287	0	0	0	0
40	0	0	771	740	833	232	0	0	0	0
41	0	0	771	742	832	234	0	0	0	0
42	0	0	771	746	832	245	0	0	0	0
43	0	0	770	749	831	243	0	0	0	0
44	0	0	770	752	830	251	0	0	0	0
45	0	0	770	755	829	259	0	0	0	0
46	0	0	770	756	829	247	0	0	0	0
47	0	0	770	759	827	233	0	0	0	0
48	0	0	771	762	827	221	0	0	0	0
49	0	0	770	766	827	209	0	0	0	0
50	0	0	770	767	825	213	0	0	0	0
51	0	0	771	768	825	212	0	0	0	0
52	0	0	772	769	824	207	0	0	0	0
53	0	0	775	772	824	197	0	0	0	0
54	0	0	776	773	823	194	0	0	0	0
55	0	0	777	774	823	205	0	0	0	0
56	0	0	778	776	824	186	0	0	0	0
57	0	0	779	777	823	191	0	0	0	0
58	0	0	779	779	823	213	0	0	0	0
59	0	0	779	782	823	186	0	0	0	0
60	0	0	779	784	823	168	0	0	0	0
61	0	0	779	786	822	161	0	0	0	0
62	0	0	779	788	821	175	0	0	0	0
63	0	0	778	790	822	182	0	0	0	0
64	0	0	779	791	821	194	0	0	0	0
65	0	0	778	794	821	183	0	0	0	0
66	0	0	778	796	822	177	0	0	0	0
67	0	0	778	797	820	190	0	0	0	0
68	0	0	778	798	820	190	0	0	0	0
69	0	0	779	801	820	177	0	0	0	0
70	0	0	779	804	820	173	0	0	0	0
71	0	0	778	807	818	171	0	0	0	0
72	0	0	779	810	819	166	0	0	0	0
73	0	0	778	812	817	153	0	0	0	0
74	0	0	780	814	816	180	0	0	0	0
75	0	0	781	819	815	175	0	0	0	0
76	0	0	779	822	813	173	0	0	0	0
77	0	0	777	825	811	176	0	0	0	0
78	0	0	778	829	810	161	0	0	0	0
79	0	0	778	835	809	166	0	0	0	0
80	0	0	776	838	807	169	0	0	0	0
81	0	0	776	842	805	166	0	0	0	0
82	0	0	775	849	804	166	0	0	0	0
83	0	0	772	854	801	155	0	0	0	0
84	0	0	774	858	799	170	0	0	0	0
85	0	0	774	864	797	164	0	0	0	0
86	0	0	773	867	794	161	0	0	0	0
87	0	0	772	871	792	152	0	0	0	0
88	0	0	771	874	789	129	0	0	0	0
89	0	0	767	877	786	117	0	0	0	0
90	0	0	767	880	785	110	0	0	0	0
91	0	0	765	881	781	92	0	0	0	0
92	0	0	765	885	780	85	0	0	0	0
93	0	0	765	885	778	82	0	0	0	0
94	0	0	762	887	776	78	0	0	0	0
95	0	0	761	888	776	75	0	0	0	0
96	0	0	757	891	775	80	0	0	0	0
97	0	0	756	892	774	80	0	0	0	0
98	0	0	752	893	773	81	0	0	0	0
99	0	0	750	893	773	81	0	0	0	0
100	0	0	746	893	773	82	0	0	0	0
101	0	0	743	893	773	87	0	0	0	0
102	0	0	743	892	773	87	0	0	0	0
103	0	0	740	894	773	85	0	0	0	0
104	0	0	739	895	772	89	0	0	0	0
105	0	0	737	894	772	89	0	0	0	0
106	0	0	734	894	772	82	0	0	0	0
107	0	0	734	894	771	75	0	0	0	0
108	0	0	734	894	771	68	0	0	0	0
109	0	0	731	894	771	65	0	0	0	0
110	0	0	730	893	770	63	0	0	0	0
111	0	0	728	892	770	59	0	0	0	0
112	0	0	728	890	769	58	0	0	0	0
113	0	0	727	889	768	62	0	0	0	0
114	0	0	727	887	767	65	0	0	0	0
115	0	0	728	887	766	61	0	0	0	0
116	0	0	728	887	765	66	0	0	0	0
117	0	0	730	886	765	70	0	0	0	0
118	0	0	731	885	764	69	0	0	0	0
119	0	0	733	885	763	68	0	0	0	0
120	0	0	735	885	763	72	0	0	0	0
121	0	0	736	884	763	71	0	0	0	0
122	0	0	738	883	763	70	0	0	0	0
123	0	0	740	881	762	69	0	0	0	0
124	0	0	744	879	762	75	0	0	0	0
125	0	0	745	879	761	75	0	0	0	0
126	0	0	749	876	760	69	0	0	0	0
127	0	0	751	876	759	63	0	0	0	0
0	0	0	754	872	757	62	0	0	0	0
1	0	0	755	871	757	60	0	0	0	0
2	0	0	757	868	757	54	0	0	0	0
3	0	0	761	864	755	51	0	0	0	0
4	0	0	764	862	755	51	0	0	0	0
5	0	0	766	860	754	53	0	0	0	0
6	0	0	769	857	753	54	0	0	0	0
7	0	0	771	854	753	53	0	0	0	0
8	0	0	773	852	751	57	0	0	0	0
9	0	0	776	849	752	62	0	0	0	0
10	0	0	776	846	753	63	0	0	0	0
11	0	0	777	843	752	65	0	0	0	0
12	0	0	778	838	752	66	0	0	0	0
13	0	0	781	837	752	70	0	0	0	0
14	0	0	781	835	752	70	0	0	0	0
15	0	0	783	832	752	70	0	0	0	0
16	0	0	783	831	753	76	0	0	0	0
17	0	0	784	828	753	75	0	0	0	0
18	0	0	781	826	754	69	0	0	0	0
19	0	0	781	826	755	63	0	0	0	0
20	0	0	779	824	754	62	0	0	0	0
21	0	0	778	824	755	61	0	0	0	0
22	0	0	777	823	755	55	0	0	0	0
23	0	0	776	819	754	50	0	0	0	0
24	0	0	777	818	756	52	0	0	0	0
25	0	0	776	816	755	54	0	0	0	0
26	0	0	776	814	755	54	0	0	0	0
27	0	0	778	814	756	54	0	0	0	0
28	0	0	778	810	757	58	0	0	0	0
29	0	0	778	806	756	62	0	0	0	0
30	0	0	778	805	758	63	0	0	0	0
31	0	0	779	802	758	66	0	0	0	0
32	0	0	779	800	759	68	0	0	0	0
33	0	0	780	797	759	71	0	0	0	0
34	0	0	780	796	759	70	0	0	0	0
35	0	0	780	795	759	70	0	0	0	0
36	0	0	778	793	761	77	0	0	0	0
37	0	0	781	791	761	77	0	0	0	0
38	0	0	780	788	762	70	0	0	0	0
39	0	0	780	786	763	66	0	0	0	0
40	0	0	780	785	763	60	0	0	0	0
41	0	0	780	783	764	60	0	0	0	0
42	0	0	779	780	765	57	0	0	0	0
43	0	0	780	778	766	53	0	0	0	0
44	0	0	779	778	767	52	0	0	0	0
45	0	0	780	776	767	55	0	0	0	0
46	0	0	781	774	768	57	0	0	0	0
47	0	0	781	773	769	55	0	0	0	0
48	0	0	780	771	769	60	0	0	0	0
49	0	0	781	769	771	63	0	0	0	0
50	0	0	781	769	772	64	0	0	0	0
51	0	0	781	766	773	64	0	0	0	0
52	0	0	782	765	775	68	0	0	0	0
53	0	0	782	763	775	71	0	0	0	0
54	0	0	784	762	776	68	0	0	0	0
55	0	0	784	761	776	69	0	0	0	0
56	0	0	784	761	776	72	0	0	0	0
57	0	0	785	759	778	74	0	0	0	0
58	0	0	786	758	777	73	0	0	0	0
59	0	0	784	758	778	67	0	0	0	0
60	0	0	786	757	779	64	0	0	0	0
61	0	0	787	756	780	63	0	0	0	0
62	0	0	788	754	781	58	0	0	0	0
63	0	0	789	752	782	55	0	0	0	0
64	0	0	789	751	783	54	0	0	0	0
65	0	0	790	751	784	56	0	0	0	0
66	0	0	790	749	786	57	0	0	0	0
67	0	0	791	749	786	56	0	0	0	0
68	0	0	792	747	787	61	0	0	0	0
69	0	0	793	746	789	63	0	0	0	0
70	0	0	793	747	789	63	0	0	0	0
71	0	0	793	746	790	64	0	0	0	0
72	0	0	793	747	792	69	0	0	0	0
73	0	0	794	745	793	71	0	0	0	0
74	0	0	794	745	794	72	0	0	0	0
75	0	0	796	744	794	71	0	0	0	0
76	0	0	794	745	794	75	0	0	0	0
77	0	0	795	745	795	76	0	0	0	0
78	0	0	793	744	794	70	0	0	0	0
79	0	0	793	745	795	65	0	0	0	0
80	0	0	793	745	795	64	0	0	0	0
81	0	0	792	744	793	62	0	0	0	0
82	0	0	792	744	796	57	0	0	0	0
83	0	0	792	744	796	53	0	0	0	0
84	0	0	792	744	795	53	0	0	0	0
85	0	0	793	745	795	55	0	0	0	0
86	0	0	792	745	795	54	0	0	0	0
87	0	0	793	745	795	53	0	0	0	0
88	0	0	793	745	795	60	0	0	0	0
89	0	0	793	745	796	64	0	0	0	0
90	0	0	793	746	795	66	0	0	0	0
91	0	0	793	745	795	69	0	0	0	0
92	0	0	793	746	794	72	0	0	0	0
93	0	0	792	747	794	74	0	0	0	0
94	0	0	793	747	794	71	0	0	0	0
95	0	0	792	748	794	71	0	0	0	0
96	0	0	792	749	793	76	0	0	0	0
97	0	0	792	749	793	78	0	0	0	0
98	0	0	792	749	793	69	0	0	0	0
99	0	0	792	750	792	65	0	0	0	0
100	0	0	792	750	792	62	0	0	0	0
101	0	0	792	750	792	62	0	0	0	0
102	0	0	792	751	791	57	0	0	0	0
103	0	0	792	752	790	53	0	0	0	0
104	0	0	792	753	789	53	0	0	0	0
105	0	0	793	754	789	55	0	0	0	0
106	0	0	793	754	788	55	0	0	0	0
107	0	0	795	755	788	55	0	0	0	0
108	0	0	795	755	788	59	0	0	0	0
109	0	0	795	756	787	66	0	0	0	0
110	0	0	795	757	786	69	0	0	0	0
111	0	0	795	757	786	71	0	0	0	0
112	0	0	795	757	784	73	0	0	0	0
113	0	0	795	757	784	75	0	0	0	0
114	0	0	795	758	782	75	0	0	0	0
115	0	0	793	758	782	72	0	0	0	0
116	0	0	794	759	781	74	0	0	0	0
117	0	0	795	760	782	73	0	0	0	0
118	0	0	795	761	780	68	0	0	0	0
119	0	0	794	760	779	63	0	0	0	0
120	0	0	794	761	778	60	0	0	0	0
121	0	0	795	761	778	58	0	0	0	0
122	0	0	796	763	777	53	0	0	0	0
123	0	0	795	763	776	49	0	0	0	0
124	0	0	796	764	775	48	0	0	0	0
125	0	0	795	766	773	51	0	0	0	0
126	0	0	794	766	773	50	0	0	0	0
127	0	0	796	767	773	50	0	0	0	0
0	0	0	795	766	772	55	0	0	0	0
1	0	0	797	767	772	57	0	0	0	0
2	0	0	797	765	771	57	0	0	0	0
3	0	0	798	768	770	57	0	0	0	0
4	0	0	799	768	769	58	0	0	0	0
5	0	0	799	769	769	60	0	0	0	0
6	0	0	799	770	768	56	0	0	0	0
7	0	0	798	770	767	55	0	0	0	0
8	0	0	799	771	766	55	0	0	0	0
9	0	0	800	772	766	64	0	0	0	0
10	0	0	799	772	765	60	0	0	0	0
11	0	0	800	772	766	56	0	0	0	0
12	0	0	801	775	765	54	0	0	0	0
13	0	0	800	774	763	52	0	0	0	0
14	0	0	802	775	763	52	0	0	0	0
15	0	0	801	776	762	49	0	0	0	0
16	0	0	802	776	762	49	0	0	0	0
17	0	0	801	777	761	53	0	0	0	0
18	0	0	801	777	760	53	0	0	0	0
19	0	0	802	779	760	55	0	0	0	0
20	0	0	801	780	761	59	0	0	0	0
21	0	0	801	780	761	65	0	0	0	0
22	0	0	801	779	760	67	0	0	0	0
23	0	0	801	779	761	69	0	0	0	0
24	0	0	802	781	759	71	0	0	0	0
25	0	0	802	780	759	71	0	0	0	0
26	0	0	803	780	760	67	0	0	0	0
27	0	0	803	781	759	65	0	0	0	0
28	0	0	803	781	762	73	0	0	0	0
29	0	0	804	782	759	72	0	0	0	0
30	0	0	804	782	760	69	0	0	0	0
31	0	0	803	783	759	66	0	0	0	0
32	0	0	804	784	760	63	0	0	0	0
33	0	0	805	785	760	59	0	0	0	0
34	0	0	806	784	760	56	0	0	0	0
35	0	0	808	785	760	53	0	0	0	0
36	0	0	807	785	760	52	0	0	0	0
37	0	0	808	786	759	52	0	0	0	0
38	0	0	808	787	760	54	0	0	0	0
39	0	0	807	787	761	52	0	0	0	0
40	0	0	807	788	762	57	0	0	0	0
41	0	0	807	787	762	59	0	0	0	0
42	0	0	807	787	762	65	0	0	0	0
43	0	0	806	787	764	63	0	0	0	0
44	0	0	806	787	764	66	0	0	0	0
45	0	0	806	787	765	70	0	0	0	0
46	0	0	805	786	765	69	0	0	0	0
47	0	0	804	786	766	66	0	0	0	0
48	0	0	804	786	767	71	0	0	0	0
49	0	0	802	786	767	73	0	0	0	0
50	0	0	800	786	769	67	0	0	0	0
51	0	0	800	787	769	62	0	0	0	0
52	0	0	799	787	769	61	0	0	0	0
53	0	0	799	787	770	59	0	0	0	0
54	0	0	797	787	771	54	0	0	0	0
55	0	0	797	787	771	48	0	0	0	0
56	0	0	797	787	772	48	0	0	0	0
57	0	0	796	785	773	50	0	0	0	0
58	0	0	796	785	772	50	0	0	0	0
59	0	0	796	784	774	51	0	0	0	0
60	0	0	797	783	774	54	0	0	0	0
61	0	0	798	783	774	59	0	0	0	0
62	0	0	798	782	775	60	0	0	0	0
63	0	0	799	781	774	63	0	0	0	0
64	0	0	800	781	775	67	0	0	0	0
65	0	0	798	781	775	70	0	0	0	0
66	0	0	798	780	774	66	0	0	0	0
67	0	0	798	780	774	67	0	0	0	0
68	0	0	798	781	777	72	0	0	0	0
69	0	0	797	779	775	72	0	0	0	0
70	0	0	798	781	774	67	0	0	0	0
71	0	0	798	780	772	60	0	0	0	0
72	0	0	798	780	773	58	0	0	0	0
73	0	0	798	780	773	56	0	0	0	0
74	0	0	799	780	772	51	0	0	0	0
75	0	0	799	780	772	50	0	0	0	0
76	0	0	799	779	772	48	0	0	0	0
77	0	0	799	780	771	49	0	0	0	0
78	0	0	799	780	772	51	0	0	0	0
79	0	0	800	780	771	50	0	0	0	0
80	0	0	800	780	769	54	0	0	0	0
81	0	0	800	781	770	57	0	0	0	0
82	0	0	799	781	770	59	0	0	0	0
83	0	0	800	782	770	59	0	0	0	0
84	0	0	798	783	770	60	0	0	0	0
85	0	0	797	782	770	62	0	0	0	0
86	0	0	798	783	770	61	0	0	0	0
87	0	0	798	783	770	59	0	0	0	0
88	0	0	796	783	771	63	0	0	0	0
89	0	0	798	783	771	61	0	0	0	0
90	0	0	797	784	772	54	0	0	0	0
91	0	0	798	785	772	47	0	0	0	0
92	0	0	799	785	772	44	0	0	0	0
93	0	0	798	784	773	36	0	0	0	0
94	0	0	798	784	774	25	0	0	0	0
95	0	0	799	785	773	10	0	0	0	0
96	0	0	800	785	775	0	0	0	0	0
97	0	0	802	786	775	0	0	0	0	0
98	0	0	802	786	775	0	0	0	0	0
99	0	0	803	786	775	2	0	0	0	0
100	0	0	802	786	777	9	0	0	0	0
101	0	0	802	785	777	14	0	0	0	0
102	0	0	801	785	778	13	0	0	0	0
103	0	0	799	787	779	23	0	0	0	0
104	0	0	798	787	781	26	0	0	0	0
105	0	0	797	788	783	32	0	0	0	0
106	0	0	797	788	783	36	0	0	0	0
107	0	0	797	789	784	36	0	0	0	0
108	0	0	800	790	784	39	0	0	0	0
109	0	0	805	790	783	41	0	0	0	0
110	0	0	811	789	779	37	0	0	0	0
111	0	0	815	790	777	33	0	0	0	0
112	0	0	814	790	773	33	0	0	0	0
113	0	0	811	788	771	33	0	0	0	0
114	0	0	807	788	771	428	0	0	0	0
115	0	0	803	785	771	336	0	0	0	0
116	0	0	798	784	771	404	0	0	0	0
117	0	0	795	782	773	663	0	0	0	0
118	0	0	793	782	776	813	0	0	0	0
119	0	0	791	781	780	854	0	0	0	0
120	0	0	788	780	784	869	0	0	0	0
121	0	0	785	779	785	949	0	0	0	0
122	0	0	782	778	788	983	0	0	0	0
123	0	0	778	779	792	993	0	0	0	0
124	0	0	774	780	793	938	0	0	0	0
125	0	0	768	779	795	957	0	0	0	0
126	0	0	764	781	800	961	0	0	0	0
127	0	0	757	782	807	987	0	0	0	0
0	0	0	749	785	824	986	0	0	0	0
1	0	0	744	791	855	1011	0	0	0	0
2	0	0	720	790	890	1021	0	0	0	0
3	0	0	680	782	929	967	0	0	0	0
4	0	0	605	766	964	991	0	0	0	0
5	0	0	485	741	992	1012	0	0	0	0
6	0	0	333	719	1021	971	0	0	0	0
7	0	0	214	704	1059	853	0	0	0	0
8	0	0	143	685	1088	770	0	0	0	0
9	0	0	98	652	1122	648	0	0	0	0
10	0	0	77	604	1157	564	0	0	0	0
11	0	0	138	551	1184	461	0	0	0	0
12	0	0	276	509	1213	435	0	0	0	0
13	0	0	427	487	1235	424	0	0	0	0
14	0	0	530	477	1254	419	0	0	0	0
15	0	0	581	478	1284	449	0	0	0	0
16	0	0	613	481	1325	438	0	0	0	0
17	0	0	651	470	1375	423	0	0	0	0
18	0	0	674	468	1418	428	0	0	0	0
19	0	0	716	485	1441	299	0	0	0	0
20	0	0	784	505	1438	259	0	0	0	0
21	0	0	752	530	1412	243	0	0	0	0
22	0	0	672	558	1376	267	0	0	0	0
23	0	0	608	588	1323	270	0	0	0	0
24	0	0	553	603	1270	279	0	0	0	0
25	0	0	522	599	1205	334	0	0	0	0
26	0	0	529	578	1121	338	0	0	0	0
27	0	0	573	557	1019	357	0	0	0	0
28	0	0	674	519	908	491	0	0	0	0
29	0	0	827	467	805	502	0	0	0	0
30	0	0	945	430	716	499	0	0	0	0
31	0	0	1005	399	637	533	0	0	0	0
32	0	0	1015	367	566	558	0	0	0	0
33	0	0	1017	343	513	573	0	0	0	0
34	0	0	1000	297	475	602	0	0	0	0
35	0	0	988	244	447	596	0	0	0	0
36	0	0	1000	196	422	596	0	0	0	0
37	0	0	1028	176	398	623	0	0	0	0
38	0	0	1081	155	400	645	0	0	0	0
39	0	0	1143	148	418	704	0	0	0	0
40	0	0	1177	159	433	763	0	0	0	0
41	0	0	1196	163	455	842	0	0	0	0
42	0	0	1208	166	484	883	0	0	0	0
43	0	0	1221	170	520	926	0	0	0	0
44	0	0	1201	186	552	889	0	0	0	0
45	0	0	1171	205	580	905	0	0	0	0
46	0	0	1139	227	617	1033	0	0	0	0
47	0	0	1102	258	653	1055	0	0	0	0
48	0	0	1068	283	692	1127	0	0	0	0
49	0	0	1032	301	723	1081	0	0	0	0
50	0	0	988	319	753	1061	0	0	0	0
51	0	0	953	332	781	1038	0	0	0	0
52	0	0	929	345	800	1019	0	0	0	0
53	0	0	911	356	818	1052	0	0	0	0
54	0	0	906	361	842	1090	0	0	0	0
55	0	0	907	363	855	1140	0	0	0	0
56	0	0	904	355	864	1103	0	0	0	0
57	0	0	896	338	875	1130	0	0	0	0
58	0	0	891	322	885	1130	0	0	0	0
59	0	0	884	306	892	1152	0	0	0	0
60	0	0	874	290	900	1187	0	0	0	0
61	0	0	859	273	911	1205	0	0	0	0
62	0	0	845	252	920	1243	0	0	0	0
63	0	0	825	224	934	1243	0	0	0	0
64	0	0	804	196	948	1236	0	0	0	0
65	0	0	783	162	962	1237	0	0	0	0
66	0	0	764	132	972	1235	0	0	0	0
67	0	0	749	107	980	1230	0	0	0	0
68	0	0	737	87	987	1226	0	0	0	0
69	0	0	733	72	993	1225	0	0	0	0
70	0	0	738	66	1000	1226	0	0	0	0
71	0	0	750	67	1006	1233	0	0	0	0
72	0	0	767	73	1006	1249	0	0	0	0
73	0	0	793	88	1007	1255	0	0	0	0
74	0	0	824	105	1004	1264	0	0	0	0
75	0	0	855	125	998	1270	0	0	0	0
76	0	0	884	146	992	1273	0	0	0	0
77	0	0	911	169	985	1275	0	0	0	0
78	0	0	933	193	976	1279	0	0	0	0
79	0	0	951	215	968	1274	0	0	0	0
80	0	0	965	239	960	1278	0	0	0	0
81	0	0	974	266	952	1279	0	0	0	0
82	0	0	978	290	941	1280	0	0	0	0
83	0	0	981	315	928	1279	0	0	0	0
84	0	0	978	341	912	1283	0	0	0	0
85	0	0	975	365	894	1287	0	0	0	0
86	0	0	971	389	875	1292	0	0	0	0
87	0	0	964	409	853	1293	0	0	0	0
88	0	0	956	427	832	1295	0	0	0	0
89	0	0	947	443	811	1299	0	0	0	0
90	0	0	937	456	791	1304	0	0	0	0
91	0	0	936	461	770	1304	0	0	0	0
92	0	0	935	465	751	1303	0	0	0	0
93	0	0	934	464	732	1304	0	0	0	0
94	0	0	932	462	716	1304	0	0	0	0
95	0	0	933	460	701	1305	0	0	0	0
96	0	0	935	459	689	1303	0	0	0	0
97	0	0	934	462	677	1303	0	0	0	0
98	0	0	934	464	668	1302	0	0	0	0
99	0	0	933	471	660	1303	0	0	0	0
100	0	0	932	473	654	1308	0	0	0	0
101	0	0	931	478	649	1304	0	0	0	0
102	0	0	929	484	645	1303	0	0	0	0
103	0	0	927	491	640	1302	0	0	0	0
104	0	0	924	497	638	1303	0	0	0	0
105	0	0	920	505	637	1305	0	0	0	0
106	0	0	913	517	637	1309	0	0	0	0
107	0	0	905	527	640	1310	0	0	0	0
108	0	0	893	535	645	1314	0	0	0	0
109	0	0	882	545	651	1318	0	0	0	0
110	0	0	871	552	661	1315	0	0	0	0
111	0	0	858	557	672	1303	0	0	0	0
112	0	0	848	562	684	1295	0	0	0	0
113	0	0	836	566	697	1297	0	0	0	0
114	0	0	828	569	711	1291	0	0	0	0
115	0	0	822	571	724	1291	0	0	0	0
116	0	0	814	572	736	1287	0	0	0	0
117	0	0	809	576	746	1290	0	0	0	0
118	0	0	805	578	757	1286	0	0	0	0
119	0	0	802	581	765	1282	0	0	0	0
120	0	0	801	585	774	1281	0	0	0	0
121	0	0	797	589	781	1270	0	0	0	0
122	0	0	796	594	786	1256	0	0	0	0
123	0	0	794	600	791	1249	0	0	0	0
124	0	0	794	604	797	1247	0	0	0	0
125	0	0	794	610	800	1245	0	0	0	0
126	0	0	799	617	802	1238	0	0	0	0
127	0	0	801	622	804	1238	0	0	0	0
0	0	0	806	628	806	1232	0	0	0	0
1	0	0	812	633	807	1221	0	0	0	0
2	0	0	818	638	809	1218	0	0	0	0
3	0	0	823	640	811	1197	0	0	0	0
4	0	0	830	641	811	1194	0	0	0	0
5	0	0	836	643	813	1199	0	0	0	0
6	0	0	842	641	811	1199	0	0	0	0
7	0	0	847	639	809	1201	0	0	0	0
8	0	0	852	635	809	1201	0	0	0	0
9	0	0	858	632	808	1193	0	0	0	0
10	0	0	860	630	807	1182	0	0	0	0
11	0	0	863	628	807	1176	0	0	0	0
12	0	0	866	626	808	1173	0	0	0	0
13	0	0	868	625	810	1170	0	0	0	0
14	0	0	870	619	810	1158	0	0	0	0
15	0	0	866	614	810	1156	0	0	0	0
16	0	0	865	608	811	1149	0	0	0	0
17	0	0	864	607	813	1156	0	0	0	0
18	0	0	862	604	815	1155	0	0	0	0
19	0	0	858	601	818	1128	0	0	0	0
20	0	0	856	596	820	1131	0	0	0	0
21	0	0	851	590	822	1135	0	0	0	0
22	0	0	847	583	827	1139	0	0	0	0
23	0	0	842	577	831	1134	0	0	0	0
24	0	0	837	568	834	1143	0	0	0	0
25	0	0	832	561	838	1141	0	0	0	0
26	0	0	825	554	842	1131	0	0	0	0
27	0	0	818	546	845	1123	0	0	0	0
28	0	0	813	538	850	1125	0	0	0	0
29	0	0	808	530	852	1095	0	0	0	0
30	0	0	805	522	855	1091	0	0	0	0
31	0	0	802	515	859	1083	0	0	0	0
32	0	0	801	507	861	1071	0	0	0	0
33	0	0	800	500	863	1060	0	0	0	0
34	0	0	799	493	865	1048	0	0	0	0
35	0	0	799	488	867	1018	0	0	0	0
36	0	0	799	485	868	995	0	0	0	0
37	0	0	798	480	869	987	0	0	0	0
38	0	0	797	481	869	965	0	0	0	0
39	0	0	796	481	869	984	0	0	0	0
40	0	0	798	495	869	962	0	0	0	0
41	0	0	800	492	867	956	0	0	0	0
42	0	0	804	480	867	954	0	0	0	0
43	0	0	794	482	868	953	0	0	0	0
44	0	0	789	491	866	957	0	0	0	0
45	0	0	793	494	864	952	0	0	0	0
46	0	0	792	497	864	947	0	0	0	0
47	0	0	795	500	864	926	0	0	0	0
48	0	0	795	500	864	919	0	0	0	0
49	0	0	794	502	864	924	0	0	0	0
50	0	0	795	503	863	924	0	0	0	0
51	0	0	797	505	863	917	0	0	0	0
52	0	0	799	508	863	898	0	0	0	0
53	0	0	800	510	863	891	0	0	0	0
54	0	0	801	512	863	886	0	0	0	0
55	0	0	803	510	863	879	0	0	0	0
56	0	0	807	510	864	880	0	0	0	0
57	0	0	808	507	865	881	0	0	0	0
58	0	0	809	508	864	865	0	0	0	0
59	0	0	809	507	863	842	0	0	0	0
60	0	0	808	508	863	806	0	0	0	0
61	0	0	808	507	862	785	0	0	0	0
62	0	0	806	509	861	778	0	0	0	0
63	0	0	807	509	858	761	0	0	0	0
64	0	0	805	514	854	742	0	0	0	0
65	0	0	803	515	851	727	0	0	0	0
66	0	0	800	518	849	734	0	0	0	0
67	0	0	798	522	846	727	0	0	0	0
68	0	0	798	525	844	717	0	0	0	0
69	0	0	798	532	842	712	0	0	0	0
70	0	0	796	534	841	709	0	0	0	0
71	0	0	798	540	840	696	0	0	0	0
72	0	0	798	545	836	695	0	0	0	0
73	0	0	799	552	834	680	0	0	0	0
74	0	0	801	558	830	677	0	0	0	0
75	0	0	802	563	830	639	0	0	0	0
76	0	0	803	569	830	646	0	0	0	0
77	0	0	805	577	828	649	0	0	0	0
78	0	0	806	583	829	651	0	0	0	0
79	0	0	807	588	828	589	0	0	0	0
80	0	0	808	593	827	569	0	0	0	0
81	0	0	809	598	825	545	0	0	0	0
82	0	0	810	604	826	523	0	0	0	0
83	0	0	811	610	826	523	0	0	0	0
84	0	0	810	614	826	530	0	0	0	0
85	0	0	810	619	826	512	0	0	0	0
86	0	0	811	624	825	500	0	0	0	0
87	0	0	811	625	825	484	0	0	0	0
88	0	0	812	630	825	465	0	0	0	0
89	0	0	812	635	826	467	0	0	0	0
90	0	0	812	638	825	459	0	0	0	0
91	0	0	812	641	825	461	0	0	0	0
92	0	0	811	645	826	456	0	0	0	0
93	0	0	812	648	827	451	0	0	0	0
94	0	0	811	650	826	453	0	0	0	0
95	0	0	810	655	827	454	0	0	0	0
96	0	0	810	657	827	479	0	0	0	0
97	0	0	812	660	827	496	0	0	0	0
98	0	0	812	662	827	493	0	0	0	0
99	0	0	811	665	826	487	0	0	0	0
100	0	0	812	667	824	485	0	0	0	0
101	0	0	812	669	823	465	0	0	0	0
102	0	0	812	672	823	449	0	0	0	0
103	0	0	812	673	821	444	0	0	0	0
104	0	0	811	675	819	450	0	0	0	0
105	0	0	811	676	818	466	0	0	0	0
106	0	0	810	678	816	473	0	0	0	0
107	0	0	809	680	815	479	0	0	0	0
108	0	0	808	682	812	505	0	0	0	0
109	0	0	808	683	811	502	0	0	0	0
110	0	0	806	685	810	460	0	0	0	0
111	0	0	805	687	806	466	0	0	0	0
112	0	0	803	685	804	474	0	0	0	0
113	0	0	802	687	803	472	0	0	0	0
114	0	0	801	696	798	449	0	0	0	0
115	0	0	801	689	800	439	0	0	0	0
116	0	0	802	687	798	419	0	0	0	0
117	0	0	802	689	798	405	0	0	0	0
118	0	0	799	689	797	401	0	0	0	0
119	0	0	801	692	795	403	0	0	0	0
120	0	0	803	693	795	398	0	0	0	0
121	0	0	803	697	793	395	0	0	0	0
122	0	0	803	697	793	405	0	0	0	0
123	0	0	803	699	793	403	0	0	0	0
124	0	0	801	700	792	414	0	0	0	0
125	0	0	800	702	792	416	0	0	0	0
126	0	0	801	703	793	419	0	0	0	0
127	0	0	798	700	793	415	0	0	0	0
0	0	0	798	703	794	420	0	0	0	0
1	0	0	796	703	793	430	0	0	0	0
2	0	0	795	703	795	425	0	0	0	0
3	0	0	795	704	795	407	0	0	0	0
4	0	0	795	705	795	415	0	0	0	0
5	0	0	794	705	795	407	0	0	0	0
6	0	0	794	704	795	406	0	0	0	0
7	0	0	794	705	796	405	0	0	0	0
8	0	0	793	706	796	405	0	0	0	0
9	0	0	791	707	796	404	0	0	0	0
10	0	0	791	707	797	400	0	0	0	0
11	0	0	791	711	797	395	0	0	0	0
12	0	0	790	711	798	400	0	0	0	0
13	0	0	789	712	799	402	0	0	0	0
14	0	0	790	712	799	401	0	0	0	0
15	0	0	787	713	799	403	0	0	0	0
16	0	0	789	714	800	406	0	0	0	0
17	0	0	788	714	800	410	0	0	0	0
18	0	0	786	716	800	409	0	0	0	0
19	0	0	787	718	799	409	0	0	0	0
20	0	0	786	720	799	411	0	0	0	0
21	0	0	785	722	798	412	0	0	0	0
22	0	0	785	724	797	413	0	0	0	0
23	0	0	785	726	797	415	0	0	0	0
24	0	0	784	729	795	411	0	0	0	0
25	0	0	784	731	795	407	0	0	0	0
26	0	0	784	733	794	396	0	0	0	0
27	0	0	784	732	791	388	0	0	0	0
28	0	0	784	736	790	386	0	0	0	0
29	0	0	785	739	791	388	0	0	0	0
30	0	0	784	740	788	387	0	0	0	0
31	0	0	784	742	788	385	0	0	0	0
32	0	0	784	743	787	383	0	0	0	0
33	0	0	784	746	786	385	0	0	0	0
34	0	0	783	748	785	387	0	0	0	0
35	0	0	782	750	783	391	0	0	0	0
36	0	0	782	752	781	394	0	0	0	0
37	0	0	781	753	780	397	0	0	0	0
38	0	0	781	753	779	401	0	0	0	0
39	0	0	783	755	779	406	0	0	0	0
40	0	0	783	756	778	412	0	0	0	0
41	0	0	783	758	776	417	0	0	0	0
42	0	0	782	758	775	424	0	0	0	0
43	0	0	783	759	774	428	0	0	0	0
44	0	0	783	761	773	431	0	0	0	0
45	0	0	783	762	772	432	0	0	0	0
46	0	0	784	762	772	434	0	0	0	0
47	0	0	783	761	771	438	0	0	0	0
48	0	0	783	762	770	439	0	0	0	0
49	0	0	785	763	770	444	0	0	0	0
50	0	0	785	763	770	440	0	0	0	0
51	0	0	786	763	770	441	0	0	0	0
52	0	0	786	763	770	439	0	0	0	0
53	0	0	788	762	769	444	0	0	0	0
54	0	0	788	762	770	445	0	0	0	0
55	0	0	790	763	770	441	0	0	0	0
56	0	0	790	761	770	447	0	0	0	0
57	0	0	793	760	770	449	0	0	0	0
58	0	0	793	759	769	450	0	0	0	0
59	0	0	795	758	770	448	0	0	0	0
60	0	0	795	757	770	453	0	0	0	0
61	0	0	796	756	770	454	0	0	0	0
62	0	0	797	756	771	454	0	0	0	0
63	0	0	797	755	771	492	0	0	0	0
64	0	0	800	754	773	498	0	0	0	0
65	0	0	799	752	773	498	0	0	0	0
66	0	0	798	751	774	498	0	0	0	0
67	0	0	799	750	775	497	0	0	0	0
68	0	0	799	749	774	497	0	0	0	0
69	0	0	799	749	777	497	0	0	0	0
70	0	0	798	747	778	498	0	0	0	0
71	0	0	797	746	779	493	0	0	0	0
72	0	0	798	745	779	495	0	0	0	0
73	0	0	797	745	780	497	0	0	0	0
74	0	0	794	742	781	497	0	0	0	0
75	0	0	794	742	783	501	0	0	0	0
76	0	0	794	741	784	502	0	0	0	0
77	0	0	793	740	785	502	0	0	0	0
78	0	0	794	739	785	501	0	0	0	0
79	0	0	794	739	786	501	0	0	0	0
80	0	0	793	739	787	500	0	0	0	0
81	0	0	790	738	787	499	0	0	0	0
82	0	0	789	736	789	501	0	0	0	0
83	0	0	790	735	791	500	0	0	0	0
84	0	0	789	734	792	502	0	0	0	0
85	0	0	787	733	792	506	0	0	0	0
86	0	0	789	731	793	505	0	0	0	0
87	0	0	788	730	792	503	0	0	0	0
88	0	0	787	728	793	505	0	0	0	0
89	0	0	786	727	794	503	0	0	0	0
90	0	0	786	724	795	493	0	0	0	0
91	0	0	785	722	796	492	0	0	0	0
92	0	0	783	719	797	490	0	0	0	0
93	0	0	783	716	798	490	0	0	0	0
94	0	0	784	713	800	491	0	0	0	0
95	0	0	782	711	800	490	0	0	0	0
96	0	0	783	708	801	494	0	0	0	0
97	0	0	783	705	801	500	0	0	0	0
98	0	0	782	703	803	501	0	0	0	0
99	0	0	783	701	803	500	0	0	0	0
100	0	0	783	695	805	502	0	0	0	0
101	0	0	784	693	805	506	0	0	0	0
102	0	0	784	690	806	505	0	0	0	0
103	0	0	784	686	809	505	0	0	0	0
104	0	0	785	684	810	510	0	0	0	0
105	0	0	785	682	810	508	0	0	0	0
106	0	0	786	678	812	510	0	0	0	0
107	0	0	786	674	813	507	0	0	0	0
108	0	0	787	672	813	503	0	0	0	0
109	0	0	786	669	815	499	0	0	0	0
110	0	0	785	665	817	499	0	0	0	0
111	0	0	785	662	817	499	0	0	0	0
112	0	0	785	660	818	497	0	0	0	0
113	0	0	784	656	818	498	0	0	0	0
114	0	0	784	654	819	497	0	0	0	0
115	0	0	783	651	821	499	0	0	0	0
116	0	0	781	648	822	501	0	0	0	0
117	0	0	781	646	821	502	0	0	0	0
118	0	0	780	641	822	498	0	0	0	0
119	0	0	779	638	824	501	0	0	0	0
120	0	0	777	634	824	499	0	0	0	0
121	0	0	778	630	825	498	0	0	0	0
122	0	0	777	626	825	500	0	0	0	0
123	0	0	775	623	825	498	0	0	0	0
124	0	0	774	621	826	500	0	0	0	0
125	0	0	773	617	827	498	0	0	0	0
126	0	0	774	614	828	498	0	0	0	0
127	0	0	773	611	829	498	0	0	0	0
0	0	0	772	608	829	503	0	0	0	0
1	0	0	771	606	830	503	0	0	0	0
2	0	0	769	603	830	503	0	0	0	0
3	0	0	770	603	830	499	0	0	0	0
4	0	0	770	601	829	498	0	0	0	0
5	0	0	769	599	830	498	0	0	0	0
6	0	0	770	598	830	499	0	0	0	0
7	0	0	770	597	830	500	0	0	0	0
8	0	0	770	596	829	498	0	0	0	0
9	0	0	769	594	829	502	0	0	0	0
10	0	0	770	594	828	503	0	0	0	0
11	0	0	770	594	829	502	0	0	0	0
12	0	0	770	592	828	504	0	0	0	0
13	0	0	771	593	827	500	0	0	0	0
14	0	0	770	591	828	499	0	0	0	0
15	0	0	771	590	827	498	0	0	0	0
16	0	0	771	590	828	500	0	0	0	0
17	0	0	773	590	829	499	0	0	0	0
18	0	0	771	589	829	498	0	0	0	0
19	0	0	772	590	829	495	0	0	0	0
20	0	0	773	589	829	493	0	0	0	0
21	0	0	773	589	829	494	0	0	0	0
22	0	0	773	588	829	491	0	0	0	0
23	0	0	774	588	830	493	0	0	0	0
24	0	0	775	589	831	492	0	0	0	0
25	0	0	777	588	833	493	0	0	0	0
26	0	0	777	588	832	495	0	0	0	0
27	0	0	776	589	832	495	0	0	0	0
28	0	0	777	589	832	497	0	0	0	0
29	0	0	778	590	833	502	0	0	0	0
30	0	0	777	590	833	505	0	0	0	0
31	0	0	778	589	833	505	0	0	0	0
32	0	0	780	590	835	508	0	0	0	0
33	0	0	780	591	834	508	0	0	0	0
34	0	0	779	592	834	506	0	0	0	0
35	0	0	779	593	835	507	0	0	0	0
36	0	0	781	595	835	512	0	0	0	0
37	0	0	781	595	836	512	0	0	0	0
38	0	0	782	595	835	506	0	0	0	0
39	0	0	783	596	837	503	0	0	0	0
40	0	0	784	597	836	506	0	0	0	0
41	0	0	786	599	836	507	0	0	0	0
42	0	0	785	600	837	506	0	0	0	0
43	0	0	786	601	836	506	0	0	0	0
44	0	0	788	603	837	505	0	0	0	0
45	0	0	789	604	836	507	0	0	0	0
46	0	0	791	605	837	507	0	0	0	0
47	0	0	791	606	837	508	0	0	0	0
48	0	0	792	608	837	512	0	0	0	0
49	0	0	792	608	836	512	0	0	0	0
50	0	0	792	611	836	512	0	0	0	0
51	0	0	795	612	835	513	0	0	0	0
52	0	0	796	612	834	513	0	0	0	0
53	0	0	797	614	834	515	0	0	0	0
54	0	0	799	615	833	517	0	0	0	0
55	0	0	799	616	831	516	0	0	0	0
56	0	0	800	617	833	518	0	0	0	0
57	0	0	800	618	830	519	0	0	0	0
58	0	0	801	620	830	517	0	0	0	0
59	0	0	798	620	829	515	0	0	0	0
60	0	0	800	621	829	514	0	0	0	0
61	0	0	799	623	830	509	0	0	0	0
62	0	0	799	622	830	506	0	0	0	0
63	0	0	798	623	829	505	0	0	0	0
64	0	0	800	624	828	504	0	0	0	0
65	0	0	801	626	826	509	0	0	0	0
66	0	0	800	625	827	508	0	0	0	0
67	0	0	800	626	827	509	0	0	0	0
68	0	0	800	626	826	511	0	0	0	0
69	0	0	800	627	825	514	0	0	0	0
70	0	0	800	627	824	518	0	0	0	0
71	0	0	800	628	824	520	0	0	0	0
72	0	0	799	629	824	518	0	0	0	0
73	0	0	799	629	823	513	0	0	0	0
74	0	0	799	629	823	515	0	0	0	0
75	0	0	798	629	821	529	0	0	0	0
76	0	0	799	631	820	533	0	0	0	0
77	0	0	798	632	821	530	0	0	0	0
78	0	0	798	631	819	527	0	0	0	0
79	0	0	799	632	818	527	0	0	0	0
80	0	0	800	632	819	515	0	0	0	0
81	0	0	799	633	818	513	0	0	0	0
82	0	0	800	633	817	513	0	0	0	0
83	0	0	800	634	816	512	0	0	0	0
84	0	0	800	635	816	518	0	0	0	0
85	0	0	801	635	815	517	0	0	0	0
86	0	0	800	636	815	517	0	0	0	0
87	0	0	800	636	813	517	0	0	0	0
88	0	0	800	635	812	521	0	0	0	0
89	0	0	801	637	812	522	0	0	0	0
90	0	0	800	637	812	521	0	0	0	0
91	0	0	802	638	811	523	0	0	0	0
92	0	0	802	638	811	524	0	0	0	0
93	0	0	802	637	810	524	0	0	0	0
94	0	0	802	637	809	528	0	0	0	0
95	0	0	803	637	809	526	0	0	0	0
96	0	0	803	638	808	525	0	0	0	0
97	0	0	803	640	808	525	0	0	0	0
98	0	0	804	639	808	523	0	0	0	0
99	0	0	805	639	807	519	0	0	0	0
100	0	0	805	640	806	525	0	0	0	0
101	0	0	805	639	805	523	0	0	0	0
102	0	0	805	639	805	523	0	0	0	0
103	0	0	804	640	804	518	0	0	0	0
104	0	0	803	639	804	521	0	0	0	0
105	0	0	804	639	804	521	0	0	0	0
106	0	0	804	639	804	521	0	0	0	0
107	0	0	804	639	803	520	0	0	0	0
108	0	0	806	639	803	522	0	0	0	0
109	0	0	806	639	802	524	0	0	0	0
110	0	0	807	639	801	521	0	0	0	0
111	0	0	806	639	801	523	0	0	0	0
112	0	0	804	638	801	523	0	0	0	0
113	0	0	804	638	801	525	0	0	0	0
114	0	0	804	639	800	524	0	0	0	0
115	0	0	804	637	801	524	0	0	0	0
116	0	0	804	639	799	524	0	0	0	0
117	0	0	804	639	799	522	0	0	0	0
118	0	0	803	639	798	520	0	0	0	0
119	0	0	804	640	799	518	0	0	0	0
120	0	0	804	638	798	517	0	0	0	0
121	0	0	803	639	797	517	0	0	0	0
122	0	0	804	639	797	515	0	0	0	0
123	0	0	803	640	797	514	0	0	0	0
124	0	0	804	639	797	517	0	0	0	0
125	0	0	803	639	796	517	0	0	0	0
126	0	0	803	640	797	518	0	0	0	0
127	0	0	802	640	796	516	0	0	0	0
0	0	0	802	641	797	519	0	0	0	0
1	0	0	801	641	796	520	0	0	0	0
2	0	0	800	640	796	522	0	0	0	0
3	0	0	800	641	796	524	0	0	0	0
4	0	0	800	640	796	525	0	0	0	0
5	0	0	799	641	796	526	0	0	0	0
6	0	0	799	640	795	525	0	0	0	0
7	0	0	800	640	795	524	0	0	0	0
8	0	0	799	639	795	523	0	0	0	0
9	0	0	798	640	795	525	0	0	0	0
10	0	0	797	641	794	522	0	0	0	0
11	0	0	796	639	794	519	0	0	0	0
12	0	0	797	640	793	519	0	0	0	0
13	0	0	798	640	794	519	0	0	0	0
14	0	0	796	639	794	518	0	0	0	0
15	0	0	797	639	794	517	0	0	0	0
16	0	0	795	639	795	517	0	0	0	0
17	0	0	796	641	793	519	0	0	0	0
18	0	0	795	639	793	519	0	0	0	0
19	0	0	796	639	794	518	0	0	0	0
20	0	0	795	639	793	519	0	0	0	0
21	0	0	794	639	794	519	0	0	0	0
22	0	0	794	639	794	517	0	0	0	0
23	0	0	795	640	794	519	0	0	0	0
24	0	0	794	639	794	520	0	0	0	0
25	0	0	793	639	795	518	0	0	0	0
26	0	0	793	639	795	519	0	0	0	0
27	0	0	794	639	794	518	0	0	0	0
28	0	0	794	639	794	519	0	0	0	0
29	0	0	792	640	795	519	0	0	0	0
30	0	0	792	639	795	517	0	0	0	0
31	0	0	791	638	795	516	0	0	0	0
32	0	0	792	639	796	515	0	0	0	0
33	0	0	791	639	796	515	0	0	0	0
34	0	0	791	638	796	516	0	0	0	0
35	0	0	791	638	795	514	0	0	0	0
36	0	0	791	637	795	514	0	0	0	0
37	0	0	791	638	795	516	0	0	0	0
38	0	0	790	638	796	515	0	0	0	0
39	0	0	790	638	796	516	0	0	0	0
40	0	0	791	637	796	516	0	0	0	0
41	0	0	790	637	798	518	0	0	0	0
42	0	0	790	636	798	519	0	0	0	0
43	0	0	790	637	798	522	0	0	0	0
44	0	0	790	637	798	522	0	0	0	0
45	0	0	789	637	799	523	0	0	0	0
46	0	0	790	637	800	524	0	0	0	0
47	0	0	789	636	800	524	0	0	0	0
48	0	0	788	637	800	525	0	0	0	0
49	0	0	788	637	801	525	0	0	0	0
50	0	0	788	637	801	521	0	0	0	0
51	0	0	788	637	800	523	0	0	0	0
52	0	0	788	637	803	521	0	0	0	0
53	0	0	789	636	803	519	0	0	0	0
54	0	0	788	637	803	519	0	0	0	0
55	0	0	788	637	804	518	0	0	0	0
56	0	0	788	637	804	519	0	0	0	0
57	0	0	787	638	806	520	0	0	0	0
58	0	0	788	637	805	522	0	0	0	0
59	0	0	788	639	806	522	0	0	0	0
60	0	0	788	638	807	523	0	0	0	0
61	0	0	787	637	808	520	0	0	0	0
62	0	0	787	638	807	522	0	0	0	0
63	0	0	787	639	809	522	0	0	0	0
64	0	0	786	638	810	524	0	0	0	0
65	0	0	787	639	810	525	0	0	0	0
66	0	0	786	638	810	524	0	0	0	0
67	0	0	786	638	811	522	0	0	0	0
68	0	0	785	638	811	523	0	0	0	0
69	0	0	785	638	812	523	0	0	0	0
70	0	0	786	639	813	520	0	0	0	0
71	0	0	785	637	815	517	0	0	0	0
72	0	0	785	639	815	517	0	0	0	0
73	0	0	786	638	814	518	0	0	0	0
74	0	0	786	637	816	518	0	0	0	0
75	0	0	788	636	817	514	0	0	0	0
76	0	0	788	636	817	514	0	0	0	0
77	0	0	788	635	817	519	0	0	0	0
78	0	0	788	635	818	520	0	0	0	0
79	0	0	789	635	820	519	0	0	0	0
80	0	0	789	634	819	520	0	0	0	0
81	0	0	790	634	819	520	0	0	0	0
82	0	0	790	634	821	520	0	0	0	0
83	0	0	792	634	821	521	0	0	0	0
84	0	0	793	634	822	521	0	0	0	0
85	0	0	792	633	821	523	0	0	0	0
86	0	0	793	632	822	524	0	0	0	0
87	0	0	793	634	823	525	0	0	0	0
88	0	0	793	633	822	527	0	0	0	0
89	0	0	794	634	823	528	0	0	0	0
90	0	0	794	634	824	525	0	0	0	0
91	0	0	794	633	823	526	0	0	0	0
92	0	0	794	634	825	526	0	0	0	0
93	0	0	794	634	825	531	0	0	0	0
94	0	0	794	633	825	530	0	0	0	0
95	0	0	795	633	826	526	0	0	0	0
96	0	0	795	632	826	529	0	0	0	0
97	0	0	795	631	827	531	0	0	0	0
98	0	0	796	632	827	535	0	0	0	0
99	0	0	797	633	827	533	0	0	0	0
100	0	0	797	632	828	534	0	0	0	0
101	0	0	796	631	828	533	0	0	0	0
102	0	0	797	631	829	531	0	0	0	0
103	0	0	797	632	828	519	0	0	0	0
104	0	0	795	631	828	520	0	0	0	0
105	0	0	795	632	829	529	0	0	0	0
106	0	0	794	632	829	535	0	0	0	0
107	0	0	795	632	829	535	0	0	0	0
108	0	0	795	635	829	541	0	0	0	0
109	0	0	794	633	829	538	0	0	0	0
110	0	0	795	633	829	540	0	0	0	0
111	0	0	794	633	828	540	0	0	0	0
112	0	0	794	633	828	539	0	0	0	0
113	0	0	793	633	828	544	0	0	0	0
114	0	0	793	633	827	544	0	0	0	0
115	0	0	793	633	827	541	0	0	0	0
116	0	0	794	633	827	541	0	0	0	0
117	0	0	795	633	827	545	0	0	0	0
118	0	0	793	633	826	546	0	0	0	0
119	0	0	793	632	827	547	0	0	0	0
120	0	0	793	633	826	549	0	0	0	0
121	0	0	793	634	826	548	0	0	0	0
122	0	0	792	634	824	548	0	0	0	0
123	0	0	791	634	823	549	0	0	0	0
124	0	0	790	635	824	554	0	0	0	0
125	0	0	788	634	822	555	0	0	0	0
126	0	0	788	633	823	553	0	0	0	0
127	0	0	788	635	822	553	0	0	0	0
0	0	0	788	633	822	554	0	0	0	0
1	0	0	788	634	821	553	0	0	0	0
2	0	0	788	634	821	552	0	0	0	0
3	0	0	789	635	820	554	0	0	0	0
4	0	0	789	635	819	554	0	0	0	0
5	0	0	789	636	819	553	0	2	0	0
6	0	0	788	636	818	547	0	0	0	0
7	0	0	788	637	817	547	0	0	0	0
8	0	0	789	637	817	548	0	0	0	0
9	0	0	789	638	816	550	0	0	0	0
10	0	0	788	639	815	552	0	0	0	0
11	0	0	788	640	814	554	0	0	0	0
12	0	0	787	639	813	554	0	0	0	0
13	0	0	786	640	813	556	0	0	0	0
14	0	0	785	641	813	558	0	0	0	0
15	0	0	786	641	813	556	0	0	0	0
16	0	0	785	641	812	557	0	0	0	0
17	0	0	785	640	811	556	0	0	0	0
18	0	0	785	641	811	557	0	0	0	0
19	0	0	785	643	810	557	0	0	0	0
