# bioPlux Text File Format
# Version: 1
# StartDateTime: 2012-03-21 15:40:21
# SamplingFrequency: 1000
# SampledChannels: 1 2 3 4 5 6 7 8
# SamplingResolution: 12
# AcquiringDevice: 00:07:80:93:66:BE
# EndOfHeader
0	0	0	784	637	815	371	0	0	0	0
1	0	0	783	639	815	372	0	0	0	0
2	0	0	784	638	815	374	0	0	0	0
3	0	0	783	638	815	372	0	0	0	0
4	0	0	783	637	815	372	0	0	0	0
5	0	0	783	638	815	374	0	0	0	0
6	0	0	781	638	815	374	0	0	0	0
7	0	0	783	638	815	373	0	0	0	0
8	0	0	782	638	815	369	0	0	0	0
9	0	0	782	637	815	370	0	0	0	0
10	0	0	782	637	815	369	0	0	0	0
11	0	0	783	638	815	369	0	0	0	0
12	0	0	783	638	815	367	0	0	0	0
13	0	0	782	638	815	366	0	0	0	0
14	0	0	782	638	815	367	0	0	0	0
15	0	0	782	638	815	367	0	0	0	0
16	0	0	781	638	815	368	0	0	0	0
17	0	0	782	638	815	368	0	0	0	0
18	0	0	782	638	814	370	0	0	0	0
19	0	0	783	638	815	369	0	0	0	0
20	0	0	782	638	815	370	0	0	0	0
21	0	0	783	637	816	370	0	0	0	0
22	0	0	783	639	816	372	0	0	0	0
23	0	0	783	639	815	371	0	0	0	0
24	0	0	783	639	815	371	0	0	0	0
25	0	0	783	639	815	374	0	0	0	0
26	0	0	782	638	815	373	0	0	0	0
27	0	0	782	639	815	371	0	0	0	0
28	0	0	783	639	816	368	0	0	0	0
29	0	0	783	639	816	368	0	0	0	0
30	0	0	782	638	815	367	0	0	0	0
31	0	0	783	638	815	365	0	0	0	0
32	0	0	782	639	815	365	0	0	0	0
33	0	0	782	639	815	365	0	0	0	0
34	0	0	782	639	816	366	0	0	0	0
35	0	0	782	638	816	367	0	0	0	0
36	0	0	782	638	815	366	0	0	0	0
37	0	0	782	638	815	368	0	0	0	0
38	0	0	783	638	815	370	0	0	0	0
39	0	0	782	638	816	370	0	0	0	0
40	0	0	782	639	815	369	0	0	0	0
41	0	0	783	638	815	371	0	0	0	0
42	0	0	784	638	816	372	0	0	0	0
43	0	0	783	638	815	372	0	0	0	0
44	0	0	783	639	816	372	0	0	0	0
45	0	0	783	639	816	375	0	0	0	0
46	0	0	784	638	815	375	0	0	0	0
47	0	0	783	638	816	372	0	0	0	0
48	0	0	783	638	816	370	0	0	0	0
49	0	0	783	637	816	369	0	0	0	0
50	0	0	782	638	816	370	0	0	0	0
51	0	0	782	637	816	368	0	0	0	0
52	0	0	783	639	816	368	0	0	0	0
53	0	0	782	638	815	367	0	0	0	0
54	0	0	783	639	815	369	0	0	0	0
55	0	0	783	638	816	370	0	0	0	0
56	0	0	782	639	815	370	0	0	0	0
57	0	0	782	638	816	372	0	0	0	0
58	0	0	782	638	816	373	0	0	0	0
59	0	0	783	638	815	373	0	0	0	0
60	0	0	783	639	816	372	0	0	0	0
61	0	0	783	638	816	373	0	0	0	0
62	0	0	783	638	816	373	0	0	0	0
63	0	0	783	639	816	373	0	0	0	0
64	0	0	782	638	815	373	0	0	0	0
65	0	0	783	638	815	373	0	0	0	0
66	0	0	782	638	815	374	0	0	0	0
67	0	0	782	639	815	372	0	0	0	0
68	0	0	782	638	816	369	0	0	0	0
69	0	0	782	638	815	369	0	0	0	0
70	0	0	783	638	816	369	0	0	0	0
71	0	0	783	638	815	368	0	0	0	0
72	0	0	783	639	815	366	0	0	0	0
73	0	0	783	638	815	366	0	0	0	0
74	0	0	783	637	816	368	0	0	0	0
75	0	0	783	638	816	367	0	0	0	0
76	0	0	784	638	816	368	0	0	0	0
77	0	0	783	638	816	371	0	0	0	0
78	0	0	782	638	816	371	0	0	0	0
79	0	0	782	638	816	372	0	0	0	0
80	0	0	783	638	816	373	0	0	0	0
81	0	0	784	639	817	374	0	0	0	0
82	0	0	782	639	816	374	0	0	0	0
83	0	0	783	638	815	374	0	0	0	0
84	0	0	782	638	816	373	0	0	0	0
85	0	0	781	638	816	375	0	0	0	0
86	0	0	782	638	816	375	0	0	0	0
87	0	0	783	639	816	373	0	0	0	0
88	0	0	782	639	815	371	0	0	0	0
89	0	0	783	639	816	371	0	0	0	0
90	0	0	782	638	816	370	0	0	0	0
91	0	0	783	638	816	368	0	0	0	0
92	0	0	782	639	816	367	0	0	0	0
93	0	0	783	638	816	366	0	0	0	0
94	0	0	783	639	816	368	0	0	0	0
95	0	0	784	638	815	368	0	0	0	0
96	0	0	783	638	816	367	0	0	0	0
97	0	0	782	638	816	370	0	0	0	0
98	0	0	781	638	814	372	0	0	0	0
99	0	0	783	638	817	373	0	0	0	0
100	0	0	782	639	816	373	0	0	0	0
101	0	0	783	638	816	372	0	0	0	0
102	0	0	782	638	816	374	0	0	0	0
103	0	0	782	638	815	373	0	0	0	0
104	0	0	782	639	816	372	0	0	0	0
105	0	0	783	638	815	374	0	0	0	0
106	0	0	782	638	815	375	0	0	0	0
107	0	0	783	639	816	373	0	0	0	0
108	0	0	782	638	815	370	0	0	0	0
109	0	0	783	639	816	372	0	0	0	0
110	0	0	783	639	815	371	0	0	0	0
111	0	0	783	638	815	370	0	0	0	0
112	0	0	783	638	815	368	0	0	0	0
113	0	0	783	638	815	367	0	0	0	0
114	0	0	783	637	815	370	0	0	0	0
115	0	0	783	638	815	369	0	0	0	0
116	0	0	783	638	815	370	0	0	0	0
117	0	0	782	638	816	371	0	0	0	0
118	0	0	782	637	816	372	0	0	0	0
119	0	0	781	638	816	371	0	0	0	0
120	0	0	783	638	815	372	0	0	0	0
121	0	0	783	639	815	374	0	0	0	0
122	0	0	783	639	815	376	0	0	0	0
123	0	0	782	639	814	376	0	0	0	0
124	0	0	782	638	815	376	0	0	0	0
125	0	0	781	638	815	378	0	0	0	0
126	0	0	781	638	815	377	0	0	0	0
127	0	0	782	638	814	376	0	0	0	0
0	0	0	782	639	815	374	0	0	0	0
1	0	0	782	638	816	375	0	0	0	0
2	0	0	783	639	815	376	0	0	0	0
3	0	0	783	638	815	373	0	0	0	0
4	0	0	783	639	816	372	0	0	0	0
5	0	0	782	638	815	371	0	0	0	0
6	0	0	783	637	815	371	0	0	0	0
7	0	0	783	638	815	372	0	0	0	0
8	0	0	782	639	816	373	0	0	0	0
9	0	0	783	639	815	375	0	0	0	0
10	0	0	782	639	816	376	0	0	0	0
11	0	0	782	638	815	379	0	0	0	0
12	0	0	782	638	816	377	0	0	0	0
13	0	0	782	638	815	379	0	0	0	0
14	0	0	782	638	815	380	0	0	0	0
15	0	0	783	639	816	380	0	0	0	0
16	0	0	782	638	815	379	0	0	0	0
17	0	0	782	639	815	379	0	0	0	0
18	0	0	782	639	816	378	0	0	0	0
19	0	0	782	639	815	378	0	0	0	0
20	0	0	782	639	816	375	0	0	0	0
21	0	0	782	638	816	375	0	0	0	0
22	0	0	782	639	816	374	0	0	0	0
23	0	0	783	638	816	375	0	0	0	0
24	0	0	783	638	816	373	0	0	0	0
25	0	0	783	639	816	372	0	0	0	0
26	0	0	783	638	815	374	0	0	0	0
27	0	0	783	639	816	374	0	0	0	0
28	0	0	783	639	816	373	0	0	0	0
29	0	0	782	638	816	374	0	0	0	0
30	0	0	782	639	816	376	0	0	0	0
31	0	0	782	639	816	376	0	0	0	0
32	0	0	782	639	816	375	0	0	0	0
33	0	0	782	639	815	379	0	0	0	0
34	0	0	783	638	815	379	0	0	0	0
35	0	0	783	639	816	377	0	0	0	0
36	0	0	782	639	815	377	0	0	0	0
37	0	0	782	639	816	379	0	0	0	0
38	0	0	782	640	815	379	0	0	0	0
39	0	0	782	640	816	377	0	0	0	0
40	0	0	783	639	816	374	0	0	0	0
41	0	0	782	639	816	374	0	0	0	0
42	0	0	782	639	816	374	0	0	0	0
43	0	0	782	639	816	372	0	0	0	0
44	0	0	782	639	816	372	0	0	0	0
45	0	0	782	639	815	373	0	0	0	0
46	0	0	782	639	816	374	0	0	0	0
47	0	0	782	638	816	374	0	0	0	0
48	0	0	783	639	816	376	0	0	0	0
49	0	0	783	639	815	376	0	0	0	0
50	0	0	782	639	815	378	0	0	0	0
51	0	0	782	639	815	377	0	0	0	0
52	0	0	782	640	815	377	0	0	0	0
53	0	0	782	638	816	379	0	0	0	0
54	0	0	781	638	816	381	0	0	0	0
55	0	0	782	639	816	379	0	0	0	0
56	0	0	781	639	815	379	0	0	0	0
57	0	0	783	639	815	381	0	0	0	0
58	0	0	782	639	816	382	0	0	0	0
59	0	0	782	638	816	379	0	0	0	0
60	0	0	782	638	816	377	0	0	0	0
61	0	0	782	639	816	375	0	0	0	0
62	0	0	782	638	816	375	0	0	0	0
63	0	0	782	637	816	375	0	0	0	0
64	0	0	781	638	816	375	0	0	0	0
65	0	0	781	638	816	373	0	0	0	0
66	0	0	780	638	815	375	0	0	0	0
67	0	0	781	638	816	373	0	0	0	0
68	0	0	782	638	816	374	0	0	0	0
69	0	0	781	637	815	377	0	0	0	0
70	0	0	781	638	815	378	0	0	0	0
71	0	0	781	638	816	377	0	0	0	0
72	0	0	782	638	815	377	0	0	0	0
73	0	0	781	638	816	378	0	0	0	0
74	0	0	782	638	817	379	0	0	0	0
75	0	0	781	638	816	378	0	0	0	0
76	0	0	782	639	815	377	0	0	0	0
77	0	0	782	639	815	379	0	0	0	0
78	0	0	782	639	816	379	0	0	0	0
79	0	0	780	639	815	379	0	0	0	0
80	0	0	781	639	816	376	0	0	0	0
81	0	0	781	638	816	377	0	0	0	0
82	0	0	781	639	816	375	0	0	0	0
83	0	0	782	639	816	374	0	0	0	0
84	0	0	782	639	816	372	0	0	0	0
85	0	0	781	639	815	373	0	0	0	0
86	0	0	782	638	815	374	0	0	0	0
87	0	0	782	640	815	376	0	0	0	0
88	0	0	782	637	815	376	2	0	0	0
89	0	0	782	639	815	378	0	0	0	0
90	0	0	781	638	816	379	0	0	0	0
91	0	0	780	638	816	378	0	0	0	0
92	0	0	780	640	817	378	0	0	0	0
93	0	0	780	639	815	380	0	0	0	0
94	0	0	779	640	816	381	0	0	0	0
95	0	0	780	638	817	380	0	0	0	0
96	0	0	780	640	816	379	0	0	0	0
97	0	0	780	639	816	382	0	0	0	0
98	0	0	780	638	816	383	0	0	0	0
99	0	0	781	639	816	379	0	0	0	0
100	0	0	782	640	816	377	0	0	0	0
101	0	0	781	640	815	377	0	0	0	0
102	0	0	781	640	815	376	0	0	0	0
103	0	0	781	639	816	375	0	0	0	0
104	0	0	782	639	816	375	0	0	0	0
105	0	0	782	640	816	375	0	0	0	0
106	0	0	781	638	816	376	0	0	0	0
107	0	0	781	638	817	375	0	0	0	0
108	0	0	782	639	816	375	0	0	0	0
109	0	0	782	639	816	377	0	0	0	0
110	0	0	781	638	817	380	0	0	0	0
111	0	0	782	639	816	379	0	0	0	0
112	0	0	781	639	816	377	0	0	0	0
113	0	0	782	639	817	378	0	0	0	0
114	0	0	782	640	817	379	0	0	0	0
115	0	0	781	639	816	379	0	0	0	0
116	0	0	781	639	816	379	0	0	0	0
117	0	0	781	639	816	379	0	0	0	0
118	0	0	782	639	817	379	0	0	0	0
119	0	0	782	639	816	378	0	0	0	0
120	0	0	783	640	816	376	0	0	0	0
121	0	0	782	640	816	374	0	0	0	0
122	0	0	783	638	817	372	0	0	0	0
123	0	0	782	638	817	372	0	0	0	0
124	0	0	782	639	817	370	0	0	0	0
125	0	0	781	640	817	370	0	0	0	0
126	0	0	781	640	817	371	0	0	0	0
127	0	0	781	640	817	372	0	0	0	0
0	0	0	781	639	817	370	0	0	0	0
1	0	0	780	640	817	372	0	0	0	0
2	0	0	781	639	817	374	0	0	0	0
3	0	0	780	640	817	373	0	0	0	0
4	0	0	781	640	817	374	0	0	0	0
5	0	0	780	638	816	376	0	0	0	0
6	0	0	781	638	817	377	0	0	0	0
7	0	0	782	639	817	376	0	0	0	0
8	0	0	782	640	816	376	0	0	0	0
9	0	0	782	639	818	377	0	0	0	0
10	0	0	781	640	816	377	0	0	0	0
11	0	0	781	640	817	375	0	0	0	0
12	0	0	781	639	817	373	0	0	0	0
13	0	0	780	640	817	373	0	0	0	0
14	0	0	779	639	817	373	0	0	0	0
15	0	0	780	640	817	370	0	0	0	0
16	0	0	780	639	817	368	0	0	0	0
17	0	0	780	639	817	368	0	0	0	0
18	0	0	782	639	817	369	0	0	0	0
19	0	0	780	639	817	370	0	0	0	0
20	0	0	781	640	817	369	0	0	0	0
21	0	0	781	639	818	372	0	0	0	0
22	0	0	782	639	818	373	0	0	0	0
23	0	0	781	640	817	374	0	0	0	0
24	0	0	782	640	818	374	0	0	0	0
25	0	0	782	639	819	374	0	0	0	0
26	0	0	782	640	818	376	0	0	0	0
27	0	0	782	640	818	375	0	0	0	0
28	0	0	781	639	818	374	0	0	0	0
29	0	0	782	640	818	376	0	0	0	0
30	0	0	782	641	818	376	0	0	0	0
31	0	0	781	640	818	374	0	0	0	0
32	0	0	781	640	818	372	0	0	0	0
33	0	0	781	640	818	372	0	0	0	0
34	0	0	783	641	818	371	0	0	0	0
35	0	0	781	640	818	370	0	0	0	0
36	0	0	781	640	820	368	0	0	0	0
37	0	0	782	640	819	368	0	0	0	0
38	0	0	782	640	819	368	0	0	0	0
39	0	0	783	639	819	369	0	0	0	0
40	0	0	782	640	819	368	0	0	0	0
41	0	0	782	640	819	369	0	0	0	0
42	0	0	782	640	819	372	0	0	0	0
43	0	0	782	639	818	372	0	0	0	0
44	0	0	782	639	819	371	0	0	0	0
45	0	0	782	639	819	373	0	0	0	0
46	0	0	781	639	819	373	0	0	0	0
47	0	0	782	640	819	372	0	0	0	0
48	0	0	782	640	818	371	0	0	0	0
49	0	0	782	640	820	372	0	0	0	0
50	0	0	782	641	819	373	0	0	0	0
51	0	0	781	639	819	371	0	0	0	0
52	0	0	781	640	820	369	0	0	0	0
53	0	0	781	640	819	369	0	0	0	0
54	0	0	782	640	818	368	0	0	0	0
55	0	0	781	640	819	365	0	0	0	0
56	0	0	781	640	819	364	0	0	0	0
57	0	0	782	640	819	364	0	0	0	0
58	0	0	783	640	819	364	0	0	0	0
59	0	0	782	640	818	363	0	0	0	0
60	0	0	781	640	818	362	0	0	0	0
61	0	0	782	639	819	363	0	0	0	0
62	0	0	782	639	818	364	0	0	0	0
63	0	0	782	639	819	363	0	0	0	0
64	0	0	783	639	819	361	0	0	0	0
65	0	0	782	640	819	360	0	0	0	0
66	0	0	781	641	818	361	0	0	0	0
67	0	0	781	640	818	359	0	0	0	0
68	0	0	782	640	819	356	0	0	0	0
69	0	0	783	640	818	358	0	0	0	0
70	0	0	782	640	819	356	0	0	0	0
71	0	0	782	639	818	355	0	0	0	0
72	0	0	781	640	818	353	0	0	0	0
73	0	0	782	640	819	351	0	0	0	0
74	0	0	782	640	818	351	0	0	0	0
75	0	0	780	640	817	350	0	0	0	0
76	0	0	781	640	817	346	0	0	0	0
77	0	0	781	641	818	344	0	0	0	0
78	0	0	780	640	818	342	0	0	0	0
79	0	0	780	640	818	341	0	0	0	0
80	0	0	782	640	818	339	0	0	0	0
81	0	0	780	640	817	340	0	0	0	0
82	0	0	780	639	817	341	0	0	0	0
83	0	0	781	639	817	339	0	0	0	0
84	0	0	781	639	817	341	0	0	0	0
85	0	0	781	641	817	340	0	0	0	0
86	0	0	780	640	817	342	0	0	0	0
87	0	0	780	639	816	332	0	0	0	0
88	0	0	780	641	817	332	0	0	0	0
89	0	0	781	640	816	317	0	0	0	0
90	0	0	781	640	817	311	0	0	0	0
91	0	0	781	640	817	309	0	0	0	0
92	0	0	780	639	816	298	0	0	0	0
93	0	0	780	639	817	316	0	0	0	0
94	0	0	780	641	817	316	0	0	0	0
95	0	0	780	641	816	324	0	0	0	0
96	0	0	779	640	817	341	0	0	0	0
97	0	0	780	639	816	343	0	0	0	0
98	0	0	779	639	817	339	0	0	0	0
99	0	0	779	639	815	344	0	0	0	0
100	0	0	779	640	816	332	0	0	0	0
101	0	0	780	640	815	338	0	0	0	0
102	0	0	779	639	815	337	0	0	0	0
103	0	0	780	640	816	342	0	0	0	0
104	0	0	779	641	814	344	0	0	0	0
105	0	0	777	639	814	344	0	0	0	0
106	0	0	777	640	815	343	0	0	0	0
107	0	0	778	640	814	344	0	0	0	0
108	0	0	779	640	815	344	0	0	0	0
109	0	0	779	639	815	344	0	0	0	0
110	0	0	779	641	814	346	0	0	0	0
111	0	0	778	640	815	343	0	0	0	0
112	0	0	778	640	814	338	0	0	0	0
113	0	0	777	640	814	340	0	0	0	0
114	0	0	778	640	815	341	0	0	0	0
115	0	0	777	640	816	341	0	0	0	0
116	0	0	778	640	815	340	0	0	0	0
117	0	0	776	641	814	341	0	0	0	0
118	0	0	776	641	814	342	0	0	0	0
119	0	0	777	640	815	343	0	0	0	0
120	0	0	776	642	814	343	0	0	0	0
121	0	0	776	641	814	343	0	0	0	0
122	0	0	775	640	814	346	0	0	0	0
123	0	0	775	640	814	345	0	0	0	0
124	0	0	776	641	814	343	0	0	0	0
125	0	0	776	640	814	343	0	0	0	0
126	0	0	776	640	814	345	0	0	0	0
127	0	0	778	641	814	345	0	0	0	0
0	0	0	777	641	814	345	0	0	0	0
1	0	0	777	640	814	338	0	0	0	0
2	0	0	777	640	814	337	0	0	0	0
3	0	0	776	640	814	333	0	0	0	0
4	0	0	776	639	813	317	0	0	0	0
5	0	0	777	641	813	320	0	0	0	0
6	0	0	778	640	812	319	0	0	0	0
7	0	0	777	641	813	341	0	0	0	0
8	0	0	777	639	814	335	0	0	0	0
9	0	0	776	639	813	329	0	0	0	0
10	0	0	775	639	814	324	0	0	0	0
11	0	0	776	640	813	313	0	0	0	0
12	0	0	774	641	813	323	0	0	0	0
13	0	0	774	640	813	328	0	0	0	0
14	0	0	775	641	813	327	0	0	0	0
15	0	0	774	641	813	259	0	0	0	0
16	0	0	775	641	813	242	0	0	0	0
17	0	0	775	641	814	246	0	0	0	0
18	0	0	774	642	814	242	0	0	0	0
19	0	0	774	643	814	245	0	0	0	0
20	0	0	773	643	813	244	0	0	0	0
21	0	0	774	644	814	240	0	0	0	0
22	0	0	772	644	813	233	0	0	0	0
23	0	0	772	644	814	234	0	0	0	0
24	0	0	772	644	814	231	0	0	0	0
25	0	0	773	645	815	249	0	0	0	0
26	0	0	773	645	813	238	0	0	0	0
27	0	0	773	646	813	237	0	0	0	0
28	0	0	772	645	814	221	0	0	0	0
29	0	0	771	647	813	224	0	0	0	0
30	0	0	771	647	813	224	0	0	0	0
31	0	0	772	648	813	215	0	0	0	0
32	0	0	773	647	814	233	0	0	0	0
33	0	0	771	648	813	243	0	0	0	0
34	0	0	772	648	814	233	0	0	0	0
35	0	0	772	648	814	242	0	0	0	0
36	0	0	771	648	814	243	0	0	0	0
37	0	0	773	649	815	220	0	0	0	0
38	0	0	772	649	815	239	0	0	0	0
39	0	0	773	649	815	226	0	0	0	0
40	0	0	772	649	817	188	0	0	0	0
41	0	0	772	650	816	220	0	0	0	0
42	0	0	773	649	817	220	0	0	0	0
43	0	0	772	649	817	203	0	0	0	0
44	0	0	772	649	817	221	0	0	0	0
45	0	0	771	650	817	213	0	0	0	0
46	0	0	772	651	817	213	0	0	0	0
47	0	0	772	651	817	126	0	0	0	0
48	0	0	771	652	817	120	0	0	0	0
49	0	0	770	652	817	128	0	0	0	0
50	0	0	770	653	817	135	0	0	0	0
51	0	0	771	654	817	136	0	0	0	0
52	0	0	772	656	817	135	0	0	0	0
53	0	0	771	657	817	140	0	0	0	0
54	0	0	773	657	817	139	0	0	0	0
55	0	0	773	658	817	147	0	0	0	0
56	0	0	772	659	816	147	0	0	0	0
57	0	0	772	661	816	145	0	0	0	0
58	0	0	772	662	815	151	0	0	0	0
59	0	0	772	663	815	152	0	0	0	0
60	0	0	771	665	816	149	0	0	0	0
61	0	0	772	664	816	150	0	0	0	0
62	0	0	772	665	814	151	0	0	0	0
63	0	0	772	666	815	142	0	0	0	0
64	0	0	772	667	814	139	0	0	0	0
65	0	0	772	667	814	141	0	0	0	0
66	0	0	774	667	813	143	0	0	0	0
67	0	0	774	668	814	143	0	0	0	0
68	0	0	775	670	812	135	0	0	0	0
69	0	0	775	669	811	135	0	0	0	0
70	0	0	774	669	811	134	0	0	0	0
71	0	0	776	669	811	137	0	0	0	0
72	0	0	776	669	810	138	0	0	0	0
73	0	0	776	670	809	140	0	0	0	0
74	0	0	778	670	809	141	0	0	0	0
75	0	0	778	670	807	143	0	0	0	0
76	0	0	778	670	807	143	0	0	0	0
77	0	0	779	671	806	142	0	0	0	0
78	0	0	780	671	807	142	0	0	0	0
79	0	0	781	672	807	143	0	0	0	0
80	0	0	781	672	805	143	0	0	0	0
81	0	0	783	672	805	144	0	0	0	0
82	0	0	784	673	805	145	0	0	0	0
83	0	0	783	674	804	145	0	0	0	0
84	0	0	784	673	803	143	0	0	0	0
85	0	0	784	674	804	142	0	0	0	0
86	0	0	784	675	803	142	0	0	0	0
87	0	0	784	674	803	141	0	0	0	0
88	0	0	785	675	803	140	0	0	0	0
89	0	0	784	676	803	141	0	0	0	0
90	0	0	785	677	803	141	0	0	0	0
91	0	0	785	677	803	141	0	0	0	0
92	0	0	783	678	802	142	0	0	0	0
93	0	0	784	677	804	144	0	0	0	0
94	0	0	783	678	805	144	0	0	0	0
95	0	0	784	677	806	146	0	0	0	0
96	0	0	785	677	805	146	0	0	0	0
97	0	0	786	678	804	147	0	0	0	0
98	0	0	785	678	805	150	0	0	0	0
99	0	0	785	679	806	149	0	0	0	0
100	0	0	786	680	807	149	0	0	0	0
101	0	0	785	681	806	151	0	0	0	0
102	0	0	785	681	807	150	0	0	0	0
103	0	0	785	681	807	148	0	0	0	0
104	0	0	785	681	807	146	0	0	0	0
105	0	0	785	681	808	146	0	0	0	0
106	0	0	785	683	807	145	0	0	0	0
107	0	0	785	685	808	144	0	0	0	0
108	0	0	785	684	809	143	0	0	0	0
109	0	0	786	685	810	143	0	0	0	0
110	0	0	783	686	810	146	0	0	0	0
111	0	0	783	686	810	147	0	0	0	0
112	0	0	782	687	812	145	0	0	0	0
113	0	0	782	687	813	147	0	0	0	0
114	0	0	782	687	815	147	0	0	0	0
115	0	0	780	687	813	147	0	0	0	0
116	0	0	780	687	814	146	0	0	0	0
117	0	0	779	688	815	147	0	0	0	0
118	0	0	778	688	814	149	0	0	0	0
119	0	0	778	689	815	147	0	0	0	0
120	0	0	778	688	815	154	0	0	0	0
121	0	0	779	688	816	150	0	0	0	0
122	0	0	778	690	817	148	0	0	0	0
123	0	0	778	690	817	146	0	0	0	0
124	0	0	779	690	817	144	0	0	0	0
125	0	0	779	690	816	143	0	0	0	0
126	0	0	779	690	816	144	0	0	0	0
127	0	0	780	691	817	140	0	0	0	0
0	0	0	779	691	817	137	0	0	0	0
1	0	0	781	692	817	136	0	0	0	0
2	0	0	780	692	817	137	0	0	0	0
3	0	0	782	694	816	137	0	0	0	0
4	0	0	782	694	815	139	0	0	0	0
5	0	0	783	694	814	140	0	0	0	0
6	0	0	784	695	813	143	0	0	0	0
7	0	0	785	696	813	141	0	0	0	0
8	0	0	786	697	811	144	0	0	0	0
9	0	0	788	697	810	147	0	0	0	0
10	0	0	790	697	810	148	0	0	0	0
11	0	0	791	698	809	146	0	0	0	0
12	0	0	793	698	808	147	0	0	0	0
13	0	0	793	699	807	149	0	0	0	0
14	0	0	793	699	805	149	0	0	0	0
15	0	0	793	699	805	147	0	0	0	0
16	0	0	793	699	804	148	0	0	0	0
17	0	0	794	697	803	148	0	0	0	0
18	0	0	795	697	802	149	0	0	0	0
19	0	0	795	696	801	147	0	0	0	0
20	0	0	795	695	801	146	0	0	0	0
21	0	0	796	694	800	147	0	0	0	0
22	0	0	794	692	799	149	0	0	0	0
23	0	0	794	690	798	169	0	0	0	0
24	0	0	794	689	799	211	0	0	0	0
25	0	0	793	687	798	217	0	0	0	0
26	0	0	793	687	798	239	0	0	0	0
27	0	0	793	686	796	241	0	0	0	0
28	0	0	793	684	796	247	0	0	0	0
29	0	0	792	682	796	253	0	0	0	0
30	0	0	791	681	795	262	0	0	0	0
31	0	0	792	680	796	267	0	0	0	0
32	0	0	790	678	794	264	0	0	0	0
33	0	0	790	677	794	256	0	0	0	0
34	0	0	790	676	794	282	0	0	0	0
35	0	0	790	674	793	286	0	0	0	0
36	0	0	790	673	792	292	0	0	0	0
37	0	0	788	671	791	351	0	0	0	0
38	0	0	787	670	790	372	0	0	0	0
39	0	0	786	669	789	369	0	0	0	0
40	0	0	786	668	789	366	0	0	0	0
41	0	0	784	666	789	367	0	0	0	0
42	0	0	784	665	788	375	0	0	0	0
43	0	0	784	664	788	382	0	0	0	0
44	0	0	783	663	787	380	0	0	0	0
45	0	0	783	663	788	382	0	0	0	0
46	0	0	782	661	787	383	0	0	0	0
47	0	0	782	659	787	382	0	0	0	0
48	0	0	780	659	787	384	0	0	0	0
49	0	0	779	658	787	373	0	0	0	0
50	0	0	778	656	788	359	0	0	0	0
51	0	0	778	654	788	363	0	0	0	0
52	0	0	777	652	788	356	0	0	0	0
53	0	0	777	652	788	378	0	0	0	0
54	0	0	776	650	790	339	0	0	0	0
55	0	0	775	649	790	363	0	0	0	0
56	0	0	774	647	791	344	0	0	0	0
57	0	0	772	644	791	368	0	0	0	0
58	0	0	772	643	792	348	0	0	0	0
59	0	0	773	641	793	355	0	0	0	0
60	0	0	771	640	793	365	0	0	0	0
61	0	0	771	639	795	285	0	0	0	0
62	0	0	769	636	796	276	0	0	0	0
63	0	0	770	633	797	259	0	0	0	0
64	0	0	770	633	798	261	0	0	0	0
65	0	0	769	630	799	274	0	0	0	0
66	0	0	768	630	799	271	0	0	0	0
67	0	0	767	627	800	265	0	0	0	0
68	0	0	767	626	803	287	0	0	0	0
69	0	0	767	625	803	295	0	0	0	0
70	0	0	766	624	805	284	0	0	0	0
71	0	0	766	622	806	282	0	0	0	0
72	0	0	766	621	808	287	0	0	0	0
73	0	0	767	619	810	288	0	0	0	0
74	0	0	766	617	811	290	0	0	0	0
75	0	0	765	617	813	286	0	0	0	0
76	0	0	765	615	814	276	0	0	0	0
77	0	0	766	613	816	275	0	0	0	0
78	0	0	766	612	817	261	0	0	0	0
79	0	0	766	611	818	263	0	1	0	0
80	0	0	768	611	820	264	0	0	0	0
81	0	0	767	610	821	273	0	0	0	0
82	0	0	767	610	822	265	0	0	0	0
83	0	0	768	610	823	280	0	0	0	0
84	0	0	768	610	825	284	0	0	0	0
85	0	0	770	611	826	286	0	0	0	0
86	0	0	771	611	827	286	0	0	0	0
87	0	0	770	612	828	286	0	0	0	0
88	0	0	772	613	829	279	0	0	0	0
89	0	0	772	615	831	281	0	0	0	0
90	0	0	771	617	831	269	0	0	0	0
91	0	0	772	619	831	256	0	0	0	0
92	0	0	772	621	832	253	0	0	0	0
93	0	0	773	622	832	251	0	0	0	0
94	0	0	775	625	833	257	0	0	0	0
95	0	0	775	628	834	254	0	0	0	0
96	0	0	775	631	834	247	0	0	0	0
97	0	0	775	632	834	249	0	0	0	0
98	0	0	774	635	835	240	0	0	0	0
99	0	0	774	638	836	231	0	0	0	0
100	0	0	774	640	835	233	0	0	0	0
101	0	0	773	643	836	242	0	0	0	0
102	0	0	773	645	837	242	0	0	0	0
103	0	0	773	649	837	241	0	0	0	0
104	0	0	773	650	835	245	0	0	0	0
105	0	0	773	653	836	250	0	0	0	0
106	0	0	772	656	834	256	0	0	0	0
107	0	0	772	658	834	262	0	0	0	0
108	0	0	772	661	834	266	0	0	0	0
109	0	0	772	665	833	271	0	0	0	0
110	0	0	772	668	833	262	0	0	0	0
111	0	0	772	669	831	261	0	0	0	0
112	0	0	771	672	831	264	0	0	0	0
113	0	0	773	674	831	260	0	0	0	0
114	0	0	774	676	830	258	0	0	0	0
115	0	0	774	678	829	262	0	0	0	0
116	0	0	775	681	828	274	0	0	0	0
117	0	0	774	684	829	280	0	0	0	0
118	0	0	776	685	827	276	0	0	0	0
119	0	0	776	687	827	269	0	0	0	0
120	0	0	775	687	826	265	0	0	0	0
121	0	0	776	689	825	264	0	0	0	0
122	0	0	776	691	825	267	0	0	0	0
123	0	0	777	693	825	302	0	0	0	0
124	0	0	777	693	824	344	0	0	0	0
125	0	0	776	695	824	348	0	0	0	0
126	0	0	776	695	823	349	0	0	0	0
127	0	0	778	695	823	361	0	0	0	0
0	0	0	777	696	822	362	0	0	0	0
1	0	0	776	697	822	370	0	0	0	0
2	0	0	776	698	822	375	0	0	0	0
3	0	0	776	698	821	381	0	0	0	0
4	0	0	775	699	821	365	0	0	0	0
5	0	0	774	700	821	371	0	0	0	0
6	0	0	774	699	821	376	0	0	0	0
7	0	0	773	699	820	375	0	0	0	0
8	0	0	773	700	820	400	0	0	0	0
9	0	0	772	701	819	395	0	0	0	0
10	0	0	772	701	819	391	0	0	0	0
11	0	0	772	700	818	390	0	0	0	0
12	0	0	772	699	818	399	0	0	0	0
13	0	0	772	699	818	392	0	0	0	0
14	0	0	772	699	817	397	0	0	0	0
15	0	0	772	700	818	401	0	0	0	0
16	0	0	773	699	818	401	0	0	0	0
17	0	0	773	699	817	405	0	0	0	0
18	0	0	773	698	816	407	0	0	0	0
19	0	0	773	697	816	410	0	0	0	0
20	0	0	774	697	815	411	0	0	0	0
21	0	0	775	696	815	414	0	0	0	0
22	0	0	774	697	815	415	0	0	0	0
23	0	0	774	697	814	417	0	0	0	0
24	0	0	774	696	813	425	0	0	0	0
25	0	0	775	697	813	432	0	0	0	0
26	0	0	774	696	813	431	0	0	0	0
27	0	0	775	695	813	427	0	0	0	0
28	0	0	774	695	813	423	0	0	0	0
29	0	0	775	695	813	418	0	0	0	0
30	0	0	775	695	811	424	0	0	0	0
31	0	0	774	694	813	428	0	0	0	0
32	0	0	773	693	813	428	0	0	0	0
33	0	0	772	692	812	425	0	0	0	0
34	0	0	771	692	812	417	0	0	0	0
35	0	0	770	691	813	419	0	0	0	0
36	0	0	768	690	813	421	0	0	0	0
37	0	0	769	688	814	419	0	0	0	0
38	0	0	769	688	814	420	0	0	0	0
39	0	0	769	688	814	420	0	0	0	0
40	0	0	767	688	813	418	0	0	0	0
41	0	0	766	689	814	422	0	0	0	0
42	0	0	765	687	814	417	0	0	0	0
43	0	0	764	687	814	416	0	0	0	0
44	0	0	764	687	815	424	0	0	0	0
45	0	0	762	686	814	430	0	0	0	0
46	0	0	761	685	816	428	0	0	0	0
47	0	0	760	685	817	422	0	0	0	0
48	0	0	759	685	817	418	0	0	0	0
49	0	0	757	684	818	415	0	0	0	0
50	0	0	757	685	818	411	0	0	0	0
51	0	0	756	686	819	411	0	0	0	0
52	0	0	757	686	818	407	0	0	0	0
53	0	0	756	686	818	402	0	0	0	0
54	0	0	756	686	818	411	0	0	0	0
55	0	0	755	686	817	413	0	0	0	0
56	0	0	754	686	817	413	0	0	0	0
57	0	0	755	687	817	412	0	0	0	0
58	0	0	755	686	817	428	0	0	0	0
59	0	0	754	687	816	431	0	0	0	0
60	0	0	757	687	815	436	0	0	0	0
61	0	0	756	688	815	436	0	0	0	0
62	0	0	756	689	814	442	0	0	0	0
63	0	0	755	688	814	444	0	0	0	0
64	0	0	756	688	814	442	0	0	0	0
65	0	0	756	688	814	441	0	0	0	0
66	0	0	757	688	814	438	0	0	0	0
67	0	0	758	689	813	437	0	0	0	0
68	0	0	759	689	812	440	0	0	0	0
69	0	0	758	689	812	438	0	0	0	0
70	0	0	758	691	811	444	0	0	0	0
71	0	0	759	690	811	439	0	0	0	0
72	0	0	759	690	811	433	0	0	0	0
73	0	0	760	691	810	436	0	0	0	0
74	0	0	760	691	810	429	0	0	0	0
75	0	0	760	690	811	446	0	0	0	0
76	0	0	759	692	810	440	0	0	0	0
77	0	0	760	692	811	449	0	0	0	0
78	0	0	761	693	811	459	0	0	0	0
79	0	0	761	692	811	467	0	0	0	0
80	0	0	759	693	811	470	0	0	0	0
81	0	0	760	693	812	471	0	0	0	0
82	0	0	760	693	812	479	0	0	0	0
83	0	0	760	692	812	474	0	0	0	0
84	0	0	761	692	813	475	0	0	0	0
85	0	0	763	693	813	464	0	0	0	0
86	0	0	762	693	814	469	0	0	0	0
87	0	0	761	693	815	464	0	0	0	0
88	0	0	761	694	815	432	0	0	0	0
89	0	0	761	693	815	436	0	0	0	0
90	0	0	761	694	816	432	0	0	0	0
91	0	0	760	694	816	434	0	0	0	0
92	0	0	759	694	817	431	0	0	0	0
93	0	0	760	695	817	422	0	0	0	0
94	0	0	760	695	818	439	0	0	0	0
95	0	0	758	695	819	461	0	0	0	0
96	0	0	758	697	819	472	0	0	0	0
97	0	0	758	695	819	476	0	0	0	0
98	0	0	757	696	820	487	0	0	0	0
99	0	0	755	697	821	497	0	0	0	0
100	0	0	756	696	821	497	0	0	0	0
101	0	0	755	697	821	501	0	0	0	0
102	0	0	755	695	821	496	0	0	0	0
103	0	0	755	696	821	488	0	0	0	0
104	0	0	755	695	822	485	0	0	0	0
105	0	0	757	696	821	480	0	0	0	0
106	0	0	756	697	820	477	0	0	0	0
107	0	0	755	696	821	465	0	0	0	0
108	0	0	755	696	821	462	0	0	0	0
109	0	0	754	696	821	465	0	0	0	0
110	0	0	754	696	820	470	0	0	0	0
111	0	0	753	697	820	473	0	0	0	0
112	0	0	753	696	819	492	0	0	0	0
113	0	0	754	698	819	493	0	0	0	0
114	0	0	753	699	819	498	0	0	0	0
115	0	0	754	698	819	501	0	0	0	0
116	0	0	755	698	817	518	0	0	0	0
117	0	0	754	697	818	525	0	0	0	0
118	0	0	756	697	817	533	0	0	0	0
119	0	0	756	698	817	533	0	0	0	0
120	0	0	756	697	816	525	0	0	0	0
121	0	0	756	697	817	516	0	0	0	0
122	0	0	756	698	817	523	0	0	0	0
123	0	0	757	698	816	530	0	0	0	0
124	0	0	758	697	817	540	0	0	0	0
125	0	0	760	697	816	543	0	0	0	0
126	0	0	760	697	816	535	0	0	0	0
127	0	0	761	696	815	523	0	0	0	0
0	0	0	762	696	815	537	0	0	0	0
1	0	0	762	695	814	529	0	0	0	0
2	0	0	764	695	814	538	0	0	0	0
3	0	0	765	695	811	548	0	0	0	0
4	0	0	765	695	811	552	0	0	0	0
5	0	0	765	693	812	561	0	0	0	0
6	0	0	766	692	813	570	0	0	0	0
7	0	0	767	691	812	576	0	0	0	0
8	0	0	766	690	812	580	0	0	0	0
9	0	0	766	689	812	587	0	0	0	0
10	0	0	766	687	811	578	0	0	0	0
11	0	0	767	687	812	578	0	0	0	0
12	0	0	766	687	811	585	0	0	0	0
13	0	0	765	688	812	581	0	0	0	0
14	0	0	766	686	811	594	0	0	0	0
15	0	0	766	684	812	612	0	0	0	0
16	0	0	765	684	812	621	0	0	0	0
17	0	0	766	685	812	639	0	0	0	0
18	0	0	766	683	813	673	0	0	0	0
19	0	0	765	680	813	699	0	0	0	0
20	0	0	767	680	813	710	0	0	0	0
21	0	0	767	678	813	718	0	0	0	0
22	0	0	768	678	813	719	0	0	0	0
23	0	0	769	678	813	716	0	0	0	0
24	0	0	770	676	814	712	0	0	0	0
25	0	0	772	676	814	712	0	0	0	0
26	0	0	772	674	815	714	0	0	0	0
27	0	0	775	672	815	718	0	0	0	0
28	0	0	775	669	815	726	0	0	0	0
29	0	0	777	668	815	745	0	0	0	0
30	0	0	778	668	817	770	0	0	0	0
31	0	0	777	667	817	784	0	0	0	0
32	0	0	776	666	818	786	0	0	0	0
33	0	0	777	664	819	798	0	0	0	0
34	0	0	777	660	821	809	0	0	0	0
35	0	0	778	659	822	809	0	0	0	0
36	0	0	776	659	822	819	0	0	0	0
37	0	0	777	659	823	809	0	0	0	0
38	0	0	777	657	825	813	0	0	0	0
39	0	0	777	654	826	814	0	0	0	0
40	0	0	778	654	828	820	0	0	0	0
41	0	0	778	654	829	813	0	0	0	0
42	0	0	779	652	830	839	0	0	0	0
43	0	0	779	651	834	849	0	0	0	0
44	0	0	778	649	835	858	0	0	0	0
45	0	0	778	646	837	868	0	0	0	0
46	0	0	776	644	838	867	0	0	0	0
47	0	0	775	644	840	896	0	0	0	0
48	0	0	774	641	841	898	0	0	0	0
49	0	0	773	640	842	923	0	0	0	0
50	0	0	773	638	844	930	0	0	0	0
51	0	0	773	636	843	923	0	0	0	0
52	0	0	769	636	847	921	0	0	0	0
53	0	0	769	635	849	920	0	0	0	0
54	0	0	769	630	854	925	0	0	0	0
55	0	0	770	628	860	908	0	0	0	0
56	0	0	770	626	862	915	0	0	0	0
57	0	0	770	624	862	929	0	0	0	0
58	0	0	770	620	862	964	0	0	0	0
59	0	0	769	619	863	973	0	0	0	0
60	0	0	765	616	863	977	0	0	0	0
61	0	0	761	612	864	974	0	0	0	0
62	0	0	756	610	864	988	0	0	0	0
63	0	0	751	611	865	992	0	0	0	0
64	0	0	746	608	865	1009	0	0	0	0
65	0	0	742	606	863	1029	0	0	0	0
66	0	0	740	606	863	1031	0	0	0	0
67	0	0	738	605	862	1036	0	0	0	0
68	0	0	738	605	861	1032	0	0	0	0
69	0	0	737	604	862	1034	0	0	0	0
70	0	0	735	604	860	1034	0	0	0	0
71	0	0	736	604	861	1041	0	0	0	0
72	0	0	735	603	861	1044	0	0	0	0
73	0	0	735	603	858	1051	0	0	0	0
74	0	0	735	603	858	1053	0	0	0	0
75	0	0	736	602	859	1054	0	0	0	0
76	0	0	734	601	858	1057	0	0	0	0
77	0	0	733	600	859	1066	0	0	0	0
78	0	0	734	599	859	1064	0	0	0	0
79	0	0	733	599	858	1062	0	0	0	0
80	0	0	733	598	859	1060	0	0	0	0
81	0	0	732	597	859	1059	0	0	0	0
82	0	0	733	595	860	1063	0	0	0	0
83	0	0	734	594	859	1064	0	0	0	0
84	0	0	735	592	857	1070	0	0	0	0
85	0	0	737	592	857	1063	0	0	0	0
86	0	0	739	590	856	1070	0	0	0	0
87	0	0	738	589	857	1064	0	0	0	0
88	0	0	738	587	858	1077	0	0	0	0
89	0	0	740	586	857	1085	0	0	0	0
90	0	0	741	584	857	1081	0	0	0	0
91	0	0	745	582	857	1075	0	0	0	0
92	0	0	747	580	856	1076	0	0	0	0
93	0	0	750	577	855	1077	0	0	0	0
94	0	0	751	577	856	1081	0	0	0	0
95	0	0	753	576	853	1086	0	0	0	0
96	0	0	755	575	854	1085	0	0	0	0
97	0	0	756	576	852	1085	0	0	0	0
98	0	0	757	574	850	1092	0	0	0	0
99	0	0	758	572	850	1091	0	0	0	0
100	0	0	760	572	848	1086	0	0	0	0
101	0	0	761	572	847	1098	0	0	0	0
102	0	0	763	572	847	1095	0	0	0	0
103	0	0	764	569	846	1096	0	0	0	0
104	0	0	766	569	845	1093	0	0	0	0
105	0	0	764	568	845	1088	0	0	0	0
106	0	0	764	567	845	1089	0	0	0	0
107	0	0	765	567	845	1096	0	0	0	0
108	0	0	764	569	844	1094	0	0	0	0
109	0	0	765	569	843	1096	0	0	0	0
110	0	0	766	569	843	1101	0	0	0	0
111	0	0	766	569	843	1104	0	0	0	0
112	0	0	766	571	840	1108	0	0	0	0
113	0	0	766	572	841	1113	0	0	0	0
114	0	0	766	574	837	1118	0	0	0	0
115	0	0	766	575	837	1119	0	0	0	0
116	0	0	765	577	837	1118	0	0	0	0
117	0	0	764	579	836	1120	0	0	0	0
118	0	0	763	580	835	1123	0	0	0	0
119	0	0	761	580	833	1122	0	0	0	0
120	0	0	759	581	831	1131	0	0	0	0
121	0	0	757	583	829	1131	0	0	0	0
122	0	0	755	582	826	1132	0	0	0	0
123	0	0	755	582	827	1130	0	0	0	0
124	0	0	753	582	826	1143	0	0	0	0
125	0	0	750	581	825	1149	0	0	0	0
126	0	0	748	581	823	1148	0	0	0	0
127	0	0	746	579	822	1156	0	0	0	0
0	0	0	744	579	823	1165	0	0	0	0
1	0	0	740	577	822	1176	0	0	0	0
2	0	0	738	577	823	1181	0	0	0	0
3	0	0	735	575	823	1187	0	0	0	0
4	0	0	733	573	824	1193	0	0	0	0
5	0	0	731	573	824	1197	0	0	0	0
6	0	0	730	571	824	1209	0	0	0	0
7	0	0	730	571	824	1213	0	0	0	0
8	0	0	729	570	825	1220	0	0	0	0
9	0	0	727	569	825	1221	0	0	0	0
10	0	0	726	569	827	1222	0	0	0	0
11	0	0	725	567	827	1225	0	0	0	0
12	0	0	725	567	827	1233	0	0	0	0
13	0	0	725	566	827	1242	0	0	0	0
14	0	0	725	565	828	1255	0	0	0	0
15	0	0	726	566	828	1264	0	0	0	0
16	0	0	727	563	826	1274	0	0	0	0
17	0	0	726	563	826	1282	0	0	0	0
18	0	0	724	563	825	1290	0	0	0	0
19	0	0	725	561	825	1304	0	0	0	0
20	0	0	726	559	824	1321	0	0	0	0
21	0	0	728	558	824	1328	0	0	0	0
22	0	0	727	557	824	1333	0	0	0	0
23	0	0	728	556	825	1333	0	0	0	0
24	0	0	728	555	823	1329	0	0	0	0
25	0	0	729	554	824	1341	0	0	0	0
26	0	0	729	552	824	1357	0	0	0	0
27	0	0	729	552	823	1366	0	0	0	0
28	0	0	729	551	824	1386	0	0	0	0
29	0	0	729	550	824	1398	0	0	0	0
30	0	0	729	547	825	1402	0	0	0	0
31	0	0	730	546	825	1395	0	0	0	0
32	0	0	731	545	824	1396	0	0	0	0
33	0	0	732	543	823	1393	0	0	0	0
34	0	0	732	543	823	1398	0	0	0	0
35	0	0	733	541	823	1402	0	0	0	0
36	0	0	734	539	824	1402	0	0	0	0
37	0	0	734	537	823	1407	0	0	0	0
38	0	0	734	536	824	1413	0	0	0	0
39	0	0	735	534	824	1424	0	0	0	0
40	0	0	735	532	826	1432	0	0	0	0
41	0	0	735	531	827	1437	0	0	0	0
42	0	0	735	527	827	1436	0	0	0	0
43	0	0	735	527	827	1434	0	0	0	0
44	0	0	736	525	829	1429	0	0	0	0
45	0	0	736	523	829	1438	0	0	0	0
46	0	0	737	523	829	1440	0	0	0	0
47	0	0	738	522	830	1440	0	0	0	0
48	0	0	738	522	830	1453	0	0	0	0
49	0	0	736	522	831	1461	0	0	0	0
50	0	0	736	522	833	1465	0	0	0	0
51	0	0	736	523	833	1468	0	0	0	0
52	0	0	737	523	834	1473	0	0	0	0
53	0	0	737	523	835	1479	0	0	0	0
54	0	0	735	524	836	1484	0	0	0	0
55	0	0	736	524	837	1490	0	0	0	0
56	0	0	736	523	838	1496	0	0	0	0
57	0	0	736	523	839	1500	0	0	0	0
58	0	0	736	523	841	1507	0	0	0	0
59	0	0	735	524	842	1512	0	0	0	0
60	0	0	735	523	844	1514	0	0	0	0
61	0	0	736	523	846	1516	0	0	0	0
62	0	0	737	522	847	1523	0	0	0	0
63	0	0	736	522	849	1528	0	0	0	0
64	0	0	737	523	851	1537	0	0	0	0
65	0	0	739	524	852	1539	0	0	0	0
66	0	0	738	524	853	1542	0	0	0	0
67	0	0	738	523	854	1544	0	0	0	0
68	0	0	739	524	857	1540	0	0	0	0
69	0	0	740	525	858	1538	0	0	0	0
70	0	0	741	526	860	1542	0	0	0	0
71	0	0	741	525	861	1538	0	0	0	0
72	0	0	741	526	862	1527	0	0	0	0
73	0	0	742	526	864	1519	0	0	0	0
74	0	0	742	526	866	1519	0	0	0	0
75	0	0	744	527	867	1520	0	0	0	0
76	0	0	744	528	868	1520	0	0	0	0
77	0	0	745	528	869	1530	0	0	0	0
78	0	0	746	528	870	1539	0	0	0	0
79	0	0	747	529	871	1550	0	0	0	0
80	0	0	747	529	872	1558	0	0	0	0
81	0	0	747	528	872	1563	0	0	0	0
82	0	0	748	527	872	1570	0	0	0	0
83	0	0	750	527	873	1576	0	0	0	0
84	0	0	750	527	874	1575	0	0	0	0
85	0	0	752	526	874	1584	0	0	0	0
86	0	0	753	526	874	1585	0	0	0	0
87	0	0	752	525	873	1585	0	0	0	0
88	0	0	754	525	873	1591	0	0	0	0
89	0	0	754	525	873	1593	0	0	0	0
90	0	0	755	524	873	1597	0	0	0	0
91	0	0	754	524	873	1598	0	0	0	0
92	0	0	755	523	872	1597	0	0	0	0
93	0	0	754	524	872	1594	0	0	0	0
94	0	0	754	524	874	1592	0	0	0	0
95	0	0	755	523	873	1594	0	0	0	0
96	0	0	755	523	874	1595	0	0	0	0
97	0	0	754	523	874	1599	0	0	0	0
98	0	0	755	522	874	1599	0	0	0	0
99	0	0	756	522	874	1602	0	0	0	0
100	0	0	755	521	875	1607	0	0	0	0
101	0	0	754	521	875	1607	0	0	0	0
102	0	0	754	520	874	1605	0	0	0	0
103	0	0	752	519	874	1608	0	0	0	0
104	0	0	752	520	874	1607	0	0	0	0
105	0	0	751	519	874	1607	0	0	0	0
106	0	0	750	517	872	1608	0	0	0	0
107	0	0	748	517	874	1608	0	0	0	0
108	0	0	746	517	873	1605	0	0	0	0
109	0	0	747	516	873	1604	0	0	0	0
110	0	0	746	515	873	1604	0	0	0	0
111	0	0	744	515	872	1602	0	0	0	0
112	0	0	743	515	872	1602	0	0	0	0
113	0	0	741	514	872	1604	0	0	0	0
114	0	0	740	514	873	1604	0	0	0	0
115	0	0	739	514	873	1607	0	0	0	0
116	0	0	738	513	873	1610	0	0	0	0
117	0	0	738	514	873	1609	0	0	0	0
118	0	0	735	514	872	1607	0	0	0	0
119	0	0	736	514	872	1608	0	0	0	0
120	0	0	735	514	873	1613	0	0	0	0
121	0	0	734	514	873	1618	0	0	0	0
122	0	0	732	514	874	1623	0	0	0	0
123	0	0	730	513	873	1622	0	0	0	0
124	0	0	730	513	874	1619	0	0	0	0
125	0	0	728	513	874	1624	0	0	0	0
126	0	0	727	513	874	1623	0	0	0	0
127	0	0	727	513	875	1623	0	0	0	0
0	0	0	726	513	875	1622	0	0	0	0
1	0	0	726	513	876	1631	0	0	0	0
2	0	0	727	513	876	1626	0	0	0	0
3	0	0	725	513	878	1630	0	0	0	0
4	0	0	726	513	878	1633	0	0	0	0
5	0	0	725	512	878	1635	0	0	0	0
6	0	0	725	510	878	1636	0	0	0	0
7	0	0	724	509	879	1638	0	0	0	0
8	0	0	724	510	879	1635	0	0	0	0
9	0	0	724	509	879	1636	0	0	0	0
10	0	0	724	509	881	1636	0	0	0	0
11	0	0	722	509	881	1635	0	0	0	0
12	0	0	721	509	883	1638	0	0	0	0
13	0	0	722	508	884	1639	0	0	0	0
14	0	0	721	508	883	1642	0	0	0	0
15	0	0	722	508	885	1647	0	0	0	0
16	0	0	721	507	887	1641	0	0	0	0
17	0	0	720	507	888	1643	0	0	0	0
18	0	0	720	506	889	1642	0	0	0	0
19	0	0	718	505	889	1643	0	0	0	0
20	0	0	718	505	889	1638	0	0	0	0
21	0	0	717	504	891	1638	0	0	0	0
22	0	0	718	503	892	1639	0	0	0	0
23	0	0	717	502	894	1642	0	0	0	0
24	0	0	718	502	893	1641	0	0	0	0
25	0	0	719	502	892	1643	0	0	0	0
26	0	0	718	501	893	1641	0	0	0	0
27	0	0	718	502	893	1641	0	0	0	0
28	0	0	718	503	894	1642	0	0	0	0
29	0	0	719	503	893	1640	0	0	0	0
30	0	0	720	504	893	1641	0	0	0	0
31	0	0	721	504	895	1640	0	0	0	0
32	0	0	722	503	895	1639	0	0	0	0
33	0	0	723	503	895	1641	0	0	0	0
34	0	0	725	502	896	1641	0	0	0	0
35	0	0	726	502	894	1642	0	0	0	0
36	0	0	727	502	896	1645	0	0	0	0
37	0	0	729	501	896	1648	0	0	0	0
38	0	0	730	501	896	1647	0	0	0	0
39	0	0	730	501	896	1644	0	0	0	0
40	0	0	733	502	895	1647	0	0	0	0
41	0	0	736	503	894	1646	0	0	0	0
42	0	0	736	504	895	1647	0	0	0	0
43	0	0	738	504	896	1646	0	0	0	0
44	0	0	740	506	896	1645	0	0	0	0
45	0	0	740	505	896	1645	0	0	0	0
46	0	0	743	508	893	1650	0	0	0	0
47	0	0	744	510	893	1654	0	0	0	0
48	0	0	745	509	892	1658	0	0	0	0
49	0	0	746	509	891	1664	0	0	0	0
50	0	0	747	509	888	1665	0	0	0	0
51	0	0	749	509	888	1671	0	0	0	0
52	0	0	750	509	887	1675	0	0	0	0
53	0	0	751	507	885	1683	0	0	0	0
54	0	0	750	506	885	1692	0	0	0	0
55	0	0	749	505	883	1694	0	0	0	0
56	0	0	750	503	882	1693	0	0	0	0
57	0	0	749	501	882	1695	0	0	0	0
58	0	0	749	500	883	1693	0	0	0	0
59	0	0	748	499	880	1695	0	0	0	0
60	0	0	749	499	880	1697	0	0	0	0
61	0	0	746	497	881	1701	0	0	0	0
62	0	0	745	497	880	1709	0	0	0	0
63	0	0	745	497	879	1719	0	0	0	0
64	0	0	744	496	878	1717	0	0	0	0
65	0	0	746	498	878	1723	0	0	0	0
66	0	0	744	496	879	1726	0	0	0	0
67	0	0	744	497	879	1737	0	0	0	0
68	0	0	744	496	878	1734	0	0	0	0
69	0	0	745	496	878	1735	0	0	0	0
70	0	0	747	497	877	1739	0	0	0	0
71	0	0	748	496	876	1749	0	0	0	0
72	0	0	748	495	875	1761	0	0	0	0
73	0	0	748	494	874	1768	0	0	0	0
74	0	0	751	493	872	1768	0	0	0	0
75	0	0	750	492	872	1774	0	0	0	0
76	0	0	751	492	870	1778	0	0	0	0
77	0	0	752	492	869	1781	0	0	1	0
78	0	0	754	491	868	1786	0	0	0	0
79	0	0	755	491	867	1797	0	0	0	0
80	0	0	756	491	866	1801	0	0	0	0
81	0	0	756	492	865	1809	0	0	0	0
82	0	0	757	493	863	1825	0	0	0	0
83	0	0	757	493	862	1834	0	0	0	0
84	0	0	759	493	863	1839	0	0	0	0
85	0	0	760	494	860	1858	0	0	0	0
86	0	0	763	492	860	1868	0	0	0	0
87	0	0	761	493	859	1879	0	0	0	0
88	0	0	764	493	859	1892	0	0	0	0
89	0	0	767	494	858	1909	0	0	0	0
90	0	0	767	495	856	1920	0	0	0	0
91	0	0	768	496	856	1930	0	0	0	0
92	0	0	768	498	855	1940	0	0	0	0
93	0	0	769	499	855	1947	0	0	0	0
94	0	0	769	501	855	1946	0	0	0	0
95	0	0	770	501	855	1951	0	0	0	0
96	0	0	771	503	855	1966	0	0	0	0
97	0	0	770	504	854	1974	0	0	0	0
98	0	0	773	505	855	1988	0	0	0	0
99	0	0	774	506	854	1991	0	0	0	0
100	0	0	776	506	855	1991	0	0	0	0
101	0	0	778	507	854	2002	0	0	0	0
102	0	0	778	509	855	2014	0	0	0	0
103	0	0	780	512	854	2026	0	0	0	0
104	0	0	781	512	855	2045	0	0	0	0
105	0	0	782	514	855	2053	0	0	0	0
106	0	0	782	515	855	2062	0	0	0	0
107	0	0	783	516	856	2101	0	0	0	0
108	0	0	786	517	856	2128	0	0	0	0
109	0	0	787	520	855	2143	0	0	0	0
110	0	0	785	521	858	2152	0	0	0	0
111	0	0	786	525	858	2157	0	0	0	0
112	0	0	785	528	858	2166	0	0	0	0
113	0	0	787	529	858	2182	0	0	0	0
114	0	0	787	530	860	2199	0	0	0	0
115	0	0	786	532	860	2220	0	0	0	0
116	0	0	784	532	861	2241	0	0	0	0
117	0	0	785	534	864	2264	0	0	0	0
118	0	0	786	534	865	2286	0	0	0	0
119	0	0	785	533	867	2290	0	0	0	0
120	0	0	786	533	868	2305	0	0	0	0
121	0	0	787	532	870	2319	0	0	0	0
122	0	0	786	532	871	2332	0	0	0	0
123	0	0	785	532	871	2342	0	0	0	0
124	0	0	785	531	871	2366	0	0	0	0
125	0	0	785	532	872	2390	0	0	0	0
126	0	0	783	531	874	2400	0	0	0	0
127	0	0	782	532	874	2403	0	0	0	0
0	0	0	781	533	875	2414	0	0	0	0
1	0	0	780	533	876	2403	0	0	0	0
2	0	0	778	534	877	2413	0	0	0	0
3	0	0	777	535	878	2420	0	0	0	0
4	0	0	775	533	879	2428	0	0	0	0
5	0	0	773	534	879	2437	0	0	0	0
6	0	0	771	535	880	2444	0	0	0	0
7	0	0	771	536	879	2455	0	0	0	0
8	0	0	770	538	879	2470	0	0	0	0
9	0	0	770	538	879	2487	0	0	0	0
10	0	0	768	540	880	2499	0	0	0	0
11	0	0	767	542	879	2512	0	0	0	0
12	0	0	768	545	880	2519	0	0	0	0
13	0	0	766	549	881	2534	0	0	0	0
14	0	0	765	551	880	2539	0	0	0	0
15	0	0	764	553	880	2539	0	0	0	0
16	0	0	763	552	880	2532	0	0	0	0
17	0	0	762	556	880	2528	0	0	0	0
18	0	0	761	558	880	2539	0	0	0	0
19	0	0	759	560	879	2533	0	0	0	0
20	0	0	759	563	879	2542	0	0	0	0
21	0	0	756	565	879	2544	0	0	0	0
22	0	0	755	569	878	2550	0	0	0	0
23	0	0	753	570	878	2558	0	0	0	0
24	0	0	752	572	877	2565	0	0	0	0
25	0	0	750	574	876	2589	0	0	0	0
26	0	0	750	578	876	2602	0	0	0	0
27	0	0	748	580	876	2616	0	0	0	0
28	0	0	746	583	874	2625	0	0	0	0
29	0	0	745	586	874	2629	0	0	0	0
30	0	0	742	588	874	2637	0	0	0	0
31	0	0	743	590	873	2646	0	0	0	0
32	0	0	742	592	873	2646	0	0	0	0
33	0	0	742	595	872	2653	0	0	0	0
34	0	0	741	598	871	2654	0	0	0	0
35	0	0	741	600	869	2657	0	0	0	0
36	0	0	740	603	869	2656	0	0	0	0
37	0	0	738	605	867	2665	0	0	0	0
38	0	0	738	608	867	2664	0	0	0	0
39	0	0	737	612	866	2667	0	0	0	0
40	0	0	736	614	865	2672	0	0	0	0
41	0	0	737	617	864	2676	0	0	0	0
42	0	0	736	620	864	2678	0	0	0	0
43	0	0	736	621	862	2672	0	0	0	0
44	0	0	735	626	862	2664	0	0	0	0
45	0	0	735	629	861	2665	0	0	0	0
46	0	0	734	631	859	2667	0	0	0	0
47	0	0	734	634	858	2668	0	0	0	0
48	0	0	736	636	856	2666	0	0	0	0
49	0	0	737	638	854	2656	0	0	0	0
50	0	0	737	641	852	2651	0	0	0	0
51	0	0	738	645	851	2646	0	0	0	0
52	0	0	736	648	851	2642	0	0	0	0
53	0	0	738	648	849	2632	0	0	0	0
54	0	0	740	652	847	2624	0	0	0	0
55	0	0	742	654	844	2617	0	0	0	0
56	0	0	742	659	842	2611	0	0	0	0
57	0	0	743	660	839	2605	0	0	0	0
58	0	0	746	663	838	2595	0	0	0	0
59	0	0	746	666	835	2578	0	0	0	0
60	0	0	746	670	831	2567	0	0	0	0
61	0	0	748	673	829	2555	0	0	0	0
62	0	0	747	675	827	2534	0	0	0	0
63	0	0	749	677	825	2504	0	0	0	0
64	0	0	749	680	822	2498	0	0	0	0
65	0	0	747	684	818	2480	0	0	0	0
66	0	0	748	687	816	2459	0	0	0	0
67	0	0	749	690	812	2418	0	0	0	0
68	0	0	748	692	809	2390	0	0	0	0
69	0	0	747	696	806	2367	0	0	0	0
70	0	0	748	700	803	2321	0	0	0	0
71	0	0	749	702	800	2245	0	0	0	0
72	0	0	747	706	797	2184	0	0	0	0
73	0	0	747	707	795	2115	0	0	0	0
74	0	0	748	711	793	2038	0	0	0	0
75	0	0	748	714	790	1969	0	0	0	0
76	0	0	749	717	789	1862	0	0	0	0
77	0	0	749	719	786	1756	0	0	0	0
78	0	0	749	722	784	1669	0	0	0	0
79	0	0	749	727	783	1546	0	0	0	0
80	0	0	751	727	780	1441	0	0	0	0
81	0	0	751	732	779	1267	0	0	0	0
82	0	0	750	735	779	1085	0	0	0	0
83	0	0	750	737	779	1010	0	0	0	0
84	0	0	750	738	779	1015	0	0	0	0
85	0	0	749	741	779	961	0	0	0	0
86	0	0	747	742	781	765	0	0	0	0
87	0	0	746	746	781	712	0	0	0	0
88	0	0	746	749	782	710	0	0	0	0
89	0	0	744	751	783	650	0	0	0	0
90	0	0	741	753	785	576	0	0	0	0
91	0	0	740	754	787	512	0	0	0	0
92	0	0	740	756	790	453	0	0	0	0
93	0	0	737	758	793	424	0	0	0	0
94	0	0	736	761	795	414	0	0	0	0
95	0	0	734	762	798	371	0	0	0	0
96	0	0	734	766	801	326	0	0	0	0
97	0	0	734	769	806	309	0	0	0	0
98	0	0	734	772	809	293	0	0	0	0
99	0	0	735	775	811	300	0	0	0	0
100	0	0	735	778	815	284	0	0	0	0
101	0	0	736	780	817	299	0	0	0	0
102	0	0	737	782	820	298	0	0	0	0
103	0	0	739	785	822	308	0	0	0	0
104	0	0	742	790	825	304	0	0	0	0
105	0	0	744	794	825	264	0	0	0	0
106	0	0	747	800	829	276	0	0	0	0
107	0	0	749	806	829	259	0	0	0	0
108	0	0	751	810	831	240	0	0	0	0
109	0	0	755	815	831	235	0	0	0	0
110	0	0	756	821	833	244	0	0	0	0
111	0	0	757	826	834	164	0	0	0	0
112	0	0	758	830	835	163	0	0	0	0
113	0	0	760	835	837	161	0	0	0	0
114	0	0	761	840	838	160	0	0	0	0
115	0	0	763	845	840	146	0	0	0	0
116	0	0	764	851	839	147	0	0	0	0
117	0	0	766	856	839	129	0	0	0	0
118	0	0	769	862	840	127	0	0	0	0
119	0	0	770	867	841	120	0	0	0	0
120	0	0	770	871	840	106	0	0	0	0
121	0	0	771	875	840	99	0	0	0	0
122	0	0	773	879	841	116	0	0	0	0
123	0	0	775	882	841	101	0	0	0	0
124	0	0	775	885	839	85	0	0	0	0
125	0	0	777	889	839	99	0	0	0	0
126	0	0	776	892	839	100	0	0	0	0
127	0	0	778	895	837	104	0	0	0	0
0	0	0	777	897	835	101	0	0	0	0
1	0	0	778	901	833	105	0	0	0	0
2	0	0	776	904	833	103	0	0	0	0
3	0	0	779	906	831	98	0	0	0	0
4	0	0	779	906	828	97	0	0	0	0
5	0	0	777	907	827	81	0	0	0	0
6	0	0	774	906	826	74	0	0	0	0
7	0	0	773	907	824	54	0	0	0	0
8	0	0	772	909	822	48	0	0	0	0
9	0	0	771	911	821	61	0	0	0	0
10	0	0	770	912	820	54	0	0	0	0
11	0	0	768	913	818	57	0	0	0	0
12	0	0	766	912	817	51	0	0	0	0
13	0	0	763	912	816	24	0	0	0	0
14	0	0	761	913	815	57	0	0	0	0
15	0	0	758	914	814	60	0	0	0	0
16	0	0	757	914	813	63	0	0	0	0
17	0	0	755	916	811	66	0	0	0	0
18	0	0	754	915	810	71	0	0	0	0
19	0	0	753	915	809	69	0	0	0	0
20	0	0	750	916	807	71	0	0	0	0
21	0	0	746	914	806	73	0	0	0	0
22	0	0	743	915	806	77	0	0	0	0
23	0	0	743	912	804	75	0	0	0	0
24	0	0	741	913	802	76	0	0	0	0
25	0	0	739	913	801	85	0	0	0	0
26	0	0	736	911	798	84	0	0	0	0
27	0	0	736	909	797	79	0	0	0	0
28	0	0	736	908	796	75	0	0	0	0
29	0	0	735	908	793	77	0	0	0	0
30	0	0	733	904	792	74	0	0	0	0
31	0	0	733	904	790	73	0	0	0	0
32	0	0	733	901	789	64	0	0	0	0
33	0	0	735	899	787	66	0	0	0	0
34	0	0	736	895	786	68	0	0	0	0
35	0	0	739	891	785	68	0	0	0	0
36	0	0	740	890	784	69	0	0	0	0
37	0	0	743	889	782	72	0	0	0	0
38	0	0	744	888	780	77	0	0	0	0
39	0	0	748	881	779	76	0	0	0	0
40	0	0	750	878	778	81	0	0	0	0
41	0	0	752	878	779	81	0	0	0	0
42	0	0	757	873	778	85	0	0	0	0
43	0	0	757	872	776	81	0	0	0	0
44	0	0	761	873	777	82	0	0	0	0
45	0	0	763	869	777	85	0	0	0	0
46	0	0	764	866	775	86	0	0	0	0
47	0	0	766	863	775	77	0	0	0	0
48	0	0	767	863	775	71	0	0	0	0
49	0	0	770	862	774	71	0	0	0	0
50	0	0	774	861	773	67	0	0	0	0
51	0	0	777	862	772	65	0	0	0	0
52	0	0	779	861	773	62	0	0	0	0
53	0	0	779	858	771	61	0	0	0	0
54	0	0	781	855	771	62	0	0	0	0
55	0	0	782	855	771	63	0	0	0	0
56	0	0	785	852	771	63	0	0	0	0
57	0	0	786	848	771	66	0	0	0	0
58	0	0	786	846	771	69	0	0	0	0
59	0	0	788	844	770	69	0	0	0	0
60	0	0	788	840	770	65	0	0	0	0
61	0	0	789	838	770	67	0	0	0	0
62	0	0	790	835	768	74	0	0	0	0
63	0	0	792	832	768	72	0	0	0	0
64	0	0	794	830	767	71	0	0	0	0
65	0	0	795	827	767	74	0	0	0	0
66	0	0	797	824	765	71	0	0	0	0
67	0	0	796	822	764	64	0	0	0	0
68	0	0	796	818	763	51	0	0	0	0
69	0	0	797	816	762	60	0	0	0	0
70	0	0	798	814	763	58	0	0	0	0
71	0	0	801	810	762	57	0	0	0	0
72	0	0	800	806	762	53	0	0	0	0
73	0	0	799	803	762	54	0	0	0	0
74	0	0	802	798	761	56	0	0	0	0
75	0	0	802	796	761	38	0	0	0	0
76	0	0	803	791	760	49	0	0	0	0
77	0	0	804	790	761	55	0	0	0	0
78	0	0	805	785	758	60	0	0	0	0
79	0	0	803	783	758	59	0	0	0	0
80	0	0	803	779	758	56	0	0	0	0
81	0	0	803	775	757	59	0	0	0	0
82	0	0	803	772	757	61	0	0	0	0
83	0	0	801	771	757	46	0	0	0	0
84	0	0	803	765	756	59	0	0	0	0
85	0	0	801	764	757	62	0	0	0	0
86	0	0	802	761	756	60	0	0	0	0
87	0	0	803	758	757	54	0	0	0	0
88	0	0	804	756	757	50	0	0	0	0
89	0	0	803	754	757	51	0	0	0	0
90	0	0	804	753	757	48	0	0	0	0
91	0	0	803	752	757	45	0	0	0	0
92	0	0	804	751	757	37	0	0	0	0
93	0	0	805	750	756	26	0	0	0	0
94	0	0	804	750	757	30	0	0	0	0
95	0	0	804	750	758	47	0	0	0	0
96	0	0	805	749	757	51	0	0	0	0
97	0	0	805	747	758	56	0	0	0	0
98	0	0	803	748	759	60	0	0	0	0
99	0	0	805	747	758	62	0	0	0	0
100	0	0	803	746	759	62	0	0	0	0
101	0	0	801	745	760	64	0	0	0	0
102	0	0	800	744	761	67	0	0	0	0
103	0	0	801	742	763	66	0	0	0	0
104	0	0	800	741	764	65	0	0	0	0
105	0	0	800	740	764	72	0	0	0	0
106	0	0	800	739	765	69	0	0	0	0
107	0	0	800	738	766	63	0	0	0	0
108	0	0	799	737	767	57	0	0	0	0
109	0	0	798	736	767	56	0	0	0	0
110	0	0	798	737	768	56	0	0	0	0
111	0	0	798	735	769	53	0	0	0	0
112	0	0	796	735	771	47	0	0	0	0
113	0	0	796	733	771	49	0	0	0	0
114	0	0	797	733	772	52	0	0	0	0
115	0	0	796	732	772	52	0	0	0	0
116	0	0	796	733	771	54	0	0	0	0
117	0	0	796	733	774	56	0	0	0	0
118	0	0	795	734	775	54	0	0	0	0
119	0	0	795	735	776	48	0	0	0	0
120	0	0	796	736	777	61	0	0	0	0
121	0	0	796	734	779	52	0	0	0	0
122	0	0	796	735	779	59	0	0	0	0
123	0	0	794	736	780	58	0	0	0	0
124	0	0	795	737	778	59	0	0	0	0
125	0	0	793	739	781	62	0	0	0	0
126	0	0	792	739	782	62	0	0	0	0
127	0	0	790	741	781	56	0	0	0	0
0	0	0	790	741	782	53	0	0	0	0
1	0	0	789	742	782	49	0	0	0	0
2	0	0	788	743	782	48	0	0	0	0
3	0	0	788	744	782	28	0	0	0	0
4	0	0	787	745	781	31	0	0	0	0
5	0	0	787	746	781	34	0	0	0	0
6	0	0	787	747	780	29	0	0	0	0
7	0	0	786	748	779	42	0	0	0	0
8	0	0	785	748	780	44	0	0	0	0
9	0	0	786	750	779	54	0	0	0	0
10	0	0	785	749	778	60	0	0	0	0
11	0	0	785	751	776	59	0	0	0	0
12	0	0	785	752	775	61	0	0	0	0
13	0	0	783	752	774	58	0	0	0	0
14	0	0	783	753	774	61	0	0	0	0
15	0	0	783	753	773	49	0	0	0	0
16	0	0	782	755	772	59	0	0	0	0
17	0	0	782	756	771	57	0	0	0	0
18	0	0	781	756	770	70	0	0	0	0
19	0	0	782	757	769	65	0	0	0	0
20	0	0	783	757	769	57	0	0	0	0
21	0	0	784	758	768	54	0	0	0	0
22	0	0	785	760	767	55	0	0	0	0
23	0	0	785	761	767	50	0	0	0	0
24	0	0	786	760	765	45	0	0	0	0
25	0	0	788	762	765	49	0	0	0	0
26	0	0	788	762	764	47	0	0	0	0
27	0	0	789	764	763	46	0	0	0	0
28	0	0	791	765	762	36	0	0	0	0
29	0	0	792	766	761	57	0	0	0	0
30	0	0	793	766	761	59	0	0	0	0
31	0	0	794	768	760	51	0	0	0	0
32	0	0	794	770	760	69	0	0	0	0
33	0	0	794	769	759	72	0	0	0	0
34	0	0	795	770	759	76	0	0	0	0
35	0	0	796	770	759	74	0	0	0	0
36	0	0	797	771	759	74	0	0	0	0
37	0	0	797	773	760	79	0	0	0	0
38	0	0	799	774	759	79	0	0	0	0
39	0	0	798	773	758	72	0	0	0	0
40	0	0	799	774	759	66	0	0	0	0
41	0	0	800	775	759	63	0	0	0	0
42	0	0	801	777	758	50	0	0	0	0
43	0	0	801	777	757	49	0	0	0	0
44	0	0	801	777	756	43	0	0	0	0
45	0	0	802	778	756	47	0	0	0	0
46	0	0	803	780	758	52	0	0	0	0
47	0	0	803	782	757	56	0	0	0	0
48	0	0	803	781	757	58	0	0	0	0
49	0	0	804	781	757	64	0	0	0	0
50	0	0	806	781	757	68	0	0	0	0
51	0	0	805	783	756	64	0	0	0	0
52	0	0	806	784	757	69	0	0	0	0
53	0	0	805	784	756	71	0	0	0	0
54	0	0	805	784	757	74	0	0	0	0
55	0	0	807	785	757	62	0	0	0	0
56	0	0	809	785	756	65	0	0	0	0
57	0	0	809	786	756	72	0	0	0	0
58	0	0	807	785	757	69	0	0	0	0
59	0	0	807	785	757	67	0	0	0	0
60	0	0	808	786	757	65	0	0	0	0
61	0	0	806	786	756	62	0	0	0	0
62	0	0	807	784	757	61	0	0	0	0
63	0	0	806	785	757	56	0	0	0	0
64	0	0	806	785	757	54	0	0	0	0
65	0	0	807	785	757	56	0	0	0	0
66	0	0	808	784	758	58	0	0	0	0
67	0	0	809	783	758	59	0	0	0	0
68	0	0	806	783	759	58	0	0	0	0
69	0	0	807	783	760	54	0	0	0	0
70	0	0	807	783	759	62	0	0	0	0
71	0	0	806	782	759	61	0	0	0	0
72	0	0	808	783	760	61	0	0	0	0
73	0	0	806	782	760	59	0	0	0	0
74	0	0	806	783	760	64	0	0	0	0
75	0	0	807	783	760	67	0	0	0	0
76	0	0	807	782	761	68	0	0	0	0
77	0	0	807	781	761	71	0	0	0	0
78	0	0	806	781	761	71	0	0	0	0
79	0	0	806	781	761	63	0	0	0	0
80	0	0	807	780	761	59	0	0	0	0
81	0	0	807	780	762	55	0	0	0	0
82	0	0	806	779	761	51	0	0	0	0
83	0	0	805	779	762	50	0	0	0	0
84	0	0	805	779	762	47	0	0	0	0
85	0	0	805	780	763	47	0	0	0	0
86	0	0	806	780	764	50	0	0	0	0
87	0	0	808	780	764	50	0	0	0	0
88	0	0	806	779	765	50	0	0	0	0
89	0	0	806	780	764	54	0	0	0	0
90	0	0	805	780	764	57	0	0	0	0
91	0	0	804	780	764	57	0	0	0	0
92	0	0	803	780	764	59	0	0	0	0
93	0	0	802	781	765	59	0	0	0	0
94	0	0	800	780	766	60	0	0	0	0
95	0	0	798	781	767	57	0	0	0	0
96	0	0	797	781	767	59	0	0	0	0
97	0	0	797	782	767	62	0	0	0	0
98	0	0	797	783	767	61	0	0	0	0
99	0	0	796	782	768	56	0	0	0	0
100	0	0	796	783	768	51	0	0	0	0
101	0	0	794	781	770	52	0	0	0	0
102	0	0	792	782	772	48	0	0	0	0
103	0	0	792	783	772	46	0	0	0	0
104	0	0	792	783	773	43	0	0	0	0
105	0	0	790	783	773	44	0	0	0	0
106	0	0	790	783	775	46	0	0	0	0
107	0	0	790	783	776	48	0	0	0	0
108	0	0	789	783	776	50	0	0	0	0
109	0	0	788	783	777	51	0	0	0	0
110	0	0	786	783	778	57	0	0	0	0
111	0	0	787	782	778	57	0	0	0	0
112	0	0	785	783	780	58	0	0	0	0
113	0	0	785	782	782	59	0	0	0	0
114	0	0	784	783	783	62	0	0	0	0
115	0	0	783	782	784	59	0	0	0	0
116	0	0	783	782	785	58	0	0	0	0
117	0	0	781	782	786	64	0	0	0	0
118	0	0	779	782	787	62	0	0	0	0
119	0	0	780	782	789	55	0	0	0	0
120	0	0	779	781	790	51	0	0	0	0
121	0	0	778	782	791	50	0	0	0	0
122	0	0	777	782	792	47	0	0	0	0
123	0	0	778	781	793	44	0	0	0	0
124	0	0	778	782	793	40	0	0	0	0
125	0	0	776	783	795	44	0	0	0	0
126	0	0	777	782	795	43	0	0	0	0
127	0	0	775	783	795	43	0	0	0	0
0	0	0	776	783	796	19	0	0	0	0
1	0	0	777	784	797	0	0	0	0	0
2	0	0	776	784	797	1	0	0	0	0
3	0	0	777	785	797	0	0	0	0	0
4	0	0	777	786	798	7	0	0	0	0
5	0	0	777	786	799	13	0	0	0	0
6	0	0	778	787	798	0	0	0	0	0
7	0	0	779	789	798	0	0	0	0	0
8	0	0	779	789	799	0	0	0	0	0
9	0	0	779	790	800	0	0	0	0	0
10	0	0	779	791	800	7	0	0	0	0
11	0	0	780	792	800	604	0	0	0	0
12	0	0	781	794	801	761	0	0	0	0
13	0	0	781	795	803	1087	0	0	0	0
14	0	0	780	796	805	1218	0	0	0	0
15	0	0	780	799	808	1435	0	0	0	0
16	0	0	778	799	811	1695	0	0	0	0
17	0	0	774	799	814	1775	0	0	0	0
18	0	0	769	802	818	1824	0	0	0	0
19	0	0	763	802	816	1827	0	0	0	0
20	0	0	762	805	815	1824	0	0	0	0
21	0	0	765	807	811	1787	0	0	0	0
22	0	0	769	809	807	1727	0	0	0	0
23	0	0	772	813	804	1638	0	0	0	0
24	0	0	773	815	802	1604	0	0	0	0
25	0	0	772	814	803	1573	0	0	0	0
26	0	0	772	814	806	1569	0	0	0	0
27	0	0	769	810	810	1563	0	0	0	0
28	0	0	767	807	813	1532	0	0	0	0
29	0	0	766	802	816	1513	0	0	0	0
30	0	0	767	798	818	1472	0	0	0	0
31	0	0	766	793	820	1462	0	0	0	0
32	0	0	765	790	825	1380	0	0	0	0
33	0	0	767	790	830	1316	0	0	0	0
34	0	0	770	791	838	1240	0	0	0	0
35	0	0	771	795	854	1224	0	0	0	0
36	0	0	758	801	877	1201	0	0	0	0
37	0	0	729	805	901	1069	0	0	0	0
38	0	0	686	805	924	1015	0	0	0	0
39	0	0	616	801	943	1074	0	0	0	0
40	0	0	531	791	954	1041	0	0	0	0
41	0	0	441	773	962	947	0	0	0	0
42	0	0	358	747	963	856	0	0	0	0
43	0	0	299	712	953	785	0	0	0	0
44	0	0	274	672	943	799	0	0	0	0
45	0	0	290	638	939	785	0	0	0	0
46	0	0	348	614	947	843	0	0	0	0
47	0	0	443	599	969	835	0	0	0	0
48	0	0	547	594	1002	867	0	0	0	0
49	0	0	623	598	1039	853	0	0	0	0
50	0	0	666	617	1075	829	0	0	0	0
51	0	0	680	641	1108	840	0	0	0	0
52	0	0	673	665	1130	834	0	0	0	0
53	0	0	651	689	1142	835	0	0	0	0
54	0	0	619	703	1152	844	0	0	0	0
55	0	0	581	703	1158	863	0	0	0	0
56	0	0	551	692	1158	882	0	0	0	0
57	0	0	539	681	1156	910	0	0	0	0
58	0	0	551	674	1161	1017	0	0	0	0
59	0	0	566	667	1161	1077	0	0	0	0
60	0	0	585	659	1159	1219	0	0	0	0
61	0	0	609	646	1149	1379	0	0	0	0
62	0	0	633	628	1134	1502	0	0	0	0
63	0	0	671	601	1107	1600	0	0	0	0
64	0	0	732	567	1079	1710	0	0	0	0
65	0	0	798	525	1049	1786	0	0	0	0
66	0	0	862	473	1007	1857	0	0	0	0
67	0	0	933	413	957	1923	0	0	0	0
68	0	0	1003	354	914	1976	0	0	0	0
69	0	0	1027	307	868	2024	0	0	0	0
70	0	0	1025	269	808	2069	0	0	0	0
71	0	0	1038	218	756	2141	0	0	0	0
72	0	0	1040	153	715	2189	0	0	0	0
73	0	0	1033	103	678	2230	0	0	0	0
74	0	0	1030	73	644	2268	0	0	0	0
75	0	0	1043	54	613	2282	0	0	0	0
76	0	0	1058	43	586	2323	0	0	0	0
77	0	0	1101	36	560	2335	0	0	0	0
78	0	0	1120	34	535	2353	0	0	0	0
79	0	0	1124	31	530	2376	0	0	0	0
80	0	0	1124	28	533	2383	0	0	0	0
81	0	0	1096	30	538	2402	0	0	0	0
82	0	0	1057	40	550	2428	0	0	0	0
83	0	0	1028	65	568	2445	0	0	0	0
84	0	0	996	100	586	2480	0	0	0	0
85	0	0	960	139	606	2491	0	0	0	0
86	0	0	925	169	631	2484	0	0	0	0
87	0	0	886	189	658	2480	0	0	0	0
88	0	0	843	203	689	2492	0	0	0	0
89	0	0	796	210	714	2498	0	0	0	0
90	0	0	752	215	736	2498	0	0	0	0
91	0	0	723	222	758	2501	0	0	0	0
92	0	0	710	227	776	2507	0	0	0	0
93	0	0	701	233	788	2507	0	0	0	0
94	0	0	698	238	798	2520	0	0	0	0
95	0	0	700	241	801	2523	0	0	0	0
96	0	0	702	239	802	2526	0	0	0	0
97	0	0	705	234	801	2526	0	0	0	0
98	0	0	710	225	800	2528	0	0	0	0
99	0	0	716	208	800	2528	0	0	0	0
100	0	0	724	187	801	2526	0	0	0	0
101	0	0	739	166	806	2521	0	0	0	0
102	0	0	756	139	811	2522	0	0	0	0
103	0	0	770	112	818	2518	0	0	0	0
104	0	0	796	90	826	2515	0	0	0	0
105	0	0	821	75	833	2510	0	0	0	0
106	0	0	841	70	841	2520	0	0	0	0
107	0	0	855	73	845	2517	0	0	0	0
108	0	0	868	84	847	2522	0	0	0	0
109	0	0	875	100	847	2529	0	0	0	0
110	0	0	877	116	845	2533	0	0	0	0
111	0	0	879	136	844	2537	0	0	0	0
112	0	0	878	160	840	2540	0	0	0	0
113	0	0	879	186	838	2545	0	0	0	0
114	0	0	884	213	834	2551	0	0	0	0
115	0	0	892	243	833	2554	0	0	0	0
116	0	0	902	269	833	2555	0	0	0	0
117	0	0	915	293	833	2561	0	0	0	0
118	0	0	931	316	832	2566	0	0	0	0
119	0	0	944	336	835	2572	0	0	0	0
120	0	0	956	356	838	2575	0	0	0	0
121	0	0	961	373	841	2572	0	0	0	0
122	0	0	964	389	843	2572	0	0	0	0
123	0	0	963	401	844	2572	0	0	0	0
124	0	0	962	413	845	2575	0	0	0	0
125	0	0	956	425	845	2576	0	0	0	0
126	0	0	951	433	845	2574	0	0	0	0
127	0	0	945	441	842	2575	0	0	0	0
0	0	0	940	447	841	2571	0	0	0	0
1	0	0	934	452	840	2572	0	0	0	0
2	0	0	927	455	839	2571	0	0	0	0
3	0	0	922	464	837	2565	0	0	0	0
4	0	0	914	470	835	2558	0	0	0	0
5	0	0	904	477	833	2555	0	0	0	0
6	0	0	897	480	832	2556	0	0	0	0
7	0	0	889	483	834	2556	0	0	0	0
8	0	0	881	489	833	2562	0	0	0	0
9	0	0	875	495	835	2564	0	0	0	0
10	0	0	868	504	834	2564	0	0	0	0
11	0	0	862	508	835	2564	0	0	0	0
12	0	0	858	517	835	2567	0	0	0	0
13	0	0	856	525	835	2565	0	0	0	0
14	0	0	853	533	835	2564	0	0	0	0
15	0	0	853	540	835	2564	0	0	0	0
16	0	0	853	548	833	2565	0	0	0	0
17	0	0	852	555	832	2561	0	0	0	0
18	0	0	855	561	833	2555	0	0	0	0
19	0	0	859	566	832	2553	0	0	0	0
20	0	0	862	572	833	2548	0	0	0	0
21	0	0	866	577	835	2546	0	0	0	0
22	0	0	867	582	836	2539	0	0	0	0
23	0	0	870	585	836	2531	0	0	0	0
24	0	0	872	588	837	2529	0	0	0	0
25	0	0	872	591	837	2527	0	0	0	0
26	0	0	872	595	837	2522	0	0	0	0
27	0	0	872	599	836	2518	0	0	0	0
28	0	0	871	601	839	2514	0	0	0	0
29	0	0	869	604	840	2513	0	0	0	0
30	0	0	867	609	840	2510	0	0	0	0
31	0	0	864	611	842	2506	0	0	0	0
32	0	0	860	613	842	2497	0	0	0	0
33	0	0	855	616	842	2491	0	0	0	0
34	0	0	851	618	844	2492	0	0	0	0
35	0	0	846	619	844	2487	0	0	0	0
36	0	0	842	620	842	2484	0	0	0	0
37	0	0	839	620	841	2476	0	0	0	0
38	0	0	834	619	840	2472	0	0	0	0
39	0	0	830	619	838	2461	0	0	0	0
40	0	0	827	616	836	2456	0	0	0	0
41	0	0	824	617	834	2450	0	0	0	0
42	0	0	822	614	832	2445	0	0	0	0
43	0	0	820	614	829	2440	0	0	0	0
44	0	0	820	610	826	2435	0	0	0	0
45	0	0	817	609	823	2430	0	0	0	0
46	0	0	816	605	821	2425	0	0	0	0
47	0	0	815	602	818	2418	0	0	0	0
48	0	0	812	601	815	2415	0	0	0	0
49	0	0	811	599	812	2403	0	0	0	0
50	0	0	805	599	812	2389	0	0	0	0
51	0	0	803	597	808	2383	0	0	0	0
52	0	0	800	597	808	2373	0	0	0	0
53	0	0	797	596	806	2365	0	0	0	0
54	0	0	794	595	808	2361	0	0	0	0
55	0	0	791	596	809	2357	0	0	0	0
56	0	0	788	594	810	2354	0	0	0	0
57	0	0	783	591	813	2349	0	0	0	0
58	0	0	782	591	815	2340	0	0	0	0
59	0	0	780	589	816	2329	0	0	0	0
60	0	0	777	588	819	2320	0	0	0	0
61	0	0	774	587	821	2311	0	0	0	0
62	0	0	769	586	822	2294	0	0	0	0
63	0	0	765	584	825	2279	0	0	0	0
64	0	0	761	583	827	2271	0	0	0	0
65	0	0	756	580	829	2267	0	0	0	0
66	0	0	754	577	830	2264	0	0	0	0
67	0	0	751	573	831	2253	0	0	0	0
68	0	0	749	568	831	2235	0	0	0	0
69	0	0	747	562	832	2228	0	0	0	0
70	0	0	745	559	832	2213	0	0	0	0
71	0	0	745	555	832	2201	0	0	0	0
72	0	0	745	550	832	2195	0	0	0	0
73	0	0	746	546	831	2192	0	0	0	0
74	0	0	746	543	830	2192	0	0	0	0
75	0	0	747	541	830	2188	0	0	0	0
76	0	0	748	539	830	2186	0	0	0	0
77	0	0	750	535	830	2184	0	0	0	0
78	0	0	751	533	829	2181	0	0	0	0
79	0	0	754	529	828	2176	0	0	0	0
80	0	0	755	527	827	2164	0	0	0	0
81	0	0	755	525	827	2157	0	0	0	0
82	0	0	757	522	828	2152	0	0	0	0
83	0	0	758	520	828	2147	0	0	0	0
84	0	0	759	518	827	2135	0	0	0	0
85	0	0	760	517	827	2126	0	0	0	0
86	0	0	760	515	827	2118	0	0	0	0
87	0	0	758	514	828	2111	0	0	0	0
88	0	0	758	512	826	2102	0	0	0	0
89	0	0	759	512	827	2095	0	0	0	0
90	0	0	759	512	827	2069	0	0	0	0
91	0	0	759	512	826	2060	0	0	0	0
92	0	0	761	512	826	2056	0	0	0	0
93	0	0	760	513	826	2046	0	0	0	0
94	0	0	761	515	828	2038	0	0	0	0
95	0	0	762	515	826	2033	0	0	0	0
96	0	0	763	517	826	2025	0	0	0	0
97	0	0	764	519	825	2021	0	0	0	0
98	0	0	765	520	825	2010	0	0	0	0
99	0	0	765	523	825	2002	0	0	0	0
100	0	0	766	525	825	1996	0	0	0	0
101	0	0	766	528	825	1993	0	0	0	0
102	0	0	766	531	825	1986	0	0	0	0
103	0	0	768	536	824	1959	0	0	0	0
104	0	0	769	537	825	1960	0	0	0	0
105	0	0	767	541	824	1956	0	0	0	0
106	0	0	768	546	825	1953	0	0	0	0
107	0	0	768	551	824	1945	0	0	0	0
108	0	0	768	555	824	1926	0	0	0	0
109	0	0	770	558	822	1928	0	0	0	0
110	0	0	772	564	822	1923	0	0	0	0
111	0	0	770	570	819	1912	0	0	0	0
112	0	0	769	574	821	1906	0	0	0	0
113	0	0	770	579	820	1896	0	0	0	0
114	0	0	771	584	822	1884	0	0	0	0
115	0	0	771	590	822	1873	0	0	0	0
116	0	0	774	594	822	1871	0	0	0	0
117	0	0	776	600	823	1857	0	0	0	0
118	0	0	778	603	821	1834	0	0	0	0
119	0	0	779	608	821	1823	0	0	0	0
120	0	0	779	612	822	1801	0	0	0	0
121	0	0	780	614	822	1791	0	0	0	0
122	0	0	782	616	822	1784	0	0	0	0
123	0	0	783	619	823	1784	0	0	0	0
124	0	0	784	622	824	1768	0	0	0	0
125	0	0	785	625	823	1741	0	0	0	0
126	0	0	787	627	824	1734	0	0	0	0
127	0	0	788	629	824	1725	0	0	0	0
0	0	0	790	633	824	1694	0	0	0	0
1	0	0	789	635	824	1678	0	0	0	0
2	0	0	791	637	823	1675	0	0	0	0
3	0	0	792	639	823	1665	0	0	0	0
4	0	0	792	640	823	1649	0	0	0	0
5	0	0	792	641	822	1634	0	0	0	0
6	0	0	793	643	821	1612	0	0	0	0
7	0	0	793	644	821	1597	0	0	0	0
8	0	0	793	644	820	1578	0	0	0	0
9	0	0	793	644	818	1566	0	0	0	0
10	0	0	794	647	818	1560	0	0	0	0
11	0	0	793	649	817	1532	0	0	0	0
12	0	0	792	648	816	1518	0	0	0	0
13	0	0	793	649	815	1501	0	0	0	0
14	0	0	793	649	813	1489	0	0	0	0
15	0	0	793	651	811	1477	0	0	0	0
16	0	0	792	652	810	1459	0	0	0	0
17	0	0	792	655	809	1448	0	0	0	0
18	0	0	793	656	808	1437	0	0	0	0
19	0	0	793	657	807	1429	0	0	0	0
20	0	0	791	658	806	1423	0	0	0	0
21	0	0	789	660	805	1416	0	0	0	0
22	0	0	789	662	804	1414	0	0	0	0
23	0	0	788	665	802	1420	0	0	0	0
24	0	0	787	666	804	1413	0	0	0	0
25	0	0	786	668	802	1401	0	0	0	0
26	0	0	788	671	803	1389	0	0	0	0
27	0	0	787	671	802	1373	0	0	0	0
28	0	0	787	678	802	1365	0	0	0	0
29	0	0	786	677	802	1359	0	0	0	0
30	0	0	786	681	802	1364	0	0	0	0
31	0	0	787	682	802	1357	0	0	0	0
32	0	0	787	684	802	1345	0	0	0	0
33	0	0	788	686	802	1341	0	0	0	0
34	0	0	790	688	802	1332	0	0	0	0
35	0	0	790	690	801	1341	0	0	0	0
36	0	0	791	692	803	1342	0	0	0	0
37	0	0	790	693	803	1359	0	0	0	0
38	0	0	792	694	803	1337	0	0	0	0
39	0	0	793	697	802	1327	0	0	0	0
40	0	0	793	699	803	1325	0	0	0	0
41	0	0	791	701	804	1320	0	0	0	0
42	0	0	793	703	803	1322	0	0	0	0
43	0	0	793	705	804	1323	0	0	0	0
44	0	0	793	707	804	1320	0	0	0	0
45	0	0	794	707	805	1310	0	0	0	0
46	0	0	793	709	804	1319	0	0	0	0
47	0	0	797	711	805	1331	0	0	0	0
48	0	0	796	712	805	1316	0	0	0	0
49	0	0	796	713	805	1316	0	0	0	0
50	0	0	797	715	805	1320	0	0	0	0
51	0	0	797	716	805	1308	0	0	0	0
52	0	0	798	718	806	1290	0	0	0	0
53	0	0	799	719	806	1284	0	0	0	0
54	0	0	798	719	806	1280	0	0	0	0
55	0	0	800	720	806	1274	0	0	0	0
56	0	0	801	721	806	1269	0	0	0	0
57	0	0	802	721	805	1271	0	0	0	0
58	0	0	802	722	805	1268	0	0	0	0
59	0	0	801	723	806	1252	0	0	0	0
60	0	0	801	723	805	1246	0	0	0	0
61	0	0	800	724	806	1249	0	0	0	0
62	0	0	801	724	805	1255	0	0	0	0
63	0	0	800	725	805	1248	0	0	0	0
64	0	0	799	724	804	1248	0	0	0	0
65	0	0	799	727	804	1249	0	0	0	0
66	0	0	799	725	803	1256	0	0	0	0
67	0	0	799	725	802	1255	0	0	0	0
68	0	0	797	726	802	1257	0	0	0	0
69	0	0	799	728	803	1267	0	0	0	0
70	0	0	797	728	802	1271	0	0	0	0
71	0	0	793	725	801	1273	0	0	0	0
72	0	0	794	728	801	1279	0	0	0	0
73	0	0	795	730	800	1281	0	0	0	0
74	0	0	795	731	801	1278	0	0	0	0
75	0	0	795	731	801	1295	0	0	0	0
76	0	0	796	733	800	1284	0	0	0	0
77	0	0	794	734	800	1290	0	0	0	0
78	0	0	794	735	800	1301	0	0	0	0
79	0	0	794	736	800	1303	0	0	0	0
80	0	0	792	736	799	1295	0	0	0	0
81	0	0	792	738	799	1286	0	0	0	0
82	0	0	793	739	798	1292	0	0	0	0
83	0	0	791	739	798	1291	0	0	0	0
84	0	0	790	739	797	1296	0	0	0	0
85	0	0	790	741	798	1312	0	0	0	0
86	0	0	789	741	798	1320	0	0	0	0
87	0	0	788	741	796	1323	0	0	0	0
88	0	0	788	742	796	1324	0	0	0	0
89	0	0	789	742	797	1314	0	0	0	0
90	0	0	788	742	795	1308	0	0	0	0
91	0	0	788	743	796	1309	0	0	0	0
92	0	0	787	741	796	1305	0	0	0	0
93	0	0	788	742	795	1302	0	0	0	0
94	0	0	786	741	796	1315	0	0	0	0
95	0	0	785	741	797	1317	0	0	0	0
96	0	0	787	740	797	1308	0	0	0	0
97	0	0	787	741	796	1310	0	0	0	0
98	0	0	788	740	797	1306	0	0	0	0
99	0	0	787	739	797	1307	0	0	0	0
100	0	0	786	738	798	1306	0	0	0	0
101	0	0	787	738	798	1296	0	0	0	0
102	0	0	786	737	798	1297	0	0	0	0
103	0	0	786	736	798	1296	0	0	0	0
104	0	0	786	734	799	1295	0	0	0	0
105	0	0	787	734	799	1298	0	0	0	0
106	0	0	786	734	799	1299	0	0	0	0
107	0	0	786	732	799	1301	0	0	0	0
108	0	0	787	731	799	1304	0	0	0	0
109	0	0	786	729	800	1304	0	0	0	0
110	0	0	786	729	801	1306	0	0	0	0
111	0	0	786	727	801	1307	0	0	0	0
112	0	0	786	726	802	1308	0	0	0	0
113	0	0	786	724	803	1308	0	0	0	0
114	0	0	786	722	804	1306	0	0	0	0
115	0	0	786	721	804	1303	0	0	0	0
116	0	0	786	722	805	1302	0	0	0	0
117	0	0	787	721	805	1308	0	0	0	0
118	0	0	787	719	806	1310	0	0	0	0
119	0	0	785	719	806	1306	0	0	0	0
120	0	0	785	718	807	1304	0	0	0	0
121	0	0	787	717	806	1306	0	0	0	0
122	0	0	785	716	808	1315	0	0	0	0
123	0	0	786	714	807	1315	0	0	0	0
124	0	0	786	713	808	1320	0	0	0	0
125	0	0	787	712	808	1328	0	0	0	0
126	0	0	786	710	808	1337	0	0	0	0
127	0	0	786	709	809	1338	0	0	0	0
0	0	0	787	708	809	1344	0	0	0	0
1	0	0	787	707	810	1346	0	0	0	0
2	0	0	786	704	810	1355	0	0	0	0
3	0	0	786	702	811	1359	0	0	0	0
4	0	0	784	701	811	1360	0	0	0	0
5	0	0	785	699	811	1369	0	0	0	0
6	0	0	783	697	812	1373	0	0	0	0
7	0	0	783	696	812	1369	0	0	0	0
8	0	0	783	693	812	1370	0	0	0	0
9	0	0	781	692	814	1375	0	0	0	0
10	0	0	780	690	814	1380	0	0	0	0
11	0	0	778	688	814	1385	0	0	0	0
12	0	0	779	687	815	1382	0	0	0	0
13	0	0	778	684	814	1384	0	0	0	0
14	0	0	777	681	816	1387	0	0	0	0
15	0	0	776	679	817	1389	0	0	0	0
16	0	0	776	676	818	1397	0	0	0	0
17	0	0	776	674	818	1398	0	0	0	0
18	0	0	776	672	820	1400	0	0	0	0
19	0	0	776	671	820	1402	0	0	0	0
20	0	0	775	668	822	1405	0	0	0	0
21	0	0	774	666	821	1407	0	0	0	0
22	0	0	774	662	822	1411	0	0	0	0
23	0	0	775	661	823	1409	0	0	0	0
24	0	0	774	658	823	1413	0	0	0	0
25	0	0	773	656	823	1419	0	0	0	0
26	0	0	772	653	824	1426	0	0	0	0
27	0	0	771	651	824	1432	0	0	0	0
28	0	0	771	649	825	1429	0	0	0	0
29	0	0	771	647	824	1431	0	0	0	0
30	0	0	770	645	824	1430	0	0	0	0
31	0	0	771	642	825	1432	0	0	0	0
32	0	0	772	640	824	1432	0	0	0	0
33	0	0	771	637	825	1442	0	0	0	0
34	0	0	771	635	826	1443	0	0	0	0
35	0	0	771	633	826	1450	0	0	0	0
36	0	0	770	631	826	1456	0	0	0	0
37	0	0	772	630	827	1462	0	0	0	0
38	0	0	771	628	826	1467	0	0	0	0
39	0	0	771	627	827	1468	0	0	0	0
40	0	0	772	626	827	1476	0	0	0	0
41	0	0	771	624	826	1479	0	0	0	0
42	0	0	772	623	827	1480	0	0	0	0
43	0	0	771	621	827	1480	0	0	0	0
44	0	0	771	621	827	1486	0	0	0	0
45	0	0	771	619	828	1490	0	0	0	0
46	0	0	770	619	827	1487	0	0	0	0
47	0	0	770	617	828	1477	0	0	0	0
48	0	0	771	617	828	1475	0	0	0	0
49	0	0	771	616	828	1480	0	0	0	0
50	0	0	770	616	829	1483	0	0	0	0
51	0	0	770	615	829	1488	0	0	0	0
52	0	0	771	614	829	1485	0	0	0	0
53	0	0	770	614	830	1485	0	0	0	0
54	0	0	770	613	831	1491	0	0	0	0
55	0	0	771	613	830	1489	0	0	0	0
56	0	0	770	612	831	1500	0	0	0	0
57	0	0	772	612	832	1502	0	0	0	0
58	0	0	772	610	831	1504	0	0	0	0
59	0	0	772	610	832	1492	0	0	0	0
60	0	0	773	610	832	1496	0	0	0	0
61	0	0	773	609	832	1493	0	0	0	0
62	0	0	773	609	833	1494	0	0	0	0
63	0	0	773	608	833	1496	0	0	0	0
64	0	0	772	607	833	1500	0	0	0	0
65	0	0	772	607	834	1503	0	0	0	0
66	0	0	772	607	834	1502	0	0	0	0
67	0	0	772	607	835	1501	0	0	0	0
68	0	0	772	605	835	1500	0	0	0	0
69	0	0	770	606	836	1502	0	0	0	0
70	0	0	771	604	837	1512	0	0	0	0
71	0	0	772	603	837	1503	0	0	0	0
72	0	0	772	604	837	1500	0	0	0	0
73	0	0	773	603	837	1499	0	0	0	0
74	0	0	774	602	837	1499	0	0	0	0
75	0	0	774	602	837	1500	0	0	0	0
76	0	0	774	602	837	1501	0	0	0	0
77	0	0	773	602	837	1503	0	0	0	0
78	0	0	774	602	837	1506	0	0	0	0
79	0	0	774	602	836	1508	0	0	0	0
80	0	0	776	601	836	1507	0	0	0	0
81	0	0	776	602	835	1511	0	0	0	0
82	0	0	776	602	835	1510	0	0	0	0
83	0	0	776	602	834	1515	0	0	0	0
84	0	0	776	602	831	1515	0	0	0	0
85	0	0	777	602	833	1514	0	0	0	0
86	0	0	779	602	832	1516	0	0	0	0
87	0	0	780	603	832	1521	0	0	0	0
88	0	0	780	603	831	1520	0	0	0	0
89	0	0	780	603	830	1533	0	0	0	0
90	0	0	782	605	831	1524	0	0	0	0
91	0	0	782	605	829	1525	0	0	0	0
92	0	0	783	607	829	1526	0	0	0	0
93	0	0	784	607	828	1526	0	0	0	0
94	0	0	784	608	826	1524	0	0	0	0
95	0	0	786	610	826	1522	0	0	0	0
96	0	0	786	611	826	1529	0	0	0	0
97	0	0	787	612	824	1536	0	0	0	0
98	0	0	788	614	824	1538	0	0	0	0
99	0	0	789	615	823	1541	0	0	0	0
100	0	0	789	615	823	1547	0	0	0	0
101	0	0	790	617	822	1538	0	0	0	0
102	0	0	790	617	821	1539	0	0	0	0
103	0	0	791	618	820	1539	0	0	0	0
104	0	0	790	619	819	1539	0	0	0	0
105	0	0	792	620	818	1539	0	0	0	0
106	0	0	792	620	817	1538	0	0	0	0
107	0	0	793	621	816	1540	0	0	0	0
108	0	0	793	621	814	1544	0	0	0	0
109	0	0	791	622	814	1545	0	0	0	0
110	0	0	793	623	813	1543	0	0	0	0
111	0	0	793	622	812	1544	0	0	0	0
112	0	0	794	623	812	1543	0	0	0	0
113	0	0	793	624	810	1541	0	0	0	0
114	0	0	793	624	809	1543	0	0	0	0
115	0	0	793	625	808	1544	0	0	0	0
116	0	0	792	625	807	1544	0	0	0	0
117	0	0	791	627	807	1550	0	0	0	0
118	0	0	792	626	804	1550	0	0	0	0
119	0	0	789	627	803	1547	0	0	0	0
120	0	0	790	628	803	1549	0	0	0	0
121	0	0	788	629	803	1550	0	0	0	0
122	0	0	788	629	802	1551	0	0	0	0
123	0	0	789	628	801	1548	0	0	0	0
124	0	0	788	629	800	1552	0	0	0	0
125	0	0	788	630	799	1556	0	0	0	0
126	0	0	787	631	798	1552	0	0	0	0
127	0	0	788	631	797	1547	0	0	0	0
0	0	0	786	632	797	1547	0	0	0	0
1	0	0	787	633	796	1543	0	0	0	0
2	0	0	788	633	795	1539	0	0	0	0
3	0	0	786	635	795	1539	0	0	0	0
4	0	0	786	635	794	1537	0	0	0	0
5	0	0	784	636	794	1536	0	0	0	0
6	0	0	783	636	793	1549	0	0	0	0
7	0	0	784	637	793	1556	0	0	0	0
8	0	0	784	638	793	1552	0	0	0	0
9	0	0	784	639	793	1554	0	0	0	0
10	0	0	784	641	791	1551	0	0	0	0
11	0	0	782	641	791	1552	0	0	0	0
12	0	0	783	642	791	1549	0	0	0	0
13	0	0	783	642	790	1538	0	0	0	0
14	0	0	783	644	791	1544	0	0	0	0
15	0	0	783	645	790	1541	0	0	0	0
16	0	0	781	645	790	1545	0	0	0	0
17	0	0	783	646	790	1546	0	0	0	0
18	0	0	783	647	789	1549	0	0	0	0
19	0	0	781	648	789	1549	0	0	0	0
20	0	0	781	650	789	1551	0	0	0	0
21	0	0	781	650	790	1548	0	0	0	0
22	0	0	781	650	789	1550	0	0	0	0
23	0	0	780	651	790	1551	0	0	0	0
24	0	0	780	653	790	1549	0	0	0	0
25	0	0	780	653	791	1542	0	0	0	0
26	0	0	779	653	790	1547	0	0	0	0
