# bioPlux Text File Format
# Version: 1
# StartDateTime: 2012-03-21 16:00:03
# SamplingFrequency: 1000
# SampledChannels: 1 2 3 4 5 6 7 8
# SamplingResolution: 12
# AcquiringDevice: 00:07:80:93:66:BE
# EndOfHeader
0	0	0	785	636	814	172	0	0	0	0
1	0	0	784	637	812	173	0	0	0	0
2	0	0	784	637	814	173	0	0	0	0
3	0	0	783	637	813	174	0	0	0	0
4	0	0	782	637	814	174	0	0	0	0
5	0	0	783	637	813	174	0	0	0	0
6	0	0	782	638	814	173	0	0	0	0
7	0	0	782	637	814	173	0	0	0	0
8	0	0	782	637	813	172	0	0	0	0
9	0	0	782	637	814	169	0	0	0	0
10	0	0	782	638	814	168	0	0	0	0
11	0	0	782	638	814	165	0	0	0	0
12	0	0	783	637	814	167	0	0	0	0
13	0	0	782	637	813	167	0	0	0	0
14	0	0	783	637	813	165	0	0	0	0
15	0	0	783	637	813	165	0	0	0	0
16	0	0	783	637	813	165	0	0	0	0
17	0	0	783	637	813	165	0	0	0	0
18	0	0	783	637	813	165	0	0	0	0
19	0	0	783	637	814	165	0	0	0	0
20	0	0	782	638	813	168	0	0	0	0
21	0	0	782	638	813	168	0	0	0	0
22	0	0	783	636	814	168	0	0	0	0
23	0	0	782	637	814	169	0	0	0	0
24	0	0	782	637	813	168	0	0	0	0
25	0	0	782	638	813	173	0	0	0	0
26	0	0	782	638	813	174	0	0	0	0
27	0	0	782	638	814	173	0	0	0	0
28	0	0	783	639	814	171	0	0	0	0
29	0	0	781	639	814	172	0	0	0	0
30	0	0	782	638	813	169	0	0	0	0
31	0	0	782	638	813	166	0	0	0	0
32	0	0	782	638	814	167	0	0	0	0
33	0	0	781	637	813	166	0	0	0	0
34	0	0	782	638	814	168	0	0	0	0
35	0	0	782	638	813	170	0	0	0	0
36	0	0	779	638	813	170	0	0	0	0
37	0	0	782	636	814	172	0	0	0	0
38	0	0	781	638	814	173	0	0	0	0
39	0	0	781	637	813	175	0	0	0	0
40	0	0	782	638	813	174	0	0	0	0
41	0	0	783	638	813	175	0	0	0	0
42	0	0	782	637	813	174	0	0	0	0
43	0	0	782	638	813	174	0	0	0	0
44	0	0	781	637	813	175	0	0	0	0
45	0	0	782	638	814	174	0	0	0	0
46	0	0	783	637	814	175	0	0	0	0
47	0	0	782	637	814	172	0	0	0	0
48	0	0	782	638	813	171	0	0	0	0
49	0	0	783	638	814	173	0	0	0	0
50	0	0	782	638	814	174	0	0	0	0
51	0	0	781	638	813	171	0	0	0	0
52	0	0	782	638	814	171	0	0	0	0
53	0	0	780	638	813	173	0	0	0	0
54	0	0	781	637	814	172	0	0	0	0
55	0	0	780	639	814	174	0	0	0	0
56	0	0	780	638	814	173	0	0	0	0
57	0	0	781	637	813	174	0	0	0	0
58	0	0	780	638	814	174	0	0	0	0
59	0	0	780	638	814	175	0	0	0	0
60	0	0	782	638	814	172	0	0	0	0
61	0	0	783	638	814	169	0	0	0	0
62	0	0	781	638	814	169	0	0	0	0
63	0	0	782	637	815	175	0	0	0	0
64	0	0	781	638	815	171	0	0	0	0
65	0	0	781	637	815	172	0	0	0	0
66	0	0	781	639	815	173	0	0	0	0
67	0	0	780	637	815	172	0	0	0	0
68	0	0	780	638	815	169	0	0	0	0
69	0	0	780	638	815	167	0	0	0	0
70	0	0	781	638	815	167	0	0	0	0
71	0	0	780	639	815	167	0	0	0	0
72	0	0	781	638	814	165	0	0	0	0
73	0	0	782	639	815	163	0	0	0	0
74	0	0	782	639	815	167	0	0	0	0
75	0	0	781	639	814	171	0	0	0	0
76	0	0	781	640	815	172	0	0	0	0
77	0	0	781	639	814	172	0	0	0	0
78	0	0	781	640	815	171	0	0	0	0
79	0	0	780	639	815	173	0	0	0	0
80	0	0	782	639	815	170	0	0	0	0
81	0	0	783	639	815	171	0	0	0	0
82	0	0	781	639	815	170	0	0	0	0
83	0	0	781	639	816	169	0	0	0	0
84	0	0	781	640	815	170	0	0	0	0
85	0	0	781	641	815	172	0	0	0	0
86	0	0	781	639	815	173	0	0	0	0
87	0	0	781	640	815	173	0	0	0	0
88	0	0	781	640	815	171	0	0	0	0
89	0	0	782	640	815	170	0	0	0	0
90	0	0	782	639	815	172	0	0	0	0
91	0	0	781	640	815	168	0	0	0	0
92	0	0	783	640	814	162	0	0	0	0
93	0	0	782	640	815	163	0	0	0	0
94	0	0	782	640	814	167	0	0	0	0
95	0	0	782	641	814	170	0	0	0	0
96	0	0	782	641	815	167	0	0	0	0
97	0	0	782	640	814	166	0	0	0	0
98	0	0	782	641	815	164	0	0	0	0
99	0	0	783	639	813	165	0	0	0	0
100	0	0	782	640	814	164	0	0	0	0
101	0	0	781	640	815	165	0	0	0	0
102	0	0	781	640	814	165	0	0	0	0
103	0	0	782	641	815	166	0	0	0	0
104	0	0	782	641	814	166	0	0	0	0
105	0	0	781	641	814	162	0	0	0	0
106	0	0	782	642	815	164	0	0	0	0
107	0	0	781	642	814	164	0	0	0	0
108	0	0	781	641	815	161	0	0	0	0
109	0	0	781	642	814	159	0	0	0	0
110	0	0	780	641	815	155	0	0	0	0
111	0	0	781	641	815	154	0	0	0	0
112	0	0	781	641	815	151	0	0	0	0
113	0	0	782	641	814	150	0	0	0	0
114	0	0	781	641	815	153	0	0	0	0
115	0	0	781	641	814	148	0	0	0	0
116	0	0	779	642	813	148	0	0	0	0
117	0	0	780	642	813	146	0	0	0	0
118	0	0	781	642	814	150	0	0	0	0
119	0	0	781	641	814	161	0	0	0	0
120	0	0	780	641	814	159	0	0	0	0
121	0	0	781	642	814	163	0	0	0	0
122	0	0	780	641	814	157	0	0	0	0
123	0	0	780	642	814	155	0	0	0	0
124	0	0	780	642	813	153	0	0	0	0
125	0	0	780	640	814	153	0	0	0	0
126	0	0	781	641	815	149	0	0	0	0
127	0	0	780	640	814	146	0	0	0	0
0	0	0	781	642	814	144	0	0	0	0
1	0	0	780	641	814	144	0	0	0	0
2	0	0	780	642	814	147	0	0	0	0
3	0	0	780	642	813	145	0	0	0	0
4	0	0	780	642	813	145	0	0	0	0
5	0	0	780	641	814	142	0	0	0	0
6	0	0	781	641	813	141	0	0	0	0
7	0	0	781	642	814	143	0	0	0	0
8	0	0	780	642	814	144	0	0	0	0
9	0	0	779	641	814	146	0	0	0	0
10	0	0	779	641	815	146	0	0	0	0
11	0	0	782	641	814	147	0	0	0	0
12	0	0	781	641	814	146	0	0	0	0
13	0	0	780	641	815	144	0	0	0	0
14	0	0	780	641	813	140	0	0	0	0
15	0	0	781	642	814	137	0	0	0	0
16	0	0	780	642	813	137	0	0	0	0
17	0	0	780	641	813	142	0	0	0	0
18	0	0	779	640	814	143	0	0	0	0
19	0	0	780	640	815	140	0	0	0	0
20	0	0	779	641	813	135	0	0	0	0
21	0	0	779	641	813	133	0	0	0	0
22	0	0	779	641	814	135	0	0	0	0
23	0	0	780	641	813	132	0	0	0	0
24	0	0	780	641	813	132	0	0	0	0
25	0	0	779	642	813	130	0	0	0	0
26	0	0	780	641	813	133	0	0	0	0
27	0	0	779	641	813	135	0	0	0	0
28	0	0	780	641	816	134	0	0	0	0
29	0	0	780	640	814	134	0	0	0	0
30	0	0	781	641	814	133	0	0	0	0
31	0	0	780	641	814	134	0	0	0	0
32	0	0	780	641	814	135	0	0	0	0
33	0	0	780	642	814	134	0	0	0	0
34	0	0	781	642	814	135	0	0	0	0
35	0	0	781	642	813	136	0	0	0	0
36	0	0	780	642	814	130	0	0	0	0
37	0	0	780	642	813	128	0	0	0	0
38	0	0	780	641	814	128	0	0	0	0
39	0	0	780	641	814	125	0	0	0	0
40	0	0	779	642	814	121	0	0	0	0
41	0	0	779	641	815	122	0	0	0	0
42	0	0	779	642	814	120	0	0	0	0
43	0	0	780	642	814	122	0	0	0	0
44	0	0	779	642	814	108	0	0	0	0
45	0	0	780	642	814	111	0	0	0	0
46	0	0	781	640	814	121	0	0	0	0
47	0	0	779	641	814	118	0	0	0	0
48	0	0	780	640	816	93	0	0	0	0
49	0	0	778	640	815	82	0	0	0	0
50	0	0	779	640	815	77	0	0	0	0
51	0	0	780	640	814	65	0	0	0	0
52	0	0	779	641	814	58	0	0	0	0
53	0	0	779	641	815	60	0	0	0	0
54	0	0	780	641	814	56	0	0	0	0
55	0	0	779	641	813	58	0	0	0	0
56	0	0	779	641	814	46	0	0	0	0
57	0	0	780	641	814	46	0	0	0	0
58	0	0	779	640	813	48	0	0	0	0
59	0	0	778	641	813	53	0	0	0	0
60	0	0	778	641	815	56	0	0	0	0
61	0	0	778	641	814	58	0	0	0	0
62	0	0	778	641	814	58	0	0	0	0
63	0	0	777	641	815	57	0	0	0	0
64	0	0	777	640	814	57	0	0	0	0
65	0	0	777	642	814	55	0	0	0	0
66	0	0	777	641	814	56	0	0	0	0
67	0	0	778	641	815	59	0	0	0	0
68	0	0	777	641	814	57	0	0	0	0
69	0	0	778	641	814	58	0	0	0	0
70	0	0	778	642	814	60	0	0	0	0
71	0	0	776	642	813	62	0	0	0	0
72	0	0	777	642	813	59	0	0	0	0
73	0	0	778	643	812	61	0	0	0	0
74	0	0	778	643	813	59	0	0	0	0
75	0	0	777	643	814	60	0	0	0	0
76	0	0	777	642	814	60	0	0	0	0
77	0	0	776	642	813	61	0	0	0	0
78	0	0	777	642	814	62	0	0	0	0
79	0	0	776	642	813	62	0	0	0	0
80	0	0	776	642	815	59	0	0	0	0
81	0	0	776	643	814	58	0	0	0	0
82	0	0	775	643	814	57	0	0	0	0
83	0	0	776	644	814	54	0	0	0	0
84	0	0	776	643	813	53	0	0	0	0
85	0	0	776	643	813	53	0	0	0	0
86	0	0	775	642	812	54	0	0	0	0
87	0	0	775	643	814	55	0	0	0	0
88	0	0	776	643	814	55	0	0	0	0
89	0	0	775	642	813	56	0	0	0	0
90	0	0	776	643	814	56	0	0	0	0
91	0	0	775	643	813	58	0	0	0	0
92	0	0	775	643	814	59	0	0	0	0
93	0	0	777	643	813	58	0	0	0	0
94	0	0	775	642	814	58	0	0	0	0
95	0	0	774	642	814	59	0	0	0	0
96	0	0	775	642	814	56	0	0	0	0
97	0	0	776	642	814	58	0	0	0	0
98	0	0	775	642	815	48	0	0	0	0
99	0	0	775	642	813	43	0	0	0	0
100	0	0	774	642	813	38	0	0	0	0
101	0	0	775	642	813	33	0	0	0	0
102	0	0	775	643	813	38	0	0	0	0
103	0	0	775	643	814	28	0	0	0	0
104	0	0	774	642	813	26	0	0	0	0
105	0	0	774	642	814	24	0	0	0	0
106	0	0	774	642	814	24	0	0	0	0
107	0	0	774	642	813	25	0	0	0	0
108	0	0	775	642	814	25	0	0	0	0
109	0	0	775	643	815	27	0	0	0	0
110	0	0	774	642	813	26	0	0	0	0
111	0	0	773	642	814	27	0	0	0	0
112	0	0	772	644	814	28	0	0	0	0
113	0	0	772	643	814	31	0	0	0	0
114	0	0	773	643	814	31	0	0	0	0
115	0	0	773	643	814	32	0	0	0	0
116	0	0	772	643	814	31	0	0	0	0
117	0	0	773	643	814	32	0	0	0	0
118	0	0	773	644	815	33	0	0	0	0
119	0	0	772	643	814	32	0	0	0	0
120	0	0	773	644	814	30	0	0	0	0
121	0	0	772	642	814	30	0	0	0	0
122	0	0	771	644	814	29	0	0	0	0
123	0	0	771	642	815	26	0	0	0	0
124	0	0	771	643	814	25	0	0	0	0
125	0	0	770	643	815	24	0	0	0	0
126	0	0	770	642	815	25	0	0	0	0
127	0	0	771	643	815	26	0	0	0	0
0	0	0	771	644	815	26	0	0	0	0
1	0	0	770	643	815	27	0	0	0	0
2	0	0	770	643	814	29	0	0	0	0
3	0	0	770	643	815	31	0	0	0	0
4	0	0	769	642	815	30	0	0	0	0
5	0	0	770	643	814	29	0	0	0	0
6	0	0	769	643	815	28	0	0	0	0
7	0	0	771	643	815	28	0	0	0	0
8	0	0	770	644	815	27	0	0	0	0
9	0	0	769	644	815	27	0	0	0	0
10	0	0	770	644	815	27	0	0	0	0
11	0	0	769	644	815	26	0	0	0	0
12	0	0	769	644	814	24	0	0	0	0
13	0	0	769	645	815	23	0	0	0	0
14	0	0	769	645	815	23	0	0	0	0
15	0	0	769	645	815	20	0	0	0	0
16	0	0	769	646	815	20	0	0	0	0
17	0	0	768	646	815	19	0	0	0	0
18	0	0	769	648	814	18	0	0	0	0
19	0	0	768	646	815	21	0	0	0	0
20	0	0	769	647	816	20	0	0	0	0
21	0	0	768	647	815	21	0	0	0	0
22	0	0	767	647	815	22	0	0	0	0
23	0	0	767	647	817	19	0	0	0	0
24	0	0	768	648	815	15	0	0	0	0
25	0	0	767	648	815	15	0	0	0	0
26	0	0	768	649	815	14	0	0	0	0
27	0	0	767	649	815	14	0	0	0	0
28	0	0	767	649	815	14	0	0	0	0
29	0	0	768	650	815	13	0	0	0	0
30	0	0	767	649	815	15	0	0	0	0
31	0	0	768	650	815	16	0	0	0	0
32	0	0	765	650	815	13	0	0	0	0
33	0	0	767	652	816	12	0	0	0	0
34	0	0	766	651	817	12	0	0	0	0
35	0	0	766	650	816	10	0	0	0	0
36	0	0	767	652	817	10	0	0	0	0
37	0	0	766	651	817	8	0	0	0	0
38	0	0	765	652	818	7	0	0	0	0
39	0	0	766	652	818	15	0	0	0	0
40	0	0	765	653	818	11	0	0	0	0
41	0	0	765	654	819	9	0	0	0	0
42	0	0	764	654	818	14	0	0	0	0
43	0	0	764	654	818	12	0	0	0	0
44	0	0	764	656	818	15	0	0	0	0
45	0	0	763	655	818	17	0	0	0	0
46	0	0	765	655	818	15	0	0	0	0
47	0	0	764	655	817	14	0	0	0	0
48	0	0	764	656	817	13	0	0	0	0
49	0	0	765	657	818	14	0	0	0	0
50	0	0	764	657	819	13	0	0	0	0
51	0	0	764	657	818	12	0	0	0	0
52	0	0	764	657	819	10	0	0	0	0
53	0	0	763	658	819	8	0	0	0	0
54	0	0	764	658	819	8	0	0	0	0
55	0	0	764	659	818	5	0	0	0	0
56	0	0	763	660	818	6	0	0	0	0
57	0	0	763	661	819	5	0	0	0	0
58	0	0	763	660	820	6	0	0	0	0
59	0	0	764	661	820	7	0	0	0	0
60	0	0	764	661	819	7	0	0	0	0
61	0	0	763	663	820	9	0	0	0	0
62	0	0	763	663	821	7	0	0	0	0
63	0	0	764	663	820	10	0	0	0	0
64	0	0	762	663	820	12	0	0	0	0
65	0	0	763	663	821	14	0	0	0	0
66	0	0	764	664	821	13	0	0	0	0
67	0	0	763	665	821	11	0	0	0	0
68	0	0	763	664	821	11	0	0	0	0
69	0	0	766	666	821	13	0	0	0	0
70	0	0	763	667	821	13	0	0	0	0
71	0	0	763	666	822	12	0	0	0	0
72	0	0	766	667	822	11	0	0	0	0
73	0	0	764	669	822	11	0	0	0	0
74	0	0	764	668	822	11	0	0	0	0
75	0	0	763	669	823	8	0	0	0	0
76	0	0	763	669	822	9	0	0	0	0
77	0	0	764	670	823	8	0	0	0	0
78	0	0	763	671	822	10	0	0	0	0
79	0	0	762	671	823	12	0	0	0	0
80	0	0	763	671	824	12	0	0	0	0
81	0	0	764	671	824	14	0	0	0	0
82	0	0	764	671	823	20	0	0	0	0
83	0	0	763	672	823	20	0	0	0	0
84	0	0	764	673	824	21	0	0	0	0
85	0	0	763	673	824	23	0	0	0	0
86	0	0	763	673	824	23	0	0	0	0
87	0	0	763	674	823	21	0	0	0	0
88	0	0	764	675	824	21	0	0	0	0
89	0	0	764	675	824	20	0	0	0	0
90	0	0	764	676	824	21	0	0	0	0
91	0	0	765	676	824	19	0	0	0	0
92	0	0	764	677	824	17	0	0	0	0
93	0	0	764	677	823	16	0	0	0	0
94	0	0	765	677	824	15	0	0	0	0
95	0	0	767	677	822	12	0	0	0	0
96	0	0	766	679	822	12	0	0	0	0
97	0	0	767	678	822	11	0	0	0	0
98	0	0	768	678	822	10	0	0	0	0
99	0	0	768	680	822	13	0	0	0	0
100	0	0	770	679	820	13	0	0	0	0
101	0	0	770	680	821	13	0	0	0	0
102	0	0	771	681	820	13	0	0	0	0
103	0	0	772	681	819	12	0	0	0	0
104	0	0	772	682	818	11	0	0	0	0
105	0	0	773	682	818	12	0	0	0	0
106	0	0	774	682	818	12	0	0	0	0
107	0	0	775	682	816	13	0	0	0	0
108	0	0	775	683	815	11	0	0	0	0
109	0	0	775	683	815	13	0	0	0	0
110	0	0	775	684	815	13	0	0	0	0
111	0	0	776	684	815	12	0	0	0	0
112	0	0	775	684	815	10	0	0	0	0
113	0	0	775	685	815	9	0	0	0	0
114	0	0	775	684	814	8	0	0	0	0
115	0	0	774	684	813	7	0	0	0	0
116	0	0	774	684	813	7	0	0	0	0
117	0	0	773	684	812	4	0	0	0	0
118	0	0	774	684	813	5	0	0	0	0
119	0	0	774	683	812	5	0	0	0	0
120	0	0	774	684	812	4	0	0	0	0
121	0	0	775	684	812	6	0	0	0	0
122	0	0	775	683	811	8	0	0	0	0
123	0	0	775	683	810	7	0	0	0	0
124	0	0	775	683	811	10	0	0	0	0
125	0	0	776	683	810	10	0	0	0	0
126	0	0	775	683	811	9	0	0	0	0
127	0	0	775	683	809	10	0	0	0	0
0	0	0	775	683	809	12	0	0	0	0
1	0	0	774	682	809	11	0	0	0	0
2	0	0	774	681	809	11	0	0	0	0
3	0	0	774	682	809	10	0	0	0	0
4	0	0	774	681	809	8	0	0	0	0
5	0	0	774	681	809	5	0	0	0	0
6	0	0	774	681	809	6	0	0	0	0
7	0	0	774	680	809	3	0	0	0	0
8	0	0	774	680	808	3	0	0	0	0
9	0	0	773	680	808	2	0	0	0	0
10	0	0	774	679	809	2	0	0	0	0
11	0	0	773	679	809	4	0	0	0	0
12	0	0	773	679	810	3	0	0	0	0
13	0	0	773	679	809	4	0	0	0	0
14	0	0	774	679	808	5	0	0	0	0
15	0	0	775	679	808	6	0	0	0	0
16	0	0	776	678	808	5	0	0	0	0
17	0	0	775	679	809	5	0	0	0	0
18	0	0	775	679	809	4	0	0	0	0
19	0	0	775	679	809	4	0	0	0	0
20	0	0	777	679	808	0	0	0	0	0
21	0	0	777	679	808	0	0	0	0	0
22	0	0	779	678	809	0	0	0	0	0
23	0	0	779	677	809	0	0	0	0	0
24	0	0	780	679	809	0	0	0	0	0
25	0	0	781	677	808	0	0	0	0	0
26	0	0	782	678	809	0	0	0	0	0
27	0	0	780	679	810	0	0	0	0	0
28	0	0	781	678	809	0	0	0	0	0
29	0	0	780	678	809	0	0	0	0	0
30	0	0	781	678	809	0	0	0	0	0
31	0	0	781	678	810	0	0	0	0	0
32	0	0	780	679	810	0	0	0	0	0
33	0	0	780	679	810	0	0	0	0	0
34	0	0	778	677	810	0	0	0	0	0
35	0	0	780	677	810	0	0	0	0	0
36	0	0	781	678	811	0	0	0	0	0
37	0	0	779	678	810	0	0	0	0	0
38	0	0	778	677	811	0	0	0	0	0
39	0	0	778	678	811	0	0	0	0	0
40	0	0	778	676	811	0	0	0	0	0
41	0	0	778	677	811	0	0	0	0	0
42	0	0	776	678	811	0	0	0	0	0
43	0	0	777	677	811	0	0	0	0	0
44	0	0	776	677	811	0	0	0	0	0
45	0	0	777	677	811	0	0	0	0	0
46	0	0	778	678	813	0	0	0	0	0
47	0	0	777	678	811	0	0	0	0	0
48	0	0	777	678	811	0	0	0	0	0
49	0	0	778	678	810	0	0	0	0	0
50	0	0	778	679	809	3	0	0	0	0
51	0	0	778	679	810	15	0	0	0	0
52	0	0	777	679	808	15	0	0	0	0
53	0	0	778	679	808	15	0	0	0	0
54	0	0	777	680	807	0	0	0	0	0
55	0	0	778	681	806	0	0	0	0	0
56	0	0	777	680	807	0	0	0	0	0
57	0	0	776	681	805	0	0	0	0	0
58	0	0	777	681	804	8	0	0	0	0
59	0	0	778	681	804	25	0	0	0	0
60	0	0	778	682	805	19	0	0	0	0
61	0	0	776	684	803	0	0	0	0	0
62	0	0	777	683	803	0	0	0	0	0
63	0	0	776	683	804	0	0	0	0	0
64	0	0	777	685	803	0	0	0	0	0
65	0	0	775	686	802	0	0	0	0	0
66	0	0	778	686	801	0	0	0	0	0
67	0	0	778	687	800	0	0	0	0	0
68	0	0	778	688	799	0	0	0	0	0
69	0	0	776	688	799	0	0	0	0	0
70	0	0	776	689	798	0	0	0	0	0
71	0	0	778	690	798	0	0	0	0	0
72	0	0	777	691	798	0	0	0	0	0
73	0	0	778	691	797	0	0	0	0	0
74	0	0	777	692	796	1	0	0	0	0
75	0	0	777	692	795	0	0	0	0	0
76	0	0	778	694	795	0	0	0	0	0
77	0	0	779	694	794	5	0	0	0	0
78	0	0	780	693	793	5	0	0	0	0
79	0	0	780	692	792	8	0	0	0	0
80	0	0	781	693	791	11	0	0	0	0
81	0	0	780	694	791	7	0	0	0	0
82	0	0	781	696	792	31	0	0	0	0
83	0	0	781	696	790	48	0	0	0	0
84	0	0	782	695	789	53	0	0	0	0
85	0	0	782	696	789	49	0	0	0	0
86	0	0	782	697	789	23	0	0	0	0
87	0	0	783	696	789	19	0	0	0	0
88	0	0	782	696	789	17	0	0	0	0
89	0	0	782	696	789	15	0	0	0	0
90	0	0	781	694	788	5	0	0	0	0
91	0	0	782	696	789	10	0	0	0	0
92	0	0	780	694	789	11	0	0	0	0
93	0	0	781	695	789	7	0	0	0	0
94	0	0	780	694	788	15	0	0	0	0
95	0	0	780	695	788	15	0	0	0	0
96	0	0	779	695	789	14	0	0	0	0
97	0	0	779	694	788	14	0	0	0	0
98	0	0	779	694	789	10	0	0	0	0
99	0	0	780	694	788	6	0	0	0	0
100	0	0	779	694	787	4	0	0	0	0
101	0	0	780	694	787	4	0	0	0	0
102	0	0	779	693	787	6	0	0	0	0
103	0	0	780	692	786	4	0	0	0	0
104	0	0	780	693	787	1	0	0	0	0
105	0	0	778	694	785	3	0	0	0	0
106	0	0	779	691	785	4	0	0	0	0
107	0	0	780	692	785	4	0	0	0	0
108	0	0	779	690	784	7	0	0	0	0
109	0	0	780	689	784	13	0	0	0	0
110	0	0	780	688	785	21	0	0	0	0
111	0	0	781	688	785	12	0	0	0	0
112	0	0	783	687	784	28	0	0	0	0
113	0	0	783	686	784	27	0	0	0	0
114	0	0	786	685	783	24	0	0	0	0
115	0	0	786	684	782	15	0	0	0	0
116	0	0	788	683	782	15	0	0	0	0
117	0	0	789	683	783	20	0	0	0	0
118	0	0	790	682	783	20	0	0	0	0
119	0	0	790	681	781	15	0	0	0	0
120	0	0	792	680	783	13	0	0	0	0
121	0	0	792	681	783	17	0	0	0	0
122	0	0	791	680	783	12	0	0	0	0
123	0	0	792	679	784	8	0	0	0	0
124	0	0	791	678	784	8	0	0	0	0
125	0	0	793	677	784	7	0	0	0	0
126	0	0	794	676	785	6	0	0	0	0
127	0	0	793	675	787	6	0	0	0	0
0	0	0	793	673	787	5	0	0	0	0
1	0	0	792	673	789	4	0	0	0	0
2	0	0	792	671	790	12	0	0	0	0
3	0	0	789	669	793	8	0	0	0	0
4	0	0	789	668	794	5	0	0	0	0
5	0	0	788	669	795	4	0	0	0	0
6	0	0	787	667	797	7	0	0	0	0
7	0	0	788	666	801	10	0	0	0	0
8	0	0	785	665	802	13	0	0	0	0
9	0	0	785	664	804	16	0	0	0	0
10	0	0	784	662	806	16	0	0	0	0
11	0	0	783	661	809	12	0	0	0	0
12	0	0	780	661	811	13	0	0	0	0
13	0	0	781	661	813	13	0	0	0	0
14	0	0	780	661	815	21	0	0	0	0
15	0	0	778	660	818	24	0	0	0	0
16	0	0	778	660	820	29	0	0	0	0
17	0	0	778	662	823	26	0	0	0	0
18	0	0	777	661	824	27	0	0	0	0
19	0	0	777	662	827	26	0	0	0	0
20	0	0	776	663	828	23	0	0	0	0
21	0	0	778	663	830	21	0	0	0	0
22	0	0	778	664	833	29	0	0	0	0
23	0	0	777	664	833	31	0	0	0	0
24	0	0	777	665	835	16	0	0	0	0
25	0	0	777	666	835	19	0	0	0	0
26	0	0	778	668	836	20	0	0	0	0
27	0	0	778	668	837	13	0	0	0	0
28	0	0	778	667	837	12	0	0	0	0
29	0	0	779	668	839	21	0	0	0	0
30	0	0	778	670	839	23	0	0	0	0
31	0	0	779	670	838	32	0	0	0	0
32	0	0	781	672	839	21	0	0	0	0
33	0	0	781	672	837	21	0	0	0	0
34	0	0	782	673	839	31	0	0	0	0
35	0	0	783	673	837	41	0	0	0	0
36	0	0	782	674	839	44	0	0	0	0
37	0	0	782	674	838	38	0	0	0	0
38	0	0	784	673	839	41	0	0	0	0
39	0	0	785	674	837	35	0	0	0	0
40	0	0	785	674	836	23	0	0	0	0
41	0	0	786	674	836	13	0	0	0	0
42	0	0	785	674	835	10	0	0	0	0
43	0	0	787	675	836	21	0	0	0	0
44	0	0	786	674	836	8	0	0	0	0
45	0	0	786	674	834	16	0	0	0	0
46	0	0	786	674	835	21	0	0	0	0
47	0	0	786	675	835	26	0	0	0	0
48	0	0	785	675	835	16	0	0	0	0
49	0	0	786	675	834	19	0	0	0	0
50	0	0	785	674	835	21	0	0	0	0
51	0	0	785	674	834	49	0	0	0	0
52	0	0	785	673	834	56	0	0	0	0
53	0	0	785	675	834	47	0	0	0	0
54	0	0	787	674	833	45	0	0	0	0
55	0	0	785	674	833	40	0	0	0	0
56	0	0	785	675	833	31	0	0	0	0
57	0	0	785	674	832	20	0	0	0	0
58	0	0	786	673	831	24	0	0	0	0
59	0	0	785	672	834	19	0	0	0	0
60	0	0	787	672	834	24	0	0	0	0
61	0	0	786	672	834	42	0	0	0	0
62	0	0	785	672	835	45	0	0	0	0
63	0	0	786	671	835	37	0	0	0	0
64	0	0	785	671	836	27	0	0	0	0
65	0	0	784	671	837	36	0	0	0	0
66	0	0	783	670	836	27	0	0	0	0
67	0	0	783	670	837	30	0	0	0	0
68	0	0	783	670	838	53	0	0	0	0
69	0	0	783	671	838	49	0	0	0	0
70	0	0	782	670	839	34	0	0	0	0
71	0	0	781	669	839	54	0	0	0	0
72	0	0	781	670	839	50	0	0	0	0
73	0	0	781	671	840	42	0	0	0	0
74	0	0	780	670	840	50	0	0	0	0
75	0	0	779	669	839	48	0	0	0	0
76	0	0	779	668	839	52	0	0	0	0
77	0	0	779	668	839	15	0	0	0	0
78	0	0	778	669	839	13	0	0	0	0
79	0	0	779	669	838	11	0	0	0	0
80	0	0	778	668	837	9	0	0	0	0
81	0	0	779	668	838	7	0	0	0	0
82	0	0	780	667	837	21	0	0	0	0
83	0	0	780	667	835	19	0	0	0	0
84	0	0	779	667	834	29	0	0	0	0
85	0	0	779	666	834	42	0	0	0	0
86	0	0	777	667	833	48	0	0	0	0
87	0	0	777	664	833	53	0	0	0	0
88	0	0	776	663	832	56	0	0	0	0
89	0	0	776	663	831	57	0	0	0	0
90	0	0	776	663	830	46	0	0	0	0
91	0	0	775	662	829	48	0	0	0	0
92	0	0	775	661	829	52	0	0	0	0
93	0	0	774	659	827	73	0	0	0	0
94	0	0	773	660	827	77	0	0	0	0
95	0	0	772	659	827	65	0	0	0	0
96	0	0	772	658	827	56	0	0	0	0
97	0	0	773	656	825	58	0	0	0	0
98	0	0	771	653	826	67	0	0	0	0
99	0	0	771	653	826	67	0	0	0	0
100	0	0	769	653	824	78	0	0	0	0
101	0	0	769	653	823	82	0	0	0	0
102	0	0	769	653	823	80	0	0	0	0
103	0	0	770	652	822	74	0	0	0	0
104	0	0	767	650	822	68	0	0	0	0
105	0	0	767	649	820	66	0	0	0	0
106	0	0	767	650	821	78	0	0	0	0
107	0	0	766	649	821	74	0	0	0	0
108	0	0	766	646	822	79	0	0	0	0
109	0	0	766	647	822	90	0	0	0	0
110	0	0	764	645	822	85	0	0	0	0
111	0	0	762	644	822	69	0	0	0	0
112	0	0	761	645	823	67	0	0	0	0
113	0	0	760	641	823	94	0	0	0	0
114	0	0	759	640	824	82	0	0	0	0
115	0	0	758	640	824	75	0	0	0	0
116	0	0	757	637	825	87	0	0	0	0
117	0	0	758	637	825	107	0	0	0	0
118	0	0	757	637	826	105	0	0	0	0
119	0	0	758	636	827	114	0	0	0	0
120	0	0	756	636	826	138	0	0	0	0
121	0	0	755	636	827	151	0	0	0	0
122	0	0	755	634	826	196	0	0	0	0
123	0	0	755	636	826	213	0	0	0	0
124	0	0	756	636	827	222	0	0	0	0
125	0	0	756	636	827	194	0	0	0	0
126	0	0	756	636	826	191	0	0	0	0
127	0	0	757	636	826	177	0	0	0	0
0	0	0	757	635	825	175	0	0	0	0
1	0	0	759	635	826	194	0	0	0	0
2	0	0	761	635	827	177	0	0	0	0
3	0	0	758	634	826	149	0	0	0	0
4	0	0	759	633	827	151	0	0	0	0
5	0	0	758	633	827	139	0	0	0	0
6	0	0	759	631	827	147	0	0	0	0
7	0	0	761	631	828	178	0	0	0	0
8	0	0	761	629	831	187	0	0	0	0
9	0	0	764	627	830	206	0	0	0	0
10	0	0	766	625	831	210	0	0	0	0
11	0	0	769	623	833	190	0	0	0	0
12	0	0	770	619	834	288	0	0	0	0
13	0	0	768	617	835	288	0	0	0	0
14	0	0	769	616	833	278	0	0	0	0
15	0	0	766	613	833	300	0	0	0	0
16	0	0	765	612	832	315	0	0	0	0
17	0	0	765	612	832	305	0	0	0	0
18	0	0	764	611	832	301	0	0	0	0
19	0	0	763	610	831	326	0	0	0	0
20	0	0	762	610	831	331	0	0	0	0
21	0	0	764	611	830	341	0	0	0	0
22	0	0	763	612	829	327	0	0	0	0
23	0	0	763	613	830	348	0	0	0	0
24	0	0	762	614	831	379	0	0	0	0
25	0	0	764	612	830	382	0	0	0	0
26	0	0	762	614	833	367	0	0	0	0
27	0	0	762	615	833	355	0	0	0	0
28	0	0	759	615	832	340	0	0	0	0
29	0	0	761	615	832	337	0	0	0	0
30	0	0	761	615	834	351	0	0	0	0
31	0	0	759	616	835	350	0	0	0	0
32	0	0	757	615	835	397	0	0	0	0
33	0	0	757	615	836	426	0	0	0	0
34	0	0	756	613	839	449	0	0	0	0
35	0	0	755	614	838	452	0	0	0	0
36	0	0	754	614	839	438	0	0	0	0
37	0	0	753	613	839	452	0	0	0	0
38	0	0	752	613	839	477	0	0	0	0
39	0	0	752	612	840	463	0	0	0	0
40	0	0	751	611	841	444	0	0	0	0
41	0	0	750	612	841	433	0	0	0	0
42	0	0	751	611	841	433	0	0	0	0
43	0	0	752	611	842	389	0	0	0	0
44	0	0	750	611	843	375	0	0	0	0
45	0	0	749	611	843	395	0	0	0	0
46	0	0	750	610	843	410	0	0	0	0
47	0	0	748	610	843	402	0	0	0	0
48	0	0	747	610	844	421	0	0	0	0
49	0	0	747	609	844	427	0	0	0	0
50	0	0	746	609	844	437	0	0	0	0
51	0	0	746	609	845	423	0	0	0	0
52	0	0	745	610	846	403	0	0	0	0
53	0	0	743	610	847	409	0	0	0	0
54	0	0	742	610	847	429	0	0	0	0
55	0	0	742	610	846	465	0	0	0	0
56	0	0	740	611	845	455	0	0	0	0
57	0	0	740	611	845	431	0	0	0	0
58	0	0	739	611	845	418	0	0	0	0
59	0	0	740	610	845	418	0	0	0	0
60	0	0	740	609	846	454	0	0	0	0
61	0	0	741	609	844	456	0	0	0	0
62	0	0	741	606	844	471	0	0	0	0
63	0	0	741	604	843	485	0	0	0	0
64	0	0	742	602	843	492	0	0	0	0
65	0	0	743	600	843	527	0	0	0	0
66	0	0	745	597	843	543	0	0	0	0
67	0	0	745	594	843	526	0	0	0	0
68	0	0	743	592	844	554	0	0	0	0
69	0	0	744	592	845	561	0	0	0	0
70	0	0	744	589	844	540	0	0	0	0
71	0	0	744	586	843	526	0	0	0	0
72	0	0	743	585	844	558	0	0	0	0
73	0	0	743	584	844	537	0	0	0	0
74	0	0	744	581	844	536	0	0	0	0
75	0	0	743	580	844	529	0	0	0	0
76	0	0	744	577	845	519	0	0	0	0
77	0	0	742	576	845	502	0	0	0	0
78	0	0	741	575	846	515	0	0	0	0
79	0	0	741	575	846	508	0	0	0	0
80	0	0	740	573	847	464	0	0	0	0
81	0	0	740	572	847	483	0	0	0	0
82	0	0	739	572	849	508	0	0	0	0
83	0	0	739	571	849	522	0	0	0	0
84	0	0	739	571	849	525	0	0	0	0
85	0	0	739	567	849	550	0	0	0	0
86	0	0	741	570	849	548	0	0	0	0
87	0	0	741	568	849	570	0	0	0	0
88	0	0	742	569	850	587	0	0	0	0
89	0	0	744	570	851	580	0	0	0	0
90	0	0	744	570	849	560	0	0	0	0
91	0	0	745	571	848	534	0	0	0	0
92	0	0	744	571	847	567	0	0	0	0
93	0	0	743	572	847	548	0	0	0	0
94	0	0	743	572	847	508	0	0	0	0
95	0	0	743	574	846	522	0	0	0	0
96	0	0	742	575	846	535	0	0	0	0
97	0	0	742	575	844	555	0	0	0	0
98	0	0	740	576	845	622	0	0	0	0
99	0	0	740	576	844	657	0	0	0	0
100	0	0	741	576	844	688	0	0	0	0
101	0	0	741	576	844	688	0	0	0	0
102	0	0	741	576	843	694	0	0	0	0
103	0	0	741	576	843	703	0	0	0	0
104	0	0	740	574	843	692	0	0	0	0
105	0	0	740	573	842	701	0	0	0	0
106	0	0	741	573	842	682	0	0	0	0
107	0	0	740	572	841	675	0	0	0	0
108	0	0	740	571	841	679	0	0	0	0
109	0	0	739	569	841	673	0	0	0	0
110	0	0	740	567	841	674	0	0	0	0
111	0	0	739	565	840	700	0	0	0	0
112	0	0	740	563	840	739	0	0	0	0
113	0	0	742	560	840	745	0	0	0	0
114	0	0	743	559	839	758	0	0	0	0
115	0	0	743	557	838	738	0	0	0	0
116	0	0	743	555	838	744	0	0	0	0
117	0	0	744	553	838	742	0	0	0	0
118	0	0	746	552	839	729	0	0	0	0
119	0	0	746	551	837	725	0	0	0	0
120	0	0	747	549	837	728	0	0	0	0
121	0	0	748	548	837	722	0	0	0	0
122	0	0	747	547	837	730	0	0	0	0
123	0	0	747	547	838	736	0	0	0	0
124	0	0	748	547	837	762	0	0	0	0
125	0	0	747	547	838	782	0	0	0	0
126	0	0	746	544	838	794	0	0	0	0
127	0	0	747	543	839	820	0	0	0	0
0	0	0	747	539	840	828	0	0	0	0
1	0	0	747	539	842	851	0	0	0	0
2	0	0	748	538	842	850	0	0	0	0
3	0	0	746	537	843	852	0	0	0	0
4	0	0	746	536	845	867	0	0	0	0
5	0	0	744	535	846	883	0	0	0	0
6	0	0	743	535	847	862	0	0	0	0
7	0	0	744	536	848	809	0	0	0	0
8	0	0	743	536	849	793	0	0	0	0
9	0	0	743	537	849	795	0	0	0	0
10	0	0	742	537	851	819	0	0	0	0
11	0	0	745	538	852	800	0	0	0	0
12	0	0	744	537	851	790	0	0	0	0
13	0	0	743	537	852	804	0	0	0	0
14	0	0	743	538	854	855	0	0	0	0
15	0	0	744	539	854	886	0	0	0	0
16	0	0	743	540	854	909	0	0	0	0
17	0	0	742	541	855	934	0	0	0	0
18	0	0	741	541	856	960	0	0	0	0
19	0	0	741	541	856	973	0	0	0	0
20	0	0	742	541	857	978	0	0	0	0
21	0	0	741	541	857	994	0	0	0	0
22	0	0	741	541	857	1008	0	0	0	0
23	0	0	741	540	858	1008	0	0	0	0
24	0	0	740	540	857	1024	0	0	0	0
25	0	0	741	540	857	1016	0	0	0	0
26	0	0	742	540	857	1016	0	0	0	0
27	0	0	742	540	857	1037	0	0	0	0
28	0	0	741	540	856	1052	0	0	0	0
29	0	0	741	539	856	1044	0	0	0	0
30	0	0	741	539	855	1051	0	0	0	0
31	0	0	740	538	856	1060	0	0	0	0
32	0	0	740	538	855	1060	0	0	0	0
33	0	0	740	536	856	1071	0	0	0	0
34	0	0	741	534	856	1089	0	0	0	0
35	0	0	741	533	856	1095	0	0	0	0
36	0	0	741	531	857	1128	0	0	0	0
37	0	0	741	530	857	1131	0	0	0	0
38	0	0	742	528	857	1140	0	0	0	0
39	0	0	742	526	857	1143	0	0	0	0
40	0	0	742	525	858	1142	0	0	0	0
41	0	0	740	524	858	1150	0	0	0	0
42	0	0	742	524	858	1167	0	0	0	0
43	0	0	741	523	857	1156	0	0	0	0
44	0	0	740	521	857	1173	0	0	0	0
45	0	0	738	522	858	1180	0	0	0	0
46	0	0	737	520	859	1218	0	0	0	0
47	0	0	737	521	857	1227	0	0	0	0
48	0	0	737	520	858	1226	0	0	0	0
49	0	0	737	519	857	1226	0	0	0	0
50	0	0	738	519	858	1241	0	0	0	0
51	0	0	737	519	857	1261	0	0	0	0
52	0	0	737	518	856	1255	0	0	0	0
53	0	0	737	518	856	1247	0	0	0	0
54	0	0	736	516	856	1258	0	0	0	0
55	0	0	734	517	856	1265	0	0	0	0
56	0	0	733	516	857	1268	0	0	0	0
57	0	0	731	516	857	1288	0	0	0	0
58	0	0	728	516	856	1291	0	0	0	0
59	0	0	727	516	857	1278	0	0	0	0
60	0	0	725	517	857	1262	0	0	0	0
61	0	0	724	517	859	1257	0	0	0	0
62	0	0	722	517	860	1257	0	0	0	0
63	0	0	722	517	861	1274	0	0	0	0
64	0	0	721	518	863	1286	0	0	0	0
65	0	0	719	519	865	1308	0	0	0	0
66	0	0	716	519	865	1303	0	0	0	0
67	0	0	716	519	867	1300	0	0	0	0
68	0	0	715	519	869	1298	0	0	0	0
69	0	0	715	520	870	1309	0	0	0	0
70	0	0	713	520	871	1333	0	0	0	0
71	0	0	711	521	872	1346	0	0	0	0
72	0	0	713	521	874	1357	0	0	0	0
73	0	0	712	521	877	1367	0	0	0	0
74	0	0	714	522	877	1374	0	0	0	0
75	0	0	715	521	879	1373	0	0	0	0
76	0	0	715	521	880	1386	0	0	0	0
77	0	0	714	521	881	1390	0	0	0	0
78	0	0	715	520	883	1385	0	0	0	0
79	0	0	716	520	883	1389	0	0	0	0
80	0	0	718	519	884	1405	0	0	0	0
81	0	0	720	519	884	1401	0	0	0	0
82	0	0	720	518	884	1392	0	0	0	0
83	0	0	720	519	885	1396	0	0	0	0
84	0	0	723	518	886	1406	0	0	0	0
85	0	0	724	517	885	1418	0	0	0	0
86	0	0	726	517	885	1427	0	0	0	0
87	0	0	727	516	886	1435	0	0	0	0
88	0	0	727	514	886	1434	0	0	0	0
89	0	0	728	516	886	1438	0	0	0	0
90	0	0	729	513	886	1457	0	0	0	0
91	0	0	730	513	886	1464	0	0	0	0
92	0	0	731	510	885	1468	0	0	0	0
93	0	0	730	509	886	1470	0	0	0	0
94	0	0	731	509	886	1476	0	0	0	0
95	0	0	732	508	886	1480	0	0	0	0
96	0	0	732	507	886	1490	0	0	0	0
97	0	0	731	506	886	1495	0	0	0	0
98	0	0	731	506	887	1496	0	0	0	0
99	0	0	732	506	887	1488	0	0	0	0
100	0	0	732	505	886	1501	0	0	0	0
101	0	0	731	504	886	1521	0	0	0	0
102	0	0	730	505	886	1538	0	0	0	0
103	0	0	728	503	887	1542	0	0	0	0
104	0	0	728	503	886	1542	0	0	0	0
105	0	0	728	503	886	1541	0	0	0	0
106	0	0	729	503	886	1545	0	0	0	0
107	0	0	728	503	886	1541	0	0	0	0
108	0	0	726	501	885	1546	0	0	0	0
109	0	0	725	501	885	1547	0	0	0	0
110	0	0	724	500	886	1547	0	0	0	0
111	0	0	724	500	886	1546	0	0	0	0
112	0	0	724	500	885	1562	0	0	0	0
113	0	0	725	500	885	1575	0	0	0	0
114	0	0	724	499	885	1594	0	0	0	0
115	0	0	723	499	886	1595	0	0	0	0
116	0	0	723	500	886	1598	0	0	0	0
117	0	0	724	499	886	1607	0	0	0	0
118	0	0	722	500	887	1625	0	0	0	0
119	0	0	722	500	886	1630	0	0	0	0
120	0	0	722	500	886	1637	0	0	0	0
121	0	0	722	500	886	1643	0	0	0	0
122	0	0	722	500	886	1648	0	0	0	0
123	0	0	721	500	886	1650	0	0	0	0
124	0	0	722	502	885	1644	0	0	0	0
125	0	0	723	502	886	1647	0	0	0	0
126	0	0	723	503	886	1649	0	0	0	0
127	0	0	724	505	885	1654	0	0	0	0
0	0	0	724	505	886	1658	0	0	0	0
1	0	0	724	505	885	1657	0	0	0	0
2	0	0	725	504	885	1663	0	0	0	0
3	0	0	727	503	883	1689	0	0	0	0
4	0	0	727	503	883	1701	0	0	0	0
5	0	0	727	502	883	1713	0	0	0	0
6	0	0	728	501	881	1706	0	0	0	0
7	0	0	730	501	880	1712	0	0	0	0
8	0	0	732	500	879	1720	0	0	0	0
9	0	0	733	501	879	1725	0	0	0	0
10	0	0	732	500	877	1723	0	0	0	0
11	0	0	736	499	876	1729	0	0	0	0
12	0	0	736	502	877	1735	0	0	0	0
13	0	0	737	500	876	1735	0	0	0	0
14	0	0	739	501	876	1738	0	0	0	0
15	0	0	740	500	876	1735	0	0	0	0
16	0	0	743	500	876	1741	0	0	0	0
17	0	0	744	499	877	1753	0	0	0	0
18	0	0	747	499	876	1762	0	0	0	0
19	0	0	748	499	876	1762	0	0	0	0
20	0	0	749	498	876	1772	0	0	0	0
21	0	0	750	497	877	1786	0	0	0	0
22	0	0	751	496	876	1798	0	0	0	0
23	0	0	752	496	876	1807	0	0	0	0
24	0	0	754	497	875	1808	0	0	0	0
25	0	0	754	498	875	1810	0	0	0	0
26	0	0	755	497	873	1844	0	0	0	0
27	0	0	758	498	872	1852	0	0	0	0
28	0	0	758	499	872	1866	0	0	0	0
29	0	0	761	500	871	1879	0	0	0	0
30	0	0	760	499	871	1887	0	0	0	0
31	0	0	762	499	871	1893	0	0	0	0
32	0	0	763	499	871	1888	0	0	0	0
33	0	0	766	499	871	1895	0	0	0	0
34	0	0	766	498	871	1907	0	0	0	0
35	0	0	767	499	870	1915	0	0	0	0
36	0	0	768	501	870	1933	0	0	0	0
37	0	0	768	501	869	1941	0	0	0	0
38	0	0	769	501	870	1950	0	0	0	0
39	0	0	769	502	870	1955	0	0	0	0
40	0	0	767	501	871	1966	0	0	0	0
41	0	0	767	503	872	1976	0	0	0	0
42	0	0	766	503	872	1983	0	0	0	0
43	0	0	766	503	873	1989	0	0	0	0
44	0	0	765	505	873	1986	0	0	0	0
45	0	0	765	506	874	1983	0	0	0	0
46	0	0	763	505	874	1992	0	0	0	0
47	0	0	763	506	875	2005	0	0	0	0
48	0	0	763	507	877	2006	0	0	0	0
49	0	0	762	507	877	2006	0	0	0	0
50	0	0	762	508	877	2004	0	0	0	0
51	0	0	763	509	877	2009	0	0	0	0
52	0	0	763	508	879	2002	0	0	0	0
53	0	0	763	513	879	2007	0	0	0	0
54	0	0	762	513	879	2022	0	0	0	0
55	0	0	762	514	879	2027	0	0	0	0
56	0	0	762	513	880	2030	0	0	0	0
57	0	0	764	514	879	2045	0	0	0	0
58	0	0	763	516	878	2058	0	0	0	0
59	0	0	763	514	879	2070	0	0	0	0
60	0	0	762	514	879	2083	0	0	0	0
61	0	0	762	515	879	2083	0	0	0	0
62	0	0	761	514	880	2089	0	0	0	0
63	0	0	762	515	879	2095	0	0	0	0
64	0	0	762	516	879	2099	0	0	0	0
65	0	0	760	518	880	2106	0	0	0	0
66	0	0	760	518	881	2113	0	0	0	0
67	0	0	758	517	881	2115	0	0	0	0
68	0	0	759	518	882	2120	0	0	0	0
69	0	0	758	517	883	2126	0	0	0	0
70	0	0	759	518	881	2130	0	0	0	0
71	0	0	758	519	881	2130	0	0	0	0
72	0	0	760	521	881	2131	0	0	0	0
73	0	0	762	522	882	2134	0	0	0	0
74	0	0	762	522	883	2148	0	0	0	0
75	0	0	763	523	882	2162	0	0	0	0
76	0	0	763	525	881	2171	0	0	0	0
77	0	0	763	527	881	2178	0	0	0	0
78	0	0	761	529	880	2179	0	0	0	0
79	0	0	762	530	880	2187	0	0	0	0
80	0	0	763	529	880	2188	0	0	0	0
81	0	0	763	531	879	2199	0	0	0	0
82	0	0	764	532	880	2208	0	0	0	0
83	0	0	764	535	879	2214	0	0	0	0
84	0	0	764	537	877	2213	0	0	0	0
85	0	0	764	539	877	2214	0	0	0	0
86	0	0	765	541	876	2218	0	0	0	0
87	0	0	763	541	875	2218	0	0	0	0
88	0	0	764	543	874	2222	0	0	0	0
89	0	0	764	547	873	2222	0	0	0	0
90	0	0	764	549	873	2230	0	0	0	0
91	0	0	764	551	872	2224	0	0	0	0
92	0	0	763	552	871	2245	0	0	0	0
93	0	0	763	553	870	2250	0	0	0	0
94	0	0	762	556	870	2253	0	0	0	0
95	0	0	761	559	869	2256	0	0	0	0
96	0	0	761	561	868	2257	0	0	0	0
97	0	0	761	563	868	2261	0	0	0	0
98	0	0	761	565	867	2264	0	0	0	0
99	0	0	762	566	866	2262	0	0	0	0
100	0	0	761	569	865	2265	0	0	0	0
101	0	0	760	571	864	2264	0	0	0	0
102	0	0	758	573	862	2262	0	0	0	0
103	0	0	758	574	860	2256	0	0	0	0
104	0	0	757	578	859	2253	0	0	0	0
105	0	0	755	580	859	2254	0	0	0	0
106	0	0	753	581	857	2253	0	0	0	0
107	0	0	752	582	856	2256	0	0	0	0
108	0	0	749	585	855	2248	0	0	0	0
109	0	0	749	587	854	2249	0	0	0	0
110	0	0	748	589	853	2248	0	0	0	0
111	0	0	747	591	851	2243	0	0	0	0
112	0	0	746	594	851	2237	0	0	0	0
113	0	0	745	596	850	2234	0	0	0	0
114	0	0	744	598	848	2230	0	0	0	0
115	0	0	742	599	849	2220	0	0	0	0
116	0	0	741	600	847	2211	0	0	0	0
117	0	0	741	601	846	2202	0	0	0	0
118	0	0	741	605	845	2190	0	0	0	0
119	0	0	740	607	844	2182	0	0	0	0
120	0	0	738	609	843	2175	0	0	0	0
121	0	0	737	610	842	2175	0	0	0	0
122	0	0	737	612	839	2165	0	0	0	0
123	0	0	739	613	838	2159	0	0	0	0
124	0	0	740	615	836	2146	0	0	0	0
125	0	0	740	618	835	2138	0	0	0	0
126	0	0	739	620	835	2135	0	0	0	0
127	0	0	737	621	832	2130	0	0	0	0
0	0	0	740	623	831	2124	0	0	0	0
1	0	0	739	626	829	2113	0	0	0	0
2	0	0	739	629	828	2109	0	0	0	0
3	0	0	742	631	826	2095	0	0	0	0
4	0	0	744	635	823	2080	0	0	0	0
5	0	0	746	638	821	2045	0	0	0	0
6	0	0	749	641	817	2000	0	0	0	0
7	0	0	750	643	817	1974	0	0	0	0
8	0	0	751	645	813	1945	0	0	0	0
9	0	0	754	648	811	1892	0	0	0	0
10	0	0	756	652	810	1866	0	0	0	0
11	0	0	757	655	808	1814	0	0	0	0
12	0	0	759	659	805	1792	0	0	0	0
13	0	0	763	662	803	1756	0	0	0	0
14	0	0	763	665	799	1690	0	0	0	0
15	0	0	766	668	796	1623	0	0	0	0
16	0	0	768	671	794	1557	0	0	0	0
17	0	0	770	673	792	1514	0	0	0	0
18	0	0	772	675	790	1462	0	0	0	0
19	0	0	774	677	789	1430	0	0	0	0
20	0	0	775	681	787	1412	0	0	0	0
21	0	0	774	683	786	1386	0	0	0	0
22	0	0	775	686	785	1303	0	0	0	0
23	0	0	776	688	784	1273	0	0	0	0
24	0	0	776	691	783	1228	0	0	0	0
25	0	0	775	694	782	1175	0	0	0	0
26	0	0	774	697	782	1104	0	0	0	0
27	0	0	774	699	781	1026	0	0	0	0
28	0	0	773	700	782	890	0	0	0	0
29	0	0	771	702	782	861	0	0	0	0
30	0	0	770	706	780	759	0	0	0	0
31	0	0	769	708	780	724	0	0	0	0
32	0	0	768	711	779	696	0	0	0	0
33	0	0	767	714	780	610	0	0	0	0
34	0	0	767	716	781	576	0	0	0	0
35	0	0	766	719	781	453	0	0	0	0
36	0	0	766	723	782	472	0	0	0	0
37	0	0	763	726	783	429	0	0	0	0
38	0	0	762	726	784	410	0	0	0	0
39	0	0	760	729	784	388	0	0	0	0
40	0	0	759	732	786	410	0	0	0	0
41	0	0	758	734	787	378	0	0	0	0
42	0	0	756	738	789	361	0	0	0	0
43	0	0	755	738	792	370	0	0	0	0
44	0	0	753	739	794	346	0	0	0	0
45	0	0	751	743	795	349	0	0	0	0
46	0	0	749	745	797	354	0	0	0	0
47	0	0	747	748	798	337	0	0	0	0
48	0	0	745	750	800	304	0	0	0	0
49	0	0	744	753	802	271	0	0	0	0
50	0	0	743	757	804	265	0	0	0	0
51	0	0	742	761	805	278	0	0	0	0
52	0	0	741	763	807	201	0	0	0	0
53	0	0	746	767	808	154	0	0	0	0
54	0	0	743	770	809	183	0	0	0	0
55	0	0	745	776	810	170	0	0	0	0
56	0	0	745	782	810	148	0	0	0	0
57	0	0	744	787	813	136	0	0	0	0
58	0	0	742	792	813	171	0	0	0	0
59	0	0	743	797	814	130	0	0	0	0
60	0	0	743	805	816	96	0	0	0	0
61	0	0	743	809	818	95	0	0	0	0
62	0	0	745	813	818	90	0	0	0	0
63	0	0	746	819	820	87	0	0	0	0
64	0	0	745	823	819	84	0	0	0	0
65	0	0	744	829	820	79	0	0	0	0
66	0	0	744	834	822	72	0	0	0	0
67	0	0	745	839	821	58	0	0	0	0
68	0	0	749	843	822	55	0	0	0	0
69	0	0	751	846	824	47	0	0	0	0
70	0	0	751	850	824	63	0	0	0	0
71	0	0	756	854	824	52	0	0	0	0
72	0	0	756	861	826	49	0	0	0	0
73	0	0	756	863	825	47	0	0	0	0
74	0	0	758	867	828	49	0	0	0	0
75	0	0	760	871	828	54	0	0	0	0
76	0	0	762	874	827	51	0	0	0	0
77	0	0	765	878	827	53	0	0	0	0
78	0	0	768	880	828	52	0	0	0	0
79	0	0	770	882	828	53	0	0	0	0
80	0	0	772	886	828	53	0	0	0	0
81	0	0	772	890	824	51	0	0	0	0
82	0	0	770	894	827	52	0	0	0	0
83	0	0	769	898	827	46	0	0	0	0
84	0	0	770	901	827	42	0	0	0	0
85	0	0	769	904	826	34	0	0	0	0
86	0	0	770	907	826	31	0	0	0	0
87	0	0	767	911	824	27	0	0	0	0
88	0	0	767	916	822	25	0	0	0	0
89	0	0	767	920	820	20	0	0	0	0
90	0	0	766	924	818	22	0	0	0	0
91	0	0	767	926	813	23	0	0	0	0
92	0	0	767	927	812	21	0	0	0	0
93	0	0	766	928	811	20	0	0	0	0
94	0	0	765	928	809	23	0	0	0	0
95	0	0	764	929	808	26	0	0	0	0
96	0	0	763	929	809	27	0	0	0	0
97	0	0	763	928	807	31	0	0	0	0
98	0	0	763	928	806	29	0	0	0	0
99	0	0	762	930	805	32	0	0	0	0
100	0	0	760	930	805	31	0	0	0	0
101	0	0	756	931	804	32	0	0	0	0
102	0	0	755	929	804	33	0	0	0	0
103	0	0	755	929	803	32	0	0	0	0
104	0	0	755	925	803	27	0	0	0	0
105	0	0	755	924	802	23	0	0	0	0
106	0	0	754	924	801	19	0	0	0	0
107	0	0	753	919	800	14	0	0	0	0
108	0	0	752	916	798	13	0	0	0	0
109	0	0	751	912	796	7	0	0	0	0
110	0	0	750	911	793	9	0	0	0	0
111	0	0	748	908	789	12	0	0	0	0
112	0	0	746	906	786	12	0	0	0	0
113	0	0	744	905	784	14	0	0	0	0
114	0	0	743	902	781	18	0	0	0	0
115	0	0	742	902	778	20	0	0	0	0
116	0	0	741	900	775	23	0	0	0	0
117	0	0	740	899	773	26	0	0	0	0
118	0	0	739	897	771	26	0	0	0	0
119	0	0	740	895	768	29	0	0	0	0
120	0	0	740	891	767	27	0	0	0	0
121	0	0	741	886	765	29	0	0	0	0
122	0	0	742	881	766	33	0	0	0	0
123	0	0	740	875	765	35	0	0	0	0
124	0	0	743	871	766	30	0	0	0	0
125	0	0	742	866	766	24	0	0	0	0
126	0	0	743	863	771	26	0	0	0	0
127	0	0	746	859	767	19	0	0	0	0
0	0	0	747	856	767	19	0	0	0	0
1	0	0	748	854	768	10	0	0	0	0
2	0	0	749	853	769	11	0	0	0	0
3	0	0	751	853	770	13	0	0	0	0
4	0	0	754	849	769	14	0	0	0	0
5	0	0	757	849	771	16	0	0	0	0
6	0	0	760	847	772	29	0	0	0	0
7	0	0	765	847	772	29	0	0	0	0
8	0	0	767	846	772	25	0	0	0	0
9	0	0	770	844	773	19	0	0	0	0
10	0	0	772	843	773	15	0	0	0	0
11	0	0	778	841	775	16	0	0	0	0
12	0	0	781	839	775	13	0	0	0	0
13	0	0	782	838	775	15	0	0	0	0
14	0	0	784	836	775	17	0	0	0	0
15	0	0	784	831	775	16	0	0	0	0
16	0	0	787	826	776	9	0	0	0	0
17	0	0	790	818	777	6	0	0	0	0
18	0	0	790	814	777	4	0	0	0	0
19	0	0	793	811	779	0	0	0	0	0
20	0	0	793	807	779	0	0	0	0	0
21	0	0	793	805	779	0	0	0	0	0
22	0	0	793	802	780	0	0	0	0	0
23	0	0	791	801	781	0	0	0	0	0
24	0	0	792	799	781	0	0	0	0	0
25	0	0	791	797	780	0	0	0	0	0
26	0	0	793	797	779	5	0	0	0	0
27	0	0	796	795	778	7	0	0	0	0
28	0	0	797	793	779	17	0	0	0	0
29	0	0	796	789	778	12	0	0	0	0
30	0	0	798	788	777	12	0	0	0	0
31	0	0	798	785	777	19	0	0	0	0
32	0	0	798	783	776	15	0	0	0	0
33	0	0	799	780	776	18	0	0	0	0
34	0	0	799	777	776	21	0	0	0	0
35	0	0	797	775	775	26	0	0	0	0
36	0	0	797	772	774	26	0	0	0	0
37	0	0	797	769	774	21	0	0	0	0
38	0	0	796	768	773	26	0	0	0	0
39	0	0	795	766	774	23	0	0	0	0
40	0	0	795	764	773	23	0	0	0	0
41	0	0	795	763	774	22	0	0	0	0
42	0	0	795	762	773	23	0	0	0	0
43	0	0	795	761	774	28	0	0	0	0
44	0	0	795	762	773	27	0	0	0	0
45	0	0	793	761	773	29	0	0	0	0
46	0	0	794	760	774	33	0	0	0	0
47	0	0	792	760	774	40	0	0	0	0
48	0	0	793	759	773	37	0	0	0	0
49	0	0	792	759	773	39	0	0	0	0
50	0	0	792	756	772	41	0	0	0	0
51	0	0	792	756	772	42	0	0	0	0
52	0	0	792	754	772	39	0	0	0	0
53	0	0	793	753	772	42	0	0	0	0
54	0	0	791	752	772	41	0	0	0	0
55	0	0	792	752	771	35	0	0	0	0
56	0	0	794	751	772	31	0	0	0	0
57	0	0	792	751	773	28	0	0	0	0
58	0	0	791	751	772	20	0	0	0	0
59	0	0	789	750	773	8	0	0	0	0
60	0	0	789	750	773	0	0	0	0	0
61	0	0	789	751	773	0	0	0	0	0
62	0	0	788	750	773	0	0	0	0	0
63	0	0	787	749	774	0	0	0	0	0
64	0	0	787	747	773	0	0	0	0	0
65	0	0	786	747	775	0	0	0	0	0
66	0	0	787	746	775	0	0	0	0	0
67	0	0	786	745	776	0	0	0	0	0
68	0	0	787	744	776	0	0	0	0	0
69	0	0	786	742	776	4	0	0	0	0
70	0	0	787	743	777	4	0	0	0	0
71	0	0	784	742	776	7	0	0	0	0
72	0	0	784	742	776	5	0	0	0	0
73	0	0	786	742	776	8	0	0	0	0
74	0	0	787	742	776	10	0	0	0	0
75	0	0	787	741	776	9	0	0	0	0
76	0	0	787	741	777	3	0	0	0	0
77	0	0	787	742	777	0	0	0	0	0
78	0	0	787	743	777	0	0	0	0	0
79	0	0	788	744	777	0	0	0	0	0
80	0	0	789	745	777	0	0	0	0	0
81	0	0	789	745	775	0	0	0	0	0
82	0	0	790	745	778	0	0	0	0	0
83	0	0	790	745	778	0	0	0	0	0
84	0	0	791	747	777	0	0	0	0	0
85	0	0	791	747	777	0	0	0	0	0
86	0	0	790	749	777	0	0	0	0	0
87	0	0	789	750	777	0	0	0	0	0
88	0	0	789	750	776	0	0	0	0	0
89	0	0	789	751	777	3	0	0	0	0
90	0	0	789	751	777	4	0	0	0	0
91	0	0	788	752	776	7	0	0	0	0
92	0	0	789	753	776	5	0	0	0	0
93	0	0	790	753	776	7	0	0	0	0
94	0	0	790	754	775	11	0	0	0	0
95	0	0	790	754	776	9	0	0	0	0
96	0	0	790	756	775	2	0	0	0	0
97	0	0	791	757	774	0	0	0	0	0
98	0	0	791	757	773	0	0	0	0	0
99	0	0	792	757	773	0	0	0	0	0
100	0	0	790	757	771	0	0	0	0	0
101	0	0	791	759	771	0	0	0	0	0
102	0	0	792	760	769	0	0	0	0	0
103	0	0	792	761	768	0	0	0	0	0
104	0	0	792	762	767	0	0	0	0	0
105	0	0	793	762	766	0	0	0	0	0
106	0	0	793	763	764	0	0	0	0	0
107	0	0	794	765	765	0	0	0	0	0
108	0	0	795	765	763	1	0	0	0	0
109	0	0	796	765	762	4	0	0	0	0
110	0	0	797	765	761	5	0	0	0	0
111	0	0	798	766	759	8	0	0	0	0
112	0	0	799	767	760	6	0	0	0	0
113	0	0	800	767	759	9	0	0	0	0
114	0	0	800	768	756	11	0	0	0	0
115	0	0	800	770	755	10	0	0	0	0
116	0	0	799	771	755	4	0	0	0	0
117	0	0	801	772	754	0	0	0	0	0
118	0	0	801	773	753	0	0	0	0	0
119	0	0	801	774	752	0	0	0	0	0
120	0	0	801	775	751	0	0	0	0	0
121	0	0	800	776	750	0	0	0	0	0
122	0	0	801	777	749	0	0	0	0	0
123	0	0	802	776	749	0	0	0	0	0
124	0	0	802	778	749	0	0	0	0	0
125	0	0	803	778	749	0	0	0	0	0
126	0	0	803	777	749	0	0	0	0	0
127	0	0	802	779	748	0	0	0	0	0
0	0	0	803	779	748	0	0	0	0	0
1	0	0	803	780	748	0	0	0	0	0
2	0	0	803	780	748	0	0	0	0	0
3	0	0	803	780	748	2	0	0	0	0
4	0	0	803	780	749	3	0	0	0	0
5	0	0	805	780	750	5	0	0	0	0
6	0	0	805	781	749	9	0	0	0	0
7	0	0	804	779	750	7	0	0	0	0
8	0	0	804	779	751	3	0	0	0	0
9	0	0	804	779	752	0	0	0	0	0
10	0	0	805	779	753	0	0	0	0	0
11	0	0	804	778	753	0	0	0	0	0
12	0	0	803	779	754	0	0	0	0	0
13	0	0	803	779	755	0	0	0	0	0
14	0	0	803	779	756	0	0	0	0	0
15	0	0	803	780	757	0	0	0	0	0
16	0	0	803	780	758	0	0	0	0	0
17	0	0	804	781	759	0	0	0	0	0
18	0	0	804	780	759	0	0	0	0	0
19	0	0	805	781	759	0	0	0	0	0
20	0	0	804	781	759	0	0	0	0	0
21	0	0	805	781	760	2	0	0	0	0
22	0	0	804	781	761	4	0	0	0	0
23	0	0	806	781	762	5	0	0	0	0
24	0	0	806	780	763	4	0	0	0	0
25	0	0	807	780	764	5	0	0	0	0
26	0	0	808	780	764	9	0	0	0	0
27	0	0	808	782	764	8	0	0	0	0
28	0	0	808	783	764	3	0	0	0	0
29	0	0	808	783	766	3	0	0	0	0
30	0	0	809	782	766	5	0	0	0	0
31	0	0	808	784	765	7	0	0	0	0
32	0	0	808	784	766	12	0	0	0	0
33	0	0	809	785	767	13	0	0	0	0
34	0	0	809	785	767	16	0	0	0	0
35	0	0	809	785	767	28	0	0	0	0
36	0	0	809	785	768	9	0	0	0	0
37	0	0	810	786	770	8	0	0	0	0
38	0	0	809	784	769	3	0	0	0	0
39	0	0	808	785	770	5	0	0	0	0
40	0	0	809	785	772	9	0	0	0	0
41	0	0	809	786	771	24	0	0	0	0
42	0	0	809	784	771	23	0	0	0	0
43	0	0	809	784	772	25	0	0	0	0
44	0	0	809	783	772	15	0	0	0	0
45	0	0	808	783	775	10	0	0	0	0
46	0	0	808	784	774	13	0	0	0	0
47	0	0	809	783	775	12	0	0	0	0
48	0	0	808	783	775	3	0	0	0	0
49	0	0	806	782	777	0	0	0	0	0
50	0	0	807	782	778	0	0	0	0	0
51	0	0	809	783	778	0	0	0	0	0
52	0	0	808	783	779	0	0	0	0	0
53	0	0	806	783	778	0	0	0	0	0
54	0	0	805	784	779	0	0	0	0	0
55	0	0	806	783	780	0	0	0	0	0
56	0	0	805	783	780	0	0	0	0	0
57	0	0	804	784	781	0	0	0	0	0
58	0	0	804	784	781	0	0	0	0	0
59	0	0	801	783	782	0	0	0	0	0
60	0	0	801	783	782	0	0	0	0	0
61	0	0	800	783	781	0	0	0	0	0
62	0	0	799	784	782	0	0	0	0	0
63	0	0	797	783	783	0	0	0	0	0
64	0	0	797	783	782	0	0	0	0	0
65	0	0	796	784	782	1	0	0	0	0
66	0	0	795	784	782	3	0	0	0	0
67	0	0	795	785	783	3	0	0	0	0
68	0	0	793	785	783	2	0	0	0	0
69	0	0	791	785	783	0	0	0	0	0
70	0	0	791	785	783	0	0	0	0	0
71	0	0	791	786	784	0	0	0	0	0
72	0	0	791	787	784	0	0	0	0	0
73	0	0	790	787	784	0	0	0	0	0
74	0	0	790	787	785	0	0	0	0	0
75	0	0	789	787	785	0	0	0	0	0
76	0	0	788	787	786	25	0	0	0	0
77	0	0	788	787	785	37	0	0	0	0
78	0	0	788	787	787	4	0	0	0	0
79	0	0	788	787	787	0	0	0	0	0
80	0	0	788	786	788	2	0	0	0	0
81	0	0	788	787	789	0	0	0	0	0
82	0	0	788	787	788	0	0	0	0	0
83	0	0	789	788	789	0	0	0	0	0
84	0	0	788	788	789	0	0	0	0	0
85	0	0	788	788	790	0	0	0	0	0
86	0	0	787	788	791	0	0	0	0	0
87	0	0	788	788	790	0	0	0	0	0
88	0	0	789	788	790	0	0	0	0	0
89	0	0	790	788	790	0	0	0	0	0
90	0	0	789	788	791	0	0	0	0	0
91	0	0	790	787	792	0	0	0	0	0
92	0	0	789	788	793	0	0	0	0	0
93	0	0	788	788	792	0	0	0	0	0
94	0	0	789	788	792	662	0	0	0	0
95	0	0	789	790	793	599	0	0	0	0
96	0	0	787	790	796	817	0	0	0	0
97	0	0	786	792	799	858	0	0	0	0
98	0	0	784	793	801	972	0	0	0	0
99	0	0	786	793	804	1110	0	0	0	0
100	0	0	790	794	806	1278	0	0	0	0
101	0	0	795	795	807	1340	0	0	0	0
102	0	0	798	794	805	1218	0	0	0	0
103	0	0	798	793	805	1167	0	0	0	0
104	0	0	793	791	803	1191	0	0	0	0
105	0	0	787	789	802	1072	0	0	0	0
106	0	0	781	788	799	973	0	0	0	0
107	0	0	775	787	799	926	0	0	0	0
108	0	0	769	788	802	954	0	0	0	0
109	0	0	762	791	805	989	0	0	0	0
110	0	0	762	793	810	1008	0	0	0	0
111	0	0	764	792	815	833	0	0	0	0
112	0	0	766	791	820	820	0	0	0	0
113	0	0	767	790	823	774	0	0	0	0
114	0	0	766	787	827	715	0	0	0	0
115	0	0	766	787	833	765	0	0	0	0
116	0	0	765	787	841	759	0	0	0	0
117	0	0	762	786	850	723	0	0	0	0
118	0	0	761	790	875	706	0	0	0	0
119	0	0	729	795	905	685	0	0	0	0
120	0	0	688	793	942	608	0	0	0	0
121	0	0	618	780	980	557	0	0	0	0
122	0	0	521	758	1010	537	0	0	0	0
123	0	0	399	732	1038	481	0	0	0	0
124	0	0	268	709	1072	426	0	0	0	0
125	0	0	174	678	1098	414	0	0	0	0
126	0	0	118	635	1117	329	0	0	0	0
127	0	0	94	573	1136	325	0	0	0	0
0	0	0	157	520	1157	183	0	0	0	0
1	0	0	285	489	1175	115	0	0	0	0
2	0	0	429	468	1190	177	0	0	0	0
3	0	0	574	467	1209	165	0	0	0	0
4	0	0	676	486	1242	207	0	0	0	0
5	0	0	699	521	1284	167	0	0	0	0
6	0	0	759	558	1326	143	0	0	0	0
7	0	0	785	583	1353	148	0	0	0	0
8	0	0	754	600	1366	145	0	0	0	0
9	0	0	710	608	1367	122	0	0	0	0
10	0	0	653	616	1361	129	0	0	0	0
11	0	0	579	625	1347	138	0	0	0	0
12	0	0	471	631	1329	142	0	0	0	0
13	0	0	395	633	1294	171	0	0	0	0
14	0	0	390	628	1247	219	0	0	0	0
15	0	0	430	613	1174	269	0	0	0	0
16	0	0	531	580	1095	335	0	0	0	0
17	0	0	686	530	1010	415	0	0	0	0
18	0	0	883	431	903	608	0	0	0	0
19	0	0	1075	352	823	748	0	0	0	0
20	0	0	1124	295	738	821	0	0	0	0
21	0	0	1160	215	678	889	0	0	0	0
22	0	0	1176	142	624	972	0	0	0	0
23	0	0	1091	96	578	1033	0	0	0	0
24	0	0	1074	69	548	1101	0	0	0	0
25	0	0	1071	54	516	1162	0	0	0	0
26	0	0	1106	43	500	1198	0	0	0	0
27	0	0	1185	36	495	1240	0	0	0	0
28	0	0	1233	32	494	1293	0	0	0	0
29	0	0	1248	33	501	1307	0	0	0	0
30	0	0	1272	51	523	1338	0	0	0	0
31	0	0	1299	67	551	1434	0	0	0	0
32	0	0	1303	88	583	1415	0	0	0	0
33	0	0	1283	113	610	1360	0	0	0	0
34	0	0	1243	148	642	1398	0	0	0	0
35	0	0	1182	183	668	1459	0	0	0	0
36	0	0	1112	217	684	1401	0	0	0	0
37	0	0	1034	245	700	1395	0	0	0	0
38	0	0	952	274	719	1451	0	0	0	0
39	0	0	875	307	736	1525	0	0	0	0
40	0	0	809	328	749	1568	0	0	0	0
41	0	0	763	339	764	1595	0	0	0	0
42	0	0	741	343	777	1634	0	0	0	0
43	0	0	741	336	789	1667	0	0	0	0
44	0	0	746	319	802	1652	0	0	0	0
45	0	0	753	297	809	1629	0	0	0	0
46	0	0	755	277	815	1625	0	0	0	0
47	0	0	757	258	819	1639	0	0	0	0
48	0	0	754	237	818	1646	0	0	0	0
49	0	0	751	214	821	1645	0	0	0	0
50	0	0	747	190	825	1643	0	0	0	0
51	0	0	740	160	834	1645	0	0	0	0
52	0	0	737	132	845	1646	0	0	0	0
53	0	0	734	107	856	1650	0	0	0	0
54	0	0	735	89	865	1649	0	0	0	0
55	0	0	738	75	869	1647	0	0	0	0
56	0	0	745	69	871	1640	0	0	0	0
57	0	0	758	70	867	1636	0	0	0	0
58	0	0	778	75	864	1634	0	0	0	0
59	0	0	803	86	861	1638	0	0	0	0
60	0	0	831	98	857	1633	0	0	0	0
61	0	0	859	110	859	1634	0	0	0	0
62	0	0	887	126	859	1630	0	0	0	0
63	0	0	910	146	860	1625	0	0	0	0
64	0	0	928	170	860	1633	0	0	0	0
65	0	0	942	194	861	1639	0	0	0	0
66	0	0	953	217	863	1651	0	0	0	0
67	0	0	958	241	864	1657	0	0	0	0
68	0	0	960	267	866	1668	0	0	0	0
69	0	0	957	292	870	1668	0	0	0	0
70	0	0	951	313	875	1672	0	0	0	0
71	0	0	941	333	881	1675	0	0	0	0
72	0	0	933	350	886	1678	0	0	0	0
73	0	0	925	363	889	1678	0	0	0	0
74	0	0	916	375	889	1675	0	0	0	0
75	0	0	909	391	886	1676	0	0	0	0
76	0	0	901	406	881	1675	0	0	0	0
77	0	0	895	419	874	1674	0	0	0	0
78	0	0	890	432	867	1675	0	0	0	0
79	0	0	887	444	860	1672	0	0	0	0
80	0	0	886	453	850	1662	0	0	0	0
81	0	0	888	461	841	1646	0	0	0	0
82	0	0	888	470	833	1638	0	0	0	0
83	0	0	888	477	827	1630	0	0	0	0
84	0	0	889	483	823	1625	0	0	0	0
85	0	0	891	486	819	1620	0	0	0	0
86	0	0	894	490	816	1621	0	0	0	0
87	0	0	896	491	815	1621	0	0	0	0
88	0	0	900	493	809	1614	0	0	0	0
89	0	0	904	494	807	1605	0	0	0	0
90	0	0	907	496	803	1594	0	0	0	0
91	0	0	910	498	797	1592	0	0	0	0
92	0	0	914	502	789	1593	0	0	0	0
93	0	0	915	506	783	1593	0	0	0	0
94	0	0	914	514	778	1594	0	0	0	0
95	0	0	914	521	772	1592	0	0	0	0
96	0	0	911	528	769	1585	0	0	0	0
97	0	0	907	533	765	1579	0	0	0	0
98	0	0	903	540	760	1574	0	0	0	0
99	0	0	900	547	759	1567	0	0	0	0
100	0	0	895	554	757	1557	0	0	0	0
101	0	0	891	560	757	1539	0	0	0	0
102	0	0	887	567	759	1532	0	0	0	0
103	0	0	881	573	761	1522	0	0	0	0
104	0	0	877	580	764	1509	0	0	0	0
105	0	0	871	586	768	1498	0	0	0	0
106	0	0	864	593	771	1492	0	0	0	0
107	0	0	861	598	776	1502	0	0	0	0
108	0	0	856	602	779	1501	0	0	0	0
109	0	0	852	607	782	1488	0	0	0	0
110	0	0	848	610	785	1479	0	0	0	0
111	0	0	847	612	788	1478	0	0	0	0
112	0	0	845	615	791	1469	0	0	0	0
113	0	0	844	616	792	1462	0	0	0	0
114	0	0	842	618	794	1454	0	0	0	0
115	0	0	841	619	796	1450	0	0	0	0
116	0	0	840	621	796	1450	0	0	0	0
117	0	0	836	622	797	1458	0	0	0	0
118	0	0	836	622	795	1463	0	0	0	0
119	0	0	833	623	795	1461	0	0	0	0
120	0	0	831	622	795	1452	0	0	0	0
121	0	0	832	622	795	1443	0	0	0	0
122	0	0	832	622	795	1439	0	0	0	0
123	0	0	833	621	793	1443	0	0	0	0
124	0	0	835	620	794	1434	0	0	0	0
125	0	0	838	619	792	1422	0	0	0	0
126	0	0	838	617	790	1405	0	0	0	0
127	0	0	838	615	788	1400	0	0	0	0
0	0	0	837	614	785	1388	0	0	0	0
1	0	0	836	612	783	1368	0	0	0	0
2	0	0	834	610	783	1361	0	0	0	0
3	0	0	832	608	783	1358	0	0	0	0
4	0	0	829	606	785	1352	0	0	0	0
5	0	0	823	604	790	1346	0	0	0	0
6	0	0	821	603	792	1342	0	0	0	0
7	0	0	818	604	795	1332	0	0	0	0
8	0	0	816	603	798	1317	0	0	0	0
9	0	0	812	603	801	1306	0	0	0	0
10	0	0	808	604	805	1277	0	0	0	0
11	0	0	807	604	808	1258	0	0	0	0
12	0	0	804	603	812	1249	0	0	0	0
13	0	0	803	601	816	1249	0	0	0	0
14	0	0	798	596	821	1245	0	0	0	0
15	0	0	795	591	826	1241	0	0	0	0
16	0	0	793	585	829	1226	0	0	0	0
17	0	0	792	579	832	1199	0	0	0	0
18	0	0	789	573	836	1169	0	0	0	0
19	0	0	785	565	841	1139	0	0	0	0
20	0	0	783	566	846	1117	0	0	0	0
21	0	0	784	548	845	1108	0	0	0	0
22	0	0	788	543	850	1095	0	0	0	0
23	0	0	784	539	852	1066	0	0	0	0
24	0	0	777	527	856	1022	0	0	0	0
25	0	0	774	523	855	1005	0	0	0	0
26	0	0	774	522	855	973	0	0	0	0
27	0	0	777	521	853	967	0	0	0	0
28	0	0	781	520	851	939	0	0	0	0
29	0	0	782	516	851	906	0	0	0	0
30	0	0	782	513	852	893	0	0	0	0
31	0	0	782	509	850	859	0	0	0	0
32	0	0	783	508	849	826	0	0	0	0
33	0	0	784	509	847	809	0	0	0	0
34	0	0	783	512	846	821	0	0	0	0
35	0	0	784	513	845	816	0	0	0	0
36	0	0	783	515	844	803	0	0	0	0
37	0	0	782	518	842	781	0	0	0	0
38	0	0	781	521	842	769	0	0	0	0
39	0	0	781	524	841	776	0	0	0	0
40	0	0	778	527	838	785	0	0	0	0
41	0	0	778	532	837	818	0	0	0	0
42	0	0	777	536	835	898	0	0	0	0
43	0	0	778	540	834	909	0	0	0	0
44	0	0	776	542	832	901	0	0	0	0
45	0	0	778	545	831	889	0	0	0	0
46	0	0	780	547	830	882	0	0	0	0
47	0	0	782	549	828	877	0	0	0	0
48	0	0	783	551	829	850	0	0	0	0
49	0	0	783	553	827	838	0	0	0	0
50	0	0	784	554	827	822	0	0	0	0
51	0	0	785	557	825	801	0	0	0	0
52	0	0	786	559	824	789	0	0	0	0
53	0	0	785	562	824	789	0	0	0	0
54	0	0	786	565	823	788	0	0	0	0
55	0	0	786	568	823	772	0	0	0	0
56	0	0	786	571	823	703	0	0	0	0
57	0	0	785	575	821	678	0	0	0	0
58	0	0	786	578	820	639	0	0	0	0
59	0	0	785	583	819	630	0	0	0	0
60	0	0	785	587	818	615	0	0	0	0
61	0	0	786	592	818	615	0	0	0	0
62	0	0	787	597	818	617	0	0	0	0
63	0	0	787	603	817	616	0	0	0	0
64	0	0	787	608	817	567	0	0	0	0
65	0	0	787	613	817	561	0	0	0	0
66	0	0	786	619	816	564	0	0	0	0
67	0	0	786	625	816	543	0	0	0	0
68	0	0	787	631	816	544	0	0	0	0
69	0	0	787	635	816	543	0	0	0	0
70	0	0	788	640	816	545	0	0	0	0
71	0	0	789	646	815	540	0	0	0	0
72	0	0	791	651	815	557	0	0	0	0
73	0	0	793	656	815	557	0	0	0	0
74	0	0	792	659	815	559	0	0	0	0
75	0	0	793	663	815	552	0	0	0	0
76	0	0	795	666	815	542	0	0	0	0
77	0	0	794	671	814	540	0	0	0	0
78	0	0	796	674	815	526	0	0	0	0
79	0	0	798	679	814	530	0	0	0	0
80	0	0	799	683	813	549	0	0	0	0
81	0	0	801	686	813	567	0	0	0	0
82	0	0	802	689	811	571	0	0	0	0
83	0	0	803	690	811	574	0	0	0	0
84	0	0	803	693	811	564	0	0	0	0
85	0	0	803	693	809	557	0	0	0	0
86	0	0	803	695	809	558	0	0	0	0
87	0	0	804	696	808	547	0	0	0	0
88	0	0	804	697	806	558	0	0	0	0
89	0	0	805	699	804	564	0	0	0	0
90	0	0	806	702	804	570	0	0	0	0
91	0	0	807	702	803	568	0	0	0	0
92	0	0	807	700	802	549	0	0	0	0
93	0	0	808	704	801	542	0	0	0	0
94	0	0	806	703	799	543	0	0	0	0
95	0	0	809	707	799	529	0	0	0	0
96	0	0	808	707	797	526	0	0	0	0
97	0	0	809	709	796	518	0	0	0	0
98	0	0	810	710	796	513	0	0	0	0
99	0	0	808	713	795	494	0	0	0	0
100	0	0	807	715	794	482	0	0	0	0
101	0	0	806	716	793	474	0	0	0	0
102	0	0	805	717	792	459	0	0	0	0
103	0	0	804	718	792	449	0	0	0	0
104	0	0	801	716	791	433	0	0	0	0
105	0	0	800	716	789	422	0	0	0	0
106	0	0	801	717	789	417	0	0	0	0
107	0	0	799	718	789	411	0	0	0	0
108	0	0	798	719	787	413	0	0	0	0
109	0	0	798	721	788	407	0	0	0	0
110	0	0	798	721	788	390	0	0	0	0
111	0	0	797	721	788	410	0	0	0	0
112	0	0	797	720	788	404	0	0	0	0
113	0	0	797	720	788	390	0	0	0	0
114	0	0	796	720	787	376	0	0	0	0
115	0	0	795	720	788	350	0	0	0	0
116	0	0	795	720	788	324	0	0	0	0
117	0	0	794	720	788	308	0	0	0	0
118	0	0	794	720	789	340	0	0	0	0
119	0	0	793	723	788	332	0	0	0	0
120	0	0	792	723	789	317	0	0	0	0
121	0	0	790	723	789	304	0	0	0	0
122	0	0	788	723	789	316	0	0	0	0
123	0	0	788	723	790	323	0	0	0	0
124	0	0	786	724	790	340	0	0	0	0
125	0	0	785	724	791	351	0	0	0	0
126	0	0	783	723	792	326	0	0	0	0
127	0	0	782	723	793	322	0	0	0	0
0	0	0	780	724	792	304	0	0	0	0
1	0	0	781	725	794	260	0	0	0	0
2	0	0	779	725	796	253	0	0	0	0
3	0	0	781	723	794	263	0	0	0	0
4	0	0	779	729	796	262	0	0	0	0
5	0	0	779	726	797	265	0	0	0	0
6	0	0	778	727	798	260	0	0	0	0
7	0	0	778	730	799	257	0	0	0	0
8	0	0	777	729	799	263	0	0	0	0
9	0	0	777	729	800	263	0	0	0	0
10	0	0	777	731	800	273	0	0	0	0
11	0	0	776	730	801	275	0	0	0	0
12	0	0	774	731	800	268	0	0	0	0
13	0	0	773	732	801	273	0	0	0	0
14	0	0	771	733	802	271	0	0	0	0
15	0	0	773	733	800	269	0	0	0	0
16	0	0	774	732	798	262	0	0	0	0
17	0	0	771	733	800	253	0	0	0	0
18	0	0	773	734	801	248	0	0	0	0
19	0	0	771	734	799	243	0	0	0	0
20	0	0	772	734	800	239	0	0	0	0
21	0	0	772	733	800	236	0	0	0	0
22	0	0	770	733	799	236	0	0	0	0
23	0	0	770	735	800	238	0	0	0	0
24	0	0	770	734	798	241	0	0	0	0
25	0	0	770	732	798	251	0	0	0	0
26	0	0	771	734	798	245	0	0	0	0
27	0	0	771	733	795	243	0	0	0	0
28	0	0	772	733	797	240	0	0	0	0
29	0	0	773	732	796	246	0	0	0	0
30	0	0	774	733	796	244	0	0	0	0
31	0	0	776	734	797	251	0	0	0	0
32	0	0	775	733	795	243	0	0	0	0
33	0	0	775	733	797	243	0	0	0	0
34	0	0	776	733	796	243	0	0	0	0
35	0	0	776	732	795	247	0	0	0	0
36	0	0	777	733	795	247	0	0	0	0
37	0	0	776	733	794	245	0	0	0	0
38	0	0	778	733	793	246	0	0	0	0
39	0	0	776	732	794	251	0	0	0	0
40	0	0	777	732	793	249	0	0	0	0
41	0	0	778	731	793	255	0	0	0	0
42	0	0	777	731	792	262	0	0	0	0
43	0	0	778	730	791	264	0	0	0	0
44	0	0	778	730	791	263	0	0	0	0
45	0	0	780	729	791	269	0	0	0	0
46	0	0	778	728	790	269	0	0	0	0
47	0	0	779	727	791	272	0	0	0	0
48	0	0	779	726	790	269	0	0	0	0
49	0	0	779	725	790	270	0	0	0	0
50	0	0	780	723	791	272	0	0	0	0
51	0	0	781	720	791	277	0	0	0	0
52	0	0	783	720	791	276	0	0	0	0
53	0	0	782	716	791	273	0	0	0	0
54	0	0	783	715	792	275	0	0	0	0
55	0	0	785	713	793	279	0	0	0	0
56	0	0	786	713	793	282	0	0	0	0
57	0	0	786	711	793	280	0	0	0	0
58	0	0	788	710	794	280	0	0	0	0
59	0	0	788	708	795	279	0	0	0	0
60	0	0	789	710	794	285	0	0	0	0
61	0	0	789	706	797	284	0	0	0	0
62	0	0	790	702	797	282	0	0	0	0
63	0	0	791	701	798	279	0	0	0	0
64	0	0	791	697	800	277	0	0	0	0
65	0	0	791	696	801	278	0	0	0	0
66	0	0	791	694	801	279	0	0	0	0
67	0	0	794	695	801	274	0	0	0	0
68	0	0	794	693	804	281	0	0	0	0
69	0	0	795	692	804	277	0	0	0	0
70	0	0	796	688	806	269	0	0	0	0
71	0	0	796	686	806	272	0	0	0	0
72	0	0	795	684	806	272	0	0	0	0
73	0	0	795	682	809	314	0	0	0	0
74	0	0	797	682	809	322	0	0	0	0
75	0	0	796	678	810	323	0	0	0	0
76	0	0	797	676	811	324	0	0	0	0
77	0	0	795	673	810	326	0	0	0	0
78	0	0	794	671	813	326	0	0	0	0
79	0	0	794	671	813	327	0	0	0	0
80	0	0	795	667	813	328	0	0	0	0
81	0	0	794	665	815	329	0	0	0	0
82	0	0	795	662	815	329	0	0	0	0
83	0	0	793	658	817	330	0	0	0	0
84	0	0	792	656	818	327	0	0	0	0
85	0	0	792	654	818	325	0	0	0	0
86	0	0	791	651	820	326	0	0	0	0
87	0	0	792	649	821	329	0	0	0	0
88	0	0	794	648	822	327	0	0	0	0
89	0	0	793	644	823	328	0	0	0	0
90	0	0	793	642	823	331	0	0	0	0
91	0	0	793	639	825	328	0	0	0	0
92	0	0	791	637	824	329	0	0	0	0
93	0	0	790	634	827	332	0	0	0	0
94	0	0	790	635	826	335	0	0	0	0
95	0	0	791	633	826	336	0	0	0	0
96	0	0	790	632	827	335	0	0	0	0
97	0	0	789	630	828	334	0	0	0	0
98	0	0	788	628	828	338	0	0	0	0
99	0	0	787	627	828	334	0	0	0	0
100	0	0	787	626	829	334	0	0	0	0
101	0	0	787	624	829	331	0	0	0	0
102	0	0	785	620	829	309	0	0	0	0
103	0	0	783	619	829	331	0	0	0	0
104	0	0	784	617	829	332	0	0	0	0
105	0	0	785	617	829	332	0	0	0	0
106	0	0	783	615	828	335	0	0	0	0
107	0	0	784	614	828	340	0	0	0	0
108	0	0	783	612	828	332	0	0	0	0
109	0	0	783	610	827	327	0	0	0	0
110	0	0	783	608	827	330	0	0	0	0
111	0	0	783	607	826	329	0	0	0	0
112	0	0	783	606	826	336	0	0	0	0
113	0	0	783	606	826	330	0	0	0	0
114	0	0	783	605	823	335	0	0	0	0
115	0	0	784	604	824	338	0	0	0	0
116	0	0	784	604	822	348	0	0	0	0
117	0	0	784	603	821	348	0	0	0	0
118	0	0	783	603	821	344	0	0	0	0
119	0	0	783	602	819	347	0	0	0	0
120	0	0	783	602	818	342	0	0	0	0
121	0	0	784	601	818	340	0	0	0	0
122	0	0	785	600	817	343	0	0	0	0
123	0	0	784	600	816	341	0	0	0	0
124	0	0	785	599	815	335	0	0	0	0
125	0	0	784	600	814	329	0	0	0	0
126	0	0	785	600	813	325	0	0	0	0
127	0	0	786	599	812	326	0	0	0	0
0	0	0	786	599	811	325	0	0	0	0
1	0	0	787	599	811	326	0	0	0	0
2	0	0	789	599	811	322	0	0	0	0
3	0	0	787	599	811	316	0	0	0	0
4	0	0	786	600	810	308	0	0	0	0
5	0	0	787	600	810	302	0	0	0	0
6	0	0	787	599	810	301	0	0	0	0
7	0	0	789	599	810	305	0	0	0	0
8	0	0	789	599	810	309	0	0	0	0
9	0	0	789	600	810	311	0	0	0	0
10	0	0	788	600	810	304	0	0	0	0
11	0	0	788	600	809	302	0	0	0	0
12	0	0	789	601	810	301	0	0	0	0
13	0	0	788	602	809	307	0	0	0	0
14	0	0	788	603	809	314	0	0	0	0
15	0	0	790	603	809	329	0	0	0	0
16	0	0	790	603	809	336	0	0	0	0
17	0	0	791	603	810	337	0	0	0	0
18	0	0	791	603	809	334	0	0	0	0
19	0	0	792	603	810	331	0	0	0	0
20	0	0	793	604	810	329	0	0	0	0
21	0	0	793	604	810	329	0	0	0	0
22	0	0	794	604	811	335	0	0	0	0
23	0	0	794	605	811	338	0	0	0	0
24	0	0	796	605	811	342	0	0	0	0
25	0	0	797	606	812	341	0	0	0	0
26	0	0	797	606	812	344	0	0	0	0
27	0	0	798	608	813	345	0	0	0	0
28	0	0	798	610	813	346	0	0	0	0
29	0	0	797	609	813	347	0	0	0	0
30	0	0	799	611	814	346	0	0	0	0
31	0	0	800	611	815	346	0	0	0	0
32	0	0	802	612	815	349	0	0	0	0
