# bioPlux Text File Format
# Version: 1
# StartDateTime: 2012-03-21 18:02:47
# SamplingFrequency: 1000
# SampledChannels: 1 2 3 4 5 6 7 8
# SamplingResolution: 12
# AcquiringDevice: 00:07:80:93:66:BE
# EndOfHeader
0	0	0	721	559	925	2161	0	0	0	0
1	0	0	722	557	923	2172	0	0	0	0
2	0	0	722	559	925	2189	0	0	0	0
3	0	0	723	559	923	2200	0	0	0	0
4	0	0	724	558	923	2210	0	0	0	0
5	0	0	724	556	923	2212	0	0	0	0
6	0	0	725	557	922	2219	0	0	0	0
7	0	0	725	557	921	2222	0	0	0	0
8	0	0	726	557	920	2230	0	0	0	0
9	0	0	726	557	920	2232	0	0	0	0
10	0	0	726	557	920	2232	0	0	0	0
11	0	0	726	557	919	2238	0	0	0	0
12	0	0	726	558	920	2240	0	0	0	0
13	0	0	726	559	918	2247	0	0	0	0
14	0	0	727	558	919	2250	0	0	0	0
15	0	0	725	559	919	2259	0	0	0	0
16	0	0	727	560	918	2262	0	0	0	0
17	0	0	728	561	918	2269	0	0	0	0
18	0	0	728	562	917	2281	0	0	0	0
19	0	0	729	564	917	2282	0	0	0	0
20	0	0	729	565	915	2289	0	0	0	0
21	0	0	730	567	916	2291	0	0	0	0
22	0	0	730	568	915	2299	0	0	0	0
23	0	0	730	570	915	2308	0	0	0	0
24	0	0	730	571	915	2323	0	0	0	0
25	0	0	729	572	914	2324	0	0	0	0
26	0	0	731	573	913	2331	0	0	0	0
27	0	0	729	573	913	2340	0	0	0	0
28	0	0	729	574	912	2350	0	0	0	0
29	0	0	729	575	913	2358	0	0	0	0
30	0	0	730	575	912	2364	0	0	0	0
31	0	0	731	575	913	2369	0	0	0	0
32	0	0	730	577	912	2373	0	0	0	0
33	0	0	730	578	913	2376	0	0	0	0
34	0	0	731	577	912	2386	0	0	0	0
35	0	0	731	576	911	2396	0	0	0	0
36	0	0	732	576	911	2400	0	0	0	0
37	0	0	731	576	911	2405	0	0	0	0
38	0	0	731	575	912	2413	0	0	0	0
39	0	0	733	574	912	2413	0	0	0	0
40	0	0	734	573	913	2414	0	0	0	0
41	0	0	735	572	915	2413	0	0	0	0
42	0	0	736	571	916	2416	0	0	0	0
43	0	0	736	571	917	2420	0	0	0	0
44	0	0	737	568	918	2429	0	0	0	0
45	0	0	737	568	920	2433	0	0	0	0
46	0	0	738	566	921	2437	0	0	0	0
47	0	0	738	566	923	2435	0	0	0	0
48	0	0	740	565	925	2434	0	0	0	0
49	0	0	739	563	926	2438	0	0	0	0
50	0	0	739	562	928	2444	0	0	0	0
51	0	0	740	561	929	2451	0	0	0	0
52	0	0	741	560	930	2459	0	0	0	0
53	0	0	742	559	932	2464	0	0	0	0
54	0	0	744	558	935	2467	0	0	0	0
55	0	0	744	557	935	2467	0	0	0	0
56	0	0	744	556	937	2465	0	0	0	0
57	0	0	745	554	940	2464	0	0	0	0
58	0	0	745	552	940	2472	0	0	0	0
59	0	0	745	551	943	2475	0	0	0	0
60	0	0	746	551	944	2476	0	0	0	0
61	0	0	746	547	945	2474	0	0	0	0
62	0	0	746	547	946	2475	0	0	0	0
63	0	0	747	546	946	2476	0	0	0	0
64	0	0	747	545	947	2479	0	0	0	0
65	0	0	748	543	949	2488	0	0	0	0
66	0	0	749	542	949	2496	0	0	0	0
67	0	0	750	541	949	2504	0	0	0	0
68	0	0	750	541	950	2511	0	0	0	0
69	0	0	749	541	949	2513	0	0	0	0
70	0	0	749	541	951	2517	0	0	0	0
71	0	0	748	539	952	2522	0	0	0	0
72	0	0	748	541	951	2538	0	0	0	0
73	0	0	745	540	951	2547	0	0	0	0
74	0	0	744	542	953	2553	0	0	0	0
75	0	0	744	541	953	2561	0	0	0	0
76	0	0	743	542	954	2563	0	0	0	0
77	0	0	741	542	954	2568	0	0	0	0
78	0	0	740	541	954	2572	0	0	0	0
79	0	0	738	541	955	2575	0	0	0	0
80	0	0	736	542	955	2574	0	0	0	0
81	0	0	737	541	956	2576	0	0	0	0
82	0	0	735	542	956	2576	0	0	0	0
83	0	0	734	542	956	2575	0	0	0	0
84	0	0	733	541	957	2576	0	0	0	0
85	0	0	731	540	957	2579	0	0	0	0
86	0	0	729	539	958	2581	0	0	0	0
87	0	0	729	540	959	2592	0	0	0	0
88	0	0	727	538	960	2592	0	0	0	0
89	0	0	726	538	960	2595	0	0	0	0
90	0	0	724	536	961	2598	0	0	0	0
91	0	0	724	537	962	2604	0	0	0	0
92	0	0	722	536	962	2610	0	0	0	0
93	0	0	721	535	963	2614	0	0	0	0
94	0	0	720	534	964	2615	0	0	0	0
95	0	0	719	534	964	2620	0	0	0	0
96	0	0	718	533	965	2628	0	0	0	0
97	0	0	716	532	966	2630	0	0	0	0
98	0	0	716	532	966	2633	0	0	0	0
99	0	0	715	531	967	2639	0	0	0	0
100	0	0	714	531	965	2642	0	0	0	0
101	0	0	715	531	966	2644	0	0	0	0
102	0	0	714	531	966	2648	0	0	0	0
103	0	0	714	531	966	2652	0	0	0	0
104	0	0	713	531	966	2648	0	0	0	0
105	0	0	713	531	966	2650	0	0	0	0
106	0	0	714	531	966	2654	0	0	0	0
107	0	0	711	531	966	2658	0	0	0	0
108	0	0	712	530	965	2659	0	0	0	0
109	0	0	713	530	964	2659	0	0	0	0
110	0	0	712	531	965	2660	0	0	0	0
111	0	0	712	531	965	2667	0	0	0	0
112	0	0	711	531	964	2667	0	0	0	0
113	0	0	711	531	964	2671	0	0	0	0
114	0	0	710	530	963	2672	0	0	0	0
115	0	0	710	530	963	2674	0	0	0	0
116	0	0	709	530	964	2679	0	0	0	0
117	0	0	708	530	963	2689	0	0	0	0
118	0	0	707	529	964	2695	0	0	0	0
119	0	0	706	529	964	2702	0	0	0	0
120	0	0	707	529	966	2707	0	0	0	0
121	0	0	707	528	965	2710	0	0	0	0
122	0	0	708	528	966	2711	0	0	0	0
123	0	0	709	527	967	2713	0	0	0	0
124	0	0	708	527	967	2718	0	0	0	0
125	0	0	709	527	967	2715	0	0	0	0
126	0	0	708	525	968	2717	0	0	0	0
127	0	0	707	526	969	2724	0	0	0	0
0	0	0	707	527	968	2728	0	0	0	0
1	0	0	706	527	969	2731	0	0	0	0
2	0	0	708	528	969	2735	0	0	0	0
3	0	0	708	528	969	2739	0	0	0	0
4	0	0	708	527	969	2740	0	0	0	0
5	0	0	707	527	971	2749	0	0	0	0
6	0	0	707	527	971	2756	0	0	0	0
7	0	0	707	527	972	2758	0	0	0	0
8	0	0	707	525	972	2764	0	0	0	0
9	0	0	705	525	974	2769	0	0	0	0
10	0	0	705	524	975	2773	0	0	0	0
11	0	0	702	523	975	2773	0	0	0	0
12	0	0	703	523	976	2778	0	0	0	0
13	0	0	702	524	978	2782	0	0	0	0
14	0	0	701	525	979	2786	0	0	0	0
15	0	0	701	524	978	2791	0	0	0	0
16	0	0	701	524	979	2794	0	0	0	0
17	0	0	702	524	979	2798	0	0	0	0
18	0	0	702	523	979	2803	0	0	0	0
19	0	0	704	523	980	2809	0	0	0	0
20	0	0	704	524	981	2817	0	0	0	0
21	0	0	704	523	980	2824	0	0	0	0
22	0	0	705	524	980	2830	0	0	0	0
23	0	0	707	524	980	2840	0	0	0	0
24	0	0	709	524	980	2845	0	0	0	0
25	0	0	711	525	979	2846	0	0	0	0
26	0	0	712	526	980	2847	0	0	0	0
27	0	0	713	526	980	2849	0	0	0	0
28	0	0	715	527	981	2855	0	0	0	0
29	0	0	715	527	981	2865	0	0	0	0
30	0	0	717	528	982	2868	0	0	0	0
31	0	0	717	529	982	2875	0	0	0	0
32	0	0	718	530	983	2878	0	0	0	0
33	0	0	720	530	984	2880	0	0	0	0
34	0	0	721	531	984	2882	0	0	0	0
35	0	0	722	532	986	2887	0	0	0	0
36	0	0	723	533	986	2887	0	0	0	0
37	0	0	725	534	987	2890	0	0	0	0
38	0	0	725	534	988	2893	0	0	0	0
39	0	0	727	535	988	2903	0	0	0	0
40	0	0	726	536	988	2906	0	0	0	0
41	0	0	727	538	990	2911	0	0	0	0
42	0	0	727	537	990	2914	0	0	0	0
43	0	0	727	539	991	2921	0	0	0	0
44	0	0	728	538	992	2925	0	0	0	0
45	0	0	727	540	992	2928	0	0	0	0
46	0	0	726	541	993	2931	0	0	0	0
47	0	0	727	540	994	2932	0	0	0	0
48	0	0	728	540	992	2930	0	0	0	0
49	0	0	728	540	994	2935	0	0	0	0
50	0	0	729	541	994	2938	0	0	0	0
51	0	0	730	542	993	2941	0	0	0	0
52	0	0	729	542	992	2942	0	0	0	0
53	0	0	730	542	992	2943	0	0	0	0
54	0	0	730	543	992	2941	0	0	0	0
55	0	0	731	544	991	2942	0	0	0	0
56	0	0	729	545	990	2942	0	0	0	0
57	0	0	729	547	988	2944	0	0	0	0
58	0	0	727	550	986	2946	0	0	0	0
59	0	0	727	551	984	2952	0	0	0	0
60	0	0	726	552	982	2953	0	0	0	0
61	0	0	726	554	981	2955	0	0	0	0
62	0	0	727	557	980	2952	0	0	0	0
63	0	0	725	557	979	2957	0	0	0	0
64	0	0	724	558	977	2957	0	0	0	0
65	0	0	723	560	976	2955	0	0	0	0
66	0	0	722	562	974	2954	0	0	0	0
67	0	0	720	563	973	2952	0	0	0	0
68	0	0	719	565	972	2950	0	0	0	0
69	0	0	720	566	971	2940	0	0	0	0
70	0	0	719	566	968	2940	0	0	0	0
71	0	0	716	568	966	2941	0	0	0	0
72	0	0	717	569	965	2943	0	0	0	0
73	0	0	716	569	962	2947	0	0	0	0
74	0	0	717	570	960	2934	0	0	0	0
75	0	0	718	571	957	2925	0	0	0	0
76	0	0	721	572	955	2918	0	0	0	0
77	0	0	722	574	952	2909	0	0	0	0
78	0	0	725	575	949	2907	0	0	0	0
79	0	0	726	576	947	2907	0	0	0	0
80	0	0	729	577	943	2911	0	0	0	0
81	0	0	731	579	940	2909	0	0	0	0
82	0	0	731	582	937	2904	0	0	0	0
83	0	0	733	585	935	2887	0	0	0	0
84	0	0	735	586	931	2884	0	0	0	0
85	0	0	738	587	930	2879	0	0	0	0
86	0	0	740	589	927	2872	0	0	0	0
87	0	0	742	591	925	2865	0	0	0	0
88	0	0	744	593	923	2855	0	0	0	0
89	0	0	744	594	920	2836	0	0	0	0
90	0	0	746	596	918	2836	0	0	0	0
91	0	0	746	598	916	2830	0	0	0	0
92	0	0	747	601	915	2822	0	0	0	0
93	0	0	746	603	913	2803	0	0	0	0
94	0	0	747	605	912	2775	0	0	0	0
95	0	0	748	608	909	2759	0	0	0	0
96	0	0	749	609	907	2741	0	0	0	0
97	0	0	750	611	906	2722	0	0	0	0
98	0	0	752	613	904	2721	0	0	0	0
99	0	0	751	617	903	2715	0	0	0	0
100	0	0	753	618	901	2698	0	0	0	0
101	0	0	754	619	898	2671	0	0	0	0
102	0	0	755	621	896	2659	0	0	0	0
103	0	0	756	624	892	2642	0	0	0	0
104	0	0	754	626	891	2637	0	0	0	0
105	0	0	756	628	888	2621	0	0	0	0
106	0	0	755	631	885	2609	0	0	0	0
107	0	0	755	634	882	2569	0	0	0	0
108	0	0	756	636	880	2547	0	0	0	0
109	0	0	756	639	877	2522	0	0	0	0
110	0	0	756	643	875	2500	0	0	0	0
111	0	0	756	643	872	2461	0	0	0	0
112	0	0	758	647	868	2422	0	0	0	0
113	0	0	758	650	866	2378	0	0	0	0
114	0	0	758	652	863	2345	0	0	0	0
115	0	0	759	656	861	2292	0	0	0	0
116	0	0	760	657	858	2263	0	0	0	0
117	0	0	762	658	855	2227	0	0	0	0
118	0	0	763	661	853	2174	0	0	0	0
119	0	0	763	663	849	2107	0	0	0	0
120	0	0	764	667	847	2062	0	0	0	0
121	0	0	764	669	844	1979	0	0	0	0
122	0	0	765	672	841	1913	0	0	0	0
123	0	0	767	674	840	1843	0	0	0	0
124	0	0	767	678	837	1736	0	0	0	0
125	0	0	770	681	835	1556	0	0	0	0
126	0	0	771	684	834	1478	0	0	0	0
127	0	0	773	686	831	1351	0	0	0	0
0	0	0	774	689	830	1253	0	0	0	0
1	0	0	773	692	829	1221	0	0	0	0
2	0	0	773	694	829	1112	0	0	0	0
3	0	0	773	697	827	1023	0	0	0	0
4	0	0	770	700	828	914	0	0	0	0
5	0	0	768	703	826	802	0	0	0	0
6	0	0	766	707	825	701	0	0	0	0
7	0	0	765	709	825	626	0	0	0	0
8	0	0	764	712	824	590	0	0	0	0
9	0	0	762	716	824	570	0	0	0	0
10	0	0	761	719	823	514	0	0	0	0
11	0	0	757	723	823	453	0	0	0	0
12	0	0	758	727	825	421	0	0	0	0
13	0	0	756	730	824	413	0	0	0	0
14	0	0	756	733	824	436	0	0	0	0
15	0	0	755	737	824	431	0	0	0	0
16	0	0	754	739	823	430	0	0	0	0
17	0	0	751	742	823	437	0	0	0	0
18	0	0	748	748	823	438	0	0	0	0
19	0	0	746	752	825	445	0	0	0	0
20	0	0	744	757	823	423	0	0	0	0
21	0	0	744	761	822	417	0	0	0	0
22	0	0	740	767	821	396	0	0	0	0
23	0	0	738	772	820	401	0	0	0	0
24	0	0	738	776	819	404	0	0	0	0
25	0	0	739	780	817	376	0	0	0	0
26	0	0	739	784	816	359	0	0	0	0
27	0	0	740	790	813	343	0	0	0	0
28	0	0	741	795	812	263	0	0	0	0
29	0	0	741	800	809	205	0	0	0	0
30	0	0	741	804	807	201	0	0	0	0
31	0	0	742	810	806	200	0	0	0	0
32	0	0	742	816	802	197	0	0	0	0
33	0	0	742	822	800	195	0	0	0	0
34	0	0	743	829	798	184	0	0	0	0
35	0	0	743	835	796	189	0	0	0	0
36	0	0	744	841	792	174	0	0	0	0
37	0	0	746	849	790	176	0	0	0	0
38	0	0	747	855	786	173	0	0	0	0
39	0	0	749	863	783	165	0	0	0	0
40	0	0	751	870	781	156	0	0	0	0
41	0	0	753	877	776	159	0	0	0	0
42	0	0	754	884	772	163	0	0	0	0
43	0	0	757	892	766	160	0	0	0	0
44	0	0	760	901	762	154	0	0	0	0
45	0	0	762	907	756	137	0	0	0	0
46	0	0	764	915	751	135	0	0	0	0
47	0	0	767	922	746	127	0	0	0	0
48	0	0	770	930	741	118	0	0	0	0
49	0	0	773	938	736	113	0	0	0	0
50	0	0	775	945	732	112	0	0	0	0
51	0	0	775	953	727	125	0	0	0	0
52	0	0	778	960	722	125	0	0	0	0
53	0	0	779	966	719	122	0	0	0	0
54	0	0	781	971	715	125	0	0	0	0
55	0	0	782	976	712	121	0	0	0	0
56	0	0	783	980	709	129	0	0	0	0
57	0	0	784	983	706	134	0	0	0	0
58	0	0	784	986	703	124	0	0	0	0
59	0	0	784	988	700	134	0	0	0	0
60	0	0	785	991	698	120	0	0	0	0
61	0	0	786	993	697	133	0	0	0	0
62	0	0	786	993	696	139	0	0	0	0
63	0	0	788	995	696	135	0	0	0	0
64	0	0	790	996	698	119	0	0	0	0
65	0	0	793	997	696	111	0	0	0	0
66	0	0	795	997	697	107	0	0	0	0
67	0	0	798	997	696	106	0	0	0	0
68	0	0	802	998	696	103	0	0	0	0
69	0	0	804	996	697	94	0	0	0	0
70	0	0	805	997	699	100	0	0	0	0
71	0	0	808	996	701	103	0	0	0	0
72	0	0	810	994	702	109	0	0	0	0
73	0	0	812	993	705	110	0	0	0	0
74	0	0	813	989	708	117	0	0	0	0
75	0	0	813	986	710	121	0	0	0	0
76	0	0	813	983	714	130	0	0	0	0
77	0	0	811	977	717	132	0	0	0	0
78	0	0	810	973	721	139	0	0	0	0
79	0	0	808	969	723	121	0	0	0	0
80	0	0	806	964	727	118	0	0	0	0
81	0	0	803	958	731	122	0	0	0	0
82	0	0	800	952	734	124	0	0	0	0
83	0	0	796	945	736	122	0	0	0	0
84	0	0	793	938	738	114	0	0	0	0
85	0	0	789	931	741	106	0	0	0	0
86	0	0	784	922	744	105	0	0	0	0
87	0	0	781	914	747	100	0	0	0	0
88	0	0	776	907	749	97	0	0	0	0
89	0	0	771	901	751	90	0	0	0	0
90	0	0	768	896	752	81	0	0	0	0
91	0	0	763	891	754	80	0	0	0	0
92	0	0	759	885	755	79	0	0	0	0
93	0	0	754	880	756	77	0	0	0	0
94	0	0	750	877	758	81	0	0	0	0
95	0	0	749	874	759	86	0	0	0	0
96	0	0	746	871	758	87	0	0	0	0
97	0	0	745	868	759	89	0	0	0	0
98	0	0	745	867	759	91	0	0	0	0
99	0	0	744	865	759	94	0	0	0	0
100	0	0	745	863	757	92	0	0	0	0
101	0	0	744	862	756	97	0	0	0	0
102	0	0	746	862	756	99	0	0	0	0
103	0	0	747	860	755	99	0	0	0	0
104	0	0	749	859	755	93	0	0	0	0
105	0	0	750	858	755	85	0	0	0	0
106	0	0	751	856	755	82	0	0	0	0
107	0	0	754	854	755	78	0	0	0	0
108	0	0	756	853	756	73	0	0	0	0
109	0	0	759	850	758	69	0	0	0	0
110	0	0	762	848	756	70	0	0	0	0
111	0	0	762	844	758	72	0	0	0	0
112	0	0	767	839	760	72	0	0	0	0
113	0	0	771	834	762	74	0	0	0	0
114	0	0	774	830	763	77	0	0	0	0
115	0	0	775	825	765	83	0	0	0	0
116	0	0	778	822	765	84	0	0	0	0
117	0	0	778	819	766	88	0	0	0	0
118	0	0	779	818	766	91	0	0	0	0
119	0	0	778	817	766	93	0	0	0	0
120	0	0	778	816	764	91	0	0	0	0
121	0	0	779	815	763	95	0	0	0	0
122	0	0	779	814	763	99	0	0	0	0
123	0	0	780	814	763	98	0	0	0	0
124	0	0	781	812	763	93	0	0	0	0
125	0	0	782	809	765	84	0	0	0	0
126	0	0	780	804	767	82	0	0	0	0
127	0	0	778	799	769	78	0	0	0	0
0	0	0	776	796	772	73	0	0	0	0
1	0	0	774	794	774	70	0	0	0	0
2	0	0	773	790	777	71	0	0	0	0
3	0	0	772	787	779	73	0	0	0	0
4	0	0	771	785	782	73	0	0	0	0
5	0	0	768	781	783	75	0	0	0	0
6	0	0	765	778	784	78	0	0	0	0
7	0	0	765	777	787	84	0	0	0	0
8	0	0	764	773	790	86	0	0	0	0
9	0	0	764	770	790	89	0	0	0	0
10	0	0	764	767	793	90	0	0	0	0
11	0	0	764	764	794	94	0	0	0	0
12	0	0	765	761	796	91	0	0	0	0
13	0	0	766	757	799	94	0	0	0	0
14	0	0	767	755	801	97	0	0	0	0
15	0	0	769	749	803	96	0	0	0	0
16	0	0	772	748	805	91	0	0	0	0
17	0	0	773	746	808	82	0	0	0	0
18	0	0	775	742	809	79	0	0	0	0
19	0	0	777	739	811	73	0	0	0	0
20	0	0	780	737	813	70	0	0	0	0
21	0	0	780	736	814	65	0	0	0	0
22	0	0	781	733	813	67	0	0	0	0
23	0	0	781	732	813	69	0	0	0	0
24	0	0	784	731	813	69	0	0	0	0
25	0	0	785	730	812	71	0	0	0	0
26	0	0	787	728	812	75	0	0	0	0
27	0	0	789	726	813	81	0	0	0	0
28	0	0	789	726	812	82	0	0	0	0
29	0	0	789	725	811	85	0	0	0	0
30	0	0	791	724	811	87	0	0	0	0
31	0	0	792	723	812	90	0	0	0	0
32	0	0	793	722	812	88	0	0	0	0
33	0	0	794	721	811	95	0	0	0	0
34	0	0	794	721	812	96	0	0	0	0
35	0	0	795	721	812	95	0	0	0	0
36	0	0	797	720	812	90	0	0	0	0
37	0	0	798	720	813	81	0	0	0	0
38	0	0	797	719	812	79	0	0	0	0
39	0	0	799	720	813	74	0	0	0	0
40	0	0	800	719	812	69	0	0	0	0
41	0	0	801	720	812	64	0	0	0	0
42	0	0	801	719	812	67	0	0	0	0
43	0	0	800	720	811	69	0	0	0	0
44	0	0	802	721	811	69	0	0	0	0
45	0	0	804	721	811	71	0	0	0	0
46	0	0	803	721	812	75	0	0	0	0
47	0	0	803	723	809	81	0	0	0	0
48	0	0	803	724	810	82	0	0	0	0
49	0	0	802	723	809	86	0	0	0	0
50	0	0	803	725	807	88	0	0	0	0
51	0	0	802	725	808	91	0	0	0	0
52	0	0	801	728	807	89	0	0	0	0
53	0	0	800	727	806	93	0	0	0	0
54	0	0	800	728	806	97	0	0	0	0
55	0	0	798	728	805	95	0	0	0	0
56	0	0	797	729	803	91	0	0	0	0
57	0	0	798	730	803	82	0	0	0	0
58	0	0	797	731	802	79	0	0	0	0
59	0	0	797	731	801	73	0	0	0	0
60	0	0	796	730	799	70	0	0	0	0
61	0	0	796	730	799	64	0	0	0	0
62	0	0	797	731	797	66	0	0	0	0
63	0	0	798	731	797	69	0	0	0	0
64	0	0	796	732	795	70	0	0	0	0
65	0	0	797	733	793	71	0	0	0	0
66	0	0	798	734	792	75	0	0	0	0
67	0	0	799	735	792	80	0	0	0	0
68	0	0	798	736	789	81	0	0	0	0
69	0	0	799	739	787	86	0	0	0	0
70	0	0	800	741	785	87	0	0	0	0
71	0	0	801	742	783	90	0	0	0	0
72	0	0	803	744	780	87	0	0	0	0
73	0	0	803	745	778	93	0	0	0	0
74	0	0	804	747	776	96	0	0	0	0
75	0	0	806	749	773	94	0	0	0	0
76	0	0	807	749	773	88	0	0	0	0
77	0	0	808	751	770	80	0	0	0	0
78	0	0	809	753	768	79	0	0	0	0
79	0	0	810	754	766	73	0	0	0	0
80	0	0	811	756	763	69	0	0	0	0
81	0	0	813	757	759	68	0	0	0	0
82	0	0	814	759	758	67	0	0	0	0
83	0	0	814	759	756	69	0	0	0	0
84	0	0	816	760	754	70	0	0	0	0
85	0	0	816	763	753	72	0	0	0	0
86	0	0	818	764	750	74	0	0	0	0
87	0	0	818	767	748	80	0	0	0	0
88	0	0	819	766	746	81	0	0	0	0
89	0	0	820	766	744	86	0	0	0	0
90	0	0	820	767	743	88	0	0	0	0
91	0	0	822	769	741	91	0	0	0	0
92	0	0	822	769	740	89	0	0	0	0
93	0	0	822	770	739	94	0	0	0	0
94	0	0	821	770	737	97	0	0	0	0
95	0	0	822	771	735	95	0	0	0	0
96	0	0	822	769	735	89	0	0	0	0
97	0	0	823	771	734	82	0	0	0	0
98	0	0	822	770	733	79	0	0	0	0
99	0	0	822	771	732	74	0	0	0	0
100	0	0	824	771	731	70	0	0	0	0
101	0	0	824	772	731	66	0	0	0	0
102	0	0	823	773	730	67	0	0	0	0
103	0	0	822	774	729	69	0	0	0	0
104	0	0	823	774	727	70	0	0	0	0
105	0	0	824	774	727	70	0	0	0	0
106	0	0	822	775	727	75	0	0	0	0
107	0	0	822	775	726	81	0	0	0	0
108	0	0	821	775	725	81	0	0	0	0
109	0	0	821	776	725	85	0	0	0	0
110	0	0	821	775	725	87	0	0	0	0
111	0	0	821	776	725	90	0	0	0	0
112	0	0	820	776	724	88	0	0	0	0
113	0	0	821	778	724	92	0	0	0	0
114	0	0	820	779	725	96	0	0	0	0
115	0	0	819	779	723	93	0	0	0	0
116	0	0	820	780	724	89	0	0	0	0
117	0	0	820	781	722	80	0	0	0	0
118	0	0	819	783	723	79	0	0	0	0
119	0	0	818	783	723	72	0	0	0	0
120	0	0	818	783	723	68	0	0	0	0
121	0	0	818	784	724	64	0	0	0	0
122	0	0	818	785	723	65	0	0	0	0
123	0	0	816	786	724	68	0	0	0	0
124	0	0	815	787	724	69	0	0	0	0
125	0	0	814	786	725	69	0	0	0	0
126	0	0	814	787	725	73	0	0	0	0
127	0	0	814	788	726	79	0	0	0	0
0	0	0	814	788	727	79	0	0	0	0
1	0	0	813	788	727	83	0	0	0	0
2	0	0	814	788	728	84	0	0	0	0
3	0	0	812	789	729	87	0	0	0	0
4	0	0	810	789	729	84	0	0	0	0
5	0	0	810	790	731	90	0	0	0	0
6	0	0	809	789	731	92	0	0	0	0
7	0	0	809	790	732	91	0	0	0	0
8	0	0	809	790	733	85	0	0	0	0
9	0	0	808	791	734	77	0	0	0	0
10	0	0	807	791	735	75	0	0	0	0
11	0	0	806	790	737	69	0	0	0	0
12	0	0	805	791	738	65	0	0	0	0
13	0	0	804	791	739	58	0	0	0	0
14	0	0	804	791	741	62	0	0	0	0
15	0	0	803	792	742	66	0	0	0	0
16	0	0	804	793	744	65	0	0	0	0
17	0	0	804	794	744	67	0	0	0	0
18	0	0	804	793	746	72	0	0	0	0
19	0	0	803	794	747	78	0	0	0	0
20	0	0	802	794	748	77	0	0	0	0
21	0	0	802	794	749	81	0	0	0	0
22	0	0	802	793	751	82	0	0	0	0
23	0	0	802	794	753	85	0	0	0	0
24	0	0	801	793	752	84	0	0	0	0
25	0	0	802	794	753	89	0	0	0	0
26	0	0	803	792	754	91	0	0	0	0
27	0	0	803	791	755	89	0	0	0	0
28	0	0	802	791	755	83	0	0	0	0
29	0	0	803	790	756	75	0	0	0	0
30	0	0	805	789	757	74	0	0	0	0
31	0	0	804	788	759	68	0	0	0	0
32	0	0	806	787	759	63	0	0	0	0
33	0	0	804	787	760	60	0	0	0	0
34	0	0	806	785	761	61	0	0	0	0
35	0	0	806	784	761	64	0	0	0	0
36	0	0	805	783	763	62	0	0	0	0
37	0	0	805	782	765	62	0	0	0	0
38	0	0	804	782	766	67	0	0	0	0
39	0	0	803	781	767	71	0	0	0	0
40	0	0	803	781	769	72	0	0	0	0
41	0	0	803	780	769	76	0	0	0	0
42	0	0	804	780	770	77	0	0	0	0
43	0	0	804	779	771	79	0	0	0	0
44	0	0	802	781	772	77	0	0	0	0
45	0	0	802	779	772	83	0	0	0	0
46	0	0	803	781	773	84	0	0	0	0
47	0	0	805	780	774	84	0	0	0	0
48	0	0	806	779	775	77	0	0	0	0
49	0	0	806	780	773	71	0	0	0	0
50	0	0	806	780	777	68	0	0	0	0
51	0	0	807	780	777	62	0	0	0	0
52	0	0	806	781	778	58	0	0	0	0
53	0	0	806	780	779	54	0	0	0	0
54	0	0	806	780	780	55	0	0	0	0
55	0	0	805	780	781	57	0	0	0	0
56	0	0	805	781	782	55	0	0	0	0
57	0	0	804	781	782	56	0	0	0	0
58	0	0	805	781	784	58	0	0	0	0
59	0	0	805	781	785	62	0	0	0	0
60	0	0	806	781	786	62	0	0	0	0
61	0	0	807	781	786	64	0	0	0	0
62	0	0	805	782	786	63	0	0	0	0
63	0	0	805	781	788	63	0	0	0	0
64	0	0	806	782	789	58	0	0	0	0
65	0	0	806	780	790	60	0	0	0	0
66	0	0	807	781	790	58	0	0	0	0
67	0	0	807	781	790	51	0	0	0	0
68	0	0	807	781	791	37	0	0	0	0
69	0	0	807	781	791	18	0	0	0	0
70	0	0	806	781	791	1	0	0	0	0
71	0	0	806	779	790	298	0	0	0	0
72	0	0	806	779	791	733	0	0	0	0
73	0	0	806	779	791	734	0	0	0	0
74	0	0	806	779	792	823	0	0	0	0
75	0	0	806	778	792	731	0	0	0	0
76	0	0	806	779	792	826	0	0	0	0
77	0	0	805	778	793	906	0	0	0	0
78	0	0	803	778	794	859	0	0	0	0
79	0	0	802	779	793	842	0	0	0	0
80	0	0	802	782	794	837	0	0	0	0
81	0	0	799	782	795	842	0	0	0	0
82	0	0	796	786	795	786	0	0	0	0
83	0	0	792	788	796	779	0	0	0	0
84	0	0	786	790	795	739	0	0	0	0
85	0	0	778	791	795	689	0	0	0	0
86	0	0	773	793	793	667	0	0	0	0
87	0	0	767	793	793	669	0	0	0	0
88	0	0	766	792	794	655	0	0	0	0
89	0	0	764	790	794	670	0	0	0	0
90	0	0	760	788	794	641	0	0	0	0
91	0	0	753	788	796	540	0	0	0	0
92	0	0	744	788	799	470	0	0	0	0
93	0	0	740	788	802	301	0	0	0	0
94	0	0	737	787	804	223	0	0	0	0
95	0	0	733	786	806	176	0	0	0	0
96	0	0	731	786	807	148	0	0	0	0
97	0	0	729	786	809	115	0	0	0	0
98	0	0	732	787	811	77	0	0	0	0
99	0	0	734	789	812	73	0	0	0	0
100	0	0	735	790	814	67	0	0	0	0
101	0	0	737	790	814	74	0	0	0	0
102	0	0	738	793	815	69	0	0	0	0
103	0	0	739	794	817	62	0	0	0	0
104	0	0	738	797	820	60	0	0	0	0
105	0	0	737	800	824	59	0	0	0	0
106	0	0	736	807	833	57	0	0	0	0
107	0	0	736	820	851	41	0	0	0	0
108	0	0	730	842	869	56	0	0	0	0
109	0	0	721	868	889	57	0	0	0	0
110	0	0	697	906	910	64	0	0	0	0
111	0	0	649	947	920	65	0	0	0	0
112	0	0	597	985	918	70	0	0	0	0
113	0	0	515	1016	918	82	0	0	0	0
114	0	0	391	1040	920	91	0	0	0	0
115	0	0	256	1046	923	83	0	0	0	0
116	0	0	165	1023	936	81	0	0	0	0
117	0	0	111	976	969	78	0	0	0	0
118	0	0	78	918	1026	45	0	0	0	0
119	0	0	58	856	1101	47	0	0	0	0
120	0	0	77	801	1176	35	0	0	0	0
121	0	0	142	767	1242	1	0	0	0	0
122	0	0	206	758	1287	0	0	0	0	0
123	0	0	246	765	1310	9	0	0	0	0
124	0	0	267	770	1323	4	0	0	0	0
125	0	0	275	779	1339	0	0	0	0	0
126	0	0	278	789	1355	0	0	0	0	0
127	0	0	297	794	1359	0	0	0	0	0
0	0	0	360	795	1350	0	0	0	0	0
1	0	0	485	784	1340	8	0	0	0	0
2	0	0	651	765	1331	43	0	0	0	0
3	0	0	828	736	1309	92	0	0	0	0
4	0	0	984	697	1286	123	0	0	0	0
5	0	0	1083	642	1267	127	0	0	0	0
6	0	0	1132	570	1249	119	0	0	0	0
7	0	0	1151	488	1227	294	0	0	0	0
8	0	0	1151	411	1189	264	0	0	0	0
9	0	0	1137	345	1153	350	0	0	0	0
10	0	0	1110	292	1103	480	0	0	0	0
11	0	0	1079	255	1060	464	0	0	0	0
12	0	0	1051	220	1032	521	0	0	0	0
13	0	0	1049	180	1012	613	0	0	0	0
14	0	0	1066	137	999	562	0	0	0	0
15	0	0	1091	94	992	736	0	0	0	0
16	0	0	1118	70	978	717	0	0	0	0
17	0	0	1120	52	967	709	0	0	0	0
18	0	0	1144	42	962	844	0	0	0	0
19	0	0	1143	36	940	867	0	0	0	0
20	0	0	1129	39	924	915	0	0	0	0
21	0	0	1097	50	916	951	0	0	0	0
22	0	0	1059	43	922	946	0	0	0	0
23	0	0	1018	40	932	994	0	0	0	0
24	0	0	963	42	942	941	0	0	0	0
25	0	0	904	39	959	983	0	0	0	0
26	0	0	842	35	982	1015	0	0	0	0
27	0	0	790	30	999	1018	0	0	0	0
28	0	0	739	29	1010	1051	0	0	0	0
29	0	0	695	28	1020	1128	0	0	0	0
30	0	0	662	29	1028	1100	0	0	0	0
31	0	0	638	29	1037	1091	0	0	0	0
32	0	0	617	27	1047	1115	0	0	0	0
33	0	0	606	27	1061	1159	0	0	0	0
34	0	0	602	26	1077	1178	0	0	0	0
35	0	0	611	26	1091	1179	0	0	0	0
36	0	0	629	27	1103	1174	0	0	0	0
37	0	0	653	27	1114	1162	0	0	0	0
38	0	0	680	28	1127	1168	0	0	0	0
39	0	0	708	29	1141	1160	0	0	0	0
40	0	0	728	31	1150	1150	0	0	0	0
41	0	0	744	34	1160	1126	0	0	0	0
42	0	0	753	37	1171	1115	0	0	0	0
43	0	0	755	41	1183	1119	0	0	0	0
44	0	0	752	49	1194	1123	0	0	0	0
45	0	0	746	61	1202	1126	0	0	0	0
46	0	0	738	78	1211	1132	0	0	0	0
47	0	0	729	94	1217	1131	0	0	0	0
48	0	0	718	114	1222	1124	0	0	0	0
49	0	0	711	136	1221	1127	0	0	0	0
50	0	0	707	155	1217	1132	0	0	0	0
51	0	0	705	178	1209	1133	0	0	0	0
52	0	0	707	199	1198	1141	0	0	0	0
53	0	0	714	225	1184	1149	0	0	0	0
54	0	0	723	250	1167	1157	0	0	0	0
55	0	0	732	276	1148	1163	0	0	0	0
56	0	0	741	301	1128	1164	0	0	0	0
57	0	0	749	327	1106	1165	0	0	0	0
58	0	0	749	354	1081	1162	0	0	0	0
59	0	0	761	376	1060	1165	0	0	0	0
60	0	0	770	397	1039	1163	0	0	0	0
61	0	0	777	418	1016	1174	0	0	0	0
62	0	0	786	435	997	1186	0	0	0	0
63	0	0	794	451	980	1198	0	0	0	0
64	0	0	802	466	965	1193	0	0	0	0
65	0	0	810	476	952	1195	0	0	0	0
66	0	0	818	483	938	1198	0	0	0	0
67	0	0	826	489	927	1204	0	0	0	0
68	0	0	832	501	915	1207	0	0	0	0
69	0	0	840	508	906	1207	0	0	0	0
70	0	0	843	516	896	1209	0	0	0	0
71	0	0	845	522	887	1219	0	0	0	0
72	0	0	846	532	879	1225	0	0	0	0
73	0	0	841	540	872	1224	0	0	0	0
74	0	0	839	548	865	1227	0	0	0	0
75	0	0	839	551	859	1229	0	0	0	0
76	0	0	837	554	857	1229	0	0	0	0
77	0	0	836	555	854	1227	0	0	0	0
78	0	0	835	559	853	1221	0	0	0	0
79	0	0	836	561	851	1219	0	0	0	0
80	0	0	836	563	849	1214	0	0	0	0
81	0	0	837	567	847	1206	0	0	0	0
82	0	0	839	568	847	1199	0	0	0	0
83	0	0	840	571	846	1182	0	0	0	0
84	0	0	840	572	846	1181	0	0	0	0
85	0	0	842	574	845	1186	0	0	0	0
86	0	0	842	577	844	1192	0	0	0	0
87	0	0	842	584	842	1178	0	0	0	0
88	0	0	841	591	842	1170	0	0	0	0
89	0	0	837	598	843	1154	0	0	0	0
90	0	0	833	606	843	1139	0	0	0	0
91	0	0	829	614	846	1136	0	0	0	0
92	0	0	822	621	847	1103	0	0	0	0
93	0	0	817	629	850	1084	0	0	0	0
94	0	0	810	635	851	1073	0	0	0	0
95	0	0	800	641	852	1067	0	0	0	0
96	0	0	790	649	853	1051	0	0	0	0
97	0	0	782	653	853	1042	0	0	0	0
98	0	0	775	657	852	1038	0	0	0	0
99	0	0	770	663	849	1027	0	0	0	0
100	0	0	766	670	846	1014	0	0	0	0
101	0	0	762	676	839	1006	0	0	0	0
102	0	0	758	681	834	1006	0	0	0	0
103	0	0	756	686	830	994	0	0	0	0
104	0	0	756	689	825	980	0	0	0	0
105	0	0	756	691	821	960	0	0	0	0
106	0	0	755	692	817	937	0	0	0	0
107	0	0	757	692	813	937	0	0	0	0
108	0	0	757	691	809	913	0	0	0	0
109	0	0	759	689	806	905	0	0	0	0
110	0	0	761	688	804	873	0	0	0	0
111	0	0	764	687	801	856	0	0	0	0
112	0	0	766	684	800	851	0	0	0	0
113	0	0	769	681	800	853	0	0	0	0
114	0	0	773	680	798	847	0	0	0	0
115	0	0	774	680	798	841	0	0	0	0
116	0	0	776	679	797	795	0	0	0	0
117	0	0	776	679	800	773	0	0	0	0
118	0	0	777	680	800	764	0	0	0	0
119	0	0	778	680	800	774	0	0	0	0
120	0	0	779	679	801	767	0	0	0	0
121	0	0	781	676	805	756	0	0	0	0
122	0	0	782	674	808	747	0	0	0	0
123	0	0	784	670	811	712	0	0	0	0
124	0	0	784	666	816	669	0	0	0	0
125	0	0	783	662	821	667	0	0	0	0
126	0	0	781	659	826	672	0	0	0	0
127	0	0	779	655	830	675	0	0	0	0
0	0	0	778	650	836	668	0	0	0	0
1	0	0	777	644	841	641	0	0	0	0
2	0	0	773	640	846	636	0	0	0	0
3	0	0	773	631	852	635	0	0	0	0
4	0	0	770	625	856	628	0	0	0	0
5	0	0	770	617	862	643	0	0	0	0
6	0	0	768	610	867	637	0	0	0	0
7	0	0	765	603	871	632	0	0	0	0
8	0	0	761	595	876	626	0	0	0	0
9	0	0	757	589	880	627	0	0	0	0
10	0	0	752	584	884	619	0	0	0	0
11	0	0	748	582	888	604	0	0	0	0
12	0	0	743	580	891	587	0	0	0	0
13	0	0	739	579	894	568	0	0	0	0
14	0	0	736	578	898	546	0	0	0	0
15	0	0	735	578	901	529	0	0	0	0
16	0	0	735	577	902	489	0	0	0	0
17	0	0	734	578	905	487	0	0	0	0
18	0	0	737	578	907	480	0	0	0	0
19	0	0	740	579	910	475	0	0	0	0
20	0	0	741	579	910	465	0	0	0	0
21	0	0	743	581	912	443	0	0	0	0
22	0	0	745	583	913	413	0	0	0	0
23	0	0	747	585	915	385	0	0	0	0
24	0	0	747	586	916	397	0	0	0	0
25	0	0	750	588	917	387	0	0	0	0
26	0	0	751	588	919	400	0	0	0	0
27	0	0	751	588	921	389	0	0	0	0
28	0	0	751	590	922	375	0	0	0	0
29	0	0	753	592	924	354	0	0	0	0
30	0	0	754	591	925	356	0	0	0	0
31	0	0	755	592	927	348	0	0	0	0
32	0	0	757	594	928	367	0	0	0	0
33	0	0	757	594	929	354	0	0	0	0
34	0	0	757	595	931	325	0	0	0	0
35	0	0	757	595	932	289	0	0	0	0
36	0	0	758	596	934	285	0	0	0	0
37	0	0	758	599	934	257	0	0	0	0
38	0	0	758	602	934	277	0	0	0	0
39	0	0	756	605	934	252	0	0	0	0
40	0	0	758	608	934	240	0	0	0	0
41	0	0	757	612	934	216	0	0	0	0
42	0	0	757	615	931	230	0	0	0	0
43	0	0	757	619	933	237	0	0	0	0
44	0	0	758	623	931	248	0	0	0	0
45	0	0	756	628	928	250	0	0	0	0
46	0	0	756	632	926	249	0	0	0	0
47	0	0	756	636	923	271	0	0	0	0
48	0	0	757	640	920	263	0	0	0	0
49	0	0	757	644	918	261	0	0	0	0
50	0	0	757	647	915	262	0	0	0	0
51	0	0	757	651	912	260	0	0	0	0
52	0	0	758	655	910	231	0	0	0	0
53	0	0	758	659	907	172	0	0	0	0
54	0	0	758	662	903	154	0	0	0	0
55	0	0	758	665	900	146	0	0	0	0
56	0	0	758	668	898	131	0	0	0	0
57	0	0	759	671	896	116	0	0	0	0
58	0	0	760	674	894	137	0	0	0	0
59	0	0	760	677	892	122	0	0	0	0
60	0	0	761	678	888	125	0	0	0	0
61	0	0	762	680	887	134	0	0	0	0
62	0	0	763	684	884	134	0	0	0	0
63	0	0	764	686	882	139	0	0	0	0
64	0	0	765	688	879	138	0	0	0	0
65	0	0	766	690	876	139	0	0	0	0
66	0	0	767	693	874	139	0	0	0	0
67	0	0	766	695	871	143	0	0	0	0
68	0	0	768	698	869	139	0	0	0	0
69	0	0	770	699	866	146	0	0	0	0
70	0	0	772	703	864	147	0	0	0	0
71	0	0	771	705	861	143	0	0	0	0
72	0	0	771	707	858	140	0	0	0	0
73	0	0	774	709	856	138	0	0	0	0
74	0	0	775	712	853	143	0	0	0	0
75	0	0	775	714	850	155	0	0	0	0
76	0	0	776	717	847	154	0	0	0	0
77	0	0	779	718	846	171	0	0	0	0
78	0	0	780	720	843	168	0	0	0	0
79	0	0	781	721	842	171	0	0	0	0
80	0	0	781	722	839	171	0	0	0	0
81	0	0	782	724	837	174	0	0	0	0
82	0	0	781	724	834	178	0	0	0	0
83	0	0	783	725	832	181	0	0	0	0
84	0	0	784	725	830	188	0	0	0	0
85	0	0	785	725	827	191	0	0	0	0
86	0	0	786	725	826	201	0	0	0	0
87	0	0	785	726	824	204	0	0	0	0
88	0	0	786	725	822	206	0	0	0	0
89	0	0	786	725	818	216	0	0	0	0
90	0	0	786	725	817	224	0	0	0	0
91	0	0	786	727	815	218	0	0	0	0
92	0	0	787	726	813	217	0	0	0	0
93	0	0	786	725	811	224	0	0	0	0
94	0	0	787	725	810	233	0	0	0	0
95	0	0	787	726	808	229	0	0	0	0
96	0	0	788	727	807	219	0	0	0	0
97	0	0	788	726	804	224	0	0	0	0
98	0	0	789	728	803	225	0	0	0	0
99	0	0	789	728	802	227	0	0	0	0
100	0	0	789	728	800	228	0	0	0	0
101	0	0	789	728	799	230	0	0	0	0
102	0	0	788	730	798	238	0	0	0	0
103	0	0	790	731	797	237	0	0	0	0
104	0	0	790	732	796	240	0	0	0	0
105	0	0	790	734	795	239	0	0	0	0
106	0	0	791	736	794	243	0	0	0	0
107	0	0	792	736	794	243	0	0	0	0
108	0	0	793	737	795	247	0	0	0	0
109	0	0	792	738	794	248	0	0	0	0
110	0	0	792	738	794	248	0	0	0	0
111	0	0	791	740	794	248	0	0	0	0
112	0	0	791	741	794	250	0	0	0	0
113	0	0	788	741	793	238	0	0	0	0
114	0	0	789	744	792	236	0	0	0	0
115	0	0	787	745	792	234	0	0	0	0
116	0	0	786	747	791	230	0	0	0	0
117	0	0	786	749	792	231	0	0	0	0
118	0	0	783	750	790	232	0	0	0	0
119	0	0	783	753	791	232	0	0	0	0
120	0	0	781	754	791	233	0	0	0	0
121	0	0	776	755	789	234	0	0	0	0
122	0	0	773	757	788	236	0	0	0	0
123	0	0	772	756	790	233	0	0	0	0
124	0	0	772	755	790	231	0	0	0	0
125	0	0	774	755	790	232	0	0	0	0
126	0	0	776	756	790	229	0	0	0	0
127	0	0	775	758	789	226	0	0	0	0
0	0	0	775	759	789	221	0	0	0	0
1	0	0	773	760	788	221	0	0	0	0
2	0	0	773	761	787	219	0	0	0	0
3	0	0	772	763	788	217	0	0	0	0
4	0	0	769	763	787	215	0	0	0	0
5	0	0	767	764	787	212	0	0	0	0
6	0	0	765	764	787	186	0	0	0	0
7	0	0	763	764	786	176	0	0	0	0
8	0	0	762	764	785	176	0	0	0	0
9	0	0	760	765	785	176	0	0	0	0
10	0	0	759	766	784	188	0	0	0	0
11	0	0	758	765	782	195	0	0	0	0
12	0	0	758	765	783	199	0	0	0	0
13	0	0	758	765	781	214	0	0	0	0
14	0	0	758	765	781	233	0	0	0	0
15	0	0	759	764	781	236	0	0	0	0
16	0	0	758	764	779	237	0	0	0	0
17	0	0	757	764	779	241	0	0	0	0
18	0	0	757	766	778	240	0	0	0	0
19	0	0	759	763	778	240	0	0	0	0
20	0	0	758	763	778	240	0	0	0	0
21	0	0	758	762	778	243	0	0	0	0
22	0	0	759	761	778	242	0	0	0	0
23	0	0	761	761	778	239	0	0	0	0
24	0	0	760	759	779	239	0	0	0	0
25	0	0	760	758	780	239	0	0	0	0
26	0	0	759	756	780	237	0	0	0	0
27	0	0	760	755	781	228	0	0	0	0
28	0	0	760	753	781	228	0	0	0	0
29	0	0	762	752	781	229	0	0	0	0
30	0	0	761	751	782	231	0	0	0	0
31	0	0	761	749	782	236	0	0	0	0
32	0	0	762	749	783	241	0	0	0	0
33	0	0	762	746	784	243	0	0	0	0
34	0	0	761	744	786	249	0	0	0	0
35	0	0	761	743	787	250	0	0	0	0
36	0	0	763	740	787	250	0	0	0	0
37	0	0	762	737	789	254	0	0	0	0
38	0	0	762	735	791	252	0	0	0	0
39	0	0	761	733	792	257	0	0	0	0
40	0	0	762	729	795	253	0	0	0	0
41	0	0	762	726	797	257	0	0	0	0
42	0	0	762	723	799	256	0	0	0	0
43	0	0	764	720	800	257	0	0	0	0
44	0	0	765	719	802	254	0	0	0	0
45	0	0	766	715	803	257	0	0	0	0
46	0	0	769	712	804	257	0	0	0	0
47	0	0	771	710	806	256	0	0	0	0
48	0	0	772	707	808	258	0	0	0	0
49	0	0	773	704	809	255	0	0	0	0
50	0	0	773	700	811	252	0	0	0	0
51	0	0	773	698	811	254	0	0	0	0
52	0	0	774	695	814	259	0	0	0	0
53	0	0	775	694	815	257	0	0	0	0
54	0	0	775	692	818	262	0	0	0	0
55	0	0	777	690	819	262	0	0	0	0
56	0	0	778	687	821	265	0	0	0	0
57	0	0	779	685	822	265	0	0	0	0
58	0	0	779	682	823	258	0	0	0	0
59	0	0	780	683	825	247	0	0	0	0
60	0	0	781	681	825	240	0	0	0	0
61	0	0	782	680	826	223	0	0	0	0
62	0	0	781	679	827	223	0	0	0	0
63	0	0	780	678	828	230	0	0	0	0
64	0	0	780	677	831	220	0	0	0	0
65	0	0	780	677	832	214	0	0	0	0
66	0	0	778	676	833	211	0	0	0	0
67	0	0	777	675	834	200	0	0	0	0
68	0	0	776	675	837	201	0	0	0	0
69	0	0	775	674	839	207	0	0	0	0
70	0	0	776	672	842	203	0	0	0	0
71	0	0	775	671	844	211	0	0	0	0
72	0	0	775	670	847	215	0	0	0	0
73	0	0	774	669	849	216	0	0	0	0
74	0	0	774	666	851	247	0	0	0	0
75	0	0	772	665	854	251	0	0	0	0
76	0	0	772	664	857	254	0	0	0	0
77	0	0	771	661	858	254	0	0	0	0
78	0	0	772	659	861	271	0	0	0	0
79	0	0	772	657	862	273	0	0	0	0
80	0	0	772	655	866	280	0	0	0	0
81	0	0	773	653	868	286	0	0	0	0
82	0	0	771	651	871	287	0	0	0	0
83	0	0	771	649	872	292	0	0	0	0
84	0	0	770	646	874	267	0	0	0	0
85	0	0	769	645	876	263	0	0	0	0
86	0	0	769	643	879	249	0	0	0	0
87	0	0	768	641	878	251	0	0	0	0
88	0	0	769	638	878	244	0	0	0	0
89	0	0	769	636	882	273	0	0	0	0
90	0	0	768	635	882	282	0	0	0	0
91	0	0	768	632	883	283	0	0	0	0
92	0	0	768	629	885	310	0	0	0	0
93	0	0	768	630	885	306	0	0	0	0
94	0	0	766	626	888	295	0	0	0	0
95	0	0	766	624	888	313	0	0	0	0
96	0	0	766	622	889	325	0	0	0	0
97	0	0	764	620	888	334	0	0	0	0
98	0	0	764	618	889	336	0	0	0	0
99	0	0	763	615	890	338	0	0	0	0
100	0	0	761	614	891	364	0	0	2	0
101	0	0	760	611	890	354	0	0	0	0
102	0	0	759	609	891	356	0	0	0	0
103	0	0	758	606	890	351	0	0	0	0
104	0	0	760	605	889	356	0	0	0	0
105	0	0	758	603	890	357	0	0	0	0
106	0	0	759	601	891	354	0	0	0	0
107	0	0	759	600	891	350	0	0	0	0
108	0	0	758	599	891	352	0	0	0	0
109	0	0	758	598	892	357	0	0	0	0
110	0	0	756	597	891	358	0	0	0	0
111	0	0	757	596	893	361	0	0	0	0
112	0	0	756	596	891	361	0	0	0	0
113	0	0	757	596	892	367	0	0	0	0
114	0	0	758	595	891	366	0	0	0	0
115	0	0	757	596	890	366	0	0	0	0
116	0	0	756	596	889	367	0	0	0	0
117	0	0	757	596	889	367	0	0	0	0
118	0	0	757	597	888	371	0	0	0	0
119	0	0	757	598	888	368	0	0	0	0
120	0	0	758	599	888	347	0	0	0	0
121	0	0	758	600	887	344	0	0	0	0
122	0	0	758	601	888	343	0	0	0	0
123	0	0	759	603	887	331	0	0	0	0
124	0	0	759	603	888	314	0	0	0	0
125	0	0	759	606	886	298	0	0	0	0
126	0	0	761	607	886	302	0	0	0	0
127	0	0	762	610	887	282	0	0	0	0
0	0	0	763	611	886	277	0	0	0	0
1	0	0	763	613	885	283	0	0	0	0
2	0	0	765	614	886	280	0	0	0	0
3	0	0	766	617	886	277	0	0	0	0
4	0	0	766	619	886	273	0	0	0	0
5	0	0	767	619	886	278	0	0	0	0
6	0	0	770	620	885	282	0	0	0	0
7	0	0	771	621	885	272	0	0	0	0
8	0	0	773	622	885	270	0	0	0	0
9	0	0	775	624	884	270	0	0	0	0
10	0	0	776	625	884	273	0	0	0	0
11	0	0	776	625	883	270	0	0	0	0
12	0	0	777	626	883	273	0	0	0	0
13	0	0	779	628	882	274	0	0	0	0
14	0	0	780	629	882	277	0	0	0	0
15	0	0	782	630	881	273	0	0	0	0
16	0	0	782	630	881	273	0	0	0	0
17	0	0	783	633	880	273	0	0	0	0
18	0	0	782	633	879	270	0	0	0	0
19	0	0	783	635	878	270	0	0	0	0
20	0	0	783	636	877	271	0	0	0	0
21	0	0	783	637	876	273	0	0	0	0
22	0	0	785	639	875	269	0	0	0	0
23	0	0	785	640	873	269	0	0	0	0
24	0	0	786	642	874	269	0	0	0	0
25	0	0	786	645	871	269	0	0	0	0
26	0	0	787	644	871	274	0	0	0	0
27	0	0	787	646	869	275	0	0	0	0
28	0	0	788	647	868	276	0	0	0	0
29	0	0	788	649	867	279	0	0	0	0
30	0	0	788	649	867	277	0	0	0	0
31	0	0	789	650	866	277	0	0	0	0
32	0	0	789	651	865	276	0	0	0	0
33	0	0	789	652	864	275	0	0	0	0
34	0	0	789	654	864	277	0	0	0	0
35	0	0	789	654	862	274	0	0	0	0
36	0	0	790	656	862	270	0	0	0	0
37	0	0	789	656	861	270	0	0	0	0
38	0	0	789	658	860	272	0	0	0	0
39	0	0	789	659	860	271	0	0	0	0
40	0	0	789	659	859	272	0	0	0	0
41	0	0	789	660	858	276	0	0	0	0
42	0	0	790	660	857	278	0	0	0	0
43	0	0	789	662	857	278	0	0	0	0
44	0	0	789	663	856	279	0	0	0	0
45	0	0	788	664	855	274	0	0	0	0
46	0	0	789	665	855	273	0	0	0	0
47	0	0	789	666	854	273	0	0	0	0
48	0	0	788	667	853	275	0	0	0	0
49	0	0	788	668	853	276	0	0	0	0
50	0	0	787	667	852	275	0	0	0	0
51	0	0	787	669	852	278	0	0	0	0
52	0	0	786	670	852	275	0	0	0	0
53	0	0	785	671	851	277	0	0	0	0
54	0	0	785	672	851	274	0	0	0	0
55	0	0	783	673	851	272	0	0	0	0
56	0	0	783	673	851	274	0	0	0	0
57	0	0	782	674	849	272	0	0	0	0
58	0	0	783	675	849	272	0	0	0	0
59	0	0	781	675	848	270	0	0	0	0
60	0	0	781	675	847	269	0	0	0	0
61	0	0	781	677	847	269	0	0	0	0
62	0	0	780	676	846	268	0	0	0	0
63	0	0	779	677	845	261	0	0	0	0
64	0	0	779	677	845	263	0	0	0	0
65	0	0	779	677	844	262	0	0	0	0
66	0	0	778	677	842	265	0	0	0	0
67	0	0	777	678	844	267	0	0	0	0
68	0	0	778	678	842	268	0	0	0	0
69	0	0	778	678	842	272	0	0	0	0
70	0	0	777	679	841	271	0	0	0	0
71	0	0	777	679	841	271	0	0	0	0
72	0	0	776	680	840	272	0	0	0	0
73	0	0	775	680	839	275	0	0	0	0
74	0	0	775	681	839	273	0	0	0	0
75	0	0	775	681	839	276	0	0	0	0
76	0	0	775	680	839	272	0	0	0	0
77	0	0	776	682	839	272	0	0	0	0
78	0	0	775	681	838	272	0	0	0	0
79	0	0	775	682	837	272	0	0	0	0
80	0	0	773	682	838	273	0	0	0	0
81	0	0	773	682	836	273	0	0	0	0
82	0	0	773	683	836	271	0	0	0	0
83	0	0	773	683	834	276	0	0	0	0
84	0	0	773	682	835	276	0	0	0	0
85	0	0	773	683	834	274	0	0	0	0
86	0	0	774	683	835	274	0	0	0	0
87	0	0	773	683	835	277	0	0	0	0
88	0	0	773	682	833	275	0	0	0	0
89	0	0	773	683	834	276	0	0	0	0
90	0	0	773	682	833	278	0	0	0	0
91	0	0	772	683	831	278	0	0	0	0
92	0	0	772	684	832	278	0	0	0	0
93	0	0	771	684	830	280	0	0	0	0
94	0	0	771	684	831	280	0	0	0	0
95	0	0	771	683	829	280	0	0	0	0
96	0	0	772	683	830	277	0	0	0	0
97	0	0	771	684	830	274	0	0	0	0
98	0	0	770	684	829	272	0	0	0	0
99	0	0	771	685	829	271	0	0	0	0
100	0	0	771	685	830	272	0	0	0	0
101	0	0	771	685	829	271	0	0	0	0
102	0	0	771	685	829	274	0	0	0	0
103	0	0	770	685	829	276	0	0	0	0
104	0	0	769	685	831	277	0	0	0	0
105	0	0	769	684	831	275	0	0	0	0
106	0	0	769	684	832	275	0	0	0	0
107	0	0	769	684	832	277	0	0	0	0
108	0	0	769	683	833	273	0	0	0	0
109	0	0	768	683	832	272	0	0	0	0
110	0	0	770	683	833	274	0	0	0	0
111	0	0	770	681	833	275	0	0	0	0
112	0	0	770	682	835	275	0	0	0	0
113	0	0	771	682	834	276	0	0	0	0
114	0	0	771	681	836	274	0	0	0	0
115	0	0	771	681	837	274	0	0	0	0
116	0	0	771	679	837	273	0	0	0	0
117	0	0	771	679	838	273	0	0	0	0
118	0	0	772	679	839	274	0	0	0	0
119	0	0	772	678	839	273	0	0	0	0
120	0	0	772	678	841	267	0	0	0	0
121	0	0	773	677	841	267	0	0	0	0
122	0	0	774	678	842	267	0	0	0	0
123	0	0	774	675	843	267	0	0	0	0
124	0	0	774	674	846	264	0	0	0	0
125	0	0	774	674	845	267	0	0	0	0
126	0	0	774	673	847	267	0	0	0	0
127	0	0	775	673	848	271	0	0	0	0
0	0	0	775	672	848	271	0	0	0	0
1	0	0	775	672	851	271	0	0	0	0
2	0	0	777	671	851	271	0	0	0	0
3	0	0	777	670	852	265	0	0	0	0
4	0	0	779	669	853	263	0	0	0	0
5	0	0	777	668	852	266	0	0	0	0
6	0	0	778	668	855	263	0	0	0	0
7	0	0	779	667	855	261	0	0	0	0
8	0	0	779	665	856	262	0	0	0	0
9	0	0	778	666	857	260	0	0	0	0
10	0	0	779	665	857	260	0	0	0	0
11	0	0	781	665	859	257	0	0	0	0
12	0	0	781	664	859	258	0	0	0	0
13	0	0	781	664	860	256	0	0	0	0
14	0	0	781	663	861	255	0	0	0	0
15	0	0	781	662	860	254	0	0	0	0
16	0	0	780	662	862	254	0	0	0	0
17	0	0	781	662	863	257	0	0	0	0
18	0	0	781	659	864	257	0	0	0	0
19	0	0	782	661	865	257	0	0	0	0
20	0	0	780	659	864	263	0	0	0	0
21	0	0	779	659	865	260	0	0	0	0
22	0	0	781	660	865	257	0	0	0	0
23	0	0	781	657	866	257	0	0	0	0
24	0	0	781	659	867	256	0	0	0	0
25	0	0	780	658	867	259	0	0	0	0
26	0	0	780	659	867	259	0	0	0	0
27	0	0	779	658	866	257	0	0	0	0
28	0	0	779	658	868	255	0	0	0	0
29	0	0	780	658	868	254	0	0	0	0
30	0	0	780	658	868	257	0	0	0	0
31	0	0	780	658	869	254	0	0	0	0
32	0	0	780	658	870	252	0	0	0	0
33	0	0	780	658	870	256	0	0	0	0
34	0	0	779	659	869	256	0	0	0	0
35	0	0	779	659	869	261	0	0	0	0
36	0	0	779	659	870	259	0	0	0	0
37	0	0	780	658	870	271	0	0	0	0
38	0	0	781	658	870	266	0	0	0	0
39	0	0	781	658	871	258	0	0	0	0
40	0	0	780	658	871	258	0	0	0	0
41	0	0	780	658	870	264	0	0	0	0
42	0	0	780	658	871	269	0	0	0	0
43	0	0	780	658	870	275	0	0	0	0
44	0	0	779	659	870	281	0	0	0	0
45	0	0	781	660	870	270	0	0	0	0
46	0	0	780	660	870	266	0	0	0	0
47	0	0	780	660	869	261	0	0	0	0
48	0	0	780	660	869	259	0	0	0	0
49	0	0	780	661	870	259	0	0	0	0
50	0	0	780	659	869	260	0	0	0	0
51	0	0	779	660	870	256	0	0	0	0
52	0	0	779	661	869	253	0	0	0	0
53	0	0	780	659	869	253	0	0	0	0
54	0	0	781	661	869	258	0	0	0	0
55	0	0	780	660	868	261	0	0	0	0
56	0	0	780	660	868	261	0	0	0	0
57	0	0	780	660	868	261	0	0	0	0
58	0	0	780	661	868	263	0	0	0	0
59	0	0	779	661	868	265	0	0	0	0
60	0	0	782	661	869	263	0	0	0	0
61	0	0	781	660	868	263	0	0	0	0
62	0	0	780	660	867	264	0	0	0	0
63	0	0	780	660	867	263	0	0	0	0
64	0	0	781	660	868	261	0	0	0	0
65	0	0	782	661	866	270	0	0	0	0
66	0	0	781	661	867	266	0	0	0	0
67	0	0	782	660	866	264	0	0	0	0
68	0	0	782	657	866	258	0	0	0	0
69	0	0	782	659	866	261	0	0	0	0
70	0	0	781	659	865	258	0	0	0	0
71	0	0	781	659	864	256	0	0	0	0
72	0	0	781	660	864	253	0	0	0	0
73	0	0	782	660	864	254	0	0	0	0
74	0	0	781	659	863	255	0	0	0	0
75	0	0	781	659	862	255	0	0	0	0
76	0	0	782	659	862	257	0	0	0	0
77	0	0	781	658	861	260	0	0	0	0
78	0	0	780	657	862	261	0	0	0	0
79	0	0	780	659	861	261	0	0	0	0
80	0	0	778	658	860	259	0	0	0	0
81	0	0	780	658	860	262	0	0	0	0
82	0	0	780	658	860	262	0	0	0	0
83	0	0	780	658	859	259	0	0	0	0
84	0	0	780	658	859	257	0	0	0	0
85	0	0	780	659	858	258	0	0	0	0
86	0	0	780	658	858	257	0	0	0	0
87	0	0	780	658	858	259	0	0	0	0
88	0	0	779	658	857	250	0	0	0	0
89	0	0	780	659	857	251	0	0	0	0
90	0	0	781	659	856	248	0	0	0	0
91	0	0	780	658	856	244	0	0	0	0
92	0	0	779	659	856	240	0	0	0	0
93	0	0	780	659	856	240	0	0	0	0
94	0	0	781	659	855	242	0	0	0	0
95	0	0	781	660	855	243	0	0	0	0
96	0	0	780	659	854	242	0	0	0	0
97	0	0	781	659	854	243	0	0	0	0
98	0	0	781	659	854	247	0	0	0	0
99	0	0	780	660	854	246	0	0	0	0
100	0	0	781	660	853	247	0	0	0	0
101	0	0	781	660	853	247	0	0	0	0
102	0	0	781	660	853	248	0	0	0	0
103	0	0	781	660	854	245	0	0	0	0
104	0	0	781	660	853	245	0	0	0	0
105	0	0	781	661	852	245	0	0	0	0
106	0	0	781	661	852	241	0	0	0	0
107	0	0	782	662	851	235	0	0	0	0
108	0	0	782	662	851	235	0	0	0	0
109	0	0	783	662	851	229	0	0	0	0
110	0	0	782	662	851	229	0	0	0	0
111	0	0	781	661	851	226	0	0	0	0
112	0	0	781	662	852	225	0	0	0	0
113	0	0	781	663	851	223	0	0	0	0
114	0	0	780	662	851	226	0	0	0	0
115	0	0	780	663	851	231	0	0	0	0
116	0	0	781	662	851	228	0	0	0	0
117	0	0	782	662	851	228	0	0	0	0
118	0	0	781	662	851	228	0	0	0	0
119	0	0	782	662	850	230	0	0	0	0
120	0	0	781	662	850	231	0	0	0	0
121	0	0	780	663	850	234	0	0	0	0
122	0	0	780	663	849	233	0	0	0	0
123	0	0	780	663	850	236	0	0	0	0
124	0	0	779	662	850	232	0	0	0	0
125	0	0	780	663	849	236	0	0	0	0
126	0	0	781	662	849	235	0	0	0	0
127	0	0	782	662	849	233	0	0	0	0
0	0	0	781	662	848	231	0	0	0	0
1	0	0	781	663	849	231	0	0	0	0
2	0	0	780	663	848	231	0	0	0	0
3	0	0	779	663	848	228	0	0	0	0
4	0	0	781	662	848	228	0	0	0	0
5	0	0	781	663	848	229	0	0	0	0
6	0	0	782	661	848	229	0	0	0	0
7	0	0	780	661	849	230	0	0	0	0
8	0	0	780	661	850	234	0	0	0	0
9	0	0	781	661	848	234	0	0	0	0
10	0	0	780	662	849	234	0	0	0	0
11	0	0	781	662	849	236	0	0	0	0
12	0	0	780	661	848	235	0	0	0	0
13	0	0	780	662	849	236	0	0	0	0
14	0	0	781	660	848	240	0	0	0	0
15	0	0	782	659	847	242	0	0	0	0
16	0	0	780	660	848	248	0	0	0	0
17	0	0	781	660	849	248	0	0	0	0
18	0	0	781	661	850	246	0	0	0	0
19	0	0	781	660	849	243	0	0	0	0
20	0	0	781	661	849	243	0	0	0	0
21	0	0	782	661	849	241	0	0	0	0
22	0	0	780	660	850	236	0	0	0	0
23	0	0	781	659	849	232	0	0	0	0
24	0	0	782	660	850	231	0	0	0	0
25	0	0	781	660	849	232	0	0	0	0
26	0	0	780	659	850	238	0	0	0	0
27	0	0	782	659	850	238	0	0	0	0
28	0	0	782	660	851	238	0	0	0	0
29	0	0	781	659	852	238	0	0	0	0
30	0	0	781	659	852	236	0	0	0	0
31	0	0	780	659	852	235	0	0	0	0
32	0	0	780	659	852	236	0	0	0	0
33	0	0	780	659	853	235	0	0	0	0
34	0	0	781	658	852	237	0	0	0	0
35	0	0	781	658	854	237	0	0	0	0
36	0	0	781	658	853	236	0	0	0	0
37	0	0	781	658	853	239	0	0	0	0
38	0	0	780	658	853	237	0	0	0	0
39	0	0	780	657	854	238	0	0	0	0
40	0	0	781	655	854	233	0	0	0	0
41	0	0	782	657	855	234	0	0	0	0
42	0	0	781	656	855	232	0	0	0	0
43	0	0	782	657	855	229	0	0	0	0
44	0	0	781	656	854	230	0	0	0	0
45	0	0	781	656	854	231	0	0	0	0
46	0	0	780	657	854	234	0	0	0	0
47	0	0	780	656	854	230	0	0	0	0
48	0	0	781	657	856	228	0	0	0	0
49	0	0	781	656	855	230	0	0	0	0
50	0	0	781	656	854	231	0	0	0	0
51	0	0	781	656	855	229	0	0	0	0
52	0	0	781	657	854	227	0	0	0	0
53	0	0	780	657	854	231	0	0	0	0
54	0	0	780	657	854	231	0	0	0	0
55	0	0	780	657	854	231	0	0	0	0
56	0	0	780	657	855	231	0	0	0	0
57	0	0	780	657	854	231	0	0	0	0
58	0	0	781	657	855	230	0	0	0	0
59	0	0	781	656	854	230	0	0	0	0
60	0	0	780	657	854	230	0	0	0	0
61	0	0	779	657	854	228	0	0	0	0
62	0	0	779	657	853	225	0	0	0	0
63	0	0	779	658	855	223	0	0	0	0
64	0	0	779	658	853	220	0	0	0	0
65	0	0	779	657	854	224	0	0	0	0
66	0	0	779	657	853	223	0	0	0	0
67	0	0	779	658	853	225	0	0	0	0
68	0	0	779	658	853	226	0	0	0	0
69	0	0	780	658	853	225	0	0	0	0
70	0	0	780	659	854	228	0	0	0	0
71	0	0	781	660	853	225	0	0	0	0
72	0	0	780	659	852	224	0	0	0	0
73	0	0	780	658	854	225	0	0	0	0
74	0	0	780	660	854	225	0	0	0	0
75	0	0	782	660	854	224	0	0	0	0
76	0	0	781	660	854	223	0	0	0	0
77	0	0	783	661	855	223	0	0	0	0
78	0	0	782	661	854	220	0	0	0	0
79	0	0	782	660	853	217	0	0	0	0
80	0	0	781	661	854	217	0	0	0	0
81	0	0	782	660	855	217	0	0	0	0
82	0	0	782	661	854	220	0	0	0	0
83	0	0	781	661	853	220	0	0	0	0
84	0	0	781	661	853	220	0	0	0	0
85	0	0	782	661	854	220	0	0	0	0
86	0	0	782	661	853	223	0	0	0	0
87	0	0	782	662	854	222	0	0	0	0
88	0	0	783	662	854	224	0	0	0	0
89	0	0	783	662	855	226	0	0	0	0
90	0	0	783	661	854	231	0	0	0	0
91	0	0	783	662	853	229	0	0	0	0
92	0	0	784	662	854	229	0	0	0	0
93	0	0	783	662	854	231	0	0	0	0
94	0	0	782	661	854	230	0	0	0	0
95	0	0	783	662	854	232	0	0	0	0
96	0	0	782	661	854	230	0	0	0	0
97	0	0	782	662	854	233	0	0	0	0
98	0	0	782	661	854	233	0	0	0	0
99	0	0	783	661	853	231	0	0	0	0
100	0	0	783	663	852	229	0	0	0	0
101	0	0	782	663	852	226	0	0	0	0
102	0	0	782	661	852	227	0	0	0	0
103	0	0	782	662	851	227	0	0	0	0
104	0	0	781	662	851	225	0	0	0	0
105	0	0	781	662	850	227	0	0	0	0
106	0	0	781	662	851	229	0	0	0	0
107	0	0	780	662	851	229	0	0	0	0
108	0	0	781	663	850	231	0	0	0	0
109	0	0	780	662	850	229	0	0	0	0
110	0	0	780	662	850	231	0	0	0	0
111	0	0	778	661	850	230	0	0	0	0
112	0	0	778	661	850	230	0	0	0	0
113	0	0	779	661	849	230	0	0	0	0
114	0	0	781	662	849	230	0	0	0	0
115	0	0	779	660	849	231	0	0	0	0
116	0	0	778	661	850	233	0	0	0	0
117	0	0	779	661	849	235	0	0	0	0
118	0	0	778	661	850	235	0	0	0	0
119	0	0	779	661	849	235	0	0	0	0
120	0	0	778	660	849	237	0	0	0	0
121	0	0	777	660	849	233	0	0	0	0
122	0	0	779	661	849	233	0	0	0	0
123	0	0	779	660	849	233	0	0	0	0
124	0	0	780	660	849	232	0	0	0	0
125	0	0	780	661	849	231	0	0	0	0
126	0	0	780	660	850	232	0	0	0	0
127	0	0	779	661	849	231	0	0	0	0
0	0	0	778	658	849	232	0	0	0	0
1	0	0	778	660	850	232	0	0	0	0
2	0	0	778	661	849	236	0	0	0	0
3	0	0	776	660	849	237	0	0	0	0
4	0	0	778	661	849	237	0	0	0	0
5	0	0	778	660	849	238	0	0	0	0
6	0	0	779	661	849	239	0	0	0	0
7	0	0	778	661	849	239	0	0	0	0
8	0	0	777	660	850	238	0	0	0	0
9	0	0	777	660	850	240	0	0	0	0
10	0	0	778	661	850	239	0	0	0	0
11	0	0	777	661	849	240	0	0	0	0
12	0	0	776	661	849	239	0	0	0	0
13	0	0	776	661	850	237	0	0	0	0
14	0	0	776	661	851	237	0	0	0	0
15	0	0	776	661	851	236	0	0	0	0
16	0	0	777	660	851	236	0	0	0	0
17	0	0	776	661	852	233	0	0	0	0
18	0	0	775	661	852	235	0	0	0	0
19	0	0	776	661	852	236	0	0	0	0
20	0	0	776	661	851	238	0	0	0	0
21	0	0	776	661	851	238	0	0	0	0
22	0	0	776	662	851	239	0	0	0	0
23	0	0	775	662	852	239	0	0	0	0
24	0	0	775	662	851	241	0	0	0	0
25	0	0	774	663	853	242	0	0	0	0
26	0	0	774	662	852	242	0	0	0	0
27	0	0	774	662	852	242	0	0	0	0
28	0	0	774	662	854	241	0	0	0	0
29	0	0	774	663	853	243	0	0	0	0
30	0	0	774	663	854	243	0	0	0	0
31	0	0	774	663	854	241	0	0	0	0
32	0	0	774	663	854	237	0	0	0	0
33	0	0	773	663	855	237	0	0	0	0
34	0	0	775	664	855	236	0	0	0	0
35	0	0	775	663	855	234	0	0	0	0
36	0	0	774	663	856	230	0	0	0	0
37	0	0	774	663	857	230	0	0	0	0
38	0	0	773	663	857	233	0	0	0	0
39	0	0	774	663	857	234	0	0	0	0
40	0	0	774	663	857	235	0	0	0	0
41	0	0	775	663	858	235	0	0	0	0
42	0	0	776	663	858	237	0	0	0	0
43	0	0	775	662	858	239	0	0	0	0
44	0	0	776	663	858	239	0	0	0	0
45	0	0	775	663	858	240	0	0	0	0
46	0	0	775	661	858	242	0	0	0	0
47	0	0	776	664	859	242	0	0	0	0
48	0	0	777	663	859	242	0	0	0	0
49	0	0	777	664	859	246	0	0	0	0
50	0	0	777	663	860	246	0	0	0	0
51	0	0	777	665	859	244	0	0	0	0
52	0	0	778	664	861	242	0	0	0	0
53	0	0	778	664	860	240	0	0	0	0
54	0	0	776	664	860	239	0	0	0	0
55	0	0	778	665	861	236	0	0	0	0
56	0	0	779	664	860	237	0	0	0	0
57	0	0	777	664	860	238	0	0	0	0
58	0	0	777	664	861	237	0	0	0	0
59	0	0	777	665	861	238	0	0	0	0
60	0	0	778	665	860	238	0	0	0	0
61	0	0	778	666	861	239	0	0	0	0
62	0	0	777	666	860	242	0	0	0	0
63	0	0	778	666	861	241	0	0	0	0
64	0	0	778	666	860	242	0	0	0	0
65	0	0	779	666	860	243	0	0	0	0
66	0	0	779	666	861	244	0	0	0	0
67	0	0	779	667	860	244	0	0	0	0
68	0	0	778	667	861	243	0	0	0	0
69	0	0	779	666	860	244	0	0	0	0
70	0	0	778	667	860	245	0	0	0	0
71	0	0	779	667	860	243	0	0	0	0
72	0	0	779	667	861	240	0	0	0	0
73	0	0	777	667	860	239	0	0	0	0
74	0	0	778	668	860	239	0	0	0	0
75	0	0	779	668	860	238	0	0	0	0
76	0	0	779	667	861	236	0	0	0	0
77	0	0	779	667	859	236	0	0	0	0
78	0	0	778	668	860	237	0	0	0	0
79	0	0	778	667	860	239	0	0	0	0
80	0	0	778	668	861	238	0	0	0	0
81	0	0	778	669	860	241	0	0	0	0
82	0	0	778	669	860	240	0	0	0	0
83	0	0	778	669	860	241	0	0	0	0
84	0	0	777	668	860	241	0	0	0	0
85	0	0	778	669	860	242	0	0	0	0
86	0	0	778	669	859	242	0	0	0	0
87	0	0	779	669	860	242	0	0	0	0
88	0	0	778	669	859	241	0	0	0	0
89	0	0	778	669	859	244	0	0	0	0
90	0	0	778	669	859	242	0	0	0	0
91	0	0	779	669	858	240	0	0	0	0
92	0	0	779	670	859	237	0	0	0	0
93	0	0	779	669	859	237	0	0	0	0
94	0	0	778	669	859	235	0	0	0	0
95	0	0	780	668	859	234	0	0	0	0
96	0	0	778	668	859	233	0	0	0	0
97	0	0	779	669	859	232	0	0	0	0
98	0	0	778	669	859	234	0	0	0	0
99	0	0	779	669	859	232	0	0	0	0
100	0	0	778	668	859	234	0	0	0	0
101	0	0	778	669	858	236	0	0	0	0
102	0	0	779	669	859	238	0	0	0	0
103	0	0	779	669	859	237	0	0	0	0
104	0	0	779	668	858	238	0	0	0	0
105	0	0	779	668	859	237	0	0	0	0
106	0	0	779	668	857	241	0	0	0	0
107	0	0	778	669	858	239	0	0	0	0
108	0	0	778	669	858	239	0	0	0	0
109	0	0	778	669	859	241	0	0	0	0
110	0	0	779	669	857	240	0	0	0	0
111	0	0	779	669	857	238	0	0	0	0
112	0	0	780	668	857	236	0	0	0	0
113	0	0	780	668	857	236	0	0	0	0
114	0	0	780	668	857	236	0	0	0	0
115	0	0	780	669	857	235	0	0	0	0
116	0	0	779	669	856	234	0	0	0	0
117	0	0	780	669	856	237	0	0	0	0
118	0	0	780	669	857	235	0	0	0	0
119	0	0	779	668	856	238	0	0	0	0
120	0	0	778	668	857	237	0	0	0	0
121	0	0	779	668	857	240	0	0	0	0
122	0	0	780	669	857	241	0	0	0	0
123	0	0	780	668	857	242	0	0	0	0
124	0	0	779	669	856	241	0	0	0	0
125	0	0	779	668	856	242	0	0	0	0
126	0	0	779	668	856	243	0	0	0	0
127	0	0	778	669	856	241	0	0	0	0
0	0	0	777	667	857	242	0	0	0	0
1	0	0	778	667	857	244	0	0	0	0
2	0	0	778	667	857	244	0	0	0	0
3	0	0	779	667	857	243	0	0	0	0
4	0	0	778	667	856	241	0	0	0	0
5	0	0	779	666	857	240	0	0	0	0
6	0	0	779	666	857	239	0	0	0	0
7	0	0	778	666	857	238	0	0	0	0
8	0	0	779	666	856	238	0	0	0	0
9	0	0	779	666	856	235	0	0	0	0
10	0	0	778	666	857	236	0	0	0	0
11	0	0	778	666	857	237	0	0	0	0
12	0	0	777	666	857	243	0	0	0	0
13	0	0	778	665	856	246	0	0	0	0
14	0	0	777	666	857	250	0	0	0	0
15	0	0	778	664	857	249	0	0	0	0
16	0	0	777	665	857	249	0	0	0	0
17	0	0	777	664	857	250	0	0	0	0
18	0	0	777	665	856	253	0	0	0	0
19	0	0	778	665	857	251	0	0	0	0
20	0	0	777	665	857	249	0	0	0	0
21	0	0	777	665	857	250	0	0	0	0
22	0	0	777	665	857	250	0	0	0	0
23	0	0	777	665	857	248	0	0	0	0
24	0	0	778	665	857	245	0	0	0	0
25	0	0	777	665	857	245	0	0	0	0
26	0	0	776	664	858	245	0	0	0	0
27	0	0	776	664	858	242	0	0	0	0
28	0	0	776	664	856	242	0	0	0	0
29	0	0	776	664	856	243	0	0	0	0
30	0	0	775	663	857	241	0	0	0	0
31	0	0	776	664	858	243	0	0	0	0
32	0	0	776	663	857	243	0	0	0	0
33	0	0	776	664	857	244	0	0	0	0
34	0	0	776	664	858	247	0	0	0	0
35	0	0	776	663	858	247	0	0	0	0
36	0	0	776	663	858	246	0	0	0	0
37	0	0	778	662	858	246	0	0	0	0
38	0	0	776	663	858	246	0	0	0	0
39	0	0	777	662	857	246	0	0	0	0
40	0	0	776	663	859	244	0	0	0	0
41	0	0	777	662	859	245	0	0	0	0
42	0	0	776	662	858	245	0	0	0	0
43	0	0	776	662	858	243	0	0	0	0
44	0	0	776	662	858	241	0	0	0	0
45	0	0	776	660	859	241	0	0	0	0
46	0	0	776	662	859	239	0	0	0	0
47	0	0	775	662	858	238	0	0	0	0
48	0	0	775	661	858	236	0	0	0	0
49	0	0	776	661	858	237	0	0	0	0
50	0	0	776	661	859	238	0	0	0	0
51	0	0	777	660	859	235	0	0	0	0
52	0	0	776	660	859	236	0	0	0	0
53	0	0	775	660	859	237	0	0	0	0
54	0	0	777	661	858	237	0	0	0	0
55	0	0	776	660	859	237	0	0	0	0
56	0	0	775	660	859	239	0	0	0	0
57	0	0	775	660	859	240	0	0	0	0
58	0	0	776	660	858	243	0	0	0	0
59	0	0	776	660	859	241	0	0	0	0
60	0	0	776	660	859	239	0	0	0	0
61	0	0	776	660	858	243	0	0	0	0
62	0	0	776	660	859	241	0	0	0	0
63	0	0	777	660	858	239	0	0	0	0
64	0	0	778	660	858	242	0	0	0	0
65	0	0	777	660	858	242	0	0	0	0
66	0	0	776	660	859	242	0	0	0	0
67	0	0	777	659	859	241	0	0	0	0
68	0	0	776	660	858	238	0	0	0	0
69	0	0	777	660	858	239	0	0	0	0
70	0	0	776	659	858	239	0	0	0	0
71	0	0	777	662	857	239	0	0	0	0
72	0	0	777	660	857	240	0	0	0	0
73	0	0	776	659	857	239	0	0	0	0
74	0	0	777	660	857	244	0	0	0	0
75	0	0	777	660	857	248	0	0	0	0
76	0	0	776	659	857	246	0	0	0	0
77	0	0	778	659	857	242	0	0	0	0
78	0	0	776	659	857	243	0	0	0	0
79	0	0	777	660	857	240	0	0	0	0
80	0	0	777	661	856	244	0	0	0	0
81	0	0	776	660	857	245	0	0	0	0
82	0	0	777	660	857	242	0	0	0	0
83	0	0	777	661	855	243	0	0	0	0
84	0	0	777	661	856	242	0	0	0	0
85	0	0	776	661	856	240	0	0	0	0
86	0	0	777	662	857	240	0	0	0	0
87	0	0	778	661	856	240	0	0	0	0
88	0	0	777	662	857	238	0	0	0	0
89	0	0	778	661	856	238	0	0	0	0
90	0	0	777	662	856	239	0	0	0	0
91	0	0	776	663	856	238	0	0	0	0
92	0	0	778	663	856	239	0	0	0	0
93	0	0	778	663	856	240	0	0	0	0
94	0	0	778	664	856	243	0	0	0	0
95	0	0	779	664	857	244	0	0	0	0
96	0	0	779	663	856	247	0	0	0	0
97	0	0	778	664	855	245	0	0	0	0
98	0	0	779	664	856	248	0	0	0	0
99	0	0	779	665	855	247	0	0	0	0
100	0	0	779	663	855	246	0	0	0	0
101	0	0	779	664	856	248	0	0	0	0
102	0	0	780	664	856	244	0	0	0	0
103	0	0	781	665	857	243	0	0	0	0
104	0	0	779	665	856	244	0	0	0	0
105	0	0	778	665	855	241	0	0	0	0
106	0	0	778	665	855	244	0	0	0	0
107	0	0	779	665	856	241	0	0	0	0
108	0	0	778	665	855	237	0	0	0	0
109	0	0	779	665	855	240	0	0	0	0
110	0	0	778	665	855	246	0	0	0	0
111	0	0	778	665	855	246	0	0	0	0
112	0	0	778	663	855	243	0	0	0	0
113	0	0	779	665	855	244	0	0	0	0
