# bioPlux Text File Format
# Version: 1
# StartDateTime: 2012-03-21 18:07:51
# SamplingFrequency: 1000
# SampledChannels: 1 2 3 4 5 6 7 8
# SamplingResolution: 12
# AcquiringDevice: 00:07:80:93:66:BE
# EndOfHeader
0	0	0	771	658	860	937	0	0	0	0
1	0	0	771	659	858	936	0	0	0	0
2	0	0	771	659	860	937	0	0	0	0
3	0	0	771	660	859	937	0	0	0	0
4	0	0	771	659	859	938	0	0	0	0
5	0	0	771	660	859	940	0	0	0	0
6	0	0	771	660	859	938	0	0	0	0
7	0	0	771	661	859	938	0	0	0	0
8	0	0	770	660	858	940	0	0	0	0
9	0	0	769	661	858	941	0	0	0	0
10	0	0	769	661	858	942	0	0	0	0
11	0	0	769	662	857	940	0	0	0	0
12	0	0	768	662	857	940	0	0	0	0
13	0	0	769	662	857	943	0	0	0	0
14	0	0	769	662	858	941	0	0	0	0
15	0	0	769	663	857	941	0	0	0	0
16	0	0	768	663	859	941	0	0	0	0
17	0	0	769	662	858	938	0	0	0	0
18	0	0	770	663	857	933	0	0	0	0
19	0	0	769	663	857	933	0	0	0	0
20	0	0	769	664	857	936	0	0	0	0
21	0	0	770	664	857	936	0	0	0	0
22	0	0	769	664	857	931	0	0	0	0
23	0	0	769	665	857	931	0	0	0	0
24	0	0	768	665	857	931	0	0	0	0
25	0	0	769	665	857	930	0	0	0	0
26	0	0	769	666	858	929	0	0	0	0
27	0	0	769	666	857	933	0	0	0	0
28	0	0	769	667	857	935	0	0	0	0
29	0	0	769	667	858	931	0	0	0	0
30	0	0	769	667	857	933	0	0	0	0
31	0	0	769	667	859	929	0	0	0	0
32	0	0	769	668	857	923	0	0	0	0
33	0	0	768	668	857	917	0	0	0	0
34	0	0	769	668	857	922	0	0	0	0
35	0	0	768	668	856	922	0	0	0	0
36	0	0	768	668	857	918	0	0	0	0
37	0	0	769	669	857	912	0	0	0	0
38	0	0	770	670	857	910	0	0	0	0
39	0	0	770	670	857	909	0	0	0	0
40	0	0	769	670	857	904	0	0	0	0
41	0	0	769	671	856	898	0	0	0	0
42	0	0	769	671	856	892	0	0	0	0
43	0	0	769	671	856	887	0	0	0	0
44	0	0	769	671	858	883	0	0	0	0
45	0	0	770	671	856	879	0	0	0	0
46	0	0	771	672	855	884	0	0	0	0
47	0	0	772	672	856	884	0	0	0	0
48	0	0	772	673	856	886	0	0	0	0
49	0	0	771	673	856	886	0	0	0	0
50	0	0	771	674	855	890	0	0	0	0
51	0	0	772	674	855	891	0	0	0	0
52	0	0	772	674	855	891	0	0	0	0
53	0	0	772	673	855	890	0	0	0	0
54	0	0	773	673	856	891	0	0	0	0
55	0	0	773	673	856	892	0	0	0	0
56	0	0	774	673	856	892	0	0	0	0
57	0	0	773	674	856	891	0	0	0	0
58	0	0	773	674	855	888	0	0	0	0
59	0	0	774	674	856	889	0	0	0	0
60	0	0	774	675	856	888	0	0	0	0
61	0	0	774	675	857	888	0	0	0	0
62	0	0	774	674	856	887	0	0	0	0
63	0	0	775	675	855	889	0	0	0	0
64	0	0	776	675	855	894	0	0	0	0
65	0	0	776	675	855	895	0	0	0	0
66	0	0	774	675	856	897	0	0	0	0
67	0	0	775	675	854	901	0	0	0	0
68	0	0	776	675	854	905	0	0	0	0
69	0	0	776	676	855	905	0	0	0	0
70	0	0	776	675	853	907	0	0	0	0
71	0	0	776	676	855	911	0	0	0	0
72	0	0	776	676	854	915	0	0	0	0
73	0	0	777	676	855	916	0	0	0	0
74	0	0	776	676	855	919	0	0	0	0
75	0	0	776	676	853	920	0	0	0	0
76	0	0	777	676	854	922	0	0	0	0
77	0	0	776	675	854	921	0	0	0	0
78	0	0	776	676	854	920	0	0	0	0
79	0	0	776	676	853	923	0	0	0	0
80	0	0	776	676	853	924	0	0	0	0
81	0	0	777	676	853	925	0	0	0	0
82	0	0	778	676	853	925	0	0	0	0
83	0	0	777	675	853	930	0	0	0	0
84	0	0	776	676	854	933	0	0	0	0
85	0	0	776	678	853	941	0	0	0	0
86	0	0	776	676	854	943	0	0	0	0
87	0	0	776	677	853	945	0	0	0	0
88	0	0	776	677	853	949	0	0	0	0
89	0	0	775	676	853	952	0	0	0	0
90	0	0	775	677	853	952	0	0	0	0
91	0	0	775	677	853	954	0	0	0	0
92	0	0	775	677	853	957	0	0	0	0
93	0	0	774	677	853	959	0	0	0	0
94	0	0	775	677	853	963	0	0	0	0
95	0	0	775	678	853	963	0	0	0	0
96	0	0	773	677	853	961	0	0	0	0
97	0	0	773	678	853	963	0	0	0	0
98	0	0	773	679	852	961	0	0	0	0
99	0	0	773	678	852	965	0	0	0	0
100	0	0	773	679	851	961	0	0	0	0
101	0	0	773	679	853	967	0	0	0	0
102	0	0	772	680	852	971	0	0	0	0
103	0	0	772	680	852	972	0	0	0	0
104	0	0	772	680	852	976	0	0	0	0
105	0	0	771	680	852	973	0	0	0	0
106	0	0	771	680	851	978	0	0	0	0
107	0	0	770	680	852	978	0	0	0	0
108	0	0	771	681	852	980	0	0	0	0
109	0	0	769	681	852	977	0	0	0	0
110	0	0	768	681	851	997	0	0	0	0
111	0	0	768	682	851	1000	0	0	0	0
112	0	0	768	682	851	992	0	0	0	0
113	0	0	768	682	851	987	0	0	0	0
114	0	0	768	682	851	988	0	0	0	0
115	0	0	769	682	851	995	0	0	0	0
116	0	0	767	683	851	993	0	0	0	0
117	0	0	768	683	851	991	0	0	0	0
118	0	0	767	684	850	991	0	0	0	0
119	0	0	767	683	851	993	0	0	0	0
120	0	0	766	684	852	994	0	0	0	0
121	0	0	766	685	851	991	0	0	0	0
122	0	0	766	686	851	992	0	0	0	0
123	0	0	767	685	850	1004	0	0	0	0
124	0	0	766	685	850	1010	0	0	0	0
125	0	0	766	687	851	1011	0	0	0	0
126	0	0	765	687	850	1013	0	0	0	0
127	0	0	765	687	851	1007	0	0	0	0
0	0	0	765	685	850	1005	0	0	0	0
1	0	0	764	687	850	1005	0	0	0	0
2	0	0	765	688	850	1006	0	0	0	0
3	0	0	764	688	849	1009	0	0	0	0
4	0	0	764	689	849	1010	0	0	0	0
5	0	0	765	689	849	1008	0	0	0	0
6	0	0	764	689	848	1003	0	0	0	0
7	0	0	765	690	849	1010	0	0	0	0
8	0	0	764	690	849	1005	0	0	0	0
9	0	0	765	691	849	1004	0	0	0	0
10	0	0	763	691	848	1001	0	0	0	0
11	0	0	763	691	848	999	0	0	0	0
12	0	0	761	692	848	1000	0	0	0	0
13	0	0	763	692	848	996	0	0	0	0
14	0	0	762	694	848	991	0	0	0	0
15	0	0	762	693	848	989	0	0	0	0
16	0	0	761	693	848	987	0	0	0	0
17	0	0	762	694	847	986	0	0	0	0
18	0	0	761	694	847	983	0	0	0	0
19	0	0	762	695	847	977	0	0	0	0
20	0	0	763	695	847	972	0	0	0	0
21	0	0	763	696	847	971	0	0	0	0
22	0	0	764	696	846	967	0	0	0	0
23	0	0	764	698	846	967	0	0	0	0
24	0	0	765	698	845	971	0	0	0	0
25	0	0	766	698	842	958	0	0	0	0
26	0	0	764	699	845	953	0	0	0	0
27	0	0	765	700	844	952	0	0	0	0
28	0	0	765	700	844	940	0	0	0	0
29	0	0	765	700	843	937	0	0	0	0
30	0	0	766	701	843	933	0	0	0	0
31	0	0	766	702	843	931	0	0	0	0
32	0	0	766	702	842	925	0	0	0	0
33	0	0	766	703	843	924	0	0	0	0
34	0	0	766	703	843	919	0	0	0	0
35	0	0	766	704	841	916	0	0	0	0
36	0	0	765	704	841	916	0	0	0	0
37	0	0	765	706	840	913	0	0	0	0
38	0	0	767	707	841	907	0	0	0	0
39	0	0	766	708	839	906	0	0	0	0
40	0	0	767	708	840	906	0	0	0	0
41	0	0	766	708	840	902	0	0	0	0
42	0	0	765	709	841	903	0	0	0	0
43	0	0	767	709	839	898	0	0	0	0
44	0	0	767	710	838	897	0	0	0	0
45	0	0	767	711	837	889	0	0	0	0
46	0	0	768	712	836	887	0	0	0	0
47	0	0	769	713	837	886	0	0	0	0
48	0	0	768	714	837	886	0	0	0	0
49	0	0	769	713	837	881	0	0	0	0
50	0	0	770	714	836	879	0	0	0	0
51	0	0	769	714	833	883	0	0	0	0
52	0	0	770	715	834	879	0	0	0	0
53	0	0	770	717	835	870	0	0	0	0
54	0	0	770	717	833	865	0	0	0	0
55	0	0	771	718	833	862	0	0	0	0
56	0	0	772	717	833	854	0	0	0	0
57	0	0	770	718	833	848	0	0	0	0
58	0	0	771	719	833	847	0	0	0	0
59	0	0	771	721	832	848	0	0	0	0
60	0	0	771	722	832	846	0	0	0	0
61	0	0	770	722	831	846	0	0	0	0
62	0	0	771	723	831	842	0	0	0	0
63	0	0	772	724	831	844	0	0	0	0
64	0	0	772	724	831	838	0	0	0	0
65	0	0	772	726	830	829	0	0	0	0
66	0	0	772	727	829	827	0	0	0	0
67	0	0	773	728	829	830	0	0	0	0
68	0	0	772	729	829	822	0	0	0	0
69	0	0	773	729	828	811	0	0	0	0
70	0	0	774	730	827	808	0	0	0	0
71	0	0	773	731	826	808	0	0	0	0
72	0	0	775	733	827	808	0	0	0	0
73	0	0	774	733	827	806	0	0	0	0
74	0	0	774	734	827	798	0	0	0	0
75	0	0	773	734	825	789	0	0	0	0
76	0	0	775	736	825	787	0	0	0	0
77	0	0	775	737	825	776	0	0	0	0
78	0	0	774	737	825	767	0	0	0	0
79	0	0	774	738	823	759	0	0	0	0
80	0	0	775	739	823	756	0	0	0	0
81	0	0	776	740	822	742	0	0	0	0
82	0	0	776	740	822	730	0	0	0	0
83	0	0	776	741	821	722	0	0	0	0
84	0	0	777	742	821	723	0	0	0	0
85	0	0	776	740	820	724	0	0	0	0
86	0	0	778	741	819	715	0	0	0	0
87	0	0	778	742	818	702	0	0	0	0
88	0	0	778	742	817	691	0	0	0	0
89	0	0	779	741	817	675	0	0	0	0
90	0	0	778	741	817	662	0	0	0	0
91	0	0	778	741	816	673	0	0	0	0
92	0	0	780	741	816	690	0	0	0	0
93	0	0	780	742	815	702	0	0	0	0
94	0	0	780	742	814	698	0	0	0	0
95	0	0	780	742	815	660	0	0	0	0
96	0	0	781	741	814	652	0	0	0	0
97	0	0	781	741	814	644	0	0	0	0
98	0	0	782	741	814	645	0	0	0	0
99	0	0	782	740	813	647	0	0	0	0
100	0	0	782	740	813	648	0	0	0	0
101	0	0	782	740	813	648	0	0	0	0
102	0	0	783	740	812	648	0	0	0	0
103	0	0	783	740	812	647	0	0	0	0
104	0	0	783	739	813	651	0	0	0	0
105	0	0	784	740	812	649	0	0	0	0
106	0	0	784	739	811	644	0	0	0	0
107	0	0	785	740	812	648	0	0	0	0
108	0	0	785	738	811	640	0	0	0	0
109	0	0	785	738	811	630	0	0	0	0
110	0	0	785	738	811	631	0	0	0	0
111	0	0	785	737	811	629	0	0	0	0
112	0	0	787	737	811	629	0	0	0	0
113	0	0	787	737	811	628	0	0	0	0
114	0	0	788	736	812	627	0	0	0	0
115	0	0	789	735	811	628	0	0	0	0
116	0	0	790	735	812	628	0	0	0	0
117	0	0	790	736	812	629	0	0	0	0
118	0	0	791	735	813	628	0	0	0	0
119	0	0	792	734	814	631	0	0	0	0
120	0	0	792	734	813	634	0	0	0	0
121	0	0	792	733	813	640	0	0	0	0
122	0	0	793	732	813	643	0	0	0	0
123	0	0	793	731	813	653	0	0	0	0
124	0	0	792	729	813	651	0	0	0	0
125	0	0	793	729	814	660	0	0	0	0
126	0	0	791	729	814	660	0	0	0	0
127	0	0	792	729	815	661	0	0	0	0
0	0	0	793	728	816	665	0	0	0	0
1	0	0	792	727	815	665	0	0	0	0
2	0	0	793	725	815	662	0	0	0	0
3	0	0	793	724	816	665	0	0	0	0
4	0	0	792	724	816	670	0	0	0	0
5	0	0	792	724	817	672	0	0	0	0
6	0	0	792	723	817	674	0	0	0	0
7	0	0	792	722	817	683	0	0	0	0
8	0	0	792	722	818	682	0	0	0	0
9	0	0	792	720	819	691	0	0	0	0
10	0	0	792	719	821	699	0	0	0	0
11	0	0	790	719	821	705	0	0	0	0
12	0	0	789	718	821	705	0	0	0	0
13	0	0	789	717	822	712	0	0	0	0
14	0	0	788	718	823	720	0	0	0	0
15	0	0	787	716	823	723	0	0	0	0
16	0	0	786	715	823	724	0	0	0	0
17	0	0	785	715	825	726	0	0	0	0
18	0	0	784	713	825	738	0	0	0	0
19	0	0	784	713	826	741	0	0	0	0
20	0	0	782	711	826	744	0	0	0	0
21	0	0	781	710	828	748	0	0	0	0
22	0	0	781	709	829	751	0	0	0	0
23	0	0	780	708	830	754	0	0	0	0
24	0	0	779	708	831	752	0	0	0	0
25	0	0	780	707	830	751	0	0	0	0
26	0	0	780	706	832	754	0	0	0	0
27	0	0	778	704	832	757	0	0	0	0
28	0	0	777	703	832	758	0	0	0	0
29	0	0	776	703	833	761	0	0	0	0
30	0	0	776	702	834	765	0	0	0	0
31	0	0	776	700	834	767	0	0	0	0
32	0	0	776	698	835	767	0	0	0	0
33	0	0	776	698	835	770	0	0	0	0
34	0	0	775	697	835	771	0	0	0	0
35	0	0	774	695	835	774	0	0	0	0
36	0	0	773	694	836	775	0	0	0	0
37	0	0	773	694	837	774	0	0	0	0
38	0	0	773	692	836	784	0	0	0	0
39	0	0	773	691	836	798	0	0	0	0
40	0	0	774	690	836	802	0	0	0	0
41	0	0	773	689	836	802	0	0	0	0
42	0	0	774	688	836	806	0	0	0	0
43	0	0	773	687	836	818	0	0	0	0
44	0	0	772	687	836	831	0	0	0	0
45	0	0	772	686	835	834	0	0	0	0
46	0	0	773	684	835	838	0	0	0	0
47	0	0	772	684	835	841	0	0	0	0
48	0	0	772	683	835	843	0	0	0	0
49	0	0	773	682	835	843	0	0	0	0
50	0	0	773	682	835	845	0	0	0	0
51	0	0	772	682	835	848	0	0	0	0
52	0	0	772	682	836	852	0	0	0	0
53	0	0	773	682	835	854	0	0	0	0
54	0	0	773	681	834	858	0	0	0	0
55	0	0	772	680	834	861	0	0	0	0
56	0	0	772	679	834	869	0	0	0	0
57	0	0	771	679	834	870	0	0	0	0
58	0	0	770	678	833	872	0	0	0	0
59	0	0	768	678	833	874	0	0	0	0
60	0	0	770	679	833	875	0	0	0	0
61	0	0	770	678	831	883	0	0	0	0
62	0	0	770	675	832	888	0	0	0	0
63	0	0	770	673	834	894	0	0	0	0
64	0	0	771	670	835	899	0	0	0	0
65	0	0	771	669	835	904	0	0	0	0
66	0	0	770	667	836	906	0	0	0	0
67	0	0	768	669	835	910	0	0	0	0
68	0	0	767	669	835	917	0	0	0	0
69	0	0	766	670	835	926	0	0	0	0
70	0	0	766	671	835	929	0	0	0	0
71	0	0	765	671	834	931	0	0	0	0
72	0	0	765	672	834	931	0	0	0	0
73	0	0	765	672	833	933	0	0	0	0
74	0	0	766	673	834	937	0	0	0	0
75	0	0	764	673	834	938	0	0	0	0
76	0	0	766	674	834	939	0	0	0	0
77	0	0	765	673	833	941	0	0	0	0
78	0	0	765	673	832	941	0	0	0	0
79	0	0	765	674	832	943	0	0	0	0
80	0	0	764	674	833	946	0	0	0	0
81	0	0	763	674	833	949	0	0	0	0
82	0	0	764	674	833	955	0	0	0	0
83	0	0	762	674	832	963	0	0	0	0
84	0	0	764	674	833	970	0	0	0	0
85	0	0	763	674	833	981	0	0	0	0
86	0	0	762	674	832	989	0	0	0	0
87	0	0	763	673	833	1015	0	0	0	0
88	0	0	763	675	830	1033	0	0	0	0
89	0	0	763	674	831	1047	0	0	0	0
90	0	0	763	673	831	1057	0	0	0	0
91	0	0	762	673	830	1067	0	0	0	0
92	0	0	763	673	831	1074	0	0	0	0
93	0	0	762	674	832	1076	0	0	0	0
94	0	0	763	675	829	1082	0	0	0	0
95	0	0	764	675	830	1080	0	0	0	0
96	0	0	765	675	830	1085	0	0	0	0
97	0	0	765	675	829	1090	0	0	0	0
98	0	0	767	675	829	1101	0	0	0	0
99	0	0	767	674	830	1115	0	0	0	0
100	0	0	767	674	830	1131	0	0	0	0
101	0	0	768	675	830	1159	0	0	0	0
102	0	0	769	674	831	1168	0	0	0	0
103	0	0	769	674	831	1196	0	0	0	0
104	0	0	770	674	833	1214	0	0	0	0
105	0	0	769	675	833	1232	0	0	0	0
106	0	0	770	675	834	1273	0	0	0	0
107	0	0	770	675	835	1312	0	0	0	0
108	0	0	771	675	836	1333	0	0	0	0
109	0	0	771	675	839	1345	0	0	0	0
110	0	0	770	676	841	1361	0	0	0	0
111	0	0	770	676	842	1363	0	0	0	0
112	0	0	770	675	844	1371	0	0	0	0
113	0	0	771	677	846	1377	0	0	0	0
114	0	0	771	676	848	1384	0	0	0	0
115	0	0	771	676	850	1394	0	0	0	0
116	0	0	771	677	852	1412	0	0	0	0
117	0	0	770	677	854	1414	0	0	0	0
118	0	0	770	677	855	1423	0	0	0	0
119	0	0	770	676	858	1428	0	0	0	0
120	0	0	770	676	860	1436	0	0	0	0
121	0	0	770	676	861	1445	0	0	0	0
122	0	0	770	678	864	1449	0	0	0	0
123	0	0	770	677	866	1464	0	0	0	0
124	0	0	771	676	869	1469	0	0	0	0
125	0	0	770	677	871	1479	0	0	0	0
126	0	0	769	677	872	1488	0	0	0	0
127	0	0	769	677	873	1499	0	0	0	0
0	0	0	770	677	875	1519	0	0	0	0
1	0	0	769	675	877	1540	0	0	0	0
2	0	0	770	675	879	1548	0	0	0	0
3	0	0	769	674	881	1552	0	0	0	0
4	0	0	769	673	882	1559	0	0	0	0
5	0	0	769	672	883	1565	0	0	0	0
6	0	0	768	671	884	1571	0	0	0	0
7	0	0	769	671	885	1573	0	0	0	0
8	0	0	769	669	886	1586	0	0	0	0
9	0	0	770	668	886	1590	0	0	0	0
10	0	0	768	667	886	1605	0	0	0	0
11	0	0	771	666	888	1619	0	0	0	0
12	0	0	771	665	888	1622	0	0	0	0
13	0	0	771	663	889	1617	0	0	0	0
14	0	0	771	661	890	1615	0	0	0	0
15	0	0	772	659	890	1620	0	0	0	0
16	0	0	773	657	892	1623	0	0	0	0
17	0	0	773	657	893	1624	0	0	0	0
18	0	0	772	654	893	1642	0	0	0	0
19	0	0	773	653	894	1648	0	0	0	0
20	0	0	775	651	894	1648	0	0	0	0
21	0	0	776	649	895	1661	0	0	0	0
22	0	0	776	649	895	1674	0	0	0	0
23	0	0	776	646	895	1698	0	0	0	0
24	0	0	775	646	896	1708	0	0	0	0
25	0	0	774	645	896	1712	0	0	0	0
26	0	0	774	643	896	1731	0	0	0	0
27	0	0	772	642	897	1742	0	0	0	0
28	0	0	771	640	898	1755	0	0	0	0
29	0	0	770	638	899	1766	0	0	0	0
30	0	0	768	637	900	1775	0	0	0	0
31	0	0	767	634	903	1780	0	0	0	0
32	0	0	765	634	903	1790	0	0	0	0
33	0	0	763	631	904	1800	0	0	0	0
34	0	0	762	630	905	1802	0	0	0	0
35	0	0	761	629	907	1811	0	0	0	0
36	0	0	759	627	908	1811	0	0	0	0
37	0	0	759	626	909	1809	0	0	0	0
38	0	0	759	624	909	1817	0	0	0	0
39	0	0	758	622	912	1828	0	0	0	0
40	0	0	759	621	912	1836	0	0	0	0
41	0	0	758	619	914	1848	0	0	0	0
42	0	0	758	617	915	1849	0	0	0	0
43	0	0	757	614	916	1853	0	0	0	0
44	0	0	757	613	917	1858	0	0	0	0
45	0	0	755	611	917	1858	0	0	0	0
46	0	0	756	610	920	1859	0	0	0	0
47	0	0	755	607	919	1867	0	0	0	0
48	0	0	754	606	920	1876	0	0	0	0
49	0	0	754	604	919	1874	0	0	0	0
50	0	0	754	602	920	1875	0	0	0	0
51	0	0	752	600	922	1887	0	0	0	0
52	0	0	751	598	923	1892	0	0	0	0
53	0	0	749	596	923	1894	0	0	0	0
54	0	0	749	594	924	1896	0	0	0	0
55	0	0	748	592	925	1902	0	0	0	0
56	0	0	746	589	926	1904	0	0	0	0
57	0	0	744	587	926	1909	0	0	0	0
58	0	0	744	585	926	1910	0	0	0	0
59	0	0	744	582	926	1913	0	0	0	0
60	0	0	744	581	927	1918	0	0	0	0
61	0	0	742	576	927	1918	0	0	0	0
62	0	0	743	576	927	1920	0	0	0	0
63	0	0	742	574	927	1919	0	0	0	0
64	0	0	742	573	927	1925	0	0	0	0
65	0	0	743	571	926	1925	0	0	0	0
66	0	0	744	569	926	1928	0	0	0	0
67	0	0	746	568	927	1926	0	0	0	0
68	0	0	746	565	926	1930	0	0	0	0
69	0	0	747	563	926	1936	0	0	0	0
70	0	0	747	561	927	1939	0	0	0	0
71	0	0	749	559	927	1940	0	0	0	0
72	0	0	749	557	928	1940	0	0	0	0
73	0	0	749	555	927	1941	0	0	0	0
74	0	0	748	554	928	1942	0	0	0	0
75	0	0	748	551	929	1943	0	0	0	0
76	0	0	748	549	931	1941	0	0	0	0
77	0	0	747	547	932	1947	0	0	0	0
78	0	0	748	545	932	1949	0	0	0	0
79	0	0	747	543	935	1953	0	0	0	0
80	0	0	746	542	937	1959	0	0	0	0
81	0	0	746	543	938	1958	0	0	0	0
82	0	0	745	541	940	1961	0	0	0	0
83	0	0	745	539	940	1962	0	0	0	0
84	0	0	744	539	941	1965	0	0	0	0
85	0	0	744	538	942	1968	0	0	0	0
86	0	0	745	538	943	1969	0	0	0	0
87	0	0	746	539	943	1972	0	0	0	0
88	0	0	745	539	943	1976	0	0	0	0
89	0	0	744	540	944	1979	0	0	0	0
90	0	0	746	539	943	1987	0	0	0	0
91	0	0	746	540	943	1994	0	0	0	0
92	0	0	745	541	943	1994	0	0	0	0
93	0	0	744	542	943	2000	0	0	0	0
94	0	0	744	542	942	2002	0	0	0	0
95	0	0	743	544	942	2008	0	0	0	0
96	0	0	743	544	940	2007	0	0	0	0
97	0	0	742	546	940	2008	0	0	0	0
98	0	0	741	547	939	2010	0	0	0	0
99	0	0	739	547	938	2010	0	0	0	0
100	0	0	739	548	938	2010	0	0	0	0
101	0	0	738	550	938	2015	0	0	0	0
102	0	0	739	549	936	2020	0	0	0	0
103	0	0	739	550	937	2024	0	0	0	0
104	0	0	738	550	935	2030	0	0	0	0
105	0	0	738	551	935	2031	0	0	0	0
106	0	0	738	552	935	2033	0	0	0	0
107	0	0	737	551	934	2035	0	0	0	0
108	0	0	737	550	933	2039	0	0	0	0
109	0	0	737	552	933	2041	0	0	0	0
110	0	0	738	552	932	2046	0	0	0	0
111	0	0	740	553	932	2051	0	0	0	0
112	0	0	740	551	931	2053	0	0	0	0
113	0	0	741	552	931	2054	0	0	0	0
114	0	0	741	552	932	2058	0	0	0	0
115	0	0	743	551	930	2062	0	0	0	0
116	0	0	742	551	931	2061	0	0	0	0
117	0	0	743	551	932	2064	0	0	0	0
118	0	0	742	550	932	2065	0	0	0	0
119	0	0	742	549	932	2069	0	0	0	0
120	0	0	742	550	933	2073	0	0	0	0
121	0	0	742	549	934	2076	0	0	0	0
122	0	0	741	549	935	2077	0	0	0	0
123	0	0	743	549	935	2080	0	0	0	0
124	0	0	741	549	935	2081	0	0	0	0
125	0	0	741	550	936	2083	0	0	0	0
126	0	0	742	549	939	2087	0	0	0	0
127	0	0	741	549	939	2091	0	0	0	0
0	0	0	740	548	940	2091	0	0	0	0
1	0	0	740	548	940	2094	0	0	0	0
2	0	0	740	548	941	2092	0	0	0	0
3	0	0	739	548	940	2090	0	0	0	0
4	0	0	739	548	941	2086	0	0	0	0
5	0	0	738	547	941	2088	0	0	0	0
6	0	0	739	547	942	2090	0	0	0	0
7	0	0	739	546	941	2092	0	0	0	0
8	0	0	738	546	941	2091	0	0	0	0
9	0	0	738	545	942	2093	0	0	0	0
10	0	0	738	544	940	2092	0	0	0	0
11	0	0	736	543	939	2091	0	0	0	0
12	0	0	737	543	939	2094	0	0	0	0
13	0	0	737	543	939	2099	0	0	0	0
14	0	0	737	542	938	2100	0	0	0	0
15	0	0	736	541	937	2098	0	0	0	0
16	0	0	736	540	937	2101	0	0	0	0
17	0	0	736	539	936	2100	0	0	0	0
18	0	0	736	539	936	2103	0	0	0	0
19	0	0	736	538	935	2104	0	0	0	0
20	0	0	734	538	936	2105	0	0	0	0
21	0	0	735	537	936	2105	0	0	0	0
22	0	0	735	537	937	2109	0	0	0	0
23	0	0	735	537	936	2109	0	0	0	0
24	0	0	734	536	936	2106	0	0	0	0
25	0	0	734	536	937	2108	0	0	0	0
26	0	0	734	536	938	2112	0	0	0	0
27	0	0	737	535	939	2113	0	0	0	0
28	0	0	737	535	940	2113	0	0	0	0
29	0	0	737	535	941	2113	0	0	0	0
30	0	0	736	535	942	2114	0	0	0	0
31	0	0	735	534	944	2115	0	0	0	0
32	0	0	736	534	947	2116	0	0	0	0
33	0	0	735	533	948	2117	0	0	0	0
34	0	0	734	532	949	2119	0	0	0	0
35	0	0	736	532	951	2120	0	0	0	0
36	0	0	736	531	953	2121	0	0	0	0
37	0	0	737	530	955	2122	0	0	0	0
38	0	0	736	528	957	2124	0	0	0	0
39	0	0	738	529	958	2128	0	0	0	0
40	0	0	738	529	958	2133	0	0	0	0
41	0	0	738	527	961	2135	0	0	0	0
42	0	0	739	529	963	2137	0	0	0	0
43	0	0	739	529	964	2141	0	0	0	0
44	0	0	740	528	965	2143	0	0	0	0
45	0	0	740	529	965	2142	0	0	0	0
46	0	0	742	528	967	2138	0	0	0	0
47	0	0	745	528	969	2134	0	0	0	0
48	0	0	744	528	970	2131	0	0	0	0
49	0	0	745	528	971	2133	0	0	0	0
50	0	0	744	528	972	2132	0	0	0	0
51	0	0	746	528	974	2129	0	0	0	0
52	0	0	748	528	975	2131	0	0	0	0
53	0	0	749	527	975	2132	0	0	0	0
54	0	0	750	528	977	2135	0	0	0	0
55	0	0	750	528	978	2135	0	0	0	0
56	0	0	750	527	978	2140	0	0	0	0
57	0	0	751	527	979	2142	0	0	0	0
58	0	0	751	528	979	2145	0	0	0	0
59	0	0	750	528	979	2148	0	0	0	0
60	0	0	751	527	980	2151	0	0	0	0
61	0	0	752	527	981	2152	0	0	0	0
62	0	0	751	527	981	2154	0	0	0	0
63	0	0	752	525	981	2155	0	0	0	0
64	0	0	751	526	982	2156	0	0	0	0
65	0	0	751	524	983	2157	0	0	0	0
66	0	0	751	523	984	2160	0	0	0	0
67	0	0	751	523	984	2160	0	0	0	0
68	0	0	751	523	985	2163	0	0	0	0
69	0	0	751	523	985	2166	0	0	0	0
70	0	0	749	522	985	2164	0	0	0	0
71	0	0	751	523	986	2167	0	0	0	0
72	0	0	749	523	986	2171	0	0	0	0
73	0	0	748	523	985	2171	0	0	0	0
74	0	0	747	523	985	2174	0	0	0	0
75	0	0	746	522	986	2177	0	0	0	0
76	0	0	746	519	987	2178	0	0	0	0
77	0	0	746	520	988	2181	0	0	0	0
78	0	0	745	518	989	2182	0	0	0	0
79	0	0	744	517	989	2182	0	0	0	0
80	0	0	742	517	990	2181	0	0	0	0
81	0	0	742	515	990	2182	0	0	0	0
82	0	0	742	513	990	2182	0	0	0	0
83	0	0	741	513	991	2185	0	0	0	0
84	0	0	741	512	991	2185	0	0	0	0
85	0	0	740	509	991	2185	0	0	0	0
86	0	0	740	509	992	2185	0	0	0	0
87	0	0	741	508	992	2187	0	0	0	0
88	0	0	741	507	992	2186	0	0	0	0
89	0	0	742	507	991	2189	0	0	0	0
90	0	0	741	506	991	2190	0	0	0	0
91	0	0	740	507	992	2200	0	0	0	0
92	0	0	740	507	991	2204	0	0	0	0
93	0	0	741	509	990	2211	0	0	0	0
94	0	0	739	508	991	2219	0	0	0	0
95	0	0	740	509	989	2226	0	0	0	0
96	0	0	739	509	989	2231	0	0	0	0
97	0	0	739	509	989	2233	0	0	0	0
98	0	0	738	510	988	2238	0	0	0	0
99	0	0	735	512	988	2245	0	0	0	0
100	0	0	735	513	987	2251	0	0	0	0
101	0	0	735	514	986	2256	0	0	0	0
102	0	0	734	515	985	2263	0	0	0	0
103	0	0	733	516	983	2270	0	0	0	0
104	0	0	732	518	984	2276	0	0	0	0
105	0	0	732	518	982	2282	0	0	0	0
106	0	0	732	519	982	2290	0	0	0	0
107	0	0	733	520	980	2297	0	0	0	0
108	0	0	734	522	980	2300	0	0	0	0
109	0	0	734	521	980	2303	0	0	0	0
110	0	0	734	523	978	2305	0	0	0	0
111	0	0	735	525	979	2310	0	0	0	0
112	0	0	735	525	977	2315	0	0	0	0
113	0	0	737	527	977	2324	0	0	0	0
114	0	0	736	528	976	2333	0	0	0	0
115	0	0	736	531	974	2336	0	0	0	0
116	0	0	736	534	973	2341	0	0	0	0
117	0	0	736	536	971	2353	0	0	0	0
118	0	0	737	537	971	2368	0	0	0	0
119	0	0	737	539	969	2374	0	0	0	0
120	0	0	739	540	969	2380	0	0	0	0
121	0	0	740	541	968	2384	0	0	0	0
122	0	0	740	543	967	2395	0	0	0	0
123	0	0	742	546	967	2403	0	0	0	0
124	0	0	742	545	966	2412	0	0	0	0
125	0	0	744	545	966	2422	0	0	0	0
126	0	0	747	547	966	2431	0	0	0	0
127	0	0	748	548	965	2436	0	0	0	0
0	0	0	748	551	965	2441	0	0	0	0
1	0	0	749	551	964	2446	0	0	0	0
2	0	0	748	552	963	2453	0	0	0	0
3	0	0	750	552	963	2462	0	0	0	0
4	0	0	751	553	961	2471	0	0	0	0
5	0	0	751	555	961	2481	0	0	0	0
6	0	0	749	557	960	2487	0	0	0	0
7	0	0	749	559	958	2493	0	0	0	0
8	0	0	749	561	956	2498	0	0	0	0
9	0	0	748	562	955	2505	0	0	0	0
10	0	0	750	565	954	2511	0	0	0	0
11	0	0	749	567	953	2516	0	0	0	0
12	0	0	749	569	952	2521	0	0	0	0
13	0	0	750	571	950	2526	0	0	0	0
14	0	0	751	573	948	2538	0	0	0	0
15	0	0	751	575	947	2543	0	0	0	0
16	0	0	751	577	945	2547	0	0	0	0
17	0	0	752	579	942	2548	0	0	0	0
18	0	0	751	583	940	2551	0	0	0	0
19	0	0	750	585	938	2560	0	0	0	0
20	0	0	750	586	935	2561	0	0	0	0
21	0	0	750	589	933	2569	0	0	0	0
22	0	0	751	592	932	2576	0	0	0	0
23	0	0	748	594	929	2584	0	0	0	0
24	0	0	748	595	927	2586	0	0	0	0
25	0	0	748	597	925	2587	0	0	0	0
26	0	0	746	598	923	2591	0	0	0	0
27	0	0	744	599	921	2592	0	0	0	0
28	0	0	745	601	917	2590	0	0	0	0
29	0	0	746	603	915	2591	0	0	0	0
30	0	0	744	605	913	2595	0	0	0	0
31	0	0	744	606	911	2594	0	0	0	0
32	0	0	744	608	908	2589	0	0	0	0
33	0	0	743	612	906	2585	0	0	0	0
34	0	0	742	614	904	2580	0	0	0	0
35	0	0	740	616	901	2575	0	0	0	0
36	0	0	740	618	899	2555	0	0	0	0
37	0	0	739	621	897	2531	0	0	0	0
38	0	0	739	623	896	2519	0	0	0	0
39	0	0	739	626	895	2511	0	0	0	0
40	0	0	737	627	892	2506	0	0	0	0
41	0	0	738	629	890	2499	0	0	0	0
42	0	0	736	631	889	2483	0	0	0	0
43	0	0	735	632	887	2462	0	0	0	0
44	0	0	736	634	886	2445	0	0	0	0
45	0	0	733	636	884	2443	0	0	0	0
46	0	0	733	639	882	2438	0	0	0	0
47	0	0	732	639	880	2422	0	0	0	0
48	0	0	730	641	878	2405	0	0	0	0
49	0	0	729	642	877	2383	0	0	0	0
50	0	0	730	643	876	2364	0	0	0	0
51	0	0	730	644	874	2359	0	0	0	0
52	0	0	730	646	873	2327	0	0	0	0
53	0	0	730	648	871	2314	0	0	0	0
54	0	0	730	649	870	2308	0	0	0	0
55	0	0	729	651	868	2307	0	0	0	0
56	0	0	727	652	866	2285	0	0	0	0
57	0	0	729	654	865	2247	0	0	0	0
58	0	0	727	655	863	2211	0	0	0	0
59	0	0	726	656	862	2197	0	0	0	0
60	0	0	727	657	862	2167	0	0	0	0
61	0	0	725	658	860	2138	0	0	0	0
62	0	0	726	660	858	2119	0	0	0	0
63	0	0	726	661	857	2085	0	0	0	0
64	0	0	727	661	855	2032	0	0	0	0
65	0	0	728	663	854	2004	0	0	0	0
66	0	0	729	664	853	1968	0	0	0	0
67	0	0	731	665	852	1897	0	0	0	0
68	0	0	731	667	850	1832	0	0	0	0
69	0	0	732	668	849	1772	0	0	0	0
70	0	0	732	670	848	1709	0	0	0	0
71	0	0	732	670	847	1664	0	0	0	0
72	0	0	733	673	846	1608	0	0	0	0
73	0	0	734	674	845	1537	0	0	0	0
74	0	0	735	677	844	1508	0	0	0	0
75	0	0	735	681	843	1450	0	0	0	0
76	0	0	736	682	842	1385	0	0	0	0
77	0	0	737	683	842	1368	0	0	0	0
78	0	0	737	684	842	1337	0	0	0	0
79	0	0	739	685	840	1231	0	0	0	0
80	0	0	739	688	840	1167	0	0	0	0
81	0	0	740	691	840	1076	0	0	0	0
82	0	0	742	694	838	984	0	0	0	0
83	0	0	743	695	837	944	0	0	0	0
84	0	0	746	697	836	886	0	0	0	0
85	0	0	746	700	837	813	0	0	0	0
86	0	0	747	701	836	712	0	0	0	0
87	0	0	749	704	835	652	0	0	0	0
88	0	0	750	706	835	603	0	0	0	0
89	0	0	751	708	834	481	0	0	0	0
90	0	0	752	712	833	503	0	0	0	0
91	0	0	752	714	832	442	0	0	0	0
92	0	0	753	716	833	444	0	0	0	0
93	0	0	755	718	832	402	0	0	0	0
94	0	0	757	721	832	379	0	0	0	0
95	0	0	760	723	832	316	0	0	0	0
96	0	0	758	725	832	266	0	0	0	0
97	0	0	760	729	832	283	0	0	0	0
98	0	0	762	730	831	294	0	0	0	0
99	0	0	762	734	831	305	0	0	0	0
100	0	0	763	737	832	349	0	0	0	0
101	0	0	763	738	832	335	0	0	0	0
102	0	0	767	740	832	334	0	0	0	0
103	0	0	768	742	832	314	0	0	0	0
104	0	0	769	746	830	266	0	0	0	0
105	0	0	769	750	830	255	0	0	0	0
106	0	0	768	752	830	266	0	0	0	0
107	0	0	770	756	830	257	0	0	0	0
108	0	0	769	759	829	268	0	0	0	0
109	0	0	771	763	829	285	0	0	0	0
110	0	0	771	768	828	293	0	0	0	0
111	0	0	771	771	826	286	0	0	0	0
112	0	0	772	775	826	298	0	0	0	0
113	0	0	774	778	825	304	0	0	0	0
114	0	0	774	783	824	309	0	0	0	0
115	0	0	776	787	824	297	0	0	0	0
116	0	0	776	791	823	290	0	0	0	0
117	0	0	776	795	821	289	0	0	0	0
118	0	0	779	800	820	284	0	0	0	0
119	0	0	780	805	818	295	0	0	0	0
120	0	0	781	809	816	286	0	0	0	0
121	0	0	783	814	814	287	0	0	0	0
122	0	0	783	819	811	284	0	0	0	0
123	0	0	783	825	810	283	0	0	0	0
124	0	0	783	830	807	280	0	0	0	0
125	0	0	784	834	805	278	0	0	0	0
126	0	0	786	839	803	275	0	0	0	0
127	0	0	785	844	800	277	0	0	0	0
0	0	0	784	848	796	281	0	0	0	0
1	0	0	786	853	792	282	0	0	0	0
2	0	0	784	858	790	287	0	0	0	0
3	0	0	784	861	787	282	0	0	0	0
4	0	0	783	865	783	281	0	0	0	0
5	0	0	783	869	781	274	0	0	0	0
6	0	0	782	873	778	268	0	0	0	0
7	0	0	783	878	774	263	0	0	0	0
8	0	0	782	881	772	259	0	0	0	0
9	0	0	783	883	771	238	0	0	0	0
10	0	0	781	886	768	215	0	0	0	0
11	0	0	780	891	764	161	0	0	0	0
12	0	0	779	897	762	148	0	0	0	0
13	0	0	778	900	760	154	0	0	0	0
14	0	0	777	901	756	130	0	0	0	0
15	0	0	777	904	754	124	0	0	0	0
16	0	0	778	905	751	127	0	0	0	0
17	0	0	776	908	749	126	0	0	0	0
18	0	0	775	910	746	124	0	0	0	0
19	0	0	776	913	743	124	0	0	0	0
20	0	0	776	913	742	123	0	0	0	0
21	0	0	776	915	739	118	0	0	0	0
22	0	0	776	918	737	122	0	0	0	0
23	0	0	775	920	734	123	0	0	0	0
24	0	0	775	921	732	122	0	0	0	0
25	0	0	775	922	731	119	0	0	0	0
26	0	0	776	921	729	119	0	0	0	0
27	0	0	777	921	728	121	0	0	0	0
28	0	0	778	921	727	118	0	0	0	0
29	0	0	778	923	725	110	0	0	0	0
30	0	0	780	923	723	106	0	0	0	0
31	0	0	780	925	722	105	0	0	0	0
32	0	0	780	926	721	97	0	0	0	0
33	0	0	781	925	719	91	0	0	0	0
34	0	0	781	925	718	88	0	0	0	0
35	0	0	781	925	717	89	0	0	0	0
36	0	0	781	926	716	91	0	0	0	0
37	0	0	779	924	714	91	0	0	0	0
38	0	0	779	924	715	92	0	0	0	0
39	0	0	778	922	713	96	0	0	0	0
40	0	0	779	921	713	100	0	0	0	0
41	0	0	777	917	713	100	0	0	0	0
42	0	0	775	914	713	104	0	0	0	0
43	0	0	773	909	714	106	0	0	0	0
44	0	0	772	906	715	107	0	0	0	0
45	0	0	770	902	715	106	0	0	0	0
46	0	0	769	898	717	112	0	0	0	0
47	0	0	769	894	719	113	0	0	0	0
48	0	0	768	890	720	110	0	0	0	0
49	0	0	767	886	721	103	0	0	0	0
50	0	0	764	881	721	98	0	0	0	0
51	0	0	764	877	723	97	0	0	0	0
52	0	0	764	874	724	90	0	0	0	0
53	0	0	764	869	726	86	0	0	0	0
54	0	0	764	866	726	83	0	0	0	0
55	0	0	764	863	727	85	0	0	0	0
56	0	0	765	857	728	87	0	0	0	0
57	0	0	766	855	728	86	0	0	0	0
58	0	0	767	853	727	87	0	0	0	0
59	0	0	769	849	727	93	0	0	0	0
60	0	0	771	847	729	95	0	0	0	0
61	0	0	772	845	729	97	0	0	0	0
62	0	0	773	844	727	100	0	0	0	0
63	0	0	776	842	728	101	0	0	0	0
64	0	0	777	839	728	103	0	0	0	0
65	0	0	779	836	729	101	0	0	0	0
66	0	0	781	835	729	110	0	0	0	0
67	0	0	781	832	727	110	0	0	0	0
68	0	0	783	830	730	106	0	0	0	0
69	0	0	783	828	730	101	0	0	0	0
70	0	0	785	827	731	97	0	0	0	0
71	0	0	785	824	732	94	0	0	0	0
72	0	0	786	823	732	88	0	0	0	0
73	0	0	786	821	733	84	0	0	0	0
74	0	0	787	819	733	84	0	0	0	0
75	0	0	788	818	733	86	0	0	0	0
76	0	0	788	816	734	90	0	0	0	0
77	0	0	789	815	735	89	0	0	0	0
78	0	0	788	814	737	91	0	0	0	0
79	0	0	788	811	737	95	0	0	0	0
80	0	0	789	810	738	98	0	0	0	0
81	0	0	788	810	741	99	0	0	0	0
82	0	0	787	809	742	105	0	0	0	0
83	0	0	787	805	744	107	0	0	0	0
84	0	0	786	805	745	107	0	0	0	0
85	0	0	786	803	747	108	0	0	0	0
86	0	0	786	803	748	115	0	0	0	0
87	0	0	785	803	749	116	0	0	0	0
88	0	0	786	802	750	113	0	0	0	0
89	0	0	786	800	753	107	0	0	0	0
90	0	0	786	798	753	101	0	0	0	0
91	0	0	787	795	757	99	0	0	0	0
92	0	0	787	793	758	92	0	0	0	0
93	0	0	787	792	760	88	0	0	0	0
94	0	0	791	788	763	85	0	0	0	0
95	0	0	789	785	766	85	0	0	0	0
96	0	0	791	782	768	88	0	0	0	0
97	0	0	792	780	769	89	0	0	0	0
98	0	0	792	780	773	90	0	0	0	0
99	0	0	792	779	774	95	0	0	0	0
100	0	0	792	777	775	100	0	0	0	0
101	0	0	791	777	776	100	0	0	0	0
102	0	0	790	777	779	105	0	0	0	0
103	0	0	792	776	780	107	0	0	0	0
104	0	0	790	776	780	108	0	0	0	0
105	0	0	790	775	782	105	0	0	0	0
106	0	0	789	776	783	113	0	0	0	0
107	0	0	787	775	783	113	0	2	0	0
108	0	0	788	775	785	110	0	0	0	0
109	0	0	787	776	786	106	0	0	0	0
110	0	0	786	774	787	99	0	0	0	0
111	0	0	787	773	788	94	0	0	0	0
112	0	0	786	772	790	87	0	0	0	0
113	0	0	785	770	791	83	0	0	0	0
114	0	0	786	768	793	81	0	0	0	0
115	0	0	786	767	794	82	0	0	0	0
116	0	0	785	767	796	84	0	0	0	0
117	0	0	785	766	798	84	0	0	0	0
118	0	0	785	765	799	87	0	0	0	0
119	0	0	784	763	801	90	0	0	0	0
120	0	0	783	761	801	96	0	0	0	0
121	0	0	784	760	802	98	0	0	0	0
122	0	0	785	759	804	102	0	0	0	0
123	0	0	786	759	804	102	0	0	0	0
124	0	0	785	757	806	103	0	0	0	0
125	0	0	785	754	807	102	0	0	0	0
126	0	0	784	754	808	109	0	0	0	0
127	0	0	785	754	806	111	0	0	0	0
0	0	0	785	753	809	105	0	0	0	0
1	0	0	786	752	809	97	0	0	0	0
2	0	0	788	751	810	92	0	0	0	0
3	0	0	787	751	810	91	0	0	0	0
4	0	0	788	750	810	84	0	0	0	0
5	0	0	788	750	811	79	0	0	0	0
6	0	0	789	750	811	77	0	0	0	0
7	0	0	788	749	811	78	0	0	0	0
8	0	0	791	750	811	80	0	0	0	0
9	0	0	790	750	811	79	0	0	0	0
10	0	0	791	750	811	81	0	0	0	0
11	0	0	792	750	811	85	0	0	0	0
12	0	0	789	749	810	90	0	0	0	0
13	0	0	794	750	810	91	0	0	0	0
14	0	0	794	750	808	96	0	0	0	0
15	0	0	795	749	808	99	0	0	0	0
16	0	0	795	749	808	100	0	0	0	0
17	0	0	797	750	808	99	0	0	0	0
18	0	0	795	751	806	107	0	0	0	0
19	0	0	797	751	809	108	0	0	0	0
20	0	0	798	752	806	104	0	0	0	0
21	0	0	799	751	805	97	0	0	0	0
22	0	0	800	751	804	92	0	0	0	0
23	0	0	800	752	803	91	0	0	0	0
24	0	0	800	752	800	83	0	0	0	0
25	0	0	800	753	801	78	0	0	0	0
26	0	0	800	752	800	77	0	0	0	0
27	0	0	801	751	800	77	0	0	0	0
28	0	0	803	751	799	79	0	0	0	0
29	0	0	803	752	798	79	0	0	0	0
30	0	0	804	752	798	82	0	0	0	0
31	0	0	804	752	797	87	0	0	0	0
32	0	0	804	753	796	89	0	0	0	0
33	0	0	805	753	795	90	0	0	0	0
34	0	0	805	754	794	95	0	0	0	0
35	0	0	805	753	793	97	0	0	0	0
36	0	0	805	753	792	97	0	0	0	0
37	0	0	806	755	793	97	0	0	0	0
38	0	0	805	755	791	104	0	0	0	0
39	0	0	805	755	791	107	0	0	0	0
40	0	0	805	755	791	101	0	0	0	0
41	0	0	805	755	789	94	0	0	0	0
42	0	0	806	755	789	89	0	0	0	0
43	0	0	805	755	788	87	0	0	0	0
44	0	0	805	755	785	81	0	0	0	0
45	0	0	806	755	786	76	0	0	0	0
46	0	0	805	755	786	74	0	0	0	0
47	0	0	806	755	785	75	0	0	0	0
48	0	0	806	756	784	77	0	0	0	0
49	0	0	806	756	782	77	0	0	0	0
50	0	0	805	757	781	80	0	0	0	0
51	0	0	805	756	779	80	0	0	0	0
52	0	0	806	756	778	79	0	0	0	0
53	0	0	806	758	777	75	0	0	0	0
54	0	0	806	757	776	78	0	0	0	0
55	0	0	805	756	775	80	0	0	0	0
56	0	0	804	757	774	81	0	0	0	0
57	0	0	804	757	774	82	0	0	0	0
58	0	0	805	758	772	91	0	0	0	0
59	0	0	805	758	771	91	0	0	0	0
60	0	0	805	758	770	89	0	0	0	0
61	0	0	805	760	768	83	0	0	0	0
62	0	0	805	760	767	82	0	0	0	0
63	0	0	805	761	766	81	0	0	0	0
64	0	0	805	761	764	75	0	0	0	0
65	0	0	804	761	763	71	0	0	0	0
66	0	0	805	762	762	70	0	0	0	0
67	0	0	804	762	761	73	0	0	0	0
68	0	0	804	763	760	74	0	0	0	0
69	0	0	804	764	759	75	0	0	0	0
70	0	0	805	763	758	77	0	0	0	0
71	0	0	803	764	757	83	0	0	0	0
72	0	0	803	765	756	87	0	0	0	0
73	0	0	804	766	756	87	0	0	0	0
74	0	0	804	766	755	91	0	0	0	0
75	0	0	803	767	754	94	0	0	0	0
76	0	0	803	768	752	95	0	0	0	0
77	0	0	804	769	751	94	0	0	0	0
78	0	0	804	769	751	101	0	0	0	0
79	0	0	803	770	750	103	0	0	0	0
80	0	0	803	771	749	98	0	0	0	0
81	0	0	803	771	747	92	0	0	0	0
82	0	0	803	771	746	87	0	0	0	0
83	0	0	803	771	747	86	0	0	0	0
84	0	0	803	771	747	79	0	0	0	0
85	0	0	802	771	745	75	0	0	0	0
86	0	0	803	772	746	73	0	0	0	0
87	0	0	803	773	745	74	0	0	0	0
88	0	0	802	773	744	76	0	0	0	0
89	0	0	803	776	745	77	0	0	0	0
90	0	0	801	775	744	78	0	0	0	0
91	0	0	802	776	744	83	0	0	0	0
92	0	0	803	777	744	86	0	0	0	0
93	0	0	802	778	744	86	0	0	0	0
94	0	0	802	778	744	90	0	0	0	0
95	0	0	802	780	744	93	0	0	0	0
96	0	0	800	780	743	93	0	0	0	0
97	0	0	800	781	744	93	0	0	0	0
98	0	0	801	781	745	100	0	0	0	0
99	0	0	799	782	745	101	0	0	0	0
100	0	0	799	781	745	97	0	0	0	0
101	0	0	800	783	746	90	0	0	0	0
102	0	0	800	783	747	85	0	0	0	0
103	0	0	799	783	748	84	0	0	0	0
104	0	0	800	783	747	79	0	0	0	0
105	0	0	799	783	748	73	0	0	0	0
106	0	0	800	784	749	71	0	0	0	0
107	0	0	800	783	748	72	0	0	0	0
108	0	0	802	785	749	74	0	0	0	0
109	0	0	801	784	751	74	0	0	0	0
110	0	0	802	786	752	75	0	0	0	0
111	0	0	801	786	751	80	0	0	0	0
112	0	0	802	786	751	82	0	0	0	0
113	0	0	802	786	751	83	0	0	0	0
114	0	0	802	787	752	86	0	0	0	0
115	0	0	802	788	752	89	0	0	0	0
116	0	0	803	788	753	90	0	0	0	0
117	0	0	802	788	753	89	0	0	0	0
118	0	0	802	789	755	95	0	0	0	0
119	0	0	803	789	755	96	0	0	0	0
120	0	0	803	790	756	91	0	0	0	0
121	0	0	803	790	756	85	0	0	0	0
122	0	0	805	791	756	80	0	0	0	0
123	0	0	806	792	757	77	0	0	0	0
124	0	0	805	792	758	72	0	0	0	0
125	0	0	806	791	757	67	0	0	0	0
126	0	0	806	793	758	64	0	0	0	0
127	0	0	806	793	759	66	0	0	0	0
0	0	0	805	793	759	65	0	0	0	0
1	0	0	804	793	760	66	0	0	0	0
2	0	0	804	792	761	68	0	0	0	0
3	0	0	805	793	762	70	0	0	0	0
4	0	0	805	791	763	73	0	0	0	0
5	0	0	806	792	764	71	0	0	0	0
6	0	0	806	792	766	73	0	0	0	0
7	0	0	806	792	765	74	0	0	0	0
8	0	0	806	792	767	72	0	0	0	0
9	0	0	806	792	768	69	0	0	0	0
10	0	0	806	791	768	72	0	0	0	0
11	0	0	806	790	770	69	0	0	0	0
12	0	0	806	790	770	60	0	0	0	0
13	0	0	806	790	771	47	0	0	0	0
14	0	0	806	790	772	32	0	0	0	0
15	0	0	807	789	772	14	0	0	0	0
16	0	0	806	790	773	0	0	0	0	0
17	0	0	806	789	774	0	0	0	0	0
18	0	0	805	788	774	0	0	0	0	0
19	0	0	805	789	773	110	0	0	0	0
20	0	0	805	790	776	282	0	0	0	0
21	0	0	805	789	778	619	0	0	0	0
22	0	0	805	788	779	816	0	0	0	0
23	0	0	804	792	783	927	0	0	0	0
24	0	0	801	795	787	1225	0	0	0	0
25	0	0	798	799	791	1337	0	0	0	0
26	0	0	792	801	794	1293	0	0	0	0
27	0	0	784	805	795	1264	0	0	0	0
28	0	0	780	807	796	1199	0	0	0	0
29	0	0	779	807	796	1210	0	0	0	0
30	0	0	780	805	794	1251	0	0	0	0
31	0	0	786	803	793	1290	0	0	0	0
32	0	0	790	800	791	1283	0	0	0	0
33	0	0	789	802	794	1285	0	0	0	0
34	0	0	780	805	796	1292	0	0	0	0
35	0	0	770	807	799	1395	0	0	0	0
36	0	0	764	809	803	1483	0	0	0	0
37	0	0	761	808	804	1549	0	0	0	0
38	0	0	758	810	805	1686	0	0	0	0
39	0	0	758	811	805	1834	0	0	0	0
40	0	0	759	808	805	1940	0	0	0	0
41	0	0	763	809	806	2031	0	0	0	0
42	0	0	765	808	806	2093	0	0	0	0
43	0	0	766	808	808	2040	0	0	0	0
44	0	0	766	807	809	2060	0	0	0	0
45	0	0	765	808	811	2078	0	0	0	0
46	0	0	763	808	813	2031	0	0	0	0
47	0	0	763	808	816	1859	0	0	0	0
48	0	0	761	812	821	1809	0	0	0	0
49	0	0	759	814	825	1701	0	0	0	0
50	0	0	756	819	830	1563	0	0	0	0
51	0	0	752	825	840	1467	0	0	0	0
52	0	0	745	837	854	1327	0	0	0	0
53	0	0	733	852	869	1178	0	0	0	0
54	0	0	717	872	885	1049	0	0	0	0
55	0	0	694	896	899	1019	0	0	0	0
56	0	0	651	921	913	1061	0	0	0	0
57	0	0	608	946	920	1025	0	0	0	0
58	0	0	555	965	922	877	0	0	0	0
59	0	0	490	973	918	687	0	0	0	0
60	0	0	418	965	910	611	0	0	0	0
61	0	0	343	945	910	737	0	0	0	0
62	0	0	271	914	922	734	0	0	0	0
63	0	0	228	884	949	723	0	0	0	0
64	0	0	214	853	988	775	0	0	0	0
65	0	0	226	830	1032	773	0	0	0	0
66	0	0	259	813	1070	829	0	0	0	0
67	0	0	311	789	1090	871	0	0	0	0
68	0	0	363	760	1100	932	0	0	0	0
69	0	0	393	743	1115	924	0	0	0	0
70	0	0	394	751	1136	961	0	0	0	0
71	0	0	369	767	1167	1018	0	0	0	0
72	0	0	322	775	1197	1064	0	0	0	0
73	0	0	264	770	1227	1115	0	0	0	0
74	0	0	229	740	1255	1182	0	0	0	0
75	0	0	239	693	1271	1276	0	0	0	0
76	0	0	317	639	1277	1347	0	0	0	0
77	0	0	447	581	1269	1479	0	0	0	0
78	0	0	618	519	1240	1581	0	0	0	0
79	0	0	814	459	1200	1705	0	0	0	0
80	0	0	1010	400	1162	1791	0	0	0	0
81	0	0	1180	338	1122	1863	0	0	0	0
82	0	0	1312	278	1085	1930	0	0	0	0
83	0	0	1387	227	1046	1971	0	0	0	0
84	0	0	1392	190	1009	2020	0	0	0	0
85	0	0	1340	169	973	2104	0	0	0	0
86	0	0	1257	155	951	2141	0	0	0	0
87	0	0	1171	137	939	2160	0	0	0	0
88	0	0	1098	110	938	2195	0	0	0	0
89	0	0	1037	79	938	2223	0	0	0	0
90	0	0	998	57	941	2235	0	0	0	0
91	0	0	970	44	952	2251	0	0	0	0
92	0	0	935	37	941	2268	0	0	0	0
93	0	0	903	41	947	2288	0	0	0	0
94	0	0	868	37	951	2288	0	0	0	0
95	0	0	845	32	962	2293	0	0	0	0
96	0	0	828	33	981	2312	0	0	0	0
97	0	0	806	34	1003	2336	0	0	0	0
98	0	0	775	37	1020	2358	0	0	0	0
99	0	0	737	38	1035	2373	0	0	0	0
100	0	0	700	37	1052	2388	0	0	0	0
101	0	0	671	37	1064	2396	0	0	0	0
102	0	0	642	43	1065	2395	0	0	0	0
103	0	0	617	46	1073	2405	0	0	0	0
104	0	0	603	46	1084	2425	0	0	0	0
105	0	0	592	43	1098	2430	0	0	0	0
106	0	0	587	37	1115	2430	0	0	0	0
107	0	0	585	32	1132	2445	0	0	0	0
108	0	0	588	29	1151	2451	0	0	0	0
109	0	0	597	27	1165	2454	0	0	0	0
110	0	0	614	28	1174	2462	0	0	0	0
111	0	0	634	28	1181	2461	0	0	0	0
112	0	0	653	35	1186	2464	0	0	0	0
113	0	0	675	48	1191	2472	0	0	0	0
114	0	0	695	68	1195	2474	0	0	0	0
115	0	0	714	89	1198	2476	0	0	0	0
116	0	0	730	108	1204	2482	0	0	0	0
117	0	0	748	123	1211	2485	0	0	0	0
118	0	0	763	137	1219	2487	0	0	0	0
119	0	0	778	151	1226	2498	0	0	0	0
120	0	0	789	168	1228	2502	0	0	0	0
121	0	0	798	184	1229	2502	0	0	0	0
122	0	0	805	203	1224	2507	0	0	0	0
123	0	0	810	228	1216	2509	0	0	0	0
124	0	0	815	253	1206	2504	0	0	0	0
125	0	0	816	276	1193	2512	0	0	0	0
126	0	0	821	299	1183	2517	0	0	0	0
127	0	0	821	320	1171	2519	0	0	0	0
0	0	0	830	340	1156	2522	0	0	0	0
1	0	0	839	359	1144	2528	0	0	0	0
2	0	0	844	378	1129	2531	0	0	0	0
3	0	0	850	396	1113	2532	0	0	0	0
4	0	0	854	411	1100	2535	0	0	0	0
5	0	0	859	429	1085	2532	0	0	0	0
6	0	0	864	447	1072	2540	0	0	0	0
7	0	0	868	461	1061	2544	0	0	0	0
8	0	0	872	475	1049	2547	0	0	0	0
9	0	0	871	489	1037	2550	0	0	0	0
10	0	0	870	500	1028	2548	0	0	0	0
11	0	0	871	509	1019	2548	0	0	0	0
12	0	0	872	516	1013	2550	0	0	0	0
13	0	0	872	522	1006	2557	0	0	0	0
14	0	0	872	529	998	2567	0	0	0	0
15	0	0	873	533	991	2572	0	0	0	0
16	0	0	872	538	983	2569	0	0	0	0
17	0	0	872	541	976	2567	0	0	0	0
18	0	0	871	547	968	2568	0	0	0	0
19	0	0	870	551	960	2576	0	0	0	0
20	0	0	870	552	954	2575	0	0	0	0
21	0	0	870	554	946	2574	0	0	0	0
22	0	0	868	555	941	2579	0	0	0	0
23	0	0	868	558	937	2580	0	0	0	0
24	0	0	868	560	931	2576	0	0	0	0
25	0	0	869	563	926	2575	0	0	0	0
26	0	0	869	567	921	2574	0	0	0	0
27	0	0	866	570	917	2575	0	0	0	0
28	0	0	865	576	910	2577	0	0	0	0
29	0	0	861	583	904	2578	0	0	0	0
30	0	0	858	590	897	2582	0	0	0	0
31	0	0	856	599	890	2582	0	0	0	0
32	0	0	855	605	885	2584	0	0	0	0
33	0	0	852	613	879	2584	0	0	0	0
34	0	0	850	619	874	2585	0	0	0	0
35	0	0	849	625	872	2590	0	0	0	0
36	0	0	847	632	868	2589	0	0	0	0
37	0	0	843	638	865	2590	0	0	0	0
38	0	0	837	645	862	2592	0	0	0	0
39	0	0	831	653	859	2591	0	0	0	0
40	0	0	824	661	855	2590	0	0	0	0
41	0	0	818	668	851	2590	0	0	0	0
42	0	0	814	673	847	2586	0	0	0	0
43	0	0	811	676	844	2585	0	0	0	0
44	0	0	808	680	841	2582	0	0	0	0
45	0	0	804	684	837	2578	0	0	0	0
46	0	0	800	688	834	2574	0	0	0	0
47	0	0	797	690	832	2573	0	0	0	0
48	0	0	796	693	831	2569	0	0	0	0
49	0	0	793	693	830	2565	0	0	0	0
50	0	0	791	693	827	2557	0	0	0	0
51	0	0	789	695	825	2552	0	0	0	0
52	0	0	786	698	823	2554	0	0	0	0
53	0	0	783	696	819	2549	0	0	0	0
54	0	0	782	692	817	2544	0	0	0	0
55	0	0	783	687	816	2541	0	0	0	0
56	0	0	783	682	814	2536	0	0	0	0
57	0	0	781	678	814	2532	0	0	0	0
58	0	0	780	675	813	2529	0	0	0	0
59	0	0	777	671	813	2528	0	0	0	0
60	0	0	773	665	813	2526	0	0	0	0
61	0	0	771	660	813	2521	0	0	0	0
62	0	0	768	655	815	2512	0	0	0	0
63	0	0	765	650	816	2504	0	0	0	0
64	0	0	762	644	818	2502	0	0	0	0
65	0	0	761	637	822	2498	0	0	0	0
66	0	0	758	631	824	2493	0	0	0	0
67	0	0	755	627	827	2489	0	0	0	0
68	0	0	752	622	830	2477	0	0	0	0
69	0	0	749	618	835	2473	0	0	0	0
70	0	0	746	614	837	2469	0	0	0	0
71	0	0	746	611	839	2467	0	0	0	0
72	0	0	742	609	841	2463	0	0	0	0
73	0	0	740	604	845	2452	0	0	0	0
74	0	0	741	602	848	2447	0	0	0	0
75	0	0	739	598	851	2445	0	0	0	0
76	0	0	739	594	855	2442	0	0	0	0
77	0	0	738	590	858	2435	0	0	0	0
78	0	0	736	586	864	2427	0	0	0	0
79	0	0	735	582	866	2421	0	0	0	0
80	0	0	733	577	871	2413	0	0	0	0
81	0	0	731	575	875	2406	0	0	0	0
82	0	0	731	571	878	2404	0	0	0	0
83	0	0	729	569	881	2397	0	0	0	0
84	0	0	728	567	884	2389	0	0	0	0
85	0	0	726	566	887	2374	0	0	0	0
86	0	0	725	564	890	2355	0	0	0	0
87	0	0	723	563	893	2339	0	0	0	0
88	0	0	722	562	897	2318	0	0	0	0
89	0	0	721	559	901	2313	0	0	0	0
90	0	0	722	559	905	2306	0	0	0	0
91	0	0	722	559	910	2292	0	0	0	0
92	0	0	723	558	912	2278	0	0	0	0
93	0	0	725	557	915	2261	0	0	0	0
94	0	0	725	557	918	2254	0	0	0	0
95	0	0	727	556	921	2246	0	0	0	0
96	0	0	728	557	924	2230	0	0	0	0
97	0	0	729	556	928	2204	0	0	0	0
98	0	0	730	557	929	2197	0	0	0	0
99	0	0	731	558	932	2198	0	0	0	0
100	0	0	732	558	933	2176	0	0	0	0
101	0	0	734	560	935	2154	0	0	0	0
102	0	0	736	561	936	2142	0	0	0	0
103	0	0	737	565	938	2133	0	0	0	0
104	0	0	740	567	939	2114	0	0	0	0
105	0	0	743	570	941	2095	0	0	0	0
106	0	0	745	573	941	2076	0	0	0	0
107	0	0	749	576	941	2067	0	0	0	0
108	0	0	752	581	942	2055	0	0	0	0
109	0	0	754	585	942	2048	0	0	0	0
110	0	0	759	589	942	2031	0	0	0	0
111	0	0	761	591	941	2016	0	0	0	0
112	0	0	765	595	941	1999	0	0	0	0
113	0	0	767	597	941	2003	0	0	0	0
114	0	0	768	601	941	1990	0	0	0	0
115	0	0	770	603	939	1965	0	0	0	0
116	0	0	772	607	938	1948	0	0	0	0
117	0	0	772	610	936	1934	0	0	0	0
118	0	0	771	613	934	1908	0	0	0	0
119	0	0	773	618	932	1892	0	0	0	0
120	0	0	774	620	931	1882	0	0	0	0
121	0	0	774	624	928	1865	0	0	0	0
122	0	0	773	627	926	1852	0	0	0	0
123	0	0	772	631	924	1836	0	0	0	0
124	0	0	769	636	923	1806	0	0	0	0
125	0	0	769	640	919	1790	0	0	0	0
126	0	0	768	639	916	1777	0	0	0	0
127	0	0	767	649	914	1766	0	0	0	0
0	0	0	767	653	912	1752	0	0	0	0
1	0	0	766	657	908	1735	0	0	0	0
2	0	0	765	661	906	1728	0	0	0	0
3	0	0	766	666	903	1729	0	0	0	0
4	0	0	765	671	900	1713	0	0	0	0
5	0	0	764	675	898	1691	0	0	0	0
6	0	0	763	680	894	1649	0	0	0	0
7	0	0	764	685	892	1639	0	0	0	0
8	0	0	764	687	888	1615	0	0	0	0
9	0	0	763	691	885	1594	0	0	0	0
10	0	0	763	697	883	1592	0	0	0	0
11	0	0	764	701	879	1584	0	0	0	0
12	0	0	763	706	876	1581	0	0	0	0
13	0	0	764	708	873	1589	0	0	0	0
14	0	0	766	711	871	1584	0	0	0	0
15	0	0	767	714	869	1565	0	0	0	0
16	0	0	767	717	864	1545	0	0	0	0
17	0	0	769	719	863	1516	0	0	0	0
18	0	0	770	721	860	1495	0	0	0	0
19	0	0	770	723	858	1473	0	0	0	0
20	0	0	769	725	856	1430	0	0	0	0
21	0	0	771	727	854	1384	0	0	0	0
22	0	0	771	728	852	1366	0	0	0	0
23	0	0	771	730	850	1365	0	0	0	0
24	0	0	771	733	847	1365	0	0	0	0
25	0	0	770	734	845	1348	0	0	0	0
26	0	0	770	737	842	1344	0	0	0	0
27	0	0	772	738	838	1352	0	0	0	0
28	0	0	773	738	835	1337	0	0	0	0
29	0	0	775	739	832	1346	0	0	0	0
30	0	0	775	740	830	1346	0	0	0	0
31	0	0	776	739	827	1333	0	0	0	0
32	0	0	776	740	824	1317	0	0	0	0
33	0	0	778	740	822	1313	0	0	0	0
34	0	0	777	740	819	1313	0	0	0	0
35	0	0	779	738	819	1285	0	0	0	0
36	0	0	778	737	816	1274	0	0	0	0
37	0	0	779	737	814	1255	0	0	0	0
38	0	0	780	736	812	1254	0	0	0	0
39	0	0	779	735	810	1255	0	0	0	0
40	0	0	779	736	808	1257	0	0	2	0
41	0	0	779	737	807	1221	0	0	0	0
42	0	0	780	737	803	1202	0	0	0	0
43	0	0	781	739	801	1206	0	0	0	0
44	0	0	780	738	797	1173	0	0	0	0
45	0	0	781	740	796	1142	0	0	0	0
46	0	0	781	741	794	1107	0	0	0	0
47	0	0	781	742	791	1087	0	0	0	0
48	0	0	781	745	789	1064	0	0	0	0
49	0	0	779	748	787	1057	0	0	0	0
50	0	0	780	750	784	1054	0	0	0	0
51	0	0	780	753	781	1060	0	0	0	0
52	0	0	779	756	779	1031	0	0	0	0
53	0	0	777	759	776	1023	0	0	0	0
54	0	0	775	764	773	1025	0	0	0	0
55	0	0	774	765	771	1024	0	0	0	0
56	0	0	776	768	768	1018	0	0	0	0
57	0	0	775	769	766	1001	0	0	0	0
58	0	0	775	772	764	995	0	0	0	0
59	0	0	776	773	762	974	0	0	0	0
60	0	0	775	775	760	958	0	0	0	0
61	0	0	775	776	758	938	0	0	0	0
62	0	0	776	778	757	942	0	0	0	0
63	0	0	777	779	755	951	0	0	0	0
64	0	0	778	782	754	944	0	0	0	0
65	0	0	778	781	754	930	0	0	0	0
66	0	0	780	780	753	907	0	0	0	0
67	0	0	778	783	751	896	0	0	0	0
68	0	0	780	784	748	884	0	0	0	0
69	0	0	780	786	750	869	0	0	0	0
70	0	0	782	789	750	878	0	0	0	0
71	0	0	783	786	748	872	0	0	0	0
72	0	0	781	787	749	877	0	0	0	0
73	0	0	781	787	748	855	0	0	0	0
74	0	0	784	790	751	869	0	0	0	0
75	0	0	787	790	750	849	0	0	0	0
76	0	0	790	792	749	826	0	0	0	0
77	0	0	789	794	749	802	0	0	0	0
78	0	0	790	797	749	801	0	0	0	0
79	0	0	790	798	748	776	0	0	0	0
80	0	0	791	800	749	782	0	0	0	0
81	0	0	789	800	749	771	0	0	0	0
82	0	0	787	802	750	762	0	0	0	0
83	0	0	788	802	749	765	0	0	0	0
84	0	0	787	803	752	771	0	0	0	0
85	0	0	786	805	751	770	0	0	0	0
86	0	0	787	804	751	766	0	0	0	0
87	0	0	786	804	753	757	0	0	0	0
88	0	0	786	803	753	749	0	0	0	0
89	0	0	786	803	755	721	0	0	0	0
90	0	0	786	803	756	735	0	0	0	0
91	0	0	785	803	756	721	0	0	0	0
92	0	0	784	803	758	719	0	0	0	0
93	0	0	784	802	758	719	0	0	0	0
94	0	0	783	803	758	733	0	0	0	0
95	0	0	783	803	759	728	0	0	0	0
96	0	0	782	803	760	751	0	0	0	0
97	0	0	782	804	761	770	0	0	0	0
98	0	0	781	802	762	766	0	0	0	0
99	0	0	780	801	762	767	0	0	0	0
100	0	0	782	802	763	763	0	0	0	0
101	0	0	779	800	763	765	0	0	0	0
102	0	0	780	800	765	761	0	0	0	0
103	0	0	778	799	767	754	0	0	0	0
104	0	0	777	798	768	759	0	0	0	0
105	0	0	776	798	768	773	0	0	0	0
106	0	0	775	798	769	760	0	0	0	0
107	0	0	775	797	770	754	0	0	0	0
108	0	0	774	796	772	744	0	0	0	0
109	0	0	774	796	773	745	0	0	0	0
110	0	0	773	794	774	742	0	0	0	0
111	0	0	774	794	775	736	0	0	0	0
112	0	0	774	793	778	738	0	0	0	0
113	0	0	772	790	780	732	0	0	0	0
114	0	0	773	789	783	725	0	0	0	0
115	0	0	772	788	785	725	0	0	0	0
116	0	0	772	785	786	719	0	0	0	0
117	0	0	773	785	788	719	0	0	0	0
118	0	0	771	782	791	708	0	0	0	0
119	0	0	770	782	793	694	0	0	0	0
120	0	0	771	781	795	685	0	0	0	0
121	0	0	771	779	797	680	0	0	0	0
122	0	0	771	778	799	695	0	0	0	0
123	0	0	770	776	801	713	0	0	0	0
124	0	0	769	775	803	711	0	0	0	0
125	0	0	769	774	805	694	0	0	0	0
126	0	0	769	771	806	703	0	0	0	0
127	0	0	768	768	809	694	0	0	0	0
0	0	0	768	766	811	694	0	0	0	0
1	0	0	768	765	813	693	0	0	0	0
2	0	0	766	761	815	694	0	0	0	0
3	0	0	765	759	817	704	0	0	0	0
4	0	0	765	755	818	699	0	0	0	0
5	0	0	765	752	820	704	0	0	0	0
6	0	0	764	749	821	700	0	0	0	0
7	0	0	764	747	823	705	0	0	0	0
8	0	0	764	743	824	690	0	0	0	0
9	0	0	764	740	827	697	0	0	0	0
10	0	0	763	736	828	699	0	0	0	0
11	0	0	763	733	831	694	0	0	0	0
12	0	0	763	731	834	699	0	0	0	0
13	0	0	763	726	837	708	0	0	0	0
14	0	0	763	723	841	711	0	0	0	0
15	0	0	764	719	843	710	0	0	0	0
16	0	0	762	716	845	711	0	0	0	0
17	0	0	763	711	849	715	0	0	0	0
18	0	0	762	707	851	718	0	0	0	0
19	0	0	763	701	855	723	0	0	0	0
20	0	0	763	696	858	728	0	0	0	0
21	0	0	761	693	861	727	0	0	0	0
22	0	0	762	689	865	725	0	0	0	0
23	0	0	763	686	867	725	0	0	0	0
24	0	0	762	682	868	730	0	0	0	0
25	0	0	763	678	872	726	0	0	0	0
26	0	0	763	674	875	733	0	0	0	0
27	0	0	762	670	876	735	0	0	0	0
28	0	0	765	666	880	735	0	0	0	0
29	0	0	766	663	882	732	0	0	0	0
30	0	0	766	658	883	735	0	0	0	0
31	0	0	767	654	886	737	0	0	0	0
32	0	0	768	652	888	746	0	0	0	0
33	0	0	769	645	892	749	0	0	0	0
34	0	0	772	640	893	755	0	0	0	0
35	0	0	772	635	895	758	0	0	0	0
36	0	0	776	630	897	769	0	0	0	0
37	0	0	776	626	900	776	0	0	0	0
38	0	0	777	619	903	781	0	0	0	0
39	0	0	778	612	905	775	0	0	0	0
40	0	0	780	608	908	776	0	0	0	0
41	0	0	781	602	910	775	0	0	0	0
42	0	0	782	597	912	784	0	0	0	0
43	0	0	783	591	913	783	0	0	0	0
44	0	0	784	587	915	781	0	0	0	0
45	0	0	784	581	917	783	0	0	0	0
46	0	0	785	577	918	786	0	0	0	0
47	0	0	785	571	920	788	0	0	0	0
48	0	0	785	566	921	789	0	0	0	0
49	0	0	786	562	922	787	0	0	0	0
50	0	0	783	558	923	790	0	0	0	0
51	0	0	782	553	925	797	0	0	0	0
52	0	0	780	549	927	800	0	0	0	0
53	0	0	778	544	927	801	0	0	0	0
54	0	0	778	541	928	800	0	0	0	0
55	0	0	777	537	932	798	0	0	0	0
56	0	0	777	533	933	799	0	0	0	0
57	0	0	776	529	935	796	0	0	0	0
58	0	0	775	526	937	799	0	0	0	0
59	0	0	774	523	939	805	0	0	0	0
60	0	0	772	521	942	803	0	0	0	0
61	0	0	772	519	943	805	0	0	0	0
62	0	0	771	518	945	806	0	0	0	0
63	0	0	771	519	946	806	0	0	0	0
64	0	0	770	518	947	804	0	0	0	0
65	0	0	768	521	947	809	0	0	0	0
66	0	0	768	523	948	811	0	0	0	0
67	0	0	767	525	947	805	0	0	0	0
68	0	0	765	527	947	805	0	0	0	0
69	0	0	764	530	948	808	0	0	0	0
70	0	0	765	534	948	804	0	0	0	0
71	0	0	763	537	947	807	0	0	0	0
72	0	0	764	541	948	814	0	0	0	0
73	0	0	764	546	946	813	0	0	0	0
74	0	0	764	549	946	814	0	0	0	0
75	0	0	766	553	946	817	0	0	0	0
76	0	0	766	557	945	822	0	0	0	0
77	0	0	765	562	944	823	0	0	0	0
78	0	0	765	566	943	816	0	0	0	0
79	0	0	766	571	942	817	0	0	0	0
80	0	0	767	575	940	818	0	0	0	0
81	0	0	770	579	939	821	0	0	0	0
82	0	0	770	583	937	819	0	0	0	0
83	0	0	771	586	935	819	0	0	0	0
84	0	0	773	590	933	815	0	0	0	0
85	0	0	775	592	930	813	0	0	0	0
86	0	0	777	595	928	812	0	0	0	0
87	0	0	778	600	926	814	0	0	0	0
88	0	0	778	603	923	812	0	0	0	0
89	0	0	780	605	920	811	0	0	0	0
90	0	0	779	608	917	809	0	0	0	0
91	0	0	780	611	915	818	0	0	0	0
92	0	0	780	616	911	821	0	0	0	0
93	0	0	782	617	909	814	0	0	0	0
94	0	0	782	620	907	816	0	0	0	0
95	0	0	784	623	904	818	0	0	0	0
96	0	0	783	624	901	821	0	0	0	0
97	0	0	784	627	898	818	0	0	0	0
98	0	0	784	631	897	821	0	0	0	0
99	0	0	785	632	893	823	0	0	0	0
100	0	0	786	634	891	824	0	0	0	0
101	0	0	787	637	889	826	0	0	0	0
102	0	0	787	639	886	813	0	0	0	0
103	0	0	788	640	882	821	0	0	0	0
104	0	0	789	642	881	825	0	0	0	0
105	0	0	790	644	879	829	0	0	0	0
106	0	0	791	646	877	835	0	0	0	0
107	0	0	791	648	874	833	0	0	0	0
108	0	0	792	650	871	833	0	0	0	0
109	0	0	793	652	869	833	0	0	0	0
110	0	0	793	654	866	831	0	0	0	0
111	0	0	793	657	864	833	0	0	0	0
112	0	0	794	658	862	834	0	0	0	0
113	0	0	795	660	859	835	0	0	0	0
114	0	0	795	661	858	839	0	0	0	0
115	0	0	795	663	854	841	0	0	0	0
116	0	0	795	664	853	843	0	0	0	0
117	0	0	795	667	851	843	0	0	0	0
118	0	0	795	668	848	840	0	0	0	0
119	0	0	796	671	847	839	0	0	0	0
120	0	0	795	674	844	842	0	0	0	0
121	0	0	795	671	843	845	0	0	0	0
122	0	0	795	673	841	846	0	0	0	0
123	0	0	793	674	838	846	0	0	0	0
124	0	0	794	675	837	855	0	0	0	0
125	0	0	795	676	835	844	0	0	0	0
126	0	0	794	676	833	847	0	0	0	0
127	0	0	792	678	833	850	0	0	0	0
0	0	0	792	679	830	849	0	0	0	0
1	0	0	791	679	829	848	0	0	0	0
2	0	0	791	680	828	848	0	0	0	0
3	0	0	791	681	827	845	0	0	0	0
4	0	0	789	681	825	846	0	0	0	0
5	0	0	789	682	824	844	0	0	0	0
6	0	0	790	682	824	844	0	0	0	0
7	0	0	790	682	823	844	0	0	0	0
8	0	0	789	682	822	851	0	0	0	0
9	0	0	790	682	821	853	0	0	0	0
10	0	0	789	684	820	852	0	0	0	0
11	0	0	788	684	820	859	0	0	0	0
12	0	0	789	685	819	856	0	0	0	0
13	0	0	788	685	817	854	0	0	0	0
14	0	0	789	686	816	854	0	0	0	0
15	0	0	787	685	814	855	0	0	0	0
16	0	0	787	686	813	860	0	0	0	0
17	0	0	787	686	813	859	0	0	0	0
18	0	0	788	687	812	861	0	0	0	0
19	0	0	787	687	811	860	0	0	0	0
20	0	0	786	687	810	861	0	0	0	0
21	0	0	786	688	809	863	0	0	0	0
22	0	0	786	687	808	864	0	0	0	0
23	0	0	786	688	807	867	0	0	0	0
24	0	0	786	688	807	865	0	0	0	0
25	0	0	785	688	807	862	0	0	0	0
26	0	0	785	688	806	865	0	0	0	0
27	0	0	785	688	807	865	0	0	0	0
28	0	0	783	688	806	865	0	0	0	0
29	0	0	782	689	805	867	0	0	0	0
30	0	0	782	688	806	868	0	0	0	0
31	0	0	782	689	806	870	0	0	0	0
32	0	0	783	688	806	873	0	0	0	0
33	0	0	781	688	805	874	0	0	0	0
34	0	0	781	689	806	877	0	0	0	0
35	0	0	779	689	805	878	0	0	0	0
36	0	0	779	690	805	879	0	0	0	0
37	0	0	779	689	806	880	0	0	0	0
38	0	0	780	690	806	883	0	0	0	0
39	0	0	780	690	807	881	0	0	0	0
40	0	0	778	690	807	879	0	0	0	0
41	0	0	780	690	808	879	0	0	0	0
42	0	0	779	690	807	879	0	0	0	0
43	0	0	779	691	808	884	0	0	0	0
44	0	0	779	691	808	875	0	0	0	0
45	0	0	779	691	809	862	0	0	0	0
46	0	0	779	691	810	862	0	0	0	0
47	0	0	779	690	811	865	0	0	0	0
48	0	0	780	689	812	867	0	0	0	0
49	0	0	780	690	813	869	0	0	0	0
50	0	0	779	690	814	873	0	0	0	0
51	0	0	779	690	814	873	0	0	0	0
52	0	0	781	691	815	873	0	0	0	0
53	0	0	782	689	816	874	0	0	0	0
54	0	0	780	688	817	887	0	0	0	0
55	0	0	780	688	818	900	0	0	0	0
56	0	0	781	687	821	905	0	0	0	0
57	0	0	782	687	822	910	0	0	0	0
58	0	0	783	687	823	920	0	0	0	0
59	0	0	782	686	824	926	0	0	0	0
60	0	0	782	684	827	927	0	0	0	0
61	0	0	783	683	828	930	0	0	0	0
62	0	0	782	681	829	931	0	0	0	0
63	0	0	783	681	831	931	0	0	0	0
64	0	0	783	679	832	933	0	0	0	0
65	0	0	783	678	835	933	0	0	0	0
66	0	0	782	677	835	937	0	0	0	0
67	0	0	783	675	835	942	0	0	0	0
68	0	0	783	674	837	954	0	0	0	0
69	0	0	783	673	839	959	0	0	0	0
70	0	0	784	672	840	968	0	0	0	0
71	0	0	784	671	840	975	0	0	0	0
72	0	0	785	671	842	975	0	0	0	0
73	0	0	785	669	844	979	0	0	0	0
74	0	0	785	668	844	983	0	0	0	0
75	0	0	785	667	845	988	0	0	0	0
76	0	0	784	667	846	987	0	0	0	0
77	0	0	785	666	845	993	0	0	0	0
78	0	0	785	665	850	994	0	0	0	0
79	0	0	786	664	850	999	0	0	0	0
80	0	0	785	664	851	996	0	0	0	0
81	0	0	785	663	852	1002	0	0	0	0
82	0	0	784	662	853	1006	0	0	0	0
83	0	0	784	661	854	1003	0	0	0	0
84	0	0	783	661	856	1009	0	0	0	0
85	0	0	784	661	857	1011	0	0	0	0
86	0	0	782	660	858	1001	0	0	0	0
87	0	0	782	659	859	1004	0	0	0	0
88	0	0	782	659	861	1009	0	0	0	0
89	0	0	782	658	862	1016	0	0	0	0
90	0	0	781	657	862	1022	0	0	0	0
91	0	0	779	657	864	1038	0	0	0	0
92	0	0	780	656	865	1053	0	0	0	0
93	0	0	779	655	866	1052	0	0	0	0
94	0	0	781	655	867	1065	0	0	0	0
95	0	0	780	656	868	1070	0	0	0	0
96	0	0	778	655	868	1074	0	0	0	0
97	0	0	778	655	869	1073	0	0	0	0
98	0	0	778	655	871	1079	0	0	0	0
99	0	0	776	653	871	1086	0	0	0	0
100	0	0	775	653	872	1086	0	0	0	0
101	0	0	775	653	874	1098	0	0	0	0
102	0	0	774	653	874	1104	0	0	0	0
103	0	0	774	653	874	1112	0	0	0	0
104	0	0	774	652	875	1120	0	0	0	0
105	0	0	773	652	875	1127	0	0	0	0
106	0	0	772	652	876	1132	0	0	0	0
107	0	0	772	652	876	1136	0	0	0	0
108	0	0	770	652	877	1145	0	0	0	0
109	0	0	771	652	877	1156	0	0	0	0
110	0	0	771	653	877	1152	0	0	0	0
111	0	0	770	651	877	1159	0	0	0	0
112	0	0	769	651	878	1160	0	0	0	0
113	0	0	769	650	879	1162	0	0	0	0
114	0	0	768	652	878	1169	0	0	0	0
115	0	0	767	651	878	1173	0	0	0	0
116	0	0	767	652	878	1173	0	0	0	0
117	0	0	768	652	878	1173	0	0	0	0
118	0	0	767	651	877	1172	0	0	0	0
119	0	0	767	651	878	1181	0	0	0	0
120	0	0	766	650	878	1185	0	0	0	0
121	0	0	765	651	877	1187	0	0	0	0
122	0	0	766	651	878	1194	0	0	0	0
123	0	0	766	650	878	1201	0	0	0	0
124	0	0	766	650	877	1205	0	0	0	0
125	0	0	765	650	877	1207	0	0	0	0
126	0	0	764	651	878	1207	0	0	0	0
127	0	0	766	651	877	1210	0	0	0	0
0	0	0	764	649	876	1211	0	0	0	0
1	0	0	763	650	877	1212	0	0	0	0
2	0	0	763	650	876	1216	0	0	0	0
3	0	0	763	650	877	1216	0	0	0	0
4	0	0	764	651	876	1219	0	0	0	0
5	0	0	762	650	875	1222	0	0	0	0
6	0	0	763	650	875	1215	0	0	0	0
7	0	0	763	651	875	1216	0	0	0	0
8	0	0	763	651	875	1210	0	0	0	0
9	0	0	763	651	875	1211	0	0	0	0
10	0	0	764	652	873	1221	0	0	0	0
11	0	0	764	652	874	1219	0	0	0	0
12	0	0	765	653	873	1219	0	0	0	0
13	0	0	765	653	872	1219	0	0	0	0
14	0	0	765	653	872	1222	0	0	0	0
15	0	0	765	654	872	1230	0	0	0	0
16	0	0	763	654	871	1231	0	0	0	0
17	0	0	764	655	871	1230	0	0	0	0
18	0	0	763	655	870	1234	0	0	0	0
19	0	0	764	655	869	1233	0	0	0	0
20	0	0	765	656	869	1235	0	0	0	0
21	0	0	765	656	868	1240	0	0	0	0
22	0	0	766	657	868	1246	0	0	0	0
23	0	0	768	658	867	1251	0	0	0	0
24	0	0	767	658	867	1258	0	0	0	0
25	0	0	767	657	867	1260	0	0	0	0
26	0	0	768	659	867	1265	0	0	0	0
27	0	0	767	659	867	1267	0	0	0	0
28	0	0	768	660	867	1265	0	0	0	0
29	0	0	767	661	865	1266	0	0	0	0
30	0	0	765	661	864	1268	0	0	0	0
31	0	0	767	662	865	1271	0	0	0	0
32	0	0	769	663	864	1271	0	0	0	0
33	0	0	767	663	864	1270	0	0	0	0
34	0	0	768	663	863	1272	0	0	0	0
35	0	0	768	664	864	1276	0	0	0	0
36	0	0	769	664	863	1273	0	0	0	0
37	0	0	769	664	863	1278	0	0	0	0
38	0	0	770	664	862	1282	0	0	0	0
39	0	0	770	665	862	1283	0	0	0	0
40	0	0	772	668	862	1287	0	0	0	0
41	0	0	772	666	862	1289	0	0	0	0
42	0	0	772	665	861	1292	0	0	0	0
43	0	0	773	666	861	1296	0	0	0	0
44	0	0	773	667	861	1303	0	0	0	0
45	0	0	773	667	861	1304	0	0	0	0
46	0	0	773	667	860	1307	0	0	0	0
47	0	0	774	667	860	1312	0	0	0	0
48	0	0	774	668	859	1315	0	0	0	0
49	0	0	775	668	858	1317	0	0	0	0
50	0	0	775	669	857	1318	0	0	0	0
51	0	0	774	668	858	1317	0	0	0	0
52	0	0	776	670	858	1321	0	0	0	0
53	0	0	775	671	857	1318	0	0	0	0
54	0	0	775	670	857	1329	0	0	0	0
55	0	0	775	669	857	1331	0	0	0	0
56	0	0	776	670	857	1337	0	0	0	0
57	0	0	776	670	856	1343	0	0	0	0
58	0	0	777	671	856	1349	0	0	0	0
59	0	0	776	671	856	1354	0	0	0	0
60	0	0	776	672	855	1358	0	0	0	0
61	0	0	777	672	855	1360	0	0	0	0
62	0	0	776	671	854	1362	0	0	0	0
63	0	0	778	672	855	1365	0	0	0	0
64	0	0	778	670	852	1368	0	0	0	0
65	0	0	776	671	854	1367	0	0	0	0
66	0	0	777	671	853	1370	0	0	0	0
67	0	0	777	671	852	1375	0	0	0	0
68	0	0	777	672	852	1379	0	0	0	0
69	0	0	777	672	852	1383	0	0	0	0
70	0	0	777	673	850	1386	0	0	0	0
71	0	0	778	671	851	1390	0	0	0	0
72	0	0	778	671	851	1389	0	0	0	0
73	0	0	777	671	851	1387	0	0	0	0
74	0	0	776	670	850	1387	0	0	0	0
75	0	0	778	669	849	1390	0	0	0	0
76	0	0	778	670	849	1393	0	0	0	0
77	0	0	777	672	849	1393	0	0	0	0
78	0	0	777	671	849	1392	0	0	0	0
79	0	0	778	671	848	1394	0	0	0	0
80	0	0	779	670	848	1397	0	0	0	0
81	0	0	778	671	847	1401	0	0	0	0
82	0	0	778	670	847	1406	0	0	0	0
83	0	0	778	670	847	1406	0	0	0	0
84	0	0	778	670	846	1415	0	0	0	0
85	0	0	778	670	846	1421	0	0	0	0
