# bioPlux Text File Format
# Version: 1
# StartDateTime: 2012-03-21 16:03:20
# SamplingFrequency: 1000
# SampledChannels: 1 2 3 4 5 6 7 8
# SamplingResolution: 12
# AcquiringDevice: 00:07:80:93:66:BE
# EndOfHeader
0	0	0	709	563	864	939	0	0	0	0
1	0	0	707	561	864	941	0	0	0	0
2	0	0	706	560	865	942	0	0	0	0
3	0	0	704	558	865	945	0	0	0	0
4	0	0	703	559	864	951	0	0	0	0
5	0	0	701	558	864	953	0	0	0	0
6	0	0	699	558	864	951	0	0	0	0
7	0	0	697	556	864	954	0	0	0	0
8	0	0	696	555	864	957	0	0	0	0
9	0	0	696	555	864	955	0	0	0	0
10	0	0	694	556	864	957	0	0	0	0
11	0	0	693	557	865	949	0	0	0	0
12	0	0	693	557	865	952	0	0	0	0
13	0	0	692	558	864	956	0	0	0	0
14	0	0	693	557	863	958	0	0	0	0
15	0	0	694	556	863	961	0	0	0	0
16	0	0	694	555	863	964	0	0	0	0
17	0	0	695	555	864	967	0	0	0	0
18	0	0	697	553	865	973	0	0	0	0
19	0	0	700	553	864	980	0	0	0	0
20	0	0	701	553	862	1004	0	0	0	0
21	0	0	702	551	863	1002	0	0	0	0
22	0	0	705	550	862	989	0	0	0	0
23	0	0	707	548	860	1006	0	0	0	0
24	0	0	710	546	861	1003	0	0	0	0
25	0	0	713	545	860	1005	0	0	0	0
26	0	0	715	543	860	1009	0	0	0	0
27	0	0	718	542	859	1009	0	0	0	0
28	0	0	721	540	858	1014	0	0	0	0
29	0	0	723	538	856	1015	0	0	0	0
30	0	0	725	535	855	1017	0	0	0	0
31	0	0	726	534	853	1016	0	0	0	0
32	0	0	727	532	853	1015	0	0	0	0
33	0	0	730	530	850	1019	0	0	0	0
34	0	0	730	527	850	1017	0	0	0	0
35	0	0	732	526	848	1008	0	0	0	0
36	0	0	733	524	849	1011	0	0	0	0
37	0	0	734	523	847	1010	0	0	0	0
38	0	0	734	522	846	1011	0	0	0	0
39	0	0	736	522	845	1013	0	0	0	0
40	0	0	737	521	845	1012	0	0	0	0
41	0	0	738	521	844	1017	0	0	0	0
42	0	0	737	520	843	1023	0	0	0	0
43	0	0	738	521	843	1032	0	0	0	0
44	0	0	738	521	842	1030	0	0	0	0
45	0	0	738	522	842	1035	0	0	0	0
46	0	0	739	521	842	1044	0	0	0	0
47	0	0	741	521	843	1051	0	0	0	0
48	0	0	741	521	840	1060	0	0	0	0
49	0	0	741	522	843	1068	0	0	0	0
50	0	0	741	521	843	1079	0	0	0	0
51	0	0	741	520	843	1086	0	0	0	0
52	0	0	740	519	844	1087	0	0	0	0
53	0	0	740	519	846	1087	0	0	0	0
54	0	0	739	518	846	1085	0	0	0	0
55	0	0	740	517	847	1086	0	0	0	0
56	0	0	741	517	849	1090	0	0	0	0
57	0	0	739	516	849	1093	0	0	0	0
58	0	0	739	515	849	1096	0	0	0	0
59	0	0	738	514	851	1109	0	0	0	0
60	0	0	737	515	851	1117	0	0	0	0
61	0	0	737	515	854	1118	0	0	0	0
62	0	0	736	515	855	1118	0	0	0	0
63	0	0	736	515	856	1123	0	0	0	0
64	0	0	735	514	858	1122	0	0	0	0
65	0	0	736	514	859	1126	0	0	0	0
66	0	0	737	515	862	1134	0	0	0	0
67	0	0	737	514	863	1138	0	0	0	0
68	0	0	738	515	865	1137	0	0	0	0
69	0	0	738	514	865	1145	0	0	0	0
70	0	0	738	514	866	1137	0	0	0	0
71	0	0	740	516	868	1138	0	0	0	0
72	0	0	739	517	868	1144	0	0	0	0
73	0	0	739	519	869	1151	0	0	0	0
74	0	0	739	519	870	1161	0	0	0	0
75	0	0	738	522	871	1156	0	0	0	0
76	0	0	739	524	872	1154	0	0	0	0
77	0	0	740	526	872	1171	0	0	0	0
78	0	0	739	526	872	1179	0	0	0	0
79	0	0	740	527	873	1202	0	0	0	0
80	0	0	741	527	874	1221	0	0	0	0
81	0	0	743	528	876	1231	0	0	0	0
82	0	0	743	529	876	1240	0	0	0	0
83	0	0	744	529	877	1249	0	0	0	0
84	0	0	744	530	876	1262	0	0	0	0
85	0	0	743	531	877	1281	0	0	0	0
86	0	0	744	533	878	1285	0	0	0	0
87	0	0	743	533	878	1280	0	0	0	0
88	0	0	743	533	880	1285	0	0	0	0
89	0	0	743	535	879	1300	0	0	0	0
90	0	0	743	535	880	1306	0	0	0	0
91	0	0	743	535	882	1308	0	0	0	0
92	0	0	741	534	883	1326	0	0	0	0
93	0	0	740	534	884	1348	0	0	0	0
94	0	0	738	532	884	1348	0	0	0	0
95	0	0	736	532	886	1358	0	0	0	0
96	0	0	734	532	887	1377	0	0	0	0
97	0	0	732	531	887	1408	0	0	0	0
98	0	0	731	529	888	1431	0	0	0	0
99	0	0	728	527	888	1448	0	0	0	0
100	0	0	726	525	889	1463	0	0	0	0
101	0	0	724	525	889	1472	0	0	0	0
102	0	0	721	523	891	1501	0	0	0	0
103	0	0	718	522	891	1520	0	0	0	0
104	0	0	717	519	892	1528	0	0	0	0
105	0	0	715	518	892	1536	0	0	0	0
106	0	0	714	516	893	1539	0	0	0	0
107	0	0	712	514	894	1553	0	0	0	0
108	0	0	711	512	894	1560	0	0	0	0
109	0	0	710	510	895	1571	0	0	0	0
110	0	0	710	507	897	1573	0	0	0	0
111	0	0	710	506	899	1576	0	0	0	0
112	0	0	709	503	899	1589	0	0	0	0
113	0	0	709	502	901	1598	0	0	0	0
114	0	0	710	502	901	1610	0	0	0	0
115	0	0	709	500	903	1618	0	0	0	0
116	0	0	709	498	905	1617	0	0	0	0
117	0	0	708	498	904	1617	0	0	0	0
118	0	0	708	498	904	1619	0	0	0	0
119	0	0	707	496	903	1625	0	0	0	0
120	0	0	707	494	904	1636	0	0	0	0
121	0	0	708	493	904	1645	0	0	0	0
122	0	0	708	491	903	1648	0	0	0	0
123	0	0	706	491	901	1658	0	0	0	0
124	0	0	708	491	902	1679	0	0	0	0
125	0	0	708	489	900	1690	0	0	0	0
126	0	0	710	489	899	1688	0	0	0	0
127	0	0	711	487	900	1690	0	0	0	0
0	0	0	712	487	898	1686	0	0	0	0
1	0	0	713	487	898	1692	0	0	0	0
2	0	0	713	486	898	1697	0	0	0	0
3	0	0	714	485	899	1696	0	0	0	0
4	0	0	714	485	898	1693	0	0	0	0
5	0	0	715	483	899	1686	0	0	0	0
6	0	0	716	483	900	1695	0	0	0	0
7	0	0	717	481	901	1701	0	0	0	0
8	0	0	718	483	899	1711	0	0	0	0
9	0	0	718	482	902	1714	0	0	0	0
10	0	0	719	480	904	1717	0	0	0	0
11	0	0	720	481	905	1724	0	0	0	0
12	0	0	721	481	906	1726	0	0	0	0
13	0	0	723	481	907	1728	0	0	0	0
14	0	0	724	482	907	1734	0	0	0	0
15	0	0	725	482	907	1741	0	0	0	0
16	0	0	725	483	907	1747	0	0	0	0
17	0	0	725	483	908	1752	0	0	0	0
18	0	0	727	483	909	1755	0	0	0	0
19	0	0	726	483	908	1758	0	0	0	0
20	0	0	726	482	908	1762	0	0	0	0
21	0	0	727	483	908	1762	0	0	0	0
22	0	0	726	483	907	1766	0	0	0	0
23	0	0	727	483	907	1771	0	0	0	0
24	0	0	728	484	906	1770	0	0	0	0
25	0	0	727	485	905	1768	0	0	0	0
26	0	0	728	485	903	1767	0	0	0	0
27	0	0	727	486	904	1770	0	0	0	0
28	0	0	728	487	904	1772	0	0	0	0
29	0	0	730	487	904	1776	0	0	0	0
30	0	0	732	487	903	1781	0	0	0	0
31	0	0	734	488	902	1787	0	0	0	0
32	0	0	736	490	903	1792	0	0	0	0
33	0	0	738	490	903	1799	0	0	0	0
34	0	0	740	489	901	1802	0	0	0	0
35	0	0	741	489	902	1809	0	0	0	0
36	0	0	743	489	901	1823	0	0	0	0
37	0	0	743	488	901	1829	0	0	0	0
38	0	0	744	489	900	1834	0	0	0	0
39	0	0	743	489	900	1841	0	0	0	0
40	0	0	744	489	899	1850	0	0	0	0
41	0	0	743	488	899	1857	0	0	0	0
42	0	0	744	487	898	1862	0	0	0	0
43	0	0	743	486	898	1865	0	0	0	0
44	0	0	741	486	898	1877	0	0	0	0
45	0	0	741	484	898	1884	0	0	0	0
46	0	0	742	482	898	1883	0	0	0	0
47	0	0	742	482	898	1881	0	0	0	0
48	0	0	742	481	898	1882	0	0	0	0
49	0	0	742	478	899	1883	0	0	0	0
50	0	0	744	477	899	1883	0	0	0	0
51	0	0	745	476	899	1886	0	0	0	0
52	0	0	744	476	898	1896	0	0	0	0
53	0	0	746	474	898	1897	0	0	0	0
54	0	0	746	474	898	1898	0	0	0	0
55	0	0	745	473	898	1905	0	0	0	0
56	0	0	747	473	900	1916	0	0	0	0
57	0	0	747	471	899	1924	0	0	0	0
58	0	0	749	471	899	1944	0	0	0	0
59	0	0	749	473	899	1948	0	0	0	0
60	0	0	752	473	898	1957	0	0	0	0
61	0	0	753	475	899	1960	0	0	0	0
62	0	0	754	475	899	1970	0	0	0	0
63	0	0	752	476	900	1983	0	0	0	0
64	0	0	752	476	899	1995	0	0	0	0
65	0	0	751	476	899	2006	0	0	0	0
66	0	0	751	477	898	2006	0	0	0	0
67	0	0	747	479	898	2006	0	0	0	0
68	0	0	749	478	898	2013	0	0	0	0
69	0	0	746	480	900	2015	0	0	0	0
70	0	0	744	481	900	2011	0	0	0	0
71	0	0	743	481	901	2014	0	0	0	0
72	0	0	743	482	902	2020	0	0	0	0
73	0	0	739	483	902	2018	0	0	0	0
74	0	0	738	485	904	2016	0	0	0	0
75	0	0	737	486	903	2017	0	0	0	0
76	0	0	735	487	905	2017	0	0	0	0
77	0	0	737	486	904	2017	0	0	0	0
78	0	0	736	487	905	2019	0	0	0	0
79	0	0	736	490	906	2024	0	0	0	0
80	0	0	735	491	906	2026	0	0	0	0
81	0	0	737	492	906	2030	0	0	0	0
82	0	0	739	492	905	2031	0	0	0	0
83	0	0	741	493	906	2034	0	0	0	0
84	0	0	744	497	906	2032	0	0	0	0
85	0	0	746	501	905	2035	0	0	0	0
86	0	0	746	504	905	2032	0	0	0	0
87	0	0	747	507	905	2030	0	0	0	0
88	0	0	749	510	906	2025	0	0	0	0
89	0	0	750	515	906	2023	0	0	0	0
90	0	0	751	517	907	2027	0	0	0	0
91	0	0	751	521	906	2035	0	0	0	0
92	0	0	752	523	907	2036	0	0	0	0
93	0	0	751	525	907	2037	0	0	0	0
94	0	0	751	527	907	2031	0	0	0	0
95	0	0	750	528	907	2031	0	0	0	0
96	0	0	751	530	906	2033	0	0	0	0
97	0	0	751	532	905	2035	0	0	0	0
98	0	0	752	535	905	2033	0	0	0	0
99	0	0	750	538	904	2028	0	0	0	0
100	0	0	751	540	903	2023	0	0	0	0
101	0	0	750	541	903	2017	0	0	0	0
102	0	0	750	543	902	2002	0	0	0	0
103	0	0	748	544	903	1993	0	0	0	0
104	0	0	748	548	903	1990	0	0	0	0
105	0	0	748	549	902	1987	0	0	0	0
106	0	0	748	551	902	1981	0	0	0	0
107	0	0	746	553	902	1971	0	0	0	0
108	0	0	747	555	902	1955	0	0	0	0
109	0	0	749	557	901	1957	0	0	0	0
110	0	0	748	559	899	1956	0	0	0	0
111	0	0	749	561	899	1940	0	0	0	0
112	0	0	749	564	898	1922	0	0	0	0
113	0	0	750	567	897	1919	0	0	0	0
114	0	0	749	569	897	1916	0	0	0	0
115	0	0	751	572	896	1909	0	0	0	0
116	0	0	752	574	895	1895	0	0	0	0
117	0	0	753	577	894	1878	0	0	0	0
118	0	0	754	578	892	1867	0	0	0	0
119	0	0	754	582	891	1868	0	0	0	0
120	0	0	754	585	890	1858	0	0	0	0
121	0	0	757	588	889	1840	0	0	0	0
122	0	0	760	591	888	1827	0	0	0	0
123	0	0	759	594	887	1802	0	0	0	0
124	0	0	761	597	884	1813	0	0	0	0
125	0	0	763	599	884	1792	0	0	0	0
126	0	0	761	601	882	1738	0	0	0	0
127	0	0	764	603	879	1718	0	0	0	0
0	0	0	766	606	878	1678	0	0	0	0
1	0	0	767	609	876	1654	0	0	0	0
2	0	0	770	612	873	1599	0	0	0	0
3	0	0	769	612	871	1572	0	0	0	0
4	0	0	772	614	869	1577	0	0	0	0
5	0	0	774	617	868	1555	0	0	0	0
6	0	0	776	617	864	1531	0	0	0	0
7	0	0	778	618	862	1498	0	0	0	0
8	0	0	779	621	860	1458	0	0	0	0
9	0	0	781	622	858	1388	0	0	0	0
10	0	0	782	624	855	1332	0	0	0	0
11	0	0	781	626	853	1261	0	0	0	0
12	0	0	782	628	849	1212	0	0	0	0
13	0	0	783	631	846	1132	0	0	0	0
14	0	0	784	633	843	1099	0	0	0	0
15	0	0	786	636	839	1106	0	0	0	0
16	0	0	785	638	836	1070	0	0	0	0
17	0	0	785	641	832	1030	0	0	0	0
18	0	0	786	643	829	975	0	0	0	0
19	0	0	784	645	826	918	0	0	0	0
20	0	0	784	647	822	908	0	0	0	0
21	0	0	783	649	818	825	0	0	0	0
22	0	0	783	652	814	784	0	0	0	0
23	0	0	782	655	811	721	0	0	0	0
24	0	0	781	657	809	603	0	0	0	0
25	0	0	778	657	806	555	0	0	0	0
26	0	0	778	662	804	509	0	0	0	0
27	0	0	775	663	801	461	0	0	0	0
28	0	0	776	665	798	437	0	0	0	0
29	0	0	775	667	796	381	0	0	0	0
30	0	0	774	669	794	341	0	0	0	0
31	0	0	774	672	791	338	0	0	0	0
32	0	0	772	675	788	324	0	0	0	0
33	0	0	772	679	787	314	0	0	0	0
34	0	0	773	680	785	303	0	0	0	0
35	0	0	769	684	785	296	0	0	0	0
36	0	0	767	685	783	301	0	0	0	0
37	0	0	767	689	781	287	0	0	0	0
38	0	0	763	691	780	259	0	0	0	0
39	0	0	762	694	779	249	0	0	0	0
40	0	0	759	695	778	272	0	0	0	0
41	0	0	757	699	778	273	0	0	0	0
42	0	0	753	700	778	268	0	0	0	0
43	0	0	752	703	778	255	0	0	0	0
44	0	0	751	705	778	244	0	0	0	0
45	0	0	748	709	778	247	0	0	0	0
46	0	0	745	711	778	236	0	0	0	0
47	0	0	743	715	778	211	0	0	0	0
48	0	0	741	717	780	208	0	0	0	0
49	0	0	741	719	781	187	0	0	0	0
50	0	0	740	723	781	188	0	0	0	0
51	0	0	740	728	782	189	0	0	0	0
52	0	0	740	731	782	193	0	0	0	0
53	0	0	739	735	782	185	0	0	0	1
54	0	0	738	737	783	175	0	0	0	0
55	0	0	737	739	784	176	0	0	0	0
56	0	0	737	746	785	163	0	0	0	0
57	0	0	738	751	785	163	0	0	0	0
58	0	0	737	755	786	160	0	0	0	0
59	0	0	740	759	786	155	0	0	0	0
60	0	0	743	763	786	147	0	0	0	0
61	0	0	745	767	786	155	0	0	0	0
62	0	0	747	773	785	165	0	0	0	0
63	0	0	751	779	786	149	0	0	0	0
64	0	0	752	782	787	151	0	0	0	0
65	0	0	752	783	787	157	0	0	0	0
66	0	0	754	785	787	175	0	0	0	0
67	0	0	753	788	788	182	0	0	0	0
68	0	0	754	790	787	174	0	0	0	0
69	0	0	755	794	788	184	0	0	0	0
70	0	0	756	798	789	169	0	0	0	0
71	0	0	757	803	788	149	0	0	0	0
72	0	0	759	809	787	155	0	0	0	0
73	0	0	761	813	788	152	0	0	0	0
74	0	0	761	816	787	148	0	0	0	0
75	0	0	762	821	787	145	0	0	0	0
76	0	0	761	824	787	141	0	0	0	0
77	0	0	762	827	786	157	0	0	0	0
78	0	0	759	831	785	147	0	0	0	0
79	0	0	759	834	785	141	0	0	0	0
80	0	0	758	838	787	137	0	0	0	0
81	0	0	760	842	787	138	0	0	0	0
82	0	0	759	844	787	135	0	0	0	0
83	0	0	760	848	787	120	0	0	0	0
84	0	0	760	852	788	135	0	0	0	0
85	0	0	760	858	788	136	0	0	0	0
86	0	0	762	857	789	132	0	0	0	0
87	0	0	762	858	788	132	0	0	0	0
88	0	0	762	863	788	132	0	0	0	0
89	0	0	762	868	787	132	0	0	0	0
90	0	0	762	872	787	132	0	0	0	0
91	0	0	763	877	786	131	0	0	0	0
92	0	0	764	882	786	127	0	0	0	0
93	0	0	763	884	785	128	0	0	0	0
94	0	0	764	889	786	106	0	0	0	0
95	0	0	763	893	786	81	0	0	0	0
96	0	0	764	895	788	94	0	0	0	0
97	0	0	763	898	787	107	0	0	0	0
98	0	0	761	902	786	86	0	0	0	0
99	0	0	760	906	788	79	0	0	0	0
100	0	0	758	912	789	69	0	0	0	0
101	0	0	755	911	788	84	0	0	0	0
102	0	0	753	913	789	81	0	0	0	0
103	0	0	756	915	789	89	0	0	0	0
104	0	0	755	916	789	70	0	0	0	0
105	0	0	755	917	789	61	0	0	0	0
106	0	0	754	919	791	70	0	0	0	0
107	0	0	753	922	791	56	0	0	0	0
108	0	0	753	924	791	65	0	0	0	0
109	0	0	751	928	792	69	0	0	0	0
110	0	0	753	931	792	89	0	0	0	0
111	0	0	754	930	792	98	0	0	0	0
112	0	0	754	931	791	107	0	0	0	0
113	0	0	755	932	792	104	0	0	0	0
114	0	0	754	932	791	101	0	0	0	0
115	0	0	753	930	791	84	0	0	0	0
116	0	0	751	929	792	81	0	0	0	0
117	0	0	749	927	791	79	0	0	0	0
118	0	0	746	926	793	79	0	0	0	0
119	0	0	745	924	792	71	0	0	0	0
120	0	0	743	921	793	76	0	0	0	0
121	0	0	742	919	794	80	0	0	0	0
122	0	0	742	918	793	70	0	0	0	0
123	0	0	743	917	794	73	0	0	0	0
124	0	0	741	915	794	83	0	0	0	0
125	0	0	740	913	793	93	0	0	0	0
126	0	0	738	911	793	97	0	0	0	0
127	0	0	738	910	792	99	0	0	0	0
0	0	0	738	906	793	95	0	0	0	0
1	0	0	739	906	792	100	0	0	0	0
2	0	0	740	900	791	99	0	0	0	0
3	0	0	739	901	792	94	0	0	0	0
4	0	0	741	897	791	101	0	0	0	0
5	0	0	743	896	792	101	0	0	0	0
6	0	0	745	892	790	87	0	0	0	0
7	0	0	747	891	790	76	0	0	0	0
8	0	0	748	885	789	79	0	0	0	0
9	0	0	748	881	788	105	0	0	0	0
10	0	0	749	879	787	105	0	0	0	0
11	0	0	753	875	786	100	0	0	0	0
12	0	0	756	874	786	99	0	0	0	0
13	0	0	759	871	785	98	0	0	0	0
14	0	0	761	869	785	99	0	0	0	0
15	0	0	761	869	785	100	0	0	0	0
16	0	0	764	868	785	102	0	0	0	0
17	0	0	767	866	786	107	0	0	0	0
18	0	0	768	865	785	109	0	0	0	0
19	0	0	770	861	787	113	0	0	0	0
20	0	0	772	859	788	115	0	0	0	0
21	0	0	774	857	788	118	0	0	0	0
22	0	0	775	853	787	117	0	0	0	0
23	0	0	776	850	787	117	0	0	0	0
24	0	0	778	848	786	122	0	0	0	0
25	0	0	779	845	786	123	0	0	0	0
26	0	0	780	844	785	116	0	0	0	0
27	0	0	781	843	784	110	0	0	0	0
28	0	0	783	840	784	109	0	0	0	0
29	0	0	783	837	783	107	0	0	0	0
30	0	0	784	835	783	102	0	0	0	0
31	0	0	786	832	782	97	0	0	0	0
32	0	0	787	827	782	98	0	0	0	0
33	0	0	788	825	781	95	0	0	0	0
34	0	0	789	825	781	96	0	0	0	0
35	0	0	789	819	781	91	0	0	0	0
36	0	0	792	813	781	95	0	0	0	0
37	0	0	795	813	783	90	0	0	0	0
38	0	0	793	811	781	86	0	0	0	0
39	0	0	796	806	782	95	0	0	0	0
40	0	0	801	802	782	94	0	0	0	0
41	0	0	800	800	783	98	0	0	0	0
42	0	0	800	797	782	99	0	0	0	0
43	0	0	799	791	782	102	0	0	0	0
44	0	0	799	787	782	105	0	0	0	0
45	0	0	797	783	782	109	0	0	0	0
46	0	0	796	782	782	103	0	0	0	0
47	0	0	798	780	782	98	0	0	0	0
48	0	0	796	778	783	98	0	0	0	0
49	0	0	797	775	784	95	0	0	0	0
50	0	0	796	771	784	89	0	0	0	0
51	0	0	794	769	785	87	0	0	0	0
52	0	0	796	766	783	85	0	0	0	0
53	0	0	796	764	784	85	0	0	0	0
54	0	0	797	764	785	85	0	0	0	0
55	0	0	796	763	786	83	0	0	0	0
56	0	0	796	762	786	86	0	0	0	0
57	0	0	794	761	787	92	0	0	0	0
58	0	0	793	760	788	91	0	0	0	0
59	0	0	792	760	788	91	0	0	0	0
60	0	0	793	758	788	94	0	0	0	0
61	0	0	793	756	788	98	0	0	0	0
62	0	0	794	758	789	97	0	0	0	0
63	0	0	793	755	792	95	0	0	0	0
64	0	0	794	754	791	101	0	0	0	0
65	0	0	794	753	793	101	0	0	0	0
66	0	0	793	752	794	106	0	0	0	0
67	0	0	791	750	794	99	0	0	0	0
68	0	0	791	748	794	97	0	0	0	0
69	0	0	791	748	795	93	0	0	0	0
70	0	0	791	748	796	85	0	0	0	0
71	0	0	790	748	797	85	0	0	0	0
72	0	0	790	747	799	87	0	0	0	0
73	0	0	789	745	800	87	0	0	0	0
74	0	0	789	745	800	89	0	0	0	0
75	0	0	788	745	801	89	0	0	0	0
76	0	0	787	744	801	95	0	0	0	0
77	0	0	788	744	802	100	0	0	0	0
78	0	0	789	742	802	99	0	0	0	0
79	0	0	788	741	802	98	0	0	0	0
80	0	0	788	740	803	101	0	0	0	0
81	0	0	788	739	802	104	0	0	0	0
82	0	0	788	739	803	103	0	0	0	0
83	0	0	788	739	803	103	0	0	0	0
84	0	0	787	739	803	108	0	0	0	0
85	0	0	787	738	803	108	0	0	0	0
86	0	0	788	737	802	101	0	0	0	0
87	0	0	788	737	802	95	0	0	0	0
88	0	0	786	738	802	80	0	0	0	0
89	0	0	786	737	802	84	0	0	0	0
90	0	0	786	739	802	81	0	0	0	0
91	0	0	785	739	801	74	0	0	0	0
92	0	0	785	740	800	75	0	0	0	0
93	0	0	783	741	800	71	0	0	0	0
94	0	0	783	740	799	70	0	0	0	0
95	0	0	784	742	798	74	0	0	0	0
96	0	0	785	743	797	78	0	0	0	0
97	0	0	785	745	795	82	0	0	0	0
98	0	0	785	744	794	78	0	0	0	0
99	0	0	786	745	793	81	0	0	0	0
100	0	0	788	747	792	83	0	0	0	0
101	0	0	788	747	791	86	0	0	0	0
102	0	0	787	748	789	75	0	0	0	0
103	0	0	787	748	789	68	0	0	0	0
104	0	0	788	750	787	73	0	0	0	0
105	0	0	788	751	786	85	0	0	0	0
106	0	0	788	751	785	74	0	0	0	0
107	0	0	788	752	785	68	0	0	0	0
108	0	0	790	753	782	65	0	0	0	0
109	0	0	791	754	782	60	0	0	0	0
110	0	0	791	755	781	58	0	0	0	0
111	0	0	792	755	779	58	0	0	0	0
112	0	0	792	757	779	62	0	0	0	0
113	0	0	792	758	778	71	0	0	0	0
114	0	0	793	760	777	70	0	0	0	0
115	0	0	794	761	776	66	0	0	0	0
116	0	0	794	761	776	70	0	0	0	0
117	0	0	795	763	775	77	0	0	0	0
118	0	0	794	763	775	76	0	0	0	0
119	0	0	795	764	774	75	0	0	0	0
120	0	0	795	765	772	79	0	0	0	0
121	0	0	796	765	771	76	0	0	0	0
122	0	0	797	766	770	74	0	0	0	0
123	0	0	796	767	769	76	0	0	0	0
124	0	0	797	768	768	82	0	0	0	0
125	0	0	797	767	767	85	0	0	0	0
126	0	0	798	768	767	77	0	0	0	0
127	0	0	799	770	766	70	0	0	0	0
0	0	0	798	771	765	73	0	0	0	0
1	0	0	798	772	766	70	0	0	0	0
2	0	0	798	772	765	71	0	0	0	0
3	0	0	800	772	764	65	0	0	0	0
4	0	0	800	773	763	69	0	0	0	0
5	0	0	800	773	763	71	0	0	0	0
6	0	0	800	773	763	74	0	0	0	0
7	0	0	799	774	762	76	0	0	0	0
8	0	0	800	774	762	81	0	0	0	0
9	0	0	799	775	762	90	0	0	0	0
10	0	0	798	774	761	88	0	0	0	0
11	0	0	799	777	760	83	0	0	0	0
12	0	0	799	777	760	87	0	0	0	0
13	0	0	800	778	760	92	0	0	0	0
14	0	0	799	778	759	92	0	0	0	0
15	0	0	799	779	760	91	0	0	0	0
16	0	0	800	781	759	98	0	0	0	0
17	0	0	800	781	759	106	0	0	0	0
18	0	0	801	781	758	102	0	0	0	0
19	0	0	801	782	758	94	0	0	0	0
20	0	0	800	783	758	88	0	0	0	0
21	0	0	801	785	759	91	0	0	0	0
22	0	0	801	784	757	85	0	0	0	0
23	0	0	801	786	757	76	0	0	0	0
24	0	0	802	787	758	81	0	0	0	0
25	0	0	801	786	757	71	0	0	0	0
26	0	0	801	788	757	69	0	0	0	0
27	0	0	802	788	757	72	0	0	0	0
28	0	0	802	788	756	77	0	0	0	0
29	0	0	803	789	756	80	0	0	0	0
30	0	0	804	789	756	83	0	0	0	0
31	0	0	804	791	755	82	0	0	0	0
32	0	0	804	791	756	85	0	0	0	0
33	0	0	803	790	756	85	0	0	0	0
34	0	0	804	791	755	82	0	0	0	0
35	0	0	805	791	755	80	0	0	0	0
36	0	0	803	790	754	91	0	0	0	0
37	0	0	804	791	754	93	0	0	0	0
38	0	0	806	791	754	83	0	0	0	0
39	0	0	807	791	755	76	0	0	0	0
40	0	0	807	791	755	78	0	0	0	0
41	0	0	807	790	755	73	0	0	0	0
42	0	0	808	791	754	73	0	0	0	0
43	0	0	809	790	753	68	0	0	0	0
44	0	0	810	790	753	68	0	0	0	0
45	0	0	810	789	753	69	0	0	0	0
46	0	0	811	789	754	64	0	0	0	0
47	0	0	813	788	754	69	0	0	0	0
48	0	0	813	789	753	75	0	0	0	0
49	0	0	812	789	754	85	0	0	0	0
50	0	0	813	788	753	85	0	0	0	0
51	0	0	814	789	753	86	0	0	0	0
52	0	0	812	787	752	90	0	0	0	0
53	0	0	812	788	753	94	0	0	0	0
54	0	0	811	787	754	92	0	0	0	0
55	0	0	810	787	753	89	0	0	0	0
56	0	0	813	787	754	95	0	0	0	0
57	0	0	812	786	753	94	0	0	0	0
58	0	0	811	786	753	89	0	0	0	0
59	0	0	810	786	754	85	0	0	0	0
60	0	0	808	785	754	84	0	0	0	0
61	0	0	808	785	753	78	0	0	0	0
62	0	0	810	786	754	77	0	0	0	0
63	0	0	809	786	753	73	0	0	0	0
64	0	0	808	786	754	71	0	0	0	0
65	0	0	808	786	753	73	0	0	0	0
66	0	0	808	785	752	76	0	0	0	0
67	0	0	806	787	753	74	0	0	0	0
68	0	0	805	785	753	76	0	0	0	0
69	0	0	806	785	753	79	0	0	0	0
70	0	0	806	785	751	80	0	0	0	0
71	0	0	805	783	752	82	0	0	0	0
72	0	0	804	783	753	87	0	0	0	0
73	0	0	804	783	754	90	0	0	0	0
74	0	0	804	784	754	89	0	0	0	0
75	0	0	803	783	753	87	0	0	0	0
76	0	0	803	783	754	92	0	0	0	0
77	0	0	803	783	754	92	0	0	0	0
78	0	0	803	782	754	90	0	0	0	0
79	0	0	804	783	755	82	0	0	0	0
80	0	0	802	783	754	81	0	0	0	0
81	0	0	802	783	756	79	0	0	0	0
82	0	0	801	783	756	75	0	0	0	0
83	0	0	800	784	757	72	0	0	0	0
84	0	0	800	783	758	73	0	0	0	0
85	0	0	798	782	759	75	0	0	0	0
86	0	0	796	783	759	76	0	0	0	0
87	0	0	795	783	761	77	0	0	0	0
88	0	0	795	783	761	81	0	0	0	0
89	0	0	794	783	762	86	0	0	0	0
90	0	0	795	783	763	87	0	0	0	0
91	0	0	794	783	763	87	0	0	0	0
92	0	0	794	783	764	89	0	0	0	0
93	0	0	792	783	765	90	0	0	0	0
94	0	0	793	783	765	89	0	0	0	0
95	0	0	793	783	766	87	0	0	0	0
96	0	0	792	783	765	92	0	0	0	0
97	0	0	791	783	766	90	0	0	0	0
98	0	0	791	784	765	83	0	0	0	0
99	0	0	790	783	767	81	0	0	0	0
100	0	0	788	782	767	82	0	0	0	0
101	0	0	788	782	767	78	0	0	0	0
102	0	0	788	783	767	79	0	0	0	0
103	0	0	786	783	767	75	0	0	0	0
104	0	0	786	784	767	77	0	0	0	0
105	0	0	787	783	767	78	0	0	0	0
106	0	0	787	782	768	75	0	0	0	0
107	0	0	788	782	767	74	0	0	0	0
108	0	0	788	782	767	75	0	0	0	0
109	0	0	788	782	766	70	0	0	0	0
110	0	0	788	783	766	68	0	0	0	0
111	0	0	790	783	766	64	0	0	0	0
112	0	0	790	783	766	49	0	0	0	0
113	0	0	792	781	766	34	0	0	0	0
114	0	0	793	782	764	25	0	0	0	0
115	0	0	793	782	765	27	0	0	0	0
116	0	0	793	780	764	27	0	0	0	0
117	0	0	795	780	764	26	0	0	0	0
118	0	0	796	780	764	24	0	0	0	0
119	0	0	794	779	763	22	0	0	0	0
120	0	0	792	780	763	24	0	0	0	0
121	0	0	790	780	764	27	0	0	0	0
122	0	0	789	779	765	33	0	0	0	0
123	0	0	790	780	768	35	0	0	0	0
124	0	0	789	781	770	38	0	0	0	0
125	0	0	790	782	774	44	0	0	0	0
126	0	0	797	782	776	44	0	0	0	0
127	0	0	807	782	775	81	0	0	0	0
0	0	0	822	782	775	62	0	0	0	0
1	0	0	829	783	772	529	0	0	0	0
2	0	0	828	783	769	558	0	0	0	0
3	0	0	821	782	768	622	0	0	0	0
4	0	0	814	781	769	793	0	0	0	0
5	0	0	812	780	771	941	0	0	0	0
6	0	0	814	779	773	1071	0	0	0	0
7	0	0	812	777	777	1127	0	0	0	0
8	0	0	808	775	783	1226	0	0	0	0
9	0	0	799	771	787	1213	0	0	0	0
10	0	0	789	768	790	1226	0	0	0	0
11	0	0	780	765	793	1165	0	0	0	0
12	0	0	772	762	796	1048	0	0	0	0
13	0	0	770	759	798	987	0	0	0	0
14	0	0	769	757	800	1072	0	0	0	0
15	0	0	771	757	803	999	0	0	0	0
16	0	0	778	759	807	1100	0	0	0	0
17	0	0	788	761	810	1021	0	0	0	0
18	0	0	796	764	814	944	0	0	0	0
19	0	0	796	765	818	968	0	0	0	0
20	0	0	790	764	819	1009	0	0	0	0
21	0	0	781	762	824	983	0	0	0	0
22	0	0	773	761	830	948	0	0	0	0
23	0	0	766	759	842	992	0	0	0	0
24	0	0	751	757	854	981	0	0	0	0
25	0	0	741	761	879	942	0	0	0	0
26	0	0	693	763	917	903	0	0	0	0
27	0	0	628	757	963	858	0	0	0	0
28	0	0	533	738	1017	790	0	0	0	0
29	0	0	387	705	1072	775	0	0	0	0
30	0	0	253	665	1125	743	0	0	0	0
31	0	0	166	626	1167	638	0	0	0	0
32	0	0	114	588	1195	594	0	0	0	0
33	0	0	119	539	1197	544	0	0	0	0
34	0	0	197	487	1199	512	0	0	0	0
35	0	0	310	444	1199	470	0	0	0	0
36	0	0	444	437	1187	439	0	0	0	0
37	0	0	542	456	1192	393	0	0	0	0
38	0	0	601	482	1212	334	0	0	0	0
39	0	0	649	517	1255	390	0	0	0	0
40	0	0	676	561	1314	458	0	0	0	0
41	0	0	671	605	1374	397	0	0	0	0
42	0	0	628	629	1408	375	0	0	0	0
43	0	0	578	642	1443	374	0	0	0	0
44	0	0	516	637	1463	272	0	0	0	0
45	0	0	449	621	1465	266	0	0	0	0
46	0	0	374	587	1443	319	0	0	0	0
47	0	0	300	528	1378	410	0	0	0	0
48	0	0	276	457	1267	488	0	0	0	0
49	0	0	345	388	1127	519	0	0	0	0
50	0	0	516	342	971	581	0	0	0	0
51	0	0	686	301	841	633	0	0	0	0
52	0	0	816	252	727	677	0	0	0	0
53	0	0	973	183	644	748	0	0	0	0
54	0	0	1112	131	553	783	0	0	0	0
55	0	0	1157	89	490	854	0	0	0	0
56	0	0	1134	64	439	951	0	0	0	0
57	0	0	1131	48	422	995	0	0	0	0
58	0	0	1208	39	435	1035	0	0	0	0
59	0	0	1297	33	458	1116	0	0	0	0
60	0	0	1307	30	487	1166	0	0	0	0
61	0	0	1287	37	525	1177	0	0	0	0
62	0	0	1310	66	577	1222	0	0	0	0
63	0	0	1335	75	626	1225	0	0	0	0
64	0	0	1342	91	664	1196	0	0	0	0
65	0	0	1322	105	690	1170	0	0	0	0
66	0	0	1286	123	703	1171	0	0	0	0
67	0	0	1233	150	720	1176	0	0	0	0
68	0	0	1189	180	730	1265	0	0	0	0
69	0	0	1136	215	743	1284	0	0	0	0
70	0	0	1071	262	767	1335	0	0	0	0
71	0	0	1010	308	782	1285	0	0	0	0
72	0	0	963	340	798	1282	0	0	0	0
73	0	0	922	353	811	1356	0	0	0	0
74	0	0	893	350	831	1433	0	0	0	0
75	0	0	866	335	846	1409	0	0	0	0
76	0	0	843	307	862	1341	0	0	0	0
77	0	0	821	278	876	1380	0	0	0	0
78	0	0	802	246	889	1500	0	0	0	0
79	0	0	782	211	908	1524	0	0	0	0
80	0	0	764	175	923	1530	0	0	0	0
81	0	0	749	137	937	1493	0	0	0	0
82	0	0	736	96	947	1454	0	0	0	0
83	0	0	727	69	955	1432	0	0	0	0
84	0	0	723	51	961	1432	0	0	0	0
85	0	0	718	41	963	1435	0	0	0	0
86	0	0	717	41	967	1455	0	0	0	0
87	0	0	714	35	966	1470	0	0	0	0
88	0	0	718	37	964	1444	0	0	0	0
89	0	0	724	48	958	1437	0	0	0	0
90	0	0	740	69	952	1432	0	0	0	0
91	0	0	758	91	944	1430	0	0	0	0
92	0	0	782	112	940	1428	0	0	0	0
93	0	0	806	134	934	1428	0	0	0	0
94	0	0	829	156	932	1429	0	0	0	0
95	0	0	852	176	929	1430	0	0	0	0
96	0	0	871	195	929	1437	0	0	0	0
97	0	0	889	214	929	1444	0	0	0	0
98	0	0	902	238	930	1455	0	0	0	0
99	0	0	911	263	928	1452	0	0	0	0
100	0	0	912	284	927	1453	0	0	0	0
101	0	0	913	303	927	1466	0	0	0	0
102	0	0	909	320	928	1473	0	0	0	0
103	0	0	903	333	927	1473	0	0	0	0
104	0	0	896	347	929	1483	0	0	0	0
105	0	0	887	366	929	1486	0	0	0	0
106	0	0	881	382	928	1486	0	0	0	0
107	0	0	870	399	926	1486	0	0	0	0
108	0	0	859	415	922	1489	0	0	0	0
109	0	0	851	430	913	1493	0	0	0	0
110	0	0	842	449	903	1484	0	0	0	0
111	0	0	833	462	891	1481	0	0	0	0
112	0	0	827	477	876	1473	0	0	0	0
113	0	0	824	485	861	1471	0	0	0	0
114	0	0	823	491	846	1466	0	0	0	0
115	0	0	825	496	830	1460	0	0	0	0
116	0	0	829	501	816	1465	0	0	0	0
117	0	0	835	508	805	1456	0	0	0	0
118	0	0	840	514	792	1444	0	0	0	0
119	0	0	847	520	782	1431	0	0	0	0
120	0	0	855	525	771	1415	0	0	0	0
121	0	0	863	528	761	1402	0	0	0	0
122	0	0	872	532	756	1400	0	0	0	0
123	0	0	878	537	748	1394	0	0	0	0
124	0	0	885	542	743	1385	0	0	0	0
125	0	0	890	547	739	1387	0	0	0	0
126	0	0	893	551	736	1382	0	0	0	0
127	0	0	894	552	735	1381	0	0	0	0
0	0	0	893	549	735	1393	0	0	0	0
1	0	0	893	549	738	1372	0	0	0	0
2	0	0	888	551	740	1368	0	0	0	0
3	0	0	880	555	747	1367	0	0	0	0
4	0	0	870	557	753	1367	0	0	0	0
5	0	0	858	560	760	1362	0	0	0	0
6	0	0	844	562	768	1364	0	0	0	0
7	0	0	830	565	773	1364	0	0	0	0
8	0	0	815	567	779	1363	0	0	0	0
9	0	0	802	570	787	1360	0	0	0	0
10	0	0	788	571	793	1359	0	0	0	0
11	0	0	778	575	799	1353	0	0	0	0
12	0	0	768	578	805	1346	0	0	0	0
13	0	0	759	581	810	1341	0	0	0	0
14	0	0	751	585	813	1340	0	0	0	0
15	0	0	745	589	817	1339	0	0	0	0
16	0	0	741	592	821	1336	0	0	0	0
17	0	0	738	598	822	1338	0	0	0	0
18	0	0	737	601	825	1329	0	0	0	0
19	0	0	737	605	828	1320	0	0	0	0
20	0	0	736	611	829	1307	0	0	0	0
21	0	0	739	613	831	1298	0	0	0	0
22	0	0	743	616	832	1293	0	0	0	0
23	0	0	750	621	832	1289	0	0	0	0
24	0	0	756	623	831	1281	0	0	0	0
25	0	0	764	626	830	1286	0	0	0	0
26	0	0	772	629	827	1282	0	0	0	0
27	0	0	781	631	826	1278	0	0	0	0
28	0	0	790	632	824	1278	0	0	0	0
29	0	0	797	631	820	1279	0	0	0	0
30	0	0	806	633	817	1279	0	0	0	0
31	0	0	811	631	815	1277	0	0	0	0
32	0	0	819	628	813	1269	0	0	0	0
33	0	0	824	627	806	1272	0	0	0	0
34	0	0	830	626	806	1271	0	0	0	0
35	0	0	833	624	805	1269	0	0	0	0
36	0	0	835	622	804	1270	0	0	0	0
37	0	0	836	620	803	1262	0	0	0	0
38	0	0	837	619	805	1257	0	0	0	0
39	0	0	836	615	807	1255	0	0	0	0
40	0	0	835	615	809	1254	0	0	0	0
41	0	0	835	615	811	1255	0	0	0	0
42	0	0	833	615	815	1246	0	0	0	0
43	0	0	831	616	817	1234	0	0	0	0
44	0	0	828	616	821	1232	0	0	0	0
45	0	0	827	620	824	1223	0	0	0	0
46	0	0	826	621	826	1209	0	0	0	0
47	0	0	826	619	829	1192	0	0	0	0
48	0	0	821	615	833	1169	0	0	0	0
49	0	0	819	612	837	1157	0	0	0	0
50	0	0	815	611	841	1146	0	0	0	0
51	0	0	815	616	845	1131	0	0	0	0
52	0	0	814	596	848	1115	0	0	0	0
53	0	0	793	596	856	1100	0	0	0	0
54	0	0	792	597	859	1102	0	0	0	0
55	0	0	796	596	860	1091	0	0	0	0
56	0	0	795	591	862	1086	0	0	0	0
57	0	0	795	588	866	1083	0	0	0	0
58	0	0	793	580	870	1078	0	0	0	0
59	0	0	788	571	872	1073	0	0	0	0
60	0	0	782	568	875	1078	0	0	0	0
61	0	0	779	564	874	1068	0	0	0	0
62	0	0	777	560	875	1065	0	0	0	0
63	0	0	776	560	874	1063	0	0	0	0
64	0	0	773	558	873	1057	0	0	0	0
65	0	0	773	557	872	1055	0	0	0	0
66	0	0	770	556	870	1045	0	0	0	0
67	0	0	771	557	869	1040	0	0	0	0
68	0	0	771	557	871	1036	0	0	0	0
69	0	0	772	557	872	1039	0	0	0	0
70	0	0	773	557	869	1034	0	0	0	0
71	0	0	775	557	871	1023	0	0	0	0
72	0	0	778	557	871	1014	0	0	0	0
73	0	0	781	557	872	1008	0	0	0	0
74	0	0	782	557	873	999	0	0	0	0
75	0	0	783	555	875	999	0	0	0	0
76	0	0	785	554	875	1005	0	0	0	0
77	0	0	784	554	875	1010	0	0	0	0
78	0	0	784	554	876	1005	0	0	0	0
79	0	0	784	555	875	997	0	0	0	0
80	0	0	782	556	873	991	0	0	0	0
81	0	0	780	555	871	977	0	0	0	0
82	0	0	778	558	871	958	0	0	0	0
83	0	0	776	560	869	942	0	0	0	0
84	0	0	773	561	867	921	0	0	0	0
85	0	0	773	566	864	915	0	0	0	0
86	0	0	772	567	859	911	0	0	0	0
87	0	0	770	571	858	906	0	0	0	0
88	0	0	770	574	856	897	0	0	0	0
89	0	0	769	579	853	894	0	0	0	0
90	0	0	768	583	852	893	0	0	0	0
91	0	0	770	587	849	895	0	0	0	0
92	0	0	771	591	849	878	0	0	0	0
93	0	0	773	594	847	869	0	0	0	0
94	0	0	774	599	846	829	0	0	0	0
95	0	0	776	603	844	847	0	0	0	0
96	0	0	778	608	842	844	0	0	0	0
97	0	0	781	614	839	841	0	0	0	0
98	0	0	783	619	838	823	0	0	0	0
99	0	0	783	625	835	800	0	0	0	0
100	0	0	785	629	834	783	0	0	0	0
101	0	0	787	634	831	779	0	0	0	0
102	0	0	790	638	830	773	0	0	0	0
103	0	0	791	644	828	757	0	0	0	0
104	0	0	792	648	826	764	0	0	0	0
105	0	0	793	654	826	778	0	0	0	0
106	0	0	795	658	824	784	0	0	0	0
107	0	0	797	663	823	781	0	0	0	0
108	0	0	800	667	821	767	0	0	0	0
109	0	0	799	672	821	742	0	0	0	0
110	0	0	801	676	818	723	0	0	0	0
111	0	0	802	679	817	734	0	0	0	0
112	0	0	803	684	815	724	0	0	0	0
113	0	0	805	688	815	725	0	0	0	0
114	0	0	805	688	813	706	0	0	0	0
115	0	0	805	692	811	693	0	0	0	0
116	0	0	805	693	809	695	0	0	0	0
117	0	0	806	694	808	702	0	0	0	0
118	0	0	808	695	806	704	0	0	0	0
119	0	0	809	695	804	698	0	0	0	0
120	0	0	810	696	802	694	0	0	0	0
121	0	0	811	698	800	685	0	0	0	0
122	0	0	813	700	797	677	0	0	0	0
123	0	0	814	700	794	668	0	0	0	0
124	0	0	813	701	792	679	0	0	0	0
125	0	0	813	703	790	671	0	0	0	0
126	0	0	812	703	787	668	0	0	0	0
127	0	0	812	704	784	638	0	0	0	0
0	0	0	811	706	784	634	0	0	0	0
1	0	0	810	708	780	615	0	0	0	0
2	0	0	810	709	778	622	0	0	0	0
3	0	0	808	710	777	618	0	0	0	0
4	0	0	808	710	775	615	0	0	0	0
5	0	0	807	709	774	613	0	0	0	0
6	0	0	806	711	773	613	0	0	0	0
7	0	0	805	711	772	598	0	0	0	0
8	0	0	804	712	772	596	0	0	0	0
9	0	0	804	713	770	571	0	0	0	0
10	0	0	801	714	769	553	0	0	0	0
11	0	0	800	713	769	554	0	0	0	0
12	0	0	801	713	770	548	0	0	0	0
13	0	0	800	713	769	560	0	0	0	0
14	0	0	800	714	769	561	0	0	0	0
15	0	0	799	714	770	566	0	0	0	0
16	0	0	798	714	769	560	0	0	0	0
17	0	0	798	715	769	549	0	0	0	0
18	0	0	796	716	770	539	0	0	0	0
19	0	0	795	717	770	526	0	0	0	0
20	0	0	795	718	771	528	0	0	0	0
21	0	0	792	717	771	531	0	0	0	0
22	0	0	790	719	773	526	0	0	0	0
23	0	0	790	719	773	509	0	0	0	0
24	0	0	788	718	774	510	0	0	0	0
25	0	0	787	718	775	514	0	0	0	0
26	0	0	786	718	775	517	0	0	0	0
27	0	0	784	720	777	517	0	0	0	0
28	0	0	783	721	777	527	0	0	0	0
29	0	0	782	720	778	532	0	0	0	0
30	0	0	782	720	780	543	0	0	0	0
31	0	0	780	721	781	551	0	0	0	0
32	0	0	780	722	782	551	0	0	0	0
33	0	0	778	723	784	559	0	0	0	0
34	0	0	778	723	783	559	0	0	0	0
35	0	0	777	723	783	545	0	0	0	0
36	0	0	774	723	785	533	0	0	0	0
37	0	0	775	723	787	518	0	0	0	0
38	0	0	773	722	787	534	0	0	0	0
39	0	0	774	721	788	531	0	0	0	0
40	0	0	771	723	791	532	0	0	0	0
41	0	0	770	720	791	537	0	0	0	0
42	0	0	771	720	791	534	0	0	0	0
43	0	0	769	721	792	534	0	0	0	0
44	0	0	769	721	792	525	0	0	0	0
45	0	0	770	721	794	523	0	0	0	0
46	0	0	769	722	795	524	0	0	0	0
47	0	0	768	721	795	525	0	0	0	0
48	0	0	767	720	796	528	0	0	0	0
49	0	0	767	720	796	529	0	0	0	0
50	0	0	766	720	795	527	0	0	0	0
51	0	0	766	720	795	529	0	0	0	0
52	0	0	767	719	795	534	0	0	0	0
53	0	0	767	719	794	537	0	0	0	0
54	0	0	766	718	796	537	0	0	0	0
55	0	0	766	720	794	529	0	0	0	0
56	0	0	767	719	794	534	0	0	0	0
57	0	0	767	720	793	538	0	0	0	0
58	0	0	769	721	794	524	0	0	0	0
59	0	0	767	721	794	532	0	0	0	0
60	0	0	767	719	793	539	0	0	0	0
61	0	0	768	720	793	546	0	0	0	0
62	0	0	768	721	792	546	0	0	0	0
63	0	0	770	721	791	552	0	0	0	0
64	0	0	770	721	790	552	0	0	0	0
65	0	0	771	720	791	559	0	0	0	0
66	0	0	771	720	789	552	0	0	0	0
67	0	0	772	721	789	550	0	0	0	0
68	0	0	773	720	789	553	0	0	0	0
69	0	0	772	720	788	571	0	0	0	0
70	0	0	774	721	789	580	0	0	0	0
71	0	0	773	720	787	579	0	0	0	0
72	0	0	776	722	787	575	0	0	0	0
73	0	0	775	721	788	583	0	0	0	0
74	0	0	778	722	788	587	0	0	0	0
75	0	0	779	721	788	579	0	0	0	0
76	0	0	779	720	788	579	0	0	0	0
77	0	0	781	721	789	575	0	0	0	0
78	0	0	783	720	789	588	0	0	0	0
79	0	0	781	719	790	586	0	0	0	0
80	0	0	781	719	789	580	0	0	0	0
81	0	0	783	718	793	588	0	0	0	0
82	0	0	784	716	794	585	0	0	0	0
83	0	0	783	715	795	593	0	0	0	0
84	0	0	783	714	796	600	0	0	0	0
85	0	0	786	714	797	599	0	0	0	0
86	0	0	787	713	798	599	0	0	0	0
87	0	0	788	711	800	590	0	0	0	0
88	0	0	789	711	801	586	0	0	0	0
89	0	0	790	710	802	586	0	0	0	0
90	0	0	790	709	804	596	0	0	0	0
91	0	0	788	709	805	592	0	0	0	0
92	0	0	788	708	805	581	0	0	0	0
93	0	0	788	706	807	581	0	0	0	0
94	0	0	790	705	808	578	0	0	0	0
95	0	0	792	704	808	578	0	0	0	0
96	0	0	793	702	809	595	0	0	0	0
97	0	0	794	700	811	594	0	0	0	0
98	0	0	794	696	811	586	0	0	0	0
99	0	0	794	696	813	594	0	0	0	0
100	0	0	793	694	813	585	0	0	0	0
101	0	0	793	692	814	593	0	0	0	0
102	0	0	794	690	815	573	0	0	0	0
103	0	0	794	688	815	568	0	0	0	0
104	0	0	793	687	816	573	0	0	0	0
105	0	0	794	685	817	582	0	0	0	0
106	0	0	793	683	818	581	0	0	0	0
107	0	0	792	681	819	576	0	0	0	0
108	0	0	793	679	817	568	0	0	0	0
109	0	0	791	678	821	575	0	0	0	0
110	0	0	791	675	821	579	0	0	0	0
111	0	0	792	673	821	583	0	0	0	0
112	0	0	791	672	823	596	0	0	0	0
113	0	0	790	669	824	590	0	0	0	0
114	0	0	790	666	827	597	0	0	0	0
115	0	0	789	664	827	606	0	0	0	0
116	0	0	789	660	828	612	0	0	0	0
117	0	0	790	657	828	633	0	0	0	0
118	0	0	790	654	828	647	0	0	0	0
119	0	0	790	653	829	653	0	0	0	0
120	0	0	790	650	829	653	0	0	0	0
121	0	0	789	647	829	658	0	0	0	0
122	0	0	789	644	831	656	0	0	0	0
123	0	0	789	640	831	658	0	0	0	0
124	0	0	787	637	832	654	0	0	0	0
125	0	0	787	634	833	659	0	0	0	0
126	0	0	787	631	832	651	0	0	0	0
127	0	0	787	628	833	648	0	0	0	0
0	0	0	786	625	834	654	0	0	0	0
1	0	0	786	622	833	663	0	0	0	0
2	0	0	785	621	832	663	0	0	0	0
3	0	0	784	617	832	672	0	0	0	0
4	0	0	784	615	833	679	0	0	0	0
5	0	0	783	613	832	691	0	0	0	0
6	0	0	782	612	831	708	0	0	0	0
7	0	0	782	610	830	710	0	0	0	0
8	0	0	781	608	831	713	0	0	0	0
9	0	0	782	607	830	709	0	0	0	0
10	0	0	782	605	829	720	0	0	0	0
11	0	0	784	604	828	708	0	0	0	0
12	0	0	784	604	828	714	0	0	0	0
13	0	0	784	602	828	715	0	0	0	0
14	0	0	783	601	828	713	0	0	0	0
15	0	0	783	601	827	726	0	0	0	0
16	0	0	783	601	826	733	0	0	0	0
17	0	0	783	600	826	733	0	0	0	0
18	0	0	784	599	826	727	0	0	0	0
19	0	0	783	599	824	730	0	0	0	0
20	0	0	783	599	824	730	0	0	0	0
21	0	0	783	599	823	747	0	0	0	0
22	0	0	783	599	822	746	0	0	0	0
23	0	0	784	599	822	737	0	0	0	0
24	0	0	782	599	820	739	0	0	0	0
25	0	0	782	599	820	740	0	0	0	0
26	0	0	779	599	819	739	0	0	0	0
27	0	0	782	600	818	745	0	0	0	0
28	0	0	782	599	819	752	0	0	0	0
29	0	0	781	599	819	753	0	0	0	0
30	0	0	781	599	820	755	0	0	0	0
31	0	0	781	598	818	756	0	0	0	0
32	0	0	781	599	820	756	0	0	0	0
33	0	0	780	598	819	763	0	0	0	0
34	0	0	781	597	819	771	0	0	0	0
35	0	0	781	598	819	776	0	0	0	0
36	0	0	780	597	818	783	0	0	0	0
37	0	0	779	595	818	783	0	0	0	0
38	0	0	779	595	817	787	0	0	0	0
39	0	0	778	595	816	800	0	0	0	0
40	0	0	778	594	816	804	0	0	0	0
41	0	0	779	594	816	805	0	0	0	0
42	0	0	779	594	816	804	0	0	0	0
43	0	0	778	593	816	803	0	0	0	0
44	0	0	778	593	816	804	0	0	0	0
45	0	0	777	593	816	818	0	0	0	0
46	0	0	777	593	816	813	0	0	0	0
47	0	0	776	594	815	810	0	0	0	0
48	0	0	776	595	815	813	0	0	0	0
49	0	0	776	596	813	820	0	0	0	0
50	0	0	776	599	812	819	0	0	0	0
51	0	0	774	598	812	822	0	0	0	0
52	0	0	774	600	811	817	0	0	0	0
53	0	0	774	601	810	819	0	0	0	0
54	0	0	775	602	809	822	0	0	0	0
55	0	0	775	603	808	827	0	0	0	0
56	0	0	774	604	807	831	0	0	0	0
57	0	0	775	605	807	836	0	0	0	0
58	0	0	775	606	806	844	0	0	0	0
59	0	0	776	607	805	851	0	0	0	0
60	0	0	777	608	805	856	0	0	0	0
61	0	0	776	610	805	859	0	0	0	0
62	0	0	777	611	805	861	0	0	0	0
63	0	0	777	612	804	865	0	0	0	0
64	0	0	778	614	803	868	0	0	0	0
65	0	0	778	616	803	871	0	0	0	0
66	0	0	779	615	802	878	0	0	0	0
67	0	0	778	615	803	885	0	0	0	0
68	0	0	780	617	803	889	0	0	0	0
69	0	0	780	618	802	886	0	0	0	0
70	0	0	781	619	803	886	0	0	0	0
71	0	0	780	620	803	893	0	0	0	0
72	0	0	779	620	803	893	0	0	0	0
73	0	0	780	621	804	891	0	0	0	0
74	0	0	780	622	804	890	0	0	0	0
75	0	0	780	622	804	901	0	0	0	0
