# bioPlux Text File Format
# Version: 1
# StartDateTime: 2012-03-21 15:41:28
# SamplingFrequency: 1000
# SampledChannels: 1 2 3 4 5 6 7 8
# SamplingResolution: 12
# AcquiringDevice: 00:07:80:93:66:BE
# EndOfHeader
0	0	0	784	638	817	425	0	0	0	0
1	0	0	784	638	818	424	0	0	0	0
2	0	0	784	639	818	423	0	0	0	0
3	0	0	783	638	817	421	0	0	0	0
4	0	0	783	639	817	419	0	0	0	0
5	0	0	783	638	817	417	0	0	0	0
6	0	0	783	638	817	412	0	0	0	0
7	0	0	785	639	817	410	0	0	0	0
8	0	0	784	639	817	412	0	0	0	0
9	0	0	785	639	817	404	0	0	0	0
10	0	0	785	638	817	401	0	0	0	0
11	0	0	786	639	817	397	0	0	0	0
12	0	0	785	639	817	405	0	0	0	0
13	0	0	786	639	817	403	0	0	0	0
14	0	0	786	638	818	399	0	0	0	0
15	0	0	786	638	818	404	0	0	0	0
16	0	0	787	638	816	413	0	0	0	0
17	0	0	785	639	817	411	0	0	0	0
18	0	0	785	639	817	407	0	0	0	0
19	0	0	784	639	817	401	0	0	0	0
20	0	0	786	639	817	404	0	0	0	0
21	0	0	785	639	817	388	0	0	0	0
22	0	0	785	639	816	391	0	0	0	0
23	0	0	784	639	817	404	0	0	0	0
24	0	0	784	639	816	410	0	0	0	0
25	0	0	785	639	816	410	0	0	0	0
26	0	0	785	640	816	411	0	0	0	0
27	0	0	786	639	816	411	0	0	0	0
28	0	0	784	640	816	410	0	0	0	0
29	0	0	785	640	817	412	0	0	0	0
30	0	0	784	639	816	411	0	0	0	0
31	0	0	786	638	815	409	0	0	0	0
32	0	0	785	639	816	410	0	0	0	0
33	0	0	785	639	817	409	0	0	0	0
34	0	0	784	639	816	409	0	0	0	0
35	0	0	784	638	816	412	0	0	0	0
36	0	0	784	640	816	409	0	0	0	0
37	0	0	784	639	816	405	0	0	0	0
38	0	0	785	639	815	404	0	0	0	0
39	0	0	784	639	816	399	0	0	0	0
40	0	0	784	638	817	404	0	0	0	0
41	0	0	784	638	816	403	0	0	0	0
42	0	0	784	638	815	401	0	0	0	0
43	0	0	783	638	815	398	0	0	0	0
44	0	0	784	638	815	385	0	0	0	0
45	0	0	785	637	815	387	0	0	0	0
46	0	0	785	639	815	393	0	0	0	0
47	0	0	784	638	815	399	0	0	0	0
48	0	0	783	639	815	391	0	0	0	0
49	0	0	783	640	815	392	0	0	0	0
50	0	0	782	640	814	393	0	0	0	0
51	0	0	783	641	815	392	0	0	0	0
52	0	0	783	640	815	391	0	0	0	0
53	0	0	784	639	815	408	0	0	0	0
54	0	0	783	640	815	408	0	0	0	0
55	0	0	784	639	816	409	0	0	0	0
56	0	0	784	640	815	408	0	0	0	0
57	0	0	784	639	815	402	0	0	0	0
58	0	0	784	639	815	400	0	0	0	0
59	0	0	785	639	815	401	0	0	0	0
60	0	0	784	639	815	404	0	0	0	0
61	0	0	786	639	815	412	0	0	0	0
62	0	0	783	639	815	411	0	0	0	0
63	0	0	785	639	815	400	0	0	0	0
64	0	0	784	638	814	406	0	0	0	0
65	0	0	785	640	814	406	0	0	0	0
66	0	0	785	640	815	370	0	0	0	0
67	0	0	785	640	815	366	0	0	0	0
68	0	0	784	639	814	365	0	0	0	0
69	0	0	784	639	814	364	0	0	0	0
70	0	0	784	639	816	358	0	0	0	0
71	0	0	784	640	815	359	0	0	0	0
72	0	0	783	640	815	361	0	0	0	0
73	0	0	783	639	815	361	0	0	0	0
74	0	0	784	639	815	363	0	0	0	0
75	0	0	784	639	815	364	0	0	0	0
76	0	0	784	639	815	365	0	0	0	0
77	0	0	784	639	815	365	0	0	0	0
78	0	0	784	639	815	363	0	0	0	0
79	0	0	783	640	816	363	0	0	0	0
80	0	0	782	639	815	366	0	0	0	0
81	0	0	783	640	815	365	0	0	0	0
82	0	0	784	640	816	366	0	0	0	0
83	0	0	784	639	816	363	0	0	0	0
84	0	0	783	639	815	361	0	0	0	0
85	0	0	784	641	815	360	0	0	0	0
86	0	0	784	640	815	360	0	0	0	0
87	0	0	783	640	815	360	0	0	0	0
88	0	0	785	641	816	360	0	0	0	0
89	0	0	784	640	816	361	0	0	0	0
90	0	0	783	640	816	360	0	0	0	0
91	0	0	783	641	816	360	0	0	0	0
92	0	0	783	640	816	362	0	0	0	0
93	0	0	783	641	816	363	0	0	0	0
94	0	0	782	641	815	364	0	0	0	0
95	0	0	783	641	815	365	0	0	0	0
96	0	0	784	641	815	365	0	0	0	0
97	0	0	784	640	815	366	0	0	0	0
98	0	0	783	641	815	365	0	0	0	0
99	0	0	783	641	816	365	0	0	0	0
100	0	0	783	641	816	366	0	0	0	0
101	0	0	782	641	816	366	0	0	0	0
102	0	0	781	641	815	363	0	0	0	0
103	0	0	783	641	815	362	0	0	0	0
104	0	0	783	641	816	361	0	0	0	0
105	0	0	782	641	816	360	0	0	0	0
106	0	0	782	641	816	359	0	0	0	0
107	0	0	782	641	816	357	0	0	0	0
108	0	0	783	641	816	356	0	0	0	0
109	0	0	782	641	816	358	0	0	0	0
110	0	0	783	641	816	357	0	0	0	0
111	0	0	782	641	816	357	0	0	0	0
112	0	0	782	642	816	359	0	0	0	0
113	0	0	785	642	817	361	0	0	0	0
114	0	0	783	643	817	361	0	0	0	0
115	0	0	783	641	817	362	0	0	0	0
116	0	0	783	641	817	363	0	0	0	0
117	0	0	783	642	818	365	0	0	0	0
118	0	0	782	641	818	365	0	0	0	0
119	0	0	783	641	819	367	0	0	0	0
120	0	0	785	640	816	372	0	0	0	0
121	0	0	783	642	818	372	0	0	0	0
122	0	0	783	642	818	376	0	0	0	0
123	0	0	783	641	818	376	0	0	0	0
124	0	0	783	642	819	377	0	0	0	0
125	0	0	783	642	816	379	0	0	0	0
126	0	0	783	642	818	377	0	0	0	0
127	0	0	784	641	818	375	0	0	0	0
0	0	0	783	642	818	376	0	0	0	0
1	0	0	783	641	818	376	0	0	0	0
2	0	0	783	641	818	377	0	0	0	0
3	0	0	781	640	818	378	0	0	0	0
4	0	0	783	639	819	378	0	0	0	0
5	0	0	786	640	819	379	0	0	0	0
6	0	0	784	639	818	380	0	0	0	0
7	0	0	785	638	819	378	0	0	0	0
8	0	0	785	638	818	385	0	0	0	0
9	0	0	784	637	818	387	0	0	0	0
10	0	0	784	637	818	385	0	0	0	0
11	0	0	786	637	818	385	0	0	0	0
12	0	0	786	637	819	384	0	0	0	0
13	0	0	787	637	818	384	0	0	0	0
14	0	0	786	637	818	383	0	0	0	0
15	0	0	786	637	818	382	0	0	0	0
16	0	0	786	637	818	382	0	0	0	0
17	0	0	787	637	818	378	0	0	0	0
18	0	0	786	637	817	376	0	0	0	0
19	0	0	787	637	817	375	0	0	0	0
20	0	0	786	637	816	375	0	0	0	0
21	0	0	784	637	817	376	0	0	0	0
22	0	0	784	637	818	377	0	0	0	0
23	0	0	783	638	818	377	0	0	0	0
24	0	0	784	637	818	378	0	0	0	0
25	0	0	783	637	818	379	0	0	0	0
26	0	0	783	637	818	381	0	0	0	0
27	0	0	783	637	818	380	0	0	0	0
28	0	0	783	637	818	381	0	0	0	0
29	0	0	782	637	818	382	0	0	0	0
30	0	0	782	636	818	381	0	0	0	0
31	0	0	782	638	817	381	0	0	0	0
32	0	0	782	637	818	385	0	0	0	0
33	0	0	783	638	818	384	0	0	0	0
34	0	0	783	637	817	383	0	0	0	0
35	0	0	783	638	818	380	0	0	0	0
36	0	0	783	638	818	380	0	0	0	0
37	0	0	783	639	819	380	0	0	0	0
38	0	0	783	640	819	379	0	0	0	0
39	0	0	782	639	818	378	0	0	0	0
40	0	0	783	639	818	377	0	0	0	0
41	0	0	783	640	818	378	0	0	0	0
42	0	0	782	640	817	378	0	0	0	0
43	0	0	781	641	817	378	0	0	0	0
44	0	0	782	641	818	379	0	0	0	0
45	0	0	782	641	819	381	0	0	0	0
46	0	0	782	641	818	381	0	0	0	0
47	0	0	781	641	818	381	0	0	0	0
48	0	0	783	642	818	383	0	0	0	0
49	0	0	783	642	818	384	0	0	0	0
50	0	0	781	642	818	384	0	0	0	0
51	0	0	782	644	819	383	0	0	0	0
52	0	0	781	643	819	385	0	0	0	0
53	0	0	782	643	818	385	0	0	0	0
54	0	0	781	643	819	382	0	0	0	0
55	0	0	781	643	818	380	0	0	0	0
56	0	0	782	643	818	379	0	0	0	0
57	0	0	781	643	818	379	0	0	0	0
58	0	0	781	644	818	377	0	0	0	0
59	0	0	781	644	818	373	0	0	0	0
60	0	0	781	643	818	373	0	0	0	0
61	0	0	781	644	819	373	0	0	0	0
62	0	0	780	644	818	375	0	0	0	0
63	0	0	781	644	818	375	0	0	0	0
64	0	0	781	644	818	376	0	0	0	0
65	0	0	781	643	818	376	0	0	0	0
66	0	0	782	644	818	368	0	0	0	0
67	0	0	781	643	819	361	0	0	0	0
68	0	0	780	643	818	349	0	0	0	0
69	0	0	781	643	819	344	0	0	0	0
70	0	0	780	642	818	345	0	0	0	0
71	0	0	780	643	817	348	0	0	0	0
72	0	0	781	643	817	339	0	0	0	0
73	0	0	780	642	818	355	0	0	0	0
74	0	0	779	643	818	354	0	0	0	0
75	0	0	780	643	817	338	0	0	0	0
76	0	0	779	643	817	339	0	0	0	0
77	0	0	779	644	817	335	0	0	0	0
78	0	0	779	644	818	331	0	0	0	0
79	0	0	778	643	817	340	0	0	0	0
80	0	0	778	644	817	336	0	0	0	0
81	0	0	778	643	817	320	0	0	0	0
82	0	0	779	643	817	318	0	0	0	0
83	0	0	779	644	817	336	0	0	0	0
84	0	0	778	644	817	347	0	0	0	0
85	0	0	777	644	818	341	0	0	0	0
86	0	0	778	644	818	347	0	0	0	0
87	0	0	778	644	817	346	0	0	0	0
88	0	0	777	645	818	348	0	0	0	0
89	0	0	778	644	818	342	0	0	0	0
90	0	0	777	644	817	344	0	0	0	0
91	0	0	777	645	817	346	0	0	0	0
92	0	0	777	643	816	346	0	0	0	0
93	0	0	777	644	816	347	0	0	0	0
94	0	0	777	644	817	343	0	0	0	0
95	0	0	778	644	817	343	0	0	0	0
96	0	0	777	644	817	346	0	0	0	0
97	0	0	777	644	817	344	0	0	0	0
98	0	0	777	644	817	342	0	0	0	0
99	0	0	776	645	816	339	0	0	0	0
100	0	0	777	645	816	338	0	0	0	0
101	0	0	776	645	816	342	0	0	0	0
102	0	0	775	645	816	342	0	0	0	0
103	0	0	776	645	816	345	0	0	0	0
104	0	0	775	645	817	346	0	0	0	0
105	0	0	776	645	816	340	0	0	0	0
106	0	0	775	644	816	342	0	0	0	0
107	0	0	775	644	819	343	0	0	0	0
108	0	0	775	645	816	347	0	0	0	0
109	0	0	775	645	816	352	0	0	0	0
110	0	0	774	645	816	350	0	0	0	0
111	0	0	774	645	817	348	0	0	0	0
112	0	0	774	644	818	349	0	0	0	0
113	0	0	776	644	818	349	0	0	0	0
114	0	0	775	645	817	343	0	0	0	0
115	0	0	777	645	818	342	0	0	0	0
116	0	0	776	645	818	340	0	0	0	0
117	0	0	775	644	817	335	0	0	0	0
118	0	0	775	645	817	328	0	0	0	0
119	0	0	775	644	818	345	0	0	0	0
120	0	0	776	645	819	328	0	0	0	0
121	0	0	775	645	818	350	0	0	0	0
122	0	0	777	645	818	355	0	0	0	0
123	0	0	775	645	819	358	0	0	0	0
124	0	0	776	645	820	357	0	0	0	0
125	0	0	776	644	820	355	0	0	0	0
126	0	0	777	645	820	354	0	0	0	0
127	0	0	777	645	821	352	0	0	0	0
0	0	0	776	645	820	350	0	0	0	0
1	0	0	777	644	820	348	0	0	0	0
2	0	0	777	645	820	353	0	0	0	0
3	0	0	777	645	820	351	0	0	0	0
4	0	0	778	646	821	353	0	0	0	0
5	0	0	776	646	820	357	0	0	0	0
6	0	0	777	646	821	347	0	0	0	0
7	0	0	776	646	821	338	0	0	0	0
8	0	0	775	646	821	333	0	0	0	0
9	0	0	775	647	821	344	0	0	0	0
10	0	0	775	646	821	335	0	0	0	0
11	0	0	776	647	820	328	0	0	0	0
12	0	0	775	647	820	327	0	0	0	0
13	0	0	775	646	821	327	0	0	0	0
14	0	0	775	647	821	330	0	0	0	0
15	0	0	775	648	821	327	0	0	0	0
16	0	0	775	648	821	329	0	0	0	0
17	0	0	775	646	822	326	0	0	0	0
18	0	0	773	647	820	319	0	0	0	0
19	0	0	774	647	821	323	0	0	0	0
20	0	0	772	647	820	321	0	0	0	0
21	0	0	772	647	820	320	0	0	0	0
22	0	0	772	647	820	306	0	0	0	0
23	0	0	772	647	821	304	0	0	0	0
24	0	0	772	647	820	311	0	0	0	0
25	0	0	773	648	821	329	0	0	0	0
26	0	0	772	647	821	293	0	0	0	0
27	0	0	773	647	821	253	0	0	0	0
28	0	0	772	647	820	294	0	0	0	0
29	0	0	772	647	821	278	0	0	0	0
30	0	0	773	648	820	279	0	0	0	0
31	0	0	772	648	821	289	0	0	0	0
32	0	0	772	648	821	274	0	0	0	0
33	0	0	772	648	821	278	0	0	0	0
34	0	0	773	648	821	286	0	0	0	0
35	0	0	773	649	821	293	0	0	0	0
36	0	0	773	649	821	284	0	0	0	0
37	0	0	774	649	821	289	0	0	0	0
38	0	0	774	649	818	282	0	0	0	0
39	0	0	774	650	820	286	0	0	0	0
40	0	0	772	651	820	288	0	0	0	0
41	0	0	771	650	820	262	0	0	0	0
42	0	0	772	650	819	277	0	0	0	0
43	0	0	772	651	820	283	0	0	0	0
44	0	0	772	651	820	286	0	0	0	0
45	0	0	773	652	820	224	0	0	0	0
46	0	0	772	652	820	139	0	0	0	0
47	0	0	772	653	820	130	0	0	0	0
48	0	0	772	652	820	130	0	0	0	0
49	0	0	771	653	819	128	0	0	0	0
50	0	0	771	654	819	127	0	0	0	0
51	0	0	772	654	820	125	0	0	0	0
52	0	0	771	654	820	125	0	0	0	0
53	0	0	772	655	820	123	0	0	0	0
54	0	0	772	655	819	116	0	0	0	0
55	0	0	773	654	819	123	0	0	0	0
56	0	0	772	655	820	121	0	0	0	0
57	0	0	773	655	820	122	0	0	0	0
58	0	0	773	655	819	123	0	0	0	0
59	0	0	773	656	819	122	0	0	0	0
60	0	0	772	656	819	129	0	0	0	0
61	0	0	772	656	818	134	0	0	0	0
62	0	0	772	655	819	132	0	0	0	0
63	0	0	774	656	820	130	0	0	0	0
64	0	0	775	656	819	132	0	0	0	0
65	0	0	774	656	819	121	0	0	0	0
66	0	0	774	656	819	116	0	0	0	0
67	0	0	774	656	819	113	0	0	0	0
68	0	0	774	655	819	112	0	0	0	0
69	0	0	774	657	819	113	0	0	0	0
70	0	0	776	657	817	111	0	0	0	0
71	0	0	777	658	818	110	0	0	0	0
72	0	0	777	657	818	109	0	0	0	0
73	0	0	777	656	818	109	0	0	0	0
74	0	0	777	657	818	111	0	0	0	0
75	0	0	777	657	817	111	0	0	0	0
76	0	0	778	657	817	113	0	0	0	0
77	0	0	777	657	817	115	0	0	0	0
78	0	0	777	658	818	114	0	0	0	0
79	0	0	778	658	818	117	0	0	0	0
80	0	0	778	657	817	117	0	0	0	0
81	0	0	778	658	818	117	0	0	0	0
82	0	0	777	657	817	117	0	0	0	0
83	0	0	777	657	817	116	0	0	0	0
84	0	0	777	658	817	119	0	0	0	0
85	0	0	778	657	817	118	0	0	0	0
86	0	0	778	657	818	116	0	0	0	0
87	0	0	778	658	817	114	0	0	0	0
88	0	0	777	657	817	114	0	0	0	0
89	0	0	777	657	817	114	0	0	0	0
90	0	0	777	658	817	113	0	0	0	0
91	0	0	777	656	817	112	0	0	0	0
92	0	0	778	658	818	111	0	0	0	0
93	0	0	778	658	818	114	0	0	0	0
94	0	0	778	657	817	113	0	0	0	0
95	0	0	779	657	817	113	0	0	0	0
96	0	0	779	658	817	115	0	0	0	0
97	0	0	779	656	818	116	0	0	0	0
98	0	0	778	657	817	117	0	0	0	0
99	0	0	778	657	817	117	0	0	0	0
100	0	0	779	658	817	117	0	0	0	0
101	0	0	778	659	817	119	0	0	0	0
102	0	0	779	659	818	118	0	0	0	0
103	0	0	779	657	818	118	0	0	0	0
104	0	0	778	658	818	121	0	0	0	0
105	0	0	778	659	817	121	0	0	0	0
106	0	0	778	659	818	119	0	0	0	0
107	0	0	779	659	819	116	0	0	0	0
108	0	0	778	658	818	116	0	0	0	0
109	0	0	777	658	818	115	0	0	0	0
110	0	0	777	658	818	114	0	0	0	0
111	0	0	777	659	819	112	0	0	0	0
112	0	0	777	659	820	112	0	0	0	0
113	0	0	776	659	819	115	0	0	0	0
114	0	0	775	659	819	112	0	0	0	0
115	0	0	774	660	819	114	0	0	0	0
116	0	0	775	660	820	116	0	0	0	0
117	0	0	775	659	820	117	0	0	0	0
118	0	0	773	660	820	118	0	0	0	0
119	0	0	773	660	820	117	0	0	0	0
120	0	0	774	662	820	117	0	1	0	0
121	0	0	773	660	820	119	0	0	0	0
122	0	0	773	661	819	117	0	0	0	0
123	0	0	773	661	820	117	0	0	0	0
124	0	0	772	662	819	119	0	0	0	0
125	0	0	772	662	819	119	0	0	0	0
126	0	0	772	664	820	119	0	0	0	0
127	0	0	771	662	820	117	0	0	0	0
0	0	0	772	662	820	115	0	0	0	0
1	0	0	771	664	819	114	0	0	0	0
2	0	0	771	663	819	112	0	0	0	0
3	0	0	770	663	819	111	0	0	0	0
4	0	0	770	664	819	112	0	0	0	0
5	0	0	769	663	818	113	0	0	0	0
6	0	0	770	666	818	114	0	0	0	0
7	0	0	770	665	818	116	0	0	0	0
8	0	0	770	667	819	116	0	0	0	0
9	0	0	769	665	818	117	0	0	0	0
10	0	0	768	665	817	117	0	0	0	0
11	0	0	768	666	817	117	0	0	0	0
12	0	0	769	667	817	118	0	0	0	0
13	0	0	767	666	817	119	0	0	0	0
14	0	0	768	667	817	117	0	0	0	0
15	0	0	767	668	816	116	0	0	0	0
16	0	0	766	668	816	118	0	0	0	0
17	0	0	767	669	816	115	0	0	0	0
18	0	0	766	669	816	107	0	0	0	0
19	0	0	765	668	817	99	0	0	0	0
20	0	0	765	669	817	91	0	0	0	0
21	0	0	766	670	817	89	0	0	0	0
22	0	0	764	670	816	95	0	0	0	0
23	0	0	765	670	816	97	0	0	0	0
24	0	0	765	671	816	101	0	0	0	0
25	0	0	764	670	816	101	0	0	0	0
26	0	0	764	671	816	103	0	0	0	0
27	0	0	764	672	817	109	0	0	0	0
28	0	0	764	672	815	109	0	0	0	0
29	0	0	764	674	815	94	0	0	0	0
30	0	0	764	674	814	96	0	0	0	0
31	0	0	764	674	814	100	0	0	0	0
32	0	0	764	674	815	113	0	0	0	0
33	0	0	764	675	815	102	0	0	0	0
34	0	0	764	676	814	103	0	0	0	0
35	0	0	766	676	815	95	0	0	0	0
36	0	0	766	676	815	92	0	0	0	0
37	0	0	766	677	815	95	0	0	0	0
38	0	0	766	677	814	83	0	0	0	0
39	0	0	766	677	814	71	0	0	0	0
40	0	0	765	677	814	78	0	0	0	0
41	0	0	764	678	813	61	0	0	0	0
42	0	0	765	678	811	75	0	0	0	0
43	0	0	765	679	814	65	0	0	0	0
44	0	0	764	679	814	67	0	0	0	0
45	0	0	766	679	814	39	0	0	0	0
46	0	0	765	679	814	34	0	0	0	0
47	0	0	764	679	813	34	0	0	0	0
48	0	0	764	680	814	37	0	0	0	0
49	0	0	765	679	813	38	0	0	0	0
50	0	0	764	680	814	37	0	0	0	0
51	0	0	764	681	813	38	0	0	0	0
52	0	0	763	681	812	38	0	0	0	0
53	0	0	763	680	812	40	0	0	0	0
54	0	0	763	681	811	40	0	0	0	0
55	0	0	763	682	812	38	0	0	0	0
56	0	0	763	683	811	42	0	0	0	0
57	0	0	763	684	809	41	0	0	0	0
58	0	0	763	684	812	38	0	0	0	0
59	0	0	762	684	811	37	0	0	0	0
60	0	0	763	685	811	48	0	0	0	0
61	0	0	763	686	810	50	0	0	0	0
62	0	0	763	687	810	38	0	0	0	0
63	0	0	763	687	810	33	0	0	0	0
64	0	0	764	688	809	34	0	0	0	0
65	0	0	763	689	809	35	0	0	0	0
66	0	0	763	691	809	35	0	0	0	0
67	0	0	762	691	809	33	0	0	0	0
68	0	0	764	692	809	36	0	0	0	0
69	0	0	764	692	807	37	0	0	0	0
70	0	0	764	693	807	39	0	0	0	0
71	0	0	765	694	807	39	0	0	0	0
72	0	0	765	695	804	39	0	0	0	0
73	0	0	765	694	805	41	0	0	0	0
74	0	0	765	695	804	39	0	0	0	0
75	0	0	766	697	804	36	0	0	0	0
76	0	0	766	699	803	37	0	0	0	0
77	0	0	767	701	803	36	0	0	0	0
78	0	0	766	700	801	35	0	0	0	0
79	0	0	767	701	800	34	0	0	0	0
80	0	0	767	701	799	34	0	0	0	0
81	0	0	768	702	799	33	0	0	0	0
82	0	0	768	702	797	32	0	0	0	0
83	0	0	770	703	797	30	0	0	0	0
84	0	0	771	704	796	31	0	0	0	0
85	0	0	772	705	795	32	0	0	0	0
86	0	0	771	706	794	25	0	0	0	0
87	0	0	773	705	794	24	0	0	0	0
88	0	0	773	705	793	27	0	0	0	0
89	0	0	774	706	792	27	0	0	0	0
90	0	0	776	705	791	27	0	0	0	0
91	0	0	776	707	791	27	0	0	0	0
92	0	0	777	708	791	28	0	0	0	0
93	0	0	779	708	790	30	0	0	0	0
94	0	0	780	709	789	29	0	0	0	0
95	0	0	780	709	789	30	0	0	0	0
96	0	0	781	709	788	32	0	0	0	0
97	0	0	780	710	787	32	0	0	0	0
98	0	0	780	710	787	29	0	0	0	0
99	0	0	779	711	787	28	0	0	0	0
100	0	0	780	712	787	29	0	0	0	0
101	0	0	782	712	786	29	0	0	0	0
102	0	0	781	712	787	26	0	0	0	0
103	0	0	780	713	787	23	0	0	0	0
104	0	0	780	712	786	25	0	0	0	0
105	0	0	779	713	787	25	0	0	0	0
106	0	0	782	714	786	26	0	0	0	0
107	0	0	781	713	786	27	0	0	0	0
108	0	0	782	714	786	28	0	0	0	0
109	0	0	782	714	787	29	0	0	0	0
110	0	0	782	714	787	29	0	0	0	0
111	0	0	782	714	788	31	0	0	0	0
112	0	0	782	713	787	31	0	0	0	0
113	0	0	782	712	788	33	0	0	0	0
114	0	0	783	713	789	32	0	0	0	0
115	0	0	783	713	789	32	0	0	0	0
116	0	0	781	712	789	34	0	0	0	0
117	0	0	781	712	789	33	0	0	0	0
118	0	0	782	711	789	30	0	0	0	0
119	0	0	782	711	790	29	0	0	0	0
120	0	0	782	712	790	27	0	0	0	0
121	0	0	782	713	790	27	0	0	0	0
122	0	0	782	711	791	25	0	0	0	0
123	0	0	782	711	791	23	0	0	0	0
124	0	0	782	711	791	25	0	0	0	0
125	0	0	783	711	792	25	0	0	0	0
126	0	0	784	711	793	25	0	0	0	0
127	0	0	785	710	793	25	0	0	0	0
0	0	0	786	711	793	26	0	0	0	0
1	0	0	785	710	792	28	0	0	0	0
2	0	0	786	709	792	27	0	0	0	0
3	0	0	788	710	792	30	0	0	0	0
4	0	0	788	710	793	30	0	0	0	0
5	0	0	789	711	793	32	0	0	0	0
6	0	0	788	710	793	31	0	0	0	0
7	0	0	789	710	794	29	0	0	0	0
8	0	0	790	711	793	35	0	0	0	0
9	0	0	789	711	794	33	0	0	0	0
10	0	0	790	712	794	31	0	0	0	0
11	0	0	790	710	795	29	0	0	0	0
12	0	0	790	710	794	29	0	0	0	0
13	0	0	792	711	795	30	0	0	0	0
14	0	0	792	711	796	46	0	0	0	0
15	0	0	791	709	797	47	0	0	0	0
16	0	0	792	710	799	45	0	0	0	0
17	0	0	791	709	800	49	0	0	0	0
18	0	0	792	710	801	50	0	0	0	0
19	0	0	792	708	801	51	0	0	0	0
20	0	0	792	707	804	54	0	0	0	0
21	0	0	793	707	804	65	0	0	0	0
22	0	0	793	706	807	55	0	0	0	0
23	0	0	793	706	808	70	0	0	0	0
24	0	0	792	704	809	60	0	0	0	0
25	0	0	792	704	811	75	0	0	0	0
26	0	0	792	705	812	69	0	0	0	0
27	0	0	793	704	813	80	0	0	0	0
28	0	0	792	703	816	105	0	0	0	0
29	0	0	791	702	819	245	0	0	0	0
30	0	0	789	700	820	270	0	0	0	0
31	0	0	788	699	822	210	0	0	0	0
32	0	0	787	698	824	257	0	0	0	0
33	0	0	788	697	825	287	0	0	0	0
34	0	0	788	697	827	296	0	0	0	0
35	0	0	787	697	828	291	0	0	0	0
36	0	0	787	696	829	295	0	0	0	0
37	0	0	787	695	830	277	0	0	0	0
38	0	0	787	696	833	260	0	0	0	0
39	0	0	787	695	835	273	0	0	0	0
40	0	0	786	693	836	281	0	0	0	0
41	0	0	787	692	837	278	0	0	0	0
42	0	0	787	690	838	269	0	0	0	0
43	0	0	786	690	839	267	0	0	0	0
44	0	0	787	689	841	276	0	0	0	0
45	0	0	786	688	841	271	0	0	0	0
46	0	0	786	689	842	281	0	0	0	0
47	0	0	785	689	843	286	0	0	0	0
48	0	0	786	687	843	292	0	0	0	0
49	0	0	786	687	843	289	0	0	0	0
50	0	0	787	685	844	289	0	0	0	0
51	0	0	787	684	844	297	0	0	0	0
52	0	0	786	683	844	300	0	0	0	0
53	0	0	786	681	845	309	0	0	0	0
54	0	0	787	681	845	312	0	0	0	0
55	0	0	786	679	845	315	0	0	0	0
56	0	0	788	679	845	301	0	0	0	0
57	0	0	787	677	843	286	0	0	0	0
58	0	0	787	676	843	280	0	0	0	0
59	0	0	787	675	843	278	0	0	0	0
60	0	0	787	674	843	291	0	0	0	0
61	0	0	786	672	843	313	0	0	0	0
62	0	0	786	670	842	323	0	0	0	0
63	0	0	786	669	842	347	0	0	0	0
64	0	0	786	667	842	363	0	0	0	0
65	0	0	786	667	841	408	0	0	0	0
66	0	0	785	666	839	393	0	0	0	0
67	0	0	786	664	838	375	0	0	0	0
68	0	0	784	662	838	386	0	0	0	0
69	0	0	784	662	837	413	0	0	0	0
70	0	0	784	660	836	402	0	0	0	0
71	0	0	784	659	835	389	0	0	0	0
72	0	0	783	657	835	392	0	0	0	0
73	0	0	782	655	835	417	0	0	0	0
74	0	0	782	653	834	433	0	0	0	0
75	0	0	781	653	833	432	0	0	0	0
76	0	0	780	652	831	430	0	0	0	0
77	0	0	780	651	830	437	0	0	0	0
78	0	0	780	649	830	433	0	0	0	0
79	0	0	779	646	827	449	0	0	0	0
80	0	0	779	646	826	458	0	0	0	0
81	0	0	778	645	825	456	0	0	0	0
82	0	0	778	643	825	444	0	0	0	0
83	0	0	777	643	823	448	0	0	0	0
84	0	0	775	642	822	445	0	0	0	0
85	0	0	774	640	821	445	0	0	0	0
86	0	0	775	639	821	464	0	0	0	0
87	0	0	773	639	819	484	0	0	0	0
88	0	0	772	638	819	490	0	0	0	0
89	0	0	772	637	818	489	0	0	0	0
90	0	0	772	637	817	481	0	0	0	0
91	0	0	771	637	816	473	0	0	0	0
92	0	0	772	636	815	477	0	0	0	0
93	0	0	770	637	813	481	0	0	0	0
94	0	0	769	637	813	489	0	0	0	0
95	0	0	769	637	811	487	0	0	0	0
96	0	0	770	636	811	479	0	0	0	0
97	0	0	769	636	811	478	0	0	0	0
98	0	0	770	635	810	479	0	0	0	0
99	0	0	770	635	810	473	0	0	0	0
100	0	0	769	635	809	460	0	0	0	0
101	0	0	770	635	809	459	0	0	0	0
102	0	0	770	634	809	462	0	0	0	0
103	0	0	770	634	808	462	0	0	0	0
104	0	0	770	635	808	465	0	0	0	0
105	0	0	770	634	808	473	0	0	0	0
106	0	0	771	634	808	483	0	0	0	0
107	0	0	771	634	809	481	0	0	0	0
108	0	0	770	634	808	478	0	0	0	0
109	0	0	770	635	808	479	0	0	0	0
110	0	0	770	635	808	478	0	0	0	0
111	0	0	772	635	808	477	0	0	0	0
112	0	0	774	636	809	489	0	0	0	0
113	0	0	770	636	809	491	0	0	0	0
114	0	0	771	637	810	489	0	0	0	0
115	0	0	771	638	810	491	0	0	0	0
116	0	0	771	639	809	494	0	0	0	0
117	0	0	772	641	809	489	0	0	0	0
118	0	0	772	642	808	487	0	0	0	0
119	0	0	773	643	808	466	0	0	0	0
120	0	0	775	643	807	454	0	0	0	0
121	0	0	775	643	808	506	0	0	0	0
122	0	0	775	644	808	525	0	0	0	0
123	0	0	774	645	808	528	0	0	0	0
124	0	0	773	647	809	528	0	0	0	0
125	0	0	774	647	808	532	0	0	0	0
126	0	0	774	648	808	539	0	0	0	0
127	0	0	774	648	809	527	0	0	0	0
0	0	0	773	648	810	535	0	0	0	0
1	0	0	773	650	811	529	0	0	0	0
2	0	0	773	649	811	526	0	0	0	0
3	0	0	773	651	812	533	0	0	0	0
4	0	0	771	651	814	547	0	0	0	0
5	0	0	770	652	814	553	0	0	0	0
6	0	0	770	652	817	533	0	0	0	0
7	0	0	769	651	817	535	0	0	0	0
8	0	0	769	650	818	558	0	0	0	0
9	0	0	769	649	820	557	0	0	0	0
10	0	0	769	649	823	554	0	0	0	0
11	0	0	770	646	828	557	0	0	0	0
12	0	0	771	643	831	582	0	0	0	0
13	0	0	771	640	831	598	0	0	0	0
14	0	0	774	638	833	599	0	0	0	0
15	0	0	774	635	833	607	0	0	0	0
16	0	0	773	634	836	610	0	0	0	0
17	0	0	772	632	837	616	0	0	0	0
18	0	0	768	629	836	639	0	0	0	0
19	0	0	767	628	838	637	0	0	0	0
20	0	0	763	627	837	658	0	0	0	0
21	0	0	761	627	837	668	0	0	0	0
22	0	0	760	627	837	666	0	0	0	0
23	0	0	759	627	838	668	0	0	0	0
24	0	0	759	626	839	662	0	0	0	0
25	0	0	757	626	839	673	0	0	0	0
26	0	0	758	624	843	683	0	0	0	0
27	0	0	757	623	844	678	0	0	0	0
28	0	0	757	621	845	681	0	0	0	0
29	0	0	757	618	848	697	0	0	0	0
30	0	0	755	618	848	696	0	0	0	0
31	0	0	757	616	851	692	0	0	0	0
32	0	0	756	614	854	694	0	0	0	0
33	0	0	757	612	856	698	0	0	0	0
34	0	0	757	609	858	699	0	0	0	0
35	0	0	756	607	860	714	0	0	0	0
36	0	0	756	606	863	720	0	0	0	0
37	0	0	755	604	864	726	0	0	0	0
38	0	0	755	602	866	743	0	0	0	0
39	0	0	755	601	867	758	0	0	0	0
40	0	0	753	599	869	769	0	0	0	0
41	0	0	754	597	871	768	0	0	0	0
42	0	0	753	595	872	765	0	0	0	0
43	0	0	754	594	874	765	0	0	0	0
44	0	0	754	593	875	764	0	0	0	0
45	0	0	753	591	877	766	0	0	0	0
46	0	0	753	589	878	770	0	0	0	0
47	0	0	752	589	879	770	0	0	0	0
48	0	0	752	590	880	769	0	0	0	0
49	0	0	752	588	882	769	0	0	0	0
50	0	0	750	586	883	776	0	0	0	0
51	0	0	750	585	883	782	0	0	0	0
52	0	0	750	584	885	790	0	0	0	0
53	0	0	748	584	885	802	0	0	0	0
54	0	0	749	585	885	807	0	0	0	0
55	0	0	749	583	886	816	0	0	0	0
56	0	0	750	583	887	816	0	0	0	0
57	0	0	750	582	888	825	0	0	0	0
58	0	0	750	582	888	840	0	0	0	0
59	0	0	750	581	889	849	0	0	0	0
60	0	0	750	583	888	869	0	0	0	0
61	0	0	750	581	887	869	0	0	0	0
62	0	0	751	581	887	873	0	0	0	0
63	0	0	750	582	887	872	0	0	0	0
64	0	0	750	583	886	870	0	0	0	0
65	0	0	750	583	886	870	0	0	0	0
66	0	0	751	585	885	872	0	0	0	0
67	0	0	750	584	884	874	0	0	0	0
68	0	0	752	585	882	882	0	0	0	0
69	0	0	751	585	881	879	0	0	0	0
70	0	0	751	584	882	880	0	0	0	0
71	0	0	750	585	880	893	0	0	0	0
72	0	0	750	585	881	882	0	0	0	0
73	0	0	750	585	879	885	0	0	0	0
74	0	0	750	585	878	884	0	0	0	0
75	0	0	751	585	878	888	0	0	0	0
76	0	0	749	583	877	887	0	0	0	0
77	0	0	749	583	877	893	0	0	0	0
78	0	0	747	581	875	896	0	0	0	0
79	0	0	745	582	876	900	0	0	0	0
80	0	0	745	581	875	908	0	0	0	0
81	0	0	744	580	873	910	0	0	0	0
82	0	0	744	580	871	910	0	0	0	0
83	0	0	744	578	869	902	0	0	0	0
84	0	0	744	577	868	906	0	0	0	0
85	0	0	746	577	866	911	0	0	0	0
86	0	0	746	576	865	916	0	0	0	0
87	0	0	747	575	864	941	0	0	0	0
88	0	0	747	573	863	945	0	0	0	0
89	0	0	747	572	863	944	0	0	0	0
90	0	0	746	573	860	954	0	0	0	0
91	0	0	748	571	858	962	0	0	0	0
92	0	0	746	571	855	969	0	0	0	0
93	0	0	747	571	853	975	0	0	0	0
94	0	0	747	570	851	969	0	0	0	0
95	0	0	747	568	850	975	0	0	0	0
96	0	0	747	568	848	981	0	0	0	0
97	0	0	746	567	847	990	0	0	0	0
98	0	0	746	567	845	987	0	0	0	0
99	0	0	746	568	844	987	0	0	0	0
100	0	0	744	567	843	989	0	0	0	0
101	0	0	743	567	842	986	0	0	0	0
102	0	0	742	567	841	986	0	0	0	0
103	0	0	741	565	840	989	0	0	0	0
104	0	0	741	564	839	983	0	0	0	0
105	0	0	741	562	839	989	0	0	0	0
106	0	0	739	559	838	993	0	0	0	0
107	0	0	740	557	837	1001	0	0	0	0
108	0	0	740	554	835	1005	0	0	0	0
109	0	0	740	553	835	1010	0	0	0	0
110	0	0	742	551	833	1004	0	0	0	0
111	0	0	742	548	834	1002	0	0	0	0
112	0	0	740	545	834	1008	0	0	0	0
113	0	0	741	543	834	1006	0	0	0	0
114	0	0	741	541	832	1013	0	0	0	0
115	0	0	741	540	830	1007	0	0	0	0
116	0	0	741	538	830	1004	0	0	0	0
117	0	0	742	536	829	1004	0	0	0	0
118	0	0	743	534	828	1006	0	0	0	0
119	0	0	743	532	827	1010	0	0	0	0
120	0	0	743	531	827	1012	0	0	0	0
121	0	0	744	529	827	1016	0	0	0	0
122	0	0	744	526	825	1020	0	0	0	0
123	0	0	744	525	825	1023	0	0	0	0
124	0	0	744	523	823	1022	0	0	0	0
125	0	0	743	522	823	1027	0	0	0	0
126	0	0	743	522	822	1033	0	0	0	0
127	0	0	745	521	821	1040	0	0	0	0
0	0	0	745	519	821	1047	0	0	0	0
1	0	0	745	517	821	1049	0	0	0	0
2	0	0	745	516	821	1056	0	0	0	0
3	0	0	745	514	821	1055	0	0	0	0
4	0	0	744	513	822	1061	0	0	0	0
5	0	0	744	510	821	1070	0	0	0	0
6	0	0	744	509	822	1081	0	0	0	0
7	0	0	744	509	822	1090	0	0	0	0
8	0	0	743	507	823	1097	0	0	0	0
9	0	0	742	507	825	1102	0	0	0	0
10	0	0	741	506	826	1104	0	0	0	0
11	0	0	739	505	827	1110	0	0	0	0
12	0	0	738	505	829	1117	0	0	0	0
13	0	0	735	504	831	1118	0	0	0	0
14	0	0	734	504	833	1118	0	0	0	0
15	0	0	733	503	835	1112	0	0	0	0
16	0	0	733	503	837	1109	0	0	0	0
17	0	0	733	504	841	1108	0	0	0	0
18	0	0	733	502	842	1100	0	0	0	0
19	0	0	734	503	845	1099	0	0	0	0
20	0	0	735	503	847	1105	0	0	0	0
21	0	0	737	501	848	1116	0	0	0	0
22	0	0	738	503	850	1112	0	0	0	0
23	0	0	739	502	852	1117	0	0	0	0
24	0	0	740	502	854	1125	0	0	0	0
25	0	0	743	503	857	1134	0	0	0	0
26	0	0	744	501	858	1142	0	0	0	0
27	0	0	745	501	860	1158	0	0	0	0
28	0	0	747	501	861	1176	0	0	0	0
29	0	0	748	500	864	1182	0	0	0	0
30	0	0	749	500	864	1180	0	0	0	0
31	0	0	750	499	865	1186	0	0	0	0
32	0	0	749	500	867	1195	0	0	0	0
33	0	0	751	499	868	1202	0	0	0	0
34	0	0	751	499	868	1220	0	0	0	0
35	0	0	751	499	868	1229	0	0	0	0
36	0	0	751	500	868	1238	0	0	0	0
37	0	0	752	500	869	1242	0	0	0	0
38	0	0	752	499	869	1244	0	0	0	0
39	0	0	752	499	869	1247	0	0	0	0
40	0	0	752	499	870	1245	0	0	0	0
41	0	0	751	499	871	1250	0	0	0	0
42	0	0	753	498	872	1252	0	0	0	0
43	0	0	752	498	872	1259	0	0	0	0
44	0	0	751	498	871	1265	0	0	0	0
45	0	0	751	497	871	1268	0	0	0	0
46	0	0	750	498	872	1276	0	0	0	0
47	0	0	750	497	873	1292	0	0	0	0
48	0	0	749	498	873	1293	0	0	0	0
49	0	0	746	498	871	1292	0	0	0	0
50	0	0	747	498	872	1303	0	0	0	0
51	0	0	745	497	873	1324	0	0	0	0
52	0	0	742	497	874	1325	0	0	0	0
53	0	0	742	496	876	1330	0	0	0	0
54	0	0	740	496	877	1341	0	0	0	0
55	0	0	739	495	877	1355	0	0	0	0
56	0	0	738	495	878	1362	0	0	0	0
57	0	0	738	495	879	1368	0	0	0	0
58	0	0	736	495	879	1371	0	0	0	0
59	0	0	737	495	882	1367	0	0	0	0
60	0	0	737	494	881	1365	0	0	0	0
61	0	0	737	494	882	1366	0	0	0	0
62	0	0	737	492	883	1368	0	0	0	0
63	0	0	736	492	885	1361	0	0	0	0
64	0	0	737	491	886	1366	0	0	0	0
65	0	0	739	491	887	1380	0	0	0	0
66	0	0	740	492	887	1388	0	0	0	0
67	0	0	739	491	887	1402	0	0	0	0
68	0	0	739	490	888	1404	0	0	0	0
69	0	0	741	491	889	1405	0	0	0	0
70	0	0	740	490	890	1424	0	0	0	0
71	0	0	740	491	890	1431	0	0	0	0
72	0	0	740	491	891	1437	0	0	0	0
73	0	0	740	492	892	1444	0	0	0	0
74	0	0	739	491	893	1449	0	0	0	0
75	0	0	738	492	894	1463	0	0	0	0
76	0	0	737	492	893	1477	0	0	0	0
77	0	0	738	493	896	1495	0	0	0	0
78	0	0	738	492	896	1507	0	0	0	0
79	0	0	739	491	898	1517	0	0	0	0
80	0	0	738	491	898	1530	0	0	0	0
81	0	0	738	492	898	1540	0	0	0	0
82	0	0	738	492	899	1544	0	0	0	0
83	0	0	739	491	900	1548	0	0	0	0
84	0	0	738	490	902	1552	0	0	0	0
85	0	0	738	490	901	1564	0	0	0	0
86	0	0	739	491	902	1564	0	0	0	0
87	0	0	739	489	902	1571	0	0	0	0
88	0	0	741	488	903	1573	0	0	0	0
89	0	0	742	487	903	1578	0	0	0	0
90	0	0	742	487	903	1583	0	0	0	0
91	0	0	741	487	904	1584	0	0	0	0
92	0	0	741	487	904	1586	0	0	0	0
93	0	0	741	487	905	1595	0	0	0	0
94	0	0	741	487	906	1604	0	0	0	0
95	0	0	741	486	907	1611	0	0	0	0
96	0	0	742	485	906	1615	0	0	0	0
97	0	0	743	485	907	1616	0	0	0	0
98	0	0	744	484	908	1629	0	0	0	0
99	0	0	742	484	907	1655	0	0	0	0
100	0	0	741	484	908	1653	0	0	0	0
101	0	0	742	483	908	1652	0	0	0	0
102	0	0	743	482	908	1659	0	0	0	0
103	0	0	742	481	908	1661	0	0	0	0
104	0	0	743	481	909	1667	0	0	0	0
105	0	0	743	480	908	1670	0	0	0	0
106	0	0	745	480	908	1672	0	0	0	0
107	0	0	747	480	907	1679	0	0	0	0
108	0	0	747	480	907	1683	0	0	0	0
109	0	0	747	479	907	1692	0	0	0	0
110	0	0	748	480	906	1688	0	0	0	0
111	0	0	750	481	905	1700	0	0	0	0
112	0	0	751	480	906	1711	0	0	0	0
113	0	0	750	481	905	1714	0	0	0	0
114	0	0	751	480	904	1711	0	0	0	0
115	0	0	751	481	904	1705	0	0	0	0
116	0	0	751	482	904	1704	0	0	0	0
117	0	0	752	482	903	1717	0	0	0	0
118	0	0	753	482	902	1745	0	0	0	0
119	0	0	751	481	900	1753	0	0	0	0
120	0	0	753	482	899	1767	0	0	0	0
121	0	0	752	481	899	1778	0	0	0	0
122	0	0	751	482	896	1786	0	0	0	0
123	0	0	751	483	895	1789	0	0	0	0
124	0	0	753	483	893	1800	0	0	0	0
125	0	0	752	482	892	1809	0	0	0	0
126	0	0	753	482	891	1822	0	0	0	0
127	0	0	753	482	890	1842	0	0	0	0
0	0	0	753	481	888	1861	0	0	0	0
1	0	0	753	481	886	1873	0	0	0	0
2	0	0	753	482	885	1894	0	0	0	0
3	0	0	755	483	884	1906	0	0	0	0
4	0	0	754	480	883	1922	0	0	0	0
5	0	0	756	482	883	1930	0	0	0	0
6	0	0	756	483	881	1938	0	0	0	0
7	0	0	758	483	881	1941	0	0	0	0
8	0	0	760	484	880	1967	0	0	0	0
9	0	0	759	483	879	1982	0	0	0	0
10	0	0	762	483	879	1987	0	0	0	0
11	0	0	764	484	877	2006	0	0	0	0
12	0	0	764	485	878	2022	0	0	0	0
13	0	0	764	488	878	2024	0	0	0	0
14	0	0	763	485	877	2036	0	0	0	0
15	0	0	765	487	877	2043	0	0	0	0
16	0	0	766	487	877	2068	0	0	0	0
17	0	0	767	488	876	2091	0	0	0	0
18	0	0	769	488	875	2110	0	0	0	0
19	0	0	771	490	875	2117	0	0	0	0
20	0	0	772	492	876	2133	0	0	0	0
21	0	0	774	494	874	2146	0	0	0	0
22	0	0	774	495	874	2153	0	0	0	0
23	0	0	774	496	874	2184	0	0	0	0
24	0	0	777	496	873	2193	0	0	0	0
25	0	0	779	496	873	2225	0	0	0	0
26	0	0	780	497	872	2248	0	0	0	0
27	0	0	783	498	872	2258	0	0	0	0
28	0	0	783	499	871	2265	0	0	0	0
29	0	0	783	499	871	2274	0	0	0	0
30	0	0	784	501	871	2295	0	0	0	0
31	0	0	787	502	871	2317	0	0	0	0
32	0	0	788	504	870	2330	0	0	0	0
33	0	0	789	505	872	2331	0	0	0	0
34	0	0	790	507	872	2340	0	0	0	0
35	0	0	790	507	870	2354	0	0	0	0
36	0	0	792	508	871	2363	0	0	0	0
37	0	0	792	510	872	2380	0	0	0	0
38	0	0	792	512	872	2390	0	0	0	0
39	0	0	794	514	873	2415	0	0	0	0
40	0	0	794	516	872	2423	0	0	0	0
41	0	0	796	517	872	2428	0	0	0	0
42	0	0	792	518	872	2453	0	0	0	0
43	0	0	794	519	872	2461	0	0	0	0
44	0	0	794	521	875	2484	0	0	0	0
45	0	0	793	521	875	2496	0	0	0	0
46	0	0	793	521	875	2502	0	0	0	0
47	0	0	793	523	877	2507	0	0	0	0
48	0	0	791	523	877	2511	0	0	0	0
49	0	0	790	523	877	2517	0	0	0	0
50	0	0	787	524	877	2545	0	0	0	0
51	0	0	786	525	878	2567	0	0	0	0
52	0	0	784	526	878	2576	0	0	0	0
53	0	0	781	526	879	2575	0	0	0	0
54	0	0	777	528	879	2587	0	0	0	0
55	0	0	774	529	880	2619	0	0	0	0
56	0	0	772	530	880	2631	0	0	0	0
57	0	0	767	532	880	2629	0	0	0	0
58	0	0	765	532	881	2641	0	0	0	0
59	0	0	762	535	881	2656	0	0	0	0
60	0	0	758	535	881	2677	0	0	0	0
61	0	0	755	536	880	2690	0	0	0	0
62	0	0	754	538	881	2701	0	0	0	0
63	0	0	751	538	881	2708	0	0	0	0
64	0	0	748	539	882	2715	0	0	0	0
65	0	0	745	541	882	2717	0	0	0	0
66	0	0	741	544	881	2721	0	0	0	0
67	0	0	740	546	880	2725	0	0	0	0
68	0	0	738	549	879	2723	0	0	0	0
69	0	0	736	551	879	2729	0	0	0	0
70	0	0	734	553	879	2735	0	0	0	0
71	0	0	732	556	878	2739	0	0	0	0
72	0	0	728	556	877	2747	0	0	0	0
73	0	0	727	559	877	2758	0	0	0	0
74	0	0	726	561	876	2762	0	0	0	0
75	0	0	723	563	876	2761	0	0	0	0
76	0	0	721	566	874	2766	0	0	0	0
77	0	0	721	569	872	2771	0	0	0	0
78	0	0	720	571	872	2776	0	0	0	0
79	0	0	719	574	871	2779	0	0	0	0
80	0	0	717	576	870	2780	0	0	0	0
81	0	0	716	579	867	2786	0	0	0	0
82	0	0	715	582	866	2784	0	0	0	0
83	0	0	714	584	867	2784	0	0	0	0
84	0	0	714	586	866	2784	0	0	0	0
85	0	0	714	588	864	2778	0	0	0	0
86	0	0	713	591	862	2773	0	0	0	0
87	0	0	714	594	862	2771	0	0	0	0
88	0	0	714	597	862	2770	0	0	0	0
89	0	0	714	599	861	2766	0	0	0	0
90	0	0	712	601	860	2762	0	0	0	0
91	0	0	711	604	859	2762	0	0	0	0
92	0	0	710	606	858	2759	0	0	0	0
93	0	0	710	609	857	2760	0	0	0	0
94	0	0	708	612	856	2755	0	0	0	0
95	0	0	711	616	854	2755	0	0	0	0
96	0	0	712	619	851	2751	0	0	0	0
97	0	0	713	622	849	2744	0	0	0	0
98	0	0	712	626	847	2740	0	0	0	0
99	0	0	713	630	846	2731	0	0	0	0
100	0	0	712	634	844	2718	0	0	0	0
101	0	0	714	638	842	2715	0	0	0	0
102	0	0	715	640	839	2706	0	0	0	0
103	0	0	718	644	836	2699	0	0	0	0
104	0	0	719	647	835	2693	0	0	0	0
105	0	0	722	650	832	2686	0	0	0	0
106	0	0	724	653	830	2664	0	0	0	0
107	0	0	726	655	827	2652	0	0	0	0
108	0	0	727	659	826	2622	0	0	0	0
109	0	0	729	662	823	2591	0	0	0	0
110	0	0	731	665	821	2560	0	0	0	0
111	0	0	733	668	817	2514	0	0	0	0
112	0	0	736	670	815	2477	0	0	0	0
113	0	0	739	673	812	2423	0	0	0	0
114	0	0	743	676	811	2367	0	0	0	0
115	0	0	746	679	808	2282	0	0	0	0
116	0	0	747	680	804	2216	0	0	0	0
117	0	0	750	683	802	2137	0	0	0	0
118	0	0	752	685	800	2065	0	0	0	0
119	0	0	756	688	798	2018	0	0	0	0
120	0	0	757	691	796	1937	0	0	0	0
121	0	0	758	693	794	1863	0	0	0	0
122	0	0	759	696	791	1766	0	0	0	0
123	0	0	760	699	790	1701	0	0	0	0
124	0	0	761	702	789	1578	0	0	0	0
125	0	0	761	706	787	1490	0	0	0	0
126	0	0	761	707	786	1383	0	0	0	0
127	0	0	760	710	786	1235	0	0	0	0
0	0	0	762	713	786	1133	0	0	0	0
1	0	0	762	714	786	1000	0	0	0	0
2	0	0	760	717	786	951	0	0	0	0
3	0	0	761	720	787	891	0	0	0	0
4	0	0	759	723	787	844	0	0	0	0
5	0	0	758	727	787	713	0	0	0	0
6	0	0	758	730	789	676	0	0	0	0
7	0	0	756	733	791	605	0	0	0	0
8	0	0	756	737	793	568	0	0	0	0
9	0	0	753	741	795	534	0	0	0	0
10	0	0	751	741	796	534	0	0	0	0
11	0	0	750	745	798	524	0	0	0	0
12	0	0	749	749	800	528	0	0	0	0
13	0	0	748	753	804	496	0	0	0	0
14	0	0	746	756	806	489	0	0	0	0
15	0	0	744	760	809	466	0	0	0	0
16	0	0	744	764	811	475	0	0	0	0
17	0	0	743	768	813	479	0	0	0	0
18	0	0	743	772	815	457	0	0	0	0
19	0	0	742	777	817	427	0	0	0	0
20	0	0	745	782	819	402	0	0	0	0
21	0	0	747	786	820	349	0	0	0	0
22	0	0	747	791	821	380	0	0	0	0
23	0	0	747	796	821	371	0	0	0	0
24	0	0	749	800	824	332	0	0	0	0
25	0	0	751	804	827	238	0	0	0	0
26	0	0	752	810	827	239	0	0	0	0
27	0	0	751	815	828	171	0	0	0	0
28	0	0	753	820	830	146	0	0	0	0
29	0	0	754	824	831	127	0	0	0	0
30	0	0	756	829	832	121	0	0	0	0
31	0	0	756	835	832	121	0	0	0	0
32	0	0	759	841	833	121	0	0	0	0
33	0	0	760	845	834	121	0	0	0	0
34	0	0	761	851	834	121	0	0	0	0
35	0	0	762	856	833	114	0	0	0	0
36	0	0	765	860	834	114	0	0	0	0
37	0	0	768	865	834	123	0	0	0	0
38	0	0	772	868	834	126	0	0	0	0
39	0	0	774	871	836	130	0	0	0	0
40	0	0	776	874	839	137	0	0	0	0
41	0	0	778	877	839	131	0	0	0	0
42	0	0	779	882	839	127	0	0	0	0
43	0	0	782	888	839	123	0	0	0	0
44	0	0	782	890	839	118	0	0	0	0
45	0	0	783	894	839	124	0	0	0	0
46	0	0	784	895	841	110	0	0	0	0
47	0	0	784	899	841	100	0	0	0	0
48	0	0	782	902	841	100	0	0	0	0
49	0	0	782	903	840	98	0	0	0	0
50	0	0	783	905	840	101	0	0	0	0
51	0	0	785	907	839	98	0	0	0	0
52	0	0	784	908	836	100	0	0	0	0
53	0	0	782	906	835	104	0	0	0	0
54	0	0	783	907	833	108	0	0	0	0
55	0	0	784	907	831	101	0	0	0	0
56	0	0	783	908	830	102	0	0	0	0
57	0	0	781	908	828	99	0	0	0	0
58	0	0	780	907	826	93	0	0	0	0
59	0	0	777	911	827	81	0	0	0	0
60	0	0	775	912	825	74	0	0	0	0
61	0	0	773	909	825	55	0	0	0	0
62	0	0	771	913	824	42	0	0	0	0
63	0	0	770	915	823	29	0	0	0	0
64	0	0	766	916	820	14	0	0	0	0
65	0	0	765	916	819	10	0	0	0	0
66	0	0	761	916	818	8	0	0	0	0
67	0	0	756	914	816	7	0	0	0	0
68	0	0	755	914	815	12	0	0	0	0
69	0	0	754	913	813	17	0	0	0	0
70	0	0	753	913	812	23	0	0	0	0
71	0	0	751	911	812	29	0	0	0	0
72	0	0	751	910	810	30	0	0	0	0
73	0	0	751	907	809	32	0	0	0	0
74	0	0	750	906	808	43	0	0	0	0
75	0	0	754	901	806	47	0	0	0	0
76	0	0	752	898	804	53	0	0	0	0
77	0	0	751	898	804	53	0	0	0	0
78	0	0	752	895	803	46	0	0	0	0
79	0	0	752	894	802	40	0	0	0	0
80	0	0	752	893	798	38	0	0	0	0
81	0	0	751	888	799	35	0	0	0	0
82	0	0	753	882	798	32	0	0	0	0
83	0	0	750	881	797	27	0	0	0	0
84	0	0	756	877	795	26	0	0	0	0
85	0	0	756	875	794	27	0	0	0	0
86	0	0	757	873	793	28	0	0	0	0
87	0	0	758	868	793	27	0	0	0	0
88	0	0	757	866	792	48	0	0	0	0
89	0	0	757	863	791	56	0	0	0	0
90	0	0	758	864	789	56	0	0	0	0
91	0	0	759	865	789	57	0	0	0	0
92	0	0	759	865	789	57	0	0	0	0
93	0	0	763	864	789	62	0	0	0	0
94	0	0	763	862	789	43	0	0	0	0
95	0	0	766	859	789	37	0	0	0	0
96	0	0	767	856	789	51	0	0	0	0
97	0	0	768	855	791	59	0	0	0	0
98	0	0	769	851	790	50	0	0	0	0
99	0	0	771	847	791	49	0	0	0	0
100	0	0	774	845	791	47	0	0	0	0
101	0	0	775	843	792	49	0	0	0	0
102	0	0	773	841	790	46	0	0	0	0
103	0	0	772	840	791	39	0	0	0	0
104	0	0	771	839	791	42	0	0	0	0
105	0	0	773	840	791	44	0	0	0	0
106	0	0	775	839	789	46	0	0	0	0
107	0	0	774	839	788	45	0	0	0	0
108	0	0	776	837	787	48	0	0	0	0
109	0	0	778	834	786	51	0	0	0	0
110	0	0	781	833	785	50	0	0	0	0
111	0	0	782	830	785	54	0	0	0	0
112	0	0	784	827	784	55	0	0	0	0
113	0	0	786	826	783	56	0	0	0	0
114	0	0	787	823	782	55	0	0	0	0
115	0	0	787	820	781	52	0	0	0	0
116	0	0	791	819	780	54	0	0	0	0
117	0	0	790	817	779	46	0	0	0	0
118	0	0	792	815	777	31	0	0	0	0
119	0	0	795	812	776	22	0	0	0	0
120	0	0	795	810	775	19	0	0	0	0
121	0	0	797	808	775	19	0	0	0	0
122	0	0	797	805	771	22	0	0	0	0
123	0	0	798	802	769	19	0	0	0	0
124	0	0	799	799	768	36	0	0	0	0
125	0	0	801	796	766	41	0	0	0	0
126	0	0	803	793	765	41	0	0	0	0
127	0	0	803	790	763	41	0	0	0	0
0	0	0	803	785	761	45	0	0	0	0
1	0	0	803	782	760	49	0	0	0	0
2	0	0	808	777	758	51	0	0	0	0
3	0	0	809	776	758	49	0	0	0	0
4	0	0	810	774	755	48	0	0	0	0
5	0	0	811	773	754	46	0	0	0	0
6	0	0	811	771	752	50	0	0	0	0
7	0	0	813	769	752	38	0	0	0	0
8	0	0	815	766	750	57	0	0	0	0
9	0	0	815	764	749	45	0	0	0	0
10	0	0	815	762	749	45	0	0	0	0
11	0	0	815	760	749	45	0	0	0	0
12	0	0	816	759	748	43	0	0	0	0
13	0	0	816	757	749	38	0	0	0	0
14	0	0	817	755	748	40	0	0	0	0
15	0	0	815	754	748	35	0	0	0	0
16	0	0	814	752	748	37	0	0	0	0
17	0	0	812	753	749	18	0	0	0	0
18	0	0	812	752	748	10	0	0	0	0
19	0	0	810	751	749	7	0	0	0	0
20	0	0	809	751	749	23	0	0	0	0
21	0	0	808	749	749	25	0	0	0	0
22	0	0	808	748	750	21	0	0	0	0
23	0	0	806	748	750	32	0	0	0	0
24	0	0	805	747	750	33	0	0	0	0
25	0	0	805	745	750	33	0	0	0	0
26	0	0	803	745	751	36	0	0	0	0
27	0	0	801	743	751	37	0	0	0	0
28	0	0	800	742	752	42	0	0	0	0
29	0	0	798	741	753	38	0	0	0	0
30	0	0	798	740	753	31	0	0	0	0
31	0	0	796	739	754	29	0	0	0	0
32	0	0	795	739	753	29	0	0	0	0
33	0	0	795	737	754	26	0	0	0	0
34	0	0	793	738	755	19	0	0	0	0
35	0	0	792	737	755	21	0	0	0	0
36	0	0	792	737	756	18	0	0	0	0
37	0	0	793	738	758	17	0	0	0	0
38	0	0	793	739	757	32	0	0	0	0
39	0	0	792	738	759	32	0	0	0	0
40	0	0	791	738	759	24	0	0	0	0
41	0	0	791	739	760	22	0	0	0	0
42	0	0	792	739	760	33	0	0	0	0
43	0	0	792	741	761	33	0	0	0	0
44	0	0	791	742	760	35	0	0	0	0
45	0	0	792	741	762	40	0	0	0	0
46	0	0	791	742	761	35	0	0	0	0
47	0	0	792	742	763	30	0	0	0	0
48	0	0	793	743	762	38	0	0	0	0
49	0	0	791	744	763	40	0	0	0	0
50	0	0	792	746	764	33	0	0	0	0
51	0	0	790	747	763	27	0	0	0	0
52	0	0	790	749	763	26	0	0	0	0
53	0	0	791	749	764	27	0	0	0	0
54	0	0	791	751	764	28	0	0	0	0
55	0	0	790	752	765	22	0	0	0	0
56	0	0	790	751	765	25	0	0	0	0
57	0	0	789	753	765	28	0	0	0	0
58	0	0	789	754	765	30	0	0	0	0
59	0	0	788	754	765	21	0	0	0	0
60	0	0	788	756	765	31	0	0	0	0
61	0	0	788	756	765	39	0	0	0	0
62	0	0	789	757	764	36	0	0	0	0
63	0	0	790	757	765	41	0	0	0	0
64	0	0	790	758	765	44	0	0	0	0
65	0	0	791	759	764	48	0	0	0	0
66	0	0	790	758	764	46	0	0	0	0
67	0	0	790	759	763	43	0	0	0	0
68	0	0	791	760	764	50	0	0	0	0
69	0	0	792	761	762	39	0	0	0	0
70	0	0	791	759	763	37	0	0	0	0
71	0	0	792	762	762	28	0	0	0	0
72	0	0	793	763	762	23	0	0	0	0
73	0	0	793	762	761	24	0	0	0	0
74	0	0	795	763	762	20	0	0	0	0
75	0	0	795	763	761	15	0	0	0	0
76	0	0	796	764	761	16	0	0	0	0
77	0	0	795	765	760	28	0	0	0	0
78	0	0	795	766	760	30	0	0	0	0
79	0	0	797	765	760	21	0	0	0	0
80	0	0	798	765	760	35	0	0	0	0
81	0	0	799	766	760	40	0	0	0	0
82	0	0	800	765	760	44	0	0	0	0
83	0	0	801	765	759	48	0	0	0	0
84	0	0	800	766	759	50	0	0	0	0
85	0	0	801	765	759	55	0	0	0	0
86	0	0	803	766	759	52	0	0	0	0
87	0	0	802	766	759	56	0	0	0	0
88	0	0	803	767	759	61	0	0	0	0
89	0	0	803	767	759	64	0	0	0	0
90	0	0	803	766	759	40	0	0	0	0
91	0	0	804	767	760	53	0	0	0	0
92	0	0	805	766	760	40	0	0	0	0
93	0	0	804	767	760	39	0	0	0	0
94	0	0	806	767	760	60	0	0	0	0
95	0	0	806	767	760	59	0	0	0	0
96	0	0	806	768	760	44	0	0	0	0
97	0	0	806	769	760	75	0	0	0	0
98	0	0	807	768	760	73	0	0	0	0
99	0	0	807	770	761	60	0	0	0	0
100	0	0	808	769	761	50	0	0	0	0
101	0	0	808	770	761	65	0	0	0	0
102	0	0	808	770	762	64	0	0	0	0
103	0	0	810	771	762	82	0	0	0	0
104	0	0	809	770	762	93	0	0	0	0
105	0	0	811	770	761	94	0	0	0	0
106	0	0	811	772	762	94	0	0	0	0
107	0	0	811	773	761	89	0	0	0	0
108	0	0	811	772	760	88	0	0	0	0
109	0	0	810	772	762	86	0	0	0	0
110	0	0	811	773	761	78	0	0	0	0
111	0	0	810	773	761	68	0	0	0	0
112	0	0	811	773	760	56	0	0	0	0
113	0	0	812	774	760	64	0	0	0	0
114	0	0	811	773	761	56	0	0	0	0
115	0	0	810	775	760	78	0	0	0	0
116	0	0	812	775	760	80	0	0	0	0
117	0	0	811	776	760	80	0	0	0	0
118	0	0	811	778	761	76	0	0	0	0
119	0	0	812	776	761	79	0	0	0	0
120	0	0	811	775	761	86	0	0	0	0
121	0	0	810	776	761	96	0	0	0	0
122	0	0	810	777	762	95	0	0	0	0
123	0	0	811	777	761	91	0	0	0	0
124	0	0	810	777	762	89	0	0	0	0
125	0	0	810	777	762	94	0	0	0	0
126	0	0	811	777	763	94	0	0	0	0
127	0	0	811	776	763	96	0	0	0	0
0	0	0	810	776	764	95	0	0	0	0
1	0	0	811	776	764	93	0	0	0	0
2	0	0	811	775	764	82	0	0	0	0
3	0	0	811	776	765	75	0	0	0	0
4	0	0	811	775	765	64	0	0	0	0
5	0	0	811	775	767	59	0	0	0	0
6	0	0	809	775	767	52	0	0	0	0
7	0	0	809	775	767	61	0	0	0	0
8	0	0	809	775	768	64	0	0	0	0
9	0	0	809	775	768	64	0	0	0	0
10	0	0	808	775	769	76	0	0	0	0
11	0	0	807	775	769	77	0	0	0	0
12	0	0	807	775	769	90	0	0	0	0
13	0	0	808	775	769	97	0	0	0	0
14	0	0	807	775	770	99	0	0	0	0
15	0	0	807	775	770	99	0	0	0	0
16	0	0	806	775	771	100	0	0	0	0
17	0	0	806	775	771	111	0	0	0	0
18	0	0	805	774	772	103	0	0	0	0
19	0	0	805	774	772	109	0	0	0	0
20	0	0	806	774	772	113	0	0	0	0
21	0	0	805	775	773	99	0	0	0	0
22	0	0	805	775	773	103	0	0	0	0
23	0	0	805	776	773	88	0	0	0	0
24	0	0	805	777	774	92	0	0	0	0
25	0	0	803	777	775	89	0	0	0	0
26	0	0	803	778	775	85	0	0	0	0
27	0	0	802	781	775	80	0	0	0	0
28	0	0	801	782	775	85	0	0	0	0
29	0	0	799	783	776	86	0	0	0	0
30	0	0	798	785	775	85	0	0	0	0
31	0	0	798	785	776	86	0	0	0	0
32	0	0	797	786	776	79	0	0	0	0
33	0	0	796	785	776	85	0	0	0	0
34	0	0	794	786	777	86	0	0	0	0
35	0	0	794	785	778	85	0	0	0	0
36	0	0	794	786	778	96	0	0	0	0
37	0	0	793	785	777	80	0	0	0	0
38	0	0	793	786	778	78	0	0	0	0
39	0	0	794	784	778	75	0	0	0	0
40	0	0	794	783	778	80	0	0	0	0
41	0	0	792	783	779	78	0	0	0	0
42	0	0	793	783	780	73	0	0	0	0
43	0	0	792	783	780	70	0	0	0	0
44	0	0	791	783	780	68	0	0	0	0
45	0	0	793	783	781	60	0	0	0	0
46	0	0	791	784	780	55	0	0	0	0
47	0	0	790	784	780	47	0	0	0	0
48	0	0	790	783	781	44	0	0	0	0
49	0	0	789	783	782	50	0	0	0	0
50	0	0	788	784	783	50	0	0	0	0
51	0	0	786	784	783	50	0	0	0	0
52	0	0	786	784	783	50	0	0	0	0
53	0	0	785	784	784	58	0	0	0	0
54	0	0	783	785	784	52	0	0	0	0
55	0	0	784	785	785	48	0	0	0	0
56	0	0	784	786	785	29	0	0	0	0
57	0	0	783	787	785	24	0	0	0	0
58	0	0	783	788	785	13	0	0	0	0
59	0	0	783	788	787	7	0	0	0	0
60	0	0	783	790	787	11	0	0	0	0
61	0	0	783	789	787	16	0	0	0	0
62	0	0	783	790	787	15	0	0	0	0
63	0	0	782	791	787	18	0	0	0	0
64	0	0	782	791	787	12	0	0	0	0
65	0	0	780	793	789	4	0	0	0	0
66	0	0	778	793	789	2	0	0	0	0
67	0	0	778	793	791	15	0	0	0	0
68	0	0	778	794	793	0	0	0	0	0
69	0	0	779	794	793	0	0	0	0	0
70	0	0	782	796	793	284	0	0	0	0
71	0	0	787	797	794	625	0	0	0	0
72	0	0	792	799	794	520	0	0	0	0
73	0	0	797	800	793	655	0	0	0	0
74	0	0	799	799	792	681	0	0	0	0
75	0	0	796	800	792	814	0	0	0	0
76	0	0	791	797	790	912	0	0	0	0
77	0	0	785	795	788	984	0	0	0	0
78	0	0	782	793	787	1017	0	0	0	0
79	0	0	777	791	788	965	0	0	0	0
80	0	0	775	791	788	893	0	0	0	0
81	0	0	776	790	790	792	0	0	0	0
82	0	0	776	791	791	740	0	0	0	0
83	0	0	775	791	792	704	0	0	0	0
84	0	0	775	792	795	662	0	0	0	0
85	0	0	777	793	796	612	0	0	0	0
86	0	0	780	793	799	616	0	0	0	0
87	0	0	782	792	801	641	0	0	0	0
88	0	0	781	791	802	631	0	0	0	0
89	0	0	776	791	804	619	0	0	0	0
90	0	0	772	791	808	594	0	0	0	0
91	0	0	765	791	812	643	0	0	0	0
92	0	0	755	790	818	678	0	0	0	0
93	0	0	745	790	833	625	0	0	0	0
94	0	0	725	795	860	553	0	0	0	0
95	0	0	681	799	896	436	0	0	0	0
96	0	0	615	800	940	370	0	0	0	0
97	0	0	529	798	991	392	0	0	0	0
98	0	0	414	799	1041	294	0	0	0	0
99	0	0	296	797	1086	219	0	0	0	0
100	0	0	196	792	1121	243	0	0	0	0
101	0	0	132	772	1139	270	0	0	0	0
102	0	0	107	728	1137	222	0	0	0	0
103	0	0	176	674	1131	160	0	0	0	0
104	0	0	349	630	1130	226	0	0	0	0
105	0	0	561	597	1143	306	0	0	0	0
106	0	0	720	588	1163	381	0	0	0	0
107	0	0	773	596	1187	357	0	0	0	0
108	0	0	750	608	1216	354	0	0	0	0
109	0	0	702	618	1245	371	0	0	0	0
110	0	0	658	623	1266	383	0	0	0	0
111	0	0	628	625	1291	393	0	0	0	0
112	0	0	615	621	1316	462	0	0	0	0
113	0	0	606	613	1335	524	0	0	0	0
114	0	0	594	596	1327	558	0	0	0	0
115	0	0	585	576	1306	589	0	0	0	0
116	0	0	578	549	1273	736	0	0	0	0
117	0	0	569	523	1222	889	0	0	0	0
118	0	0	566	484	1162	1012	0	0	0	0
119	0	0	561	435	1093	1134	0	0	0	0
120	0	0	607	390	1018	1258	0	0	0	0
121	0	0	699	353	946	1414	0	0	0	0
122	0	0	792	339	872	1530	0	0	0	0
123	0	0	864	329	812	1573	0	0	0	0
124	0	0	908	295	755	1646	0	0	0	0
125	0	0	980	246	708	1681	0	0	0	0
126	0	0	1055	185	684	1708	0	0	0	0
127	0	0	1107	123	679	1762	0	0	0	0
0	0	0	1145	84	678	1824	0	0	0	0
1	0	0	1183	72	662	1914	0	0	0	0
2	0	0	1224	54	673	1956	0	0	0	0
3	0	0	1277	43	691	2054	0	0	0	0
4	0	0	1304	37	706	2068	0	0	0	0
5	0	0	1294	33	717	2103	0	0	0	0
6	0	0	1263	35	720	2126	0	0	0	0
7	0	0	1214	50	721	2138	0	0	0	0
8	0	0	1161	77	725	2145	0	0	0	0
9	0	0	1107	112	720	2157	0	0	0	0
10	0	0	1058	150	712	2188	0	0	0	0
11	0	0	1012	187	701	2176	0	0	0	0
12	0	0	966	218	692	2215	0	0	0	0
13	0	0	923	242	683	2248	0	0	0	0
14	0	0	887	263	678	2256	0	0	0	0
15	0	0	856	278	678	2268	0	0	0	0
16	0	0	831	289	681	2279	0	0	0	0
17	0	0	819	302	691	2297	0	0	0	0
18	0	0	809	310	707	2320	0	0	0	0
19	0	0	803	311	723	2351	0	0	0	0
20	0	0	799	301	738	2352	0	0	0	0
21	0	0	795	287	756	2343	0	0	0	0
22	0	0	790	268	777	2375	0	0	0	0
23	0	0	784	245	796	2409	0	0	0	0
24	0	0	772	221	817	2424	0	0	0	0
25	0	0	760	195	839	2434	0	0	0	0
26	0	0	751	171	858	2435	0	0	0	0
27	0	0	741	146	875	2443	0	0	0	0
28	0	0	730	123	892	2451	0	0	0	0
29	0	0	716	100	909	2456	0	0	0	0
30	0	0	702	77	924	2458	0	0	0	0
31	0	0	690	61	937	2461	0	0	0	0
32	0	0	677	49	943	2473	0	0	0	0
33	0	0	671	50	951	2477	0	0	0	0
34	0	0	669	45	953	2481	0	0	0	0
35	0	0	679	48	958	2480	0	0	0	0
36	0	0	695	58	960	2482	0	0	0	0
37	0	0	719	75	966	2481	0	0	0	0
38	0	0	746	97	969	2480	0	0	0	0
39	0	0	776	121	971	2480	0	0	0	0
40	0	0	806	148	973	2482	0	0	0	0
41	0	0	838	174	972	2484	0	0	0	0
42	0	0	864	201	970	2485	0	0	0	0
43	0	0	884	230	968	2483	0	0	0	0
44	0	0	904	259	965	2480	0	0	0	0
45	0	0	916	288	961	2479	0	0	0	0
46	0	0	919	316	957	2481	0	0	0	0
47	0	0	919	339	953	2481	0	0	0	0
48	0	0	912	362	950	2482	0	0	0	0
49	0	0	902	379	944	2482	0	0	0	0
50	0	0	890	396	940	2484	0	0	0	0
51	0	0	878	411	934	2486	0	0	0	0
52	0	0	866	428	923	2491	0	0	0	0
53	0	0	855	442	914	2492	0	0	0	0
54	0	0	844	457	901	2491	0	0	0	0
55	0	0	835	470	889	2486	0	0	0	0
56	0	0	829	481	876	2483	0	0	0	0
57	0	0	822	492	863	2483	0	0	0	0
58	0	0	817	499	851	2482	0	0	0	0
59	0	0	813	507	840	2480	0	0	0	0
60	0	0	809	516	827	2480	0	0	0	0
61	0	0	805	525	816	2483	0	0	0	0
62	0	0	803	533	805	2479	0	0	0	0
63	0	0	802	542	793	2479	0	0	0	0
64	0	0	802	550	783	2474	0	0	0	0
65	0	0	802	556	775	2473	0	0	0	0
66	0	0	803	566	765	2474	0	0	0	0
67	0	0	808	574	758	2473	0	0	0	0
68	0	0	815	582	752	2471	0	0	0	0
69	0	0	823	591	747	2468	0	0	0	0
70	0	0	832	599	744	2464	0	0	0	0
71	0	0	841	608	741	2461	0	0	0	0
72	0	0	849	618	740	2459	0	0	0	0
73	0	0	857	626	740	2457	0	0	0	0
74	0	0	863	633	740	2455	0	0	0	0
75	0	0	871	640	741	2449	0	0	0	0
76	0	0	877	647	742	2449	0	0	0	0
77	0	0	883	650	742	2444	0	0	0	0
78	0	0	885	654	745	2436	0	0	0	0
79	0	0	886	656	747	2432	0	0	0	0
80	0	0	884	657	750	2432	0	0	0	0
81	0	0	882	657	753	2426	0	0	0	0
82	0	0	878	656	757	2416	0	0	0	0
83	0	0	874	657	761	2412	0	0	0	0
84	0	0	870	656	765	2407	0	0	0	0
85	0	0	862	654	767	2406	0	0	0	0
86	0	0	854	653	771	2406	0	0	0	0
87	0	0	848	651	774	2407	0	0	0	0
88	0	0	841	651	777	2402	0	0	0	0
89	0	0	834	647	779	2395	0	0	0	0
90	0	0	826	644	781	2390	0	0	0	0
91	0	0	819	647	782	2387	0	0	0	0
92	0	0	813	645	785	2383	0	0	0	0
93	0	0	807	642	788	2383	0	0	0	0
94	0	0	803	640	790	2376	0	0	0	0
95	0	0	799	638	792	2371	0	0	0	0
96	0	0	795	637	795	2369	0	0	0	0
97	0	0	794	635	796	2367	0	0	0	0
98	0	0	792	633	798	2364	0	0	0	0
99	0	0	790	629	800	2361	0	0	0	0
100	0	0	787	626	801	2358	0	0	0	0
101	0	0	786	621	803	2354	0	0	0	0
102	0	0	791	618	802	2346	0	0	0	0
103	0	0	792	612	804	2344	0	0	0	0
104	0	0	794	607	806	2335	0	0	0	0
105	0	0	795	607	808	2324	0	0	0	0
106	0	0	794	605	809	2318	0	0	0	0
107	0	0	793	602	811	2313	0	0	0	0
108	0	0	790	597	816	2305	0	0	0	0
109	0	0	789	592	818	2303	0	0	0	0
110	0	0	788	588	821	2298	0	0	0	0
111	0	0	787	585	822	2293	0	0	0	0
112	0	0	784	581	823	2284	0	0	0	0
113	0	0	782	578	826	2275	0	0	0	0
114	0	0	780	577	829	2271	0	0	0	0
115	0	0	779	575	830	2267	0	0	0	0
116	0	0	775	573	832	2264	0	0	0	0
117	0	0	774	571	836	2263	0	0	0	0
118	0	0	772	569	839	2261	0	0	0	0
119	0	0	770	569	843	2259	0	0	0	0
120	0	0	768	568	846	2256	0	0	0	0
121	0	0	767	567	850	2256	0	0	0	0
122	0	0	767	566	853	2251	0	0	0	0
123	0	0	766	564	855	2247	0	0	0	0
124	0	0	766	563	859	2243	0	0	0	0
125	0	0	764	560	862	2241	0	0	0	0
126	0	0	763	557	865	2236	0	0	0	0
127	0	0	763	555	867	2234	0	0	0	0
0	0	0	763	553	874	2232	0	0	0	0
1	0	0	762	546	875	2229	0	0	0	0
2	0	0	763	545	879	2225	0	0	0	0
3	0	0	764	545	882	2226	0	0	0	0
4	0	0	765	543	884	2212	0	0	0	0
5	0	0	767	539	886	2209	0	0	0	0
6	0	0	771	537	889	2202	0	0	0	0
7	0	0	771	535	891	2197	0	0	0	0
8	0	0	771	534	893	2184	0	0	0	0
9	0	0	772	533	895	2174	0	0	0	0
10	0	0	772	532	897	2160	0	0	0	0
11	0	0	773	531	898	2149	0	0	0	0
12	0	0	774	531	900	2140	0	0	0	0
13	0	0	775	530	901	2133	0	0	0	0
14	0	0	777	531	901	2127	0	0	0	0
15	0	0	776	530	901	2121	0	0	0	0
16	0	0	777	531	902	2108	0	0	0	0
17	0	0	777	533	901	2102	0	0	0	0
18	0	0	778	533	901	2100	0	0	0	0
19	0	0	778	535	900	2096	0	0	0	0
20	0	0	776	537	899	2085	0	0	0	0
21	0	0	776	539	897	2066	0	0	0	0
22	0	0	776	541	896	2032	0	0	0	0
23	0	0	775	545	893	2013	0	0	0	0
24	0	0	775	546	892	2006	0	0	0	0
25	0	0	775	549	888	1988	0	0	0	0
26	0	0	774	551	887	1972	0	0	0	0
27	0	0	775	553	884	1953	0	0	0	0
28	0	0	775	555	882	1930	0	0	0	0
29	0	0	775	558	880	1928	0	0	0	0
30	0	0	776	559	878	1929	0	0	0	0
31	0	0	776	562	875	1923	0	0	0	0
32	0	0	777	566	874	1913	0	0	0	0
33	0	0	778	567	871	1901	0	0	0	0
34	0	0	779	570	869	1874	0	0	0	0
35	0	0	779	571	867	1867	0	0	0	0
36	0	0	780	576	866	1855	0	0	0	0
37	0	0	780	581	863	1841	0	0	0	0
38	0	0	781	583	860	1823	0	0	0	0
39	0	0	783	589	858	1806	0	0	0	0
40	0	0	783	592	857	1767	0	0	0	0
41	0	0	785	597	854	1747	0	0	0	0
42	0	0	786	600	852	1713	0	0	0	0
43	0	0	788	604	850	1697	0	0	0	0
44	0	0	788	608	848	1681	0	0	0	0
45	0	0	789	611	846	1622	0	0	0	0
46	0	0	790	615	843	1610	0	0	0	0
47	0	0	792	619	839	1605	0	0	0	0
48	0	0	792	623	837	1596	0	0	0	0
49	0	0	792	628	834	1599	0	0	0	0
50	0	0	793	630	832	1577	0	0	0	0
51	0	0	793	634	830	1566	0	0	0	0
52	0	0	792	636	828	1545	0	0	0	0
53	0	0	793	638	825	1533	0	0	0	0
54	0	0	793	643	824	1516	0	0	0	0
55	0	0	792	645	820	1503	0	0	0	0
56	0	0	793	649	819	1490	0	0	0	0
57	0	0	793	650	816	1467	0	0	0	0
58	0	0	793	652	814	1460	0	0	0	0
59	0	0	793	655	813	1450	0	0	0	0
60	0	0	793	656	810	1420	0	0	0	0
61	0	0	793	658	808	1391	0	0	0	0
62	0	0	792	660	806	1371	0	0	0	0
63	0	0	792	661	802	1368	0	0	0	0
64	0	0	793	662	800	1354	0	0	0	0
65	0	0	794	664	797	1338	0	0	0	0
66	0	0	794	665	795	1333	0	0	0	0
67	0	0	794	666	792	1323	0	0	0	0
68	0	0	794	667	790	1315	0	0	0	0
69	0	0	794	666	788	1305	0	0	0	0
70	0	0	794	667	785	1293	0	0	0	0
71	0	0	792	667	782	1274	0	0	0	0
72	0	0	791	666	780	1266	0	0	0	0
73	0	0	793	666	777	1261	0	0	0	0
74	0	0	794	667	775	1232	0	0	0	0
75	0	0	794	666	773	1220	0	0	0	0
76	0	0	794	666	771	1209	0	0	0	0
77	0	0	794	665	769	1205	0	0	0	0
78	0	0	795	665	767	1202	0	0	0	0
79	0	0	794	667	766	1186	0	0	0	0
80	0	0	794	665	764	1176	0	0	0	0
81	0	0	794	666	764	1177	0	0	0	0
82	0	0	794	666	763	1167	0	0	0	0
83	0	0	793	667	762	1142	0	0	0	0
84	0	0	794	667	761	1151	0	0	0	0
85	0	0	795	668	760	1138	0	0	0	0
86	0	0	794	669	759	1124	0	0	0	0
87	0	0	794	671	758	1117	0	0	0	0
88	0	0	794	671	758	1108	0	0	0	0
89	0	0	794	671	756	1106	0	0	0	0
90	0	0	793	673	757	1100	0	0	0	0
91	0	0	793	675	758	1081	0	0	0	0
92	0	0	792	677	757	1070	0	0	0	0
93	0	0	792	679	758	1068	0	0	0	0
94	0	0	792	680	758	1056	0	0	0	0
95	0	0	790	681	760	1039	0	0	0	0
96	0	0	792	684	761	1026	0	0	0	0
97	0	0	791	685	761	1025	0	0	0	0
98	0	0	792	687	762	1021	0	0	0	0
99	0	0	791	688	762	1022	0	0	0	0
100	0	0	791	689	762	1027	0	0	0	0
101	0	0	792	691	763	1025	0	0	0	0
102	0	0	792	691	764	1007	0	0	0	0
103	0	0	794	692	764	1000	0	0	0	0
104	0	0	793	692	764	999	0	0	0	0
105	0	0	794	693	766	992	0	0	0	0
106	0	0	795	690	763	988	0	0	0	0
107	0	0	794	697	763	968	0	0	0	0
108	0	0	794	699	766	960	0	0	0	0
109	0	0	791	696	767	957	0	0	0	0
110	0	0	793	697	768	951	0	0	0	0
111	0	0	791	698	768	949	0	0	0	0
112	0	0	791	699	770	957	0	0	0	0
113	0	0	793	704	771	955	0	0	0	0
114	0	0	789	705	773	946	0	0	0	0
115	0	0	787	701	773	937	0	0	0	0
116	0	0	787	705	775	928	0	0	0	0
117	0	0	788	704	776	909	0	0	0	0
118	0	0	786	707	776	889	0	0	0	0
119	0	0	786	709	778	887	0	0	0	0
120	0	0	785	709	780	885	0	0	0	0
121	0	0	784	710	781	884	0	0	0	0
122	0	0	784	711	781	877	0	0	0	0
123	0	0	782	711	782	879	0	0	0	0
124	0	0	784	713	785	877	0	0	0	0
125	0	0	783	717	785	870	0	0	0	0
126	0	0	781	717	786	852	0	0	0	0
127	0	0	782	717	786	851	0	0	0	0
0	0	0	782	718	788	854	0	0	0	0
1	0	0	782	719	788	844	0	0	0	0
2	0	0	783	720	788	842	0	0	0	0
3	0	0	782	721	788	829	0	0	0	0
4	0	0	783	722	788	828	0	0	0	0
5	0	0	786	722	789	825	0	0	0	0
6	0	0	787	721	789	827	0	0	0	0
7	0	0	786	720	789	823	0	0	0	0
8	0	0	787	719	790	813	0	0	0	0
9	0	0	787	720	789	795	0	0	0	0
10	0	0	789	721	789	793	0	0	0	0
11	0	0	789	720	791	795	0	0	0	0
12	0	0	790	720	790	781	0	0	0	0
13	0	0	791	720	790	776	0	0	0	0
14	0	0	791	720	790	775	0	0	0	0
15	0	0	791	719	790	783	0	0	0	0
16	0	0	791	719	791	785	0	0	0	0
17	0	0	792	718	790	785	0	0	0	0
18	0	0	792	718	790	785	0	0	0	0
19	0	0	792	717	791	790	0	0	0	0
20	0	0	793	717	791	781	0	0	0	0
21	0	0	794	717	792	770	0	0	0	0
22	0	0	795	714	792	764	0	0	0	0
23	0	0	795	715	792	752	0	0	0	0
24	0	0	796	714	793	742	0	0	0	0
25	0	0	796	715	794	736	0	0	0	0
26	0	0	796	713	794	746	0	0	0	0
27	0	0	797	713	794	753	0	0	0	0
28	0	0	798	711	795	757	0	0	0	0
29	0	0	798	711	795	757	0	0	0	0
30	0	0	797	712	796	734	0	0	0	0
31	0	0	798	711	798	725	0	0	0	0
32	0	0	797	711	798	717	0	0	0	0
33	0	0	797	709	798	709	0	0	0	0
34	0	0	797	709	800	723	0	0	0	0
35	0	0	797	709	800	713	0	0	0	0
36	0	0	798	709	802	714	0	0	0	0
37	0	0	796	708	803	700	0	0	0	0
38	0	0	796	707	804	692	0	0	0	0
39	0	0	797	708	805	674	0	0	0	0
40	0	0	796	709	807	671	0	0	0	0
41	0	0	795	708	806	671	0	0	0	0
42	0	0	795	706	809	660	0	0	0	0
43	0	0	795	705	811	652	0	0	0	0
44	0	0	795	705	812	643	0	0	0	0
45	0	0	795	705	812	642	0	0	0	0
46	0	0	795	704	812	642	0	0	0	0
47	0	0	795	702	814	641	0	0	0	0
48	0	0	796	702	816	641	0	0	0	0
49	0	0	795	701	816	644	0	0	0	0
50	0	0	793	700	817	623	0	0	0	0
51	0	0	795	698	818	617	0	0	0	0
52	0	0	795	697	818	619	0	0	0	0
53	0	0	795	695	819	619	0	0	0	0
54	0	0	794	693	819	618	0	0	0	0
55	0	0	795	692	820	631	0	0	0	0
56	0	0	794	691	821	631	0	0	0	0
57	0	0	794	690	821	621	0	0	0	0
58	0	0	794	687	821	613	0	0	0	0
59	0	0	792	686	822	608	0	0	0	0
60	0	0	793	685	821	617	0	0	0	0
61	0	0	791	683	824	625	0	0	0	0
62	0	0	791	681	823	628	0	0	0	0
63	0	0	791	679	822	623	0	0	0	0
64	0	0	791	680	824	619	0	0	0	0
65	0	0	789	678	823	624	0	0	0	0
66	0	0	788	677	824	630	0	0	0	0
67	0	0	789	675	824	629	0	0	0	0
68	0	0	787	673	824	630	0	0	0	0
69	0	0	786	671	824	628	0	0	0	0
70	0	0	784	670	825	624	0	0	0	0
71	0	0	784	669	825	609	0	0	0	0
72	0	0	784	666	826	608	0	0	0	0
73	0	0	784	664	827	617	0	0	0	0
74	0	0	782	662	826	618	0	0	0	0
75	0	0	782	660	827	623	0	0	0	0
76	0	0	781	659	828	619	0	0	0	0
77	0	0	781	658	829	617	0	0	0	0
78	0	0	780	655	829	618	0	0	0	0
79	0	0	778	653	828	612	0	0	0	0
80	0	0	778	652	829	610	0	0	0	0
81	0	0	778	652	829	612	0	0	0	0
82	0	0	776	650	829	610	0	0	0	0
83	0	0	776	648	832	614	0	0	0	0
84	0	0	774	647	831	617	0	0	0	0
85	0	0	774	645	831	615	0	0	0	0
86	0	0	774	643	832	616	0	0	0	0
87	0	0	775	642	832	615	0	0	0	0
88	0	0	774	641	832	615	0	0	0	0
89	0	0	773	640	834	618	0	0	0	0
90	0	0	773	639	833	622	0	0	0	0
91	0	0	773	638	835	629	0	0	0	0
92	0	0	773	637	835	627	0	0	0	0
93	0	0	771	636	835	630	0	0	0	0
94	0	0	771	635	836	625	0	0	0	0
95	0	0	771	634	836	628	0	0	0	0
96	0	0	772	633	836	629	0	0	0	0
97	0	0	772	633	838	629	0	0	0	0
98	0	0	772	632	837	630	0	0	0	0
99	0	0	773	631	838	626	0	0	0	0
100	0	0	773	631	838	625	0	0	0	0
101	0	0	773	631	839	628	0	0	0	0
102	0	0	773	630	840	626	0	0	0	0
103	0	0	771	629	839	625	0	0	0	0
104	0	0	772	629	839	622	0	0	0	0
105	0	0	771	628	839	627	0	0	0	0
106	0	0	773	627	841	625	0	0	0	0
107	0	0	772	627	840	631	0	0	0	0
108	0	0	773	626	839	637	0	0	0	0
109	0	0	773	626	839	645	0	0	0	0
110	0	0	772	625	839	646	0	0	0	0
111	0	0	772	624	840	647	0	0	0	0
112	0	0	773	624	837	653	0	0	0	0
113	0	0	773	624	837	659	0	0	0	0
114	0	0	773	623	835	659	0	0	0	0
115	0	0	773	623	835	665	0	0	0	0
116	0	0	774	622	834	666	0	0	0	0
117	0	0	773	622	833	668	0	0	0	0
118	0	0	774	622	831	667	0	0	0	0
119	0	0	773	622	830	669	0	0	0	0
120	0	0	773	620	829	668	0	0	0	0
121	0	0	773	621	829	666	0	0	0	0
122	0	0	772	620	828	667	0	0	0	0
123	0	0	770	619	827	665	0	0	0	0
124	0	0	770	618	826	664	0	0	0	0
125	0	0	771	617	825	669	0	0	0	0
126	0	0	771	618	825	668	0	0	0	0
127	0	0	771	618	823	672	0	0	0	0
0	0	0	772	618	822	673	0	0	0	0
1	0	0	771	619	822	672	0	0	0	0
2	0	0	771	618	822	676	0	0	0	0
3	0	0	771	618	820	682	0	0	0	0
4	0	0	773	618	820	682	0	0	0	0
5	0	0	771	618	818	685	0	0	0	0
6	0	0	771	619	819	693	0	0	0	0
7	0	0	772	618	818	694	0	0	0	0
8	0	0	772	619	817	696	0	0	0	0
9	0	0	774	620	816	694	0	0	0	0
10	0	0	774	619	815	694	0	0	0	0
11	0	0	774	619	815	691	0	0	0	0
12	0	0	774	619	812	691	0	0	0	0
13	0	0	775	618	813	688	0	0	0	0
14	0	0	775	619	813	693	0	0	0	0
15	0	0	775	619	812	689	0	0	0	0
16	0	0	776	622	813	691	0	0	0	0
17	0	0	775	621	813	696	0	0	0	0
18	0	0	776	622	813	698	0	0	0	0
19	0	0	777	621	813	703	0	0	0	0
20	0	0	776	622	812	708	0	0	0	0
21	0	0	777	622	811	711	0	0	0	0
22	0	0	777	623	811	712	0	0	0	0
23	0	0	778	623	811	720	0	0	0	0
24	0	0	778	624	811	726	0	0	0	0
25	0	0	777	625	811	732	0	0	0	0
26	0	0	777	625	810	739	0	0	0	0
27	0	0	779	625	811	742	0	0	0	0
28	0	0	779	625	811	748	0	0	0	0
29	0	0	779	626	811	748	0	0	0	0
30	0	0	781	626	811	748	0	0	0	0
31	0	0	780	627	810	750	0	0	0	0
32	0	0	782	627	810	748	0	0	0	0
33	0	0	783	627	809	745	0	0	0	0
34	0	0	782	627	809	748	0	0	0	0
35	0	0	783	628	810	749	0	0	0	0
36	0	0	783	627	808	753	0	0	0	0
37	0	0	783	627	809	756	0	0	0	0
38	0	0	782	627	809	758	0	0	0	0
39	0	0	783	628	808	758	0	0	0	0
40	0	0	783	628	809	760	0	0	0	0
41	0	0	784	627	809	769	0	0	0	0
42	0	0	781	628	809	780	0	0	0	0
43	0	0	782	628	809	782	0	0	0	0
44	0	0	782	629	809	784	0	0	0	0
45	0	0	782	630	809	783	0	0	0	0
46	0	0	783	629	809	784	0	0	0	0
47	0	0	780	629	809	785	0	0	0	0
48	0	0	782	630	809	781	0	0	0	0
49	0	0	783	630	809	776	0	0	0	0
50	0	0	784	630	809	779	0	0	0	0
51	0	0	783	630	810	780	0	0	0	0
52	0	0	783	630	810	786	0	0	0	0
53	0	0	783	631	810	786	0	0	0	0
54	0	0	783	631	811	785	0	0	0	0
55	0	0	784	631	809	788	0	0	0	0
56	0	0	784	632	809	787	0	0	0	0
57	0	0	784	633	810	788	0	0	0	0
58	0	0	784	633	811	793	0	0	0	0
59	0	0	785	634	809	797	0	0	0	0
60	0	0	785	635	809	802	0	0	0	0
61	0	0	785	634	809	808	0	0	0	0
62	0	0	785	635	810	812	0	0	0	0
63	0	0	785	636	810	814	0	0	0	0
64	0	0	786	637	810	814	0	0	0	0
65	0	0	785	636	810	816	0	0	0	0
66	0	0	786	637	811	813	0	0	0	0
67	0	0	787	637	811	816	0	0	0	0
68	0	0	786	638	811	821	0	0	0	0
69	0	0	786	638	811	822	0	0	0	0
70	0	0	785	638	810	818	0	0	0	0
71	0	0	786	640	811	821	0	0	0	0
72	0	0	788	640	812	819	0	0	0	0
73	0	0	787	641	812	819	0	0	0	0
74	0	0	788	641	813	818	0	0	0	0
75	0	0	787	642	813	813	0	0	0	0
76	0	0	787	643	813	814	0	0	0	0
77	0	0	788	643	814	816	0	0	0	0
78	0	0	788	643	814	813	0	0	0	0
79	0	0	788	643	814	815	0	0	0	0
80	0	0	788	644	813	812	0	0	0	0
81	0	0	789	644	814	812	0	0	0	0
82	0	0	789	645	814	820	0	0	0	0
83	0	0	788	646	813	822	0	0	0	0
84	0	0	787	646	814	825	0	0	0	0
85	0	0	787	646	813	825	0	0	0	0
86	0	0	787	646	813	819	0	0	0	0
87	0	0	786	647	814	817	0	0	0	0
88	0	0	786	647	814	816	0	0	0	0
89	0	0	787	648	815	817	0	0	0	0
90	0	0	786	649	815	817	0	0	0	0
91	0	0	786	648	815	818	0	0	0	0
92	0	0	788	649	815	815	0	0	0	0
93	0	0	787	649	815	811	0	0	0	0
94	0	0	788	650	816	813	0	0	0	0
95	0	0	788	649	815	812	0	0	0	0
96	0	0	788	650	815	813	0	0	0	0
97	0	0	788	651	816	816	0	0	0	0
98	0	0	786	651	816	817	0	0	0	0
99	0	0	787	651	817	818	0	0	0	0
100	0	0	787	651	816	819	0	0	0	0
101	0	0	788	652	816	820	0	0	0	0
102	0	0	788	652	817	818	0	0	0	0
103	0	0	788	654	817	819	0	0	0	0
104	0	0	788	653	815	827	0	0	0	0
105	0	0	787	653	816	825	0	0	0	0
106	0	0	788	653	815	828	0	0	0	0
107	0	0	788	653	817	828	0	0	0	0
108	0	0	788	653	817	830	0	0	0	0
109	0	0	787	653	816	831	0	0	0	0
110	0	0	788	653	816	828	0	0	0	0
111	0	0	789	651	815	827	0	0	0	0
112	0	0	788	652	816	827	0	0	0	0
113	0	0	788	653	816	830	0	0	0	0
114	0	0	788	652	815	826	0	0	0	0
115	0	0	787	652	815	826	0	0	0	0
116	0	0	787	652	815	826	0	0	0	0
117	0	0	786	651	815	826	0	0	0	0
118	0	0	786	652	815	826	0	0	0	0
119	0	0	785	651	814	829	0	0	0	0
120	0	0	785	651	815	829	0	0	0	0
121	0	0	784	650	815	831	0	0	0	0
122	0	0	783	651	815	833	0	0	0	0
123	0	0	784	651	815	841	0	0	0	0
124	0	0	784	651	815	847	0	0	0	0
125	0	0	782	649	815	851	0	0	0	0
126	0	0	782	650	814	850	0	0	0	0
127	0	0	782	649	814	849	0	0	0	0
0	0	0	781	649	815	853	0	0	0	0
1	0	0	781	649	813	856	0	0	0	0
2	0	0	781	648	813	852	0	0	0	0
3	0	0	781	648	813	852	0	0	0	0
4	0	0	781	646	813	847	0	0	0	0
5	0	0	781	646	814	849	0	0	0	0
6	0	0	780	645	813	849	0	0	0	0
7	0	0	781	644	813	849	0	0	0	0
8	0	0	780	645	811	851	0	0	0	0
9	0	0	780	644	812	862	0	0	0	0
10	0	0	779	644	812	866	0	0	0	0
11	0	0	778	642	813	861	0	0	0	0
12	0	0	780	644	811	867	0	0	0	0
13	0	0	779	642	811	875	0	0	0	0
14	0	0	779	642	810	878	0	0	0	0
15	0	0	779	642	811	880	0	0	0	0
16	0	0	780	641	811	886	0	0	0	0
17	0	0	780	640	811	887	0	0	0	0
18	0	0	778	641	811	888	0	0	0	0
19	0	0	777	641	810	893	0	0	0	0
20	0	0	777	640	811	888	0	0	0	0
21	0	0	776	639	810	885	0	0	0	0
22	0	0	778	640	810	884	0	0	0	0
23	0	0	777	640	810	890	0	0	0	0
24	0	0	777	640	809	893	0	0	0	0
25	0	0	776	639	810	898	0	0	0	0
26	0	0	777	638	811	893	0	0	0	0
27	0	0	776	639	811	898	0	0	0	0
28	0	0	774	638	810	903	0	0	0	0
29	0	0	776	638	811	904	0	0	0	0
