Timestamp:	X:	Y:	Z:	Acceleration:
1332172915063	0.004833099	0.40415454	-0.9623213	1.043756
1332172915090	-0.064005524	0.23653793	-0.40860367	0.47644922
1332172915095	0.103248894	0.14810896	-0.011224747	0.18089388
1332172915100	0.34947693	0.13875294	0.07310963	0.3830555
1332172915111	0.43908173	0.12988472	0.0015592575	0.45789215
1332172915134	0.37189496	0.04293561	-0.30424595	0.48240533
1332172915160	0.22622329	-0.043686867	-0.6873026	0.72489333
1332172915168	0.15887578	-0.1300528	-0.8335924	0.8585054
1332172915172	0.09111476	-0.21615362	-0.8219557	0.85477215
1332172915175	0.022802122	-0.22355175	-0.7307482	0.76451826
1332172915190	-0.046209767	-0.38768077	-0.7954798	0.8861263
1332172915219	0.0409223	-0.5515528	-0.78075504	0.95679855
1332172915224	0.20563312	-0.5581584	-0.6866255	0.9084494
1332172915230	0.3693827	-0.5643923	-0.5916023	0.89720434
1332172915239	0.37516832	-0.5701654	-0.4957056	0.8435425
1332172915254	0.30146635	-0.73233867	-0.47752285	0.9247864
1332172915255	0.22672589	-0.8938329	-0.537076	1.0671422
1332172915259	0.15093769	-0.9760494	-0.7529249	1.2419142
1332172915260	0.15257145	-1.0573392	-1.1251421	1.5515118
1332172915262	0.31013262	-1.0591013	-1.418395	1.7971429
1332172915263	0.38820702	-1.1381631	-1.6327543	2.0278082
1332172915268	0.5437587	-1.2158637	-1.9251571	2.3409886
1332172915278	0.5413293	-1.3704555	-2.295494	2.727724
1332172915288	0.5380616	-1.5235465	-2.5869956	3.050123
1332172915298	0.53381926	-1.6747117	-2.877718	3.372074
1332172915308	0.60720056	-1.6670346	-3.0106993	3.4945683
1332172915324	0.5228522	-1.657501	-3.378262	3.7991233
1332172915341	0.43749547	-1.7238978	-3.9010367	4.2873435
1332172915342	0.2729051	-1.7881848	-4.579285	4.9236097
1332172915358	0.26446036	-1.5361398	-5.0984855	5.331437
1332172915359	0.25531614	-1.2033544	-5.2230573	5.3659644
1332172915374	0.24541451	-0.94645715	-4.952177	5.047778
1332172915391	-7.126257E-4	-0.76517177	-4.3634152	4.429998
1332172915392	-0.5614004	-0.6597426	-3.6134725	3.71586
1332172915407	-1.2011257	-0.5517497	-2.544774	2.8675783
1332172915409	-1.5273292	-0.2845106	-1.3140426	2.0347946
1332172915423	-1.3828384	0.14158702	0.15713406	1.398921
1332172915441	-1.0030576	0.491755	1.321599	1.730483
1332172915442	-0.77989984	0.9216254	2.4907484	2.767935
1332172915457	-0.7130737	1.3527517	3.8221922	4.1167417
1332172915473	-0.95921737	1.8628392	5.4712305	5.8587227
1332172915474	-1.2040784	2.6086168	7.6730766	8.193338
1332172915490	-0.97635883	3.2759216	10.349021	10.8989525
1332172915491	-0.58996165	3.6281838	13.260329	13.760382
1332172915506	-0.6724332	3.5078042	16.012928	16.406424
1332172915523	-1.2235596	2.8355057	19.310793	19.556173
1332172915524	-1.4585613	2.3168485	24.171474	24.326023
1332172915540	-1.6124372	1.8722532	27.687426	27.79746
1332172915541	-2.2347536	1.579684	27.893574	28.027504
1332172915556	-2.5402646	1.9873245	25.411745	25.615604
1332172915572	-2.2158604	3.1745505	22.283157	22.61696
1332172915587	-1.496282	4.276727	19.911863	20.42086
1332172915599	-0.93031937	4.4295297	18.524914	19.069836
1332172915601	-0.6755706	3.8695264	17.104952	17.550186
1332172915602	-0.4960817	3.3020527	15.1735	15.536562
1332172915608	-0.47100875	2.885137	12.578466	12.913701
1332172915622	-0.5214815	2.5392404	9.313106	9.667141
1332172915639	-0.25523007	2.342701	6.0042915	6.4501867
1332172915641	0.24891917	2.2173111	3.3601713	4.0335073
1332172915656	1.227436	2.160127	1.1289501	2.7289698
1332172915672	2.206594	1.7850802	-1.2014751	3.0820627
1332172915673	2.2453551	1.0895369	-3.252122	4.099391
1332172915689	1.5790074	-0.0057063103	-4.318573	4.598192
1332172915691	0.9909744	-1.4191626	-4.853734	5.153134
1332172915705	0.6376612	-2.6797845	-5.7178397	6.3467746
1332172915722	0.5184582	-3.4734645	-7.5356183	8.313802
1332172915723	0.16175848	-4.034156	-10.063129	10.842839
1332172915739	-0.27607334	-4.204109	-12.981743	13.648312
1332172915740	-0.71694726	-4.1380386	-15.967737	16.510784
1332172915755	-1.0042176	-3.9130101	-18.622812	19.05595
1332172915772	-1.2951204	-3.6846256	-20.235165	20.608631
1332172915773	-1.511387	-3.7653	-20.877169	21.267767
1332172915788	-1.3388361	-4.153452	-20.621197	21.077888
1332172915789	-0.6985522	-4.455524	-19.462793	19.978489
1332172915805	0.25265175	-4.5915275	-17.944584	18.524418
1332172915822	1.0441765	-4.7169147	-16.530672	17.222158
1332172915823	1.2057166	-4.9097557	-15.690603	16.484978
1332172915838	0.81608856	-5.0906186	-15.342047	16.18514
1332172915839	0.42496634	-5.1806517	-15.170254	16.036095
1332172915854	0.189567	-5.0231323	-15.255923	16.062721
1332172915871	0.10992223	-4.773748	-15.437606	16.159222
1332172915872	0.10757929	-4.4313946	-15.398075	16.023407
1332172915888	0.3396811	-3.9185839	-15.300319	15.797798
1332172915889	0.5709083	-3.5496864	-15.147859	15.568681
1332172915904	0.87989473	-3.1689131	-14.946971	15.304515
1332172915921	1.0310812	-2.930491	-14.3738575	14.705736
1332172915922	1.0247273	-2.8384373	-13.681008	14.009881
1332172915937	0.86078084	-2.9708757	-13.181516	13.53955
1332172915939	0.69620633	-3.0936651	-12.880802	13.2653885
1332172915953	0.6879832	-3.1302197	-12.707894	13.105807
1332172915971	0.6789358	-3.0796053	-12.580634	12.96986
1332172915972	0.51213944	-3.1010354	-12.272282	12.66837
1332172915987	0.26601446	-3.0385578	-11.708186	12.098976
1332172916003	0.17602223	-2.8152585	-10.9728365	11.329598
1332172916020	0.4776531	-2.5110962	-10.307357	10.619575
1332172916026	1.0921757	-1.8896596	-9.472417	9.720614
1332172916028	2.0984116	-1.0324361	-7.9303646	8.268007
1332172916036	3.2609458	-0.018675327	-5.5271444	6.417433
1332172916053	4.0303617	1.4649756	-1.7153888	4.618715
1332172916054	3.7786696	3.4963248	2.6394258	5.7852573
1332172916070	2.4271016	5.760626	6.2006574	8.804759
1332172916071	1.0742953	7.235849	7.5495043	10.512214
1332172916086	0.73970044	7.607441	7.391829	10.632941
1332172916102	1.4231602	7.1875076	7.6843896	10.617698
1332172916104	1.9474498	6.6806917	9.913843	12.112329
1332172916120	1.6052023	6.006413	13.449903	14.817339
1332172916121	0.39719778	5.2419057	16.718576	17.525585
1332172916136	-1.2849828	4.8552513	18.145878	18.828104
1332172916152	-2.7338223	5.082413	17.33824	18.273458
1332172916154	-3.4786317	5.843034	15.547236	16.96934
1332172916170	-3.5980027	6.664034	14.101757	16.006702
1332172916171	-3.5620058	7.545377	13.706316	16.046299
1332172916185	-3.6054494	7.936289	13.964073	16.461449
1332172916202	-3.4914532	7.9176283	13.937115	16.404945
1332172916203	-3.2191145	7.8017836	13.7782345	16.15767
1332172916219	-2.5518756	7.587164	14.11125	16.22358
1332172916221	-1.7241346	7.19911	14.86658	16.60768
1332172916235	-0.8917847	6.7150655	15.571184	16.980846
1332172916252	-0.0537799	6.369617	15.595623	16.846315
1332172916253	0.55505013	6.0854206	14.786091	15.999028
1332172916269	0.85656786	5.7067657	13.381401	14.572672
1332172916270	0.85105443	5.31263	11.853907	13.017813
1332172916284	0.6165247	4.7486157	10.445398	11.490683
1332172916302	0.074909925	4.0132327	9.07397	9.922126
1332172916303	-0.46081617	3.266468	7.7470694	8.420169
1332172916318	-0.59873056	2.6662354	6.7025995	7.2382407
1332172916319	-0.3397856	2.0581734	5.868555	6.2282796
1332172916335	0.0012081638	1.601696	5.0156183	5.2651553
1332172916352	0.26733276	1.3743339	4.063004	4.2974715
1332172916353	0.37903392	1.2225835	3.3331418	3.570464
1332172916368	0.41390944	0.835315	2.5189986	2.6859684
1332172916369	0.37183866	0.21232939	1.4628925	1.524271
1332172916384	0.1732296	-0.32868814	0.48820543	0.6135055
1332172916401	-0.10365473	-0.8660922	-0.32658577	0.9314066
1332172916402	-0.45957038	-1.3973937	-0.89671993	1.7227945
1332172916418	-0.65957665	-1.7640636	-1.5323029	2.4279444
1332172916419	-0.5471555	-1.9645002	-2.072422	2.907503
1332172916439	-0.43656844	-2.1541903	-2.4348536	3.280189
1332172916440	-0.17105934	-2.3320153	-2.852645	3.6885145
1332172916450	0.013783574	-2.4968317	-3.4802089	4.283248
1332172916469	0.1963661	-2.6476796	-4.236784	4.9999104
1332172916470	0.29817796	-2.7052908	-4.8850856	5.5920987
1332172916484	0.31921268	-2.6690261	-5.345142	5.9829874
1332172916501	0.33795857	-2.6169002	-5.8512516	6.418686
1332172916502	0.19738878	-2.6263762	-6.322904	6.84952
1332172916517	0.05456677	-2.7765172	-6.4468193	7.019509
1332172916533	-0.011968613	-2.8321445	-6.5370502	7.124199
1332172916535	-0.08057973	-2.7940516	-6.59472	7.1626496
1332172916550	0.08397165	-2.5030951	-6.3798766	6.8538575
1332172916551	0.32516012	-2.1197405	-6.1342964	6.4983554
1332172916566	0.4861201	-1.9582748	-6.2507296	6.568316
1332172916583	0.5668893	-1.9400578	-6.571465	6.87527
1332172916584	0.7245417	-1.9873242	-6.4696345	6.806658
1332172916600	0.8805743	-2.0212522	-5.551498	5.9732738
1332172916601	1.0353029	-2.2805414	-4.0589085	4.7694297
1332172916616	1.1100671	-2.7640808	-2.6165142	3.9646611
1332172916632	0.9483187	-3.0839117	-1.4693623	3.5452566
1332172916634	0.78541315	-3.2402856	-0.7746172	3.4229164
1332172916658	0.6209998	-3.1533563	-0.6073551	3.2708068
1332172916659	0.29844424	-2.983376	-0.9757881	3.1530564
1332172916661	-0.33924648	-2.8880134	-1.6468201	3.3418148
1332172916668	-0.9782238	-2.4751744	-3.0145464	4.021306
1332172916682	-0.9906057	-1.8239448	-4.0612764	4.5609255
1332172916701	-0.37623522	-1.3275113	-3.9266458	4.162017
1332172916704	0.08025974	-0.98635626	-3.5545626	3.6897502
1332172916718	0.14323749	-0.6417279	-3.4922595	3.553619
1332172916723	0.12779708	-0.45585203	-3.356999	3.3902175
1332172916732	0.19080546	-0.42736006	-2.4407482	2.4852154
1332172916749	0.33249697	-0.24296665	-1.3725786	1.4330244
1332172916750	0.31763732	-0.060374737	-0.93845177	0.9925877
1332172916766	0.3818167	0.041358948	-0.5897732	0.70379466
1332172916782	0.3681826	0.14017105	-0.3271942	0.5121156
1332172916784	0.27682686	0.1566596	-0.15180206	0.35244745
1332172916801	0.029286698	0.012269974	0.17184639	0.17475538
1332172916802	-0.45290226	-0.13697338	0.64272213	0.79810643
1332172916816	-0.8558267	-0.29142523	1.0250311	1.3667687
1332172916832	-1.1010013	-0.37294888	1.1614103	1.643219
1332172916833	-1.0314572	-0.30324006	1.1302176	1.5598879
1332172916848	-0.7255752	-0.23957467	1.1663265	1.394336
1332172916850	-0.41871154	-0.10340977	1.4267502	1.4905131
1332172916876	-0.26773274	0.026944399	1.676219	1.6976799
1332172916878	-0.42942047	0.07295036	1.8358898	1.8868532
1332172916881	-0.589746	-0.043702364	1.8273335	1.92064
1332172916899	-0.12078221	0.1480689	1.5721474	1.5837172
1332172916903	0.34964865	0.72705245	0.5997486	1.0052651
1332172916914	0.11524738	0.98718286	-0.85422564	1.3105394
1332172916932	-0.274647	0.92874837	-1.3767862	1.6833136
1332172916933	-0.03528364	0.9443917	-0.26121902	0.9804877
