# bioPlux Text File Format
# Version: 1
# StartDateTime: 2012-03-20 11:56:20
# SamplingFrequency: 1000
# SampledChannels: 1 2 3 4 5 6 7 8
# SamplingResolution: 12
# AcquiringDevice: 00:07:80:93:66:BE
# EndOfHeader
0	0	0	756	597	868	463	0	0	0	0
1	0	0	756	597	867	459	0	0	0	0
2	0	0	757	596	867	455	0	0	0	0
3	0	0	758	597	867	461	0	0	0	0
4	0	0	758	595	868	473	0	0	0	0
5	0	0	758	595	869	476	0	0	0	0
6	0	0	756	594	869	483	0	0	0	0
7	0	0	757	593	870	484	0	0	0	0
8	0	0	757	593	871	483	0	0	0	0
9	0	0	757	592	872	485	0	0	0	0
10	0	0	756	592	874	481	0	0	0	0
11	0	0	756	592	875	486	0	0	0	0
12	0	0	756	591	876	478	0	0	0	0
13	0	0	756	591	878	496	0	0	0	0
14	0	0	755	591	879	518	0	0	0	0
15	0	0	756	591	880	517	0	0	0	0
16	0	0	756	590	881	497	0	0	0	0
17	0	0	756	590	883	500	0	0	0	0
18	0	0	755	590	885	504	0	0	0	0
19	0	0	755	589	887	510	0	0	0	0
20	0	0	755	589	888	523	0	0	0	0
21	0	0	754	588	891	530	0	0	0	0
22	0	0	753	586	892	554	0	0	0	0
23	0	0	753	585	894	557	0	0	0	0
24	0	0	754	584	895	569	0	0	0	0
25	0	0	753	583	896	577	0	0	0	0
26	0	0	751	582	899	589	0	0	0	0
27	0	0	751	580	901	597	0	0	0	0
28	0	0	751	579	903	587	0	0	0	0
29	0	0	751	577	905	594	0	0	0	0
30	0	0	749	575	907	608	0	0	0	0
31	0	0	747	573	908	601	0	0	0	0
32	0	0	747	572	909	602	0	0	0	0
33	0	0	745	572	911	614	0	0	0	0
34	0	0	743	571	912	610	0	0	0	0
35	0	0	741	570	912	599	0	0	0	0
36	0	0	740	569	915	592	0	0	0	0
37	0	0	738	568	915	603	0	0	0	0
38	0	0	735	568	916	612	0	0	0	0
39	0	0	735	566	916	624	0	0	0	0
40	0	0	734	566	916	639	0	0	0	0
41	0	0	734	566	916	639	0	0	0	0
42	0	0	733	566	915	630	0	0	0	0
43	0	0	735	566	916	647	0	0	0	0
44	0	0	734	566	914	637	0	0	0	0
45	0	0	737	565	913	635	0	0	0	0
46	0	0	737	564	912	636	0	0	0	0
47	0	0	738	563	911	630	0	0	0	0
48	0	0	739	563	908	626	0	0	0	0
49	0	0	741	563	907	630	0	0	0	0
50	0	0	743	563	906	607	0	0	0	0
51	0	0	745	563	906	617	0	0	0	0
52	0	0	745	561	904	619	0	0	0	0
53	0	0	746	561	903	621	0	0	0	0
54	0	0	746	561	902	622	0	0	0	0
55	0	0	747	561	902	622	0	0	0	0
56	0	0	748	559	901	617	0	0	0	0
57	0	0	749	559	901	623	0	0	0	0
58	0	0	750	558	900	624	0	0	0	0
59	0	0	751	559	900	633	0	0	0	0
60	0	0	751	557	898	635	0	0	0	0
61	0	0	751	556	898	626	0	0	0	0
62	0	0	752	555	898	628	0	0	0	0
63	0	0	752	553	897	627	0	0	0	0
64	0	0	751	551	896	613	0	0	0	0
65	0	0	751	550	896	603	0	0	0	0
66	0	0	751	548	896	623	0	0	0	0
67	0	0	751	547	894	635	0	0	0	0
68	0	0	750	546	894	637	0	0	0	0
69	0	0	749	544	894	629	0	0	0	0
70	0	0	750	542	895	629	0	0	0	0
71	0	0	749	541	893	633	0	0	0	0
72	0	0	748	540	894	646	0	0	0	0
73	0	0	746	538	892	638	0	0	0	0
74	0	0	745	536	892	627	0	0	0	0
75	0	0	746	537	892	626	0	0	0	0
76	0	0	744	535	892	617	0	0	0	0
77	0	0	745	534	892	620	0	0	0	0
78	0	0	745	535	892	631	0	0	0	0
79	0	0	744	534	891	634	0	0	0	0
80	0	0	744	534	891	630	0	0	0	0
81	0	0	744	534	889	628	0	0	0	0
82	0	0	744	534	889	623	0	0	0	0
83	0	0	745	535	888	628	0	0	0	0
84	0	0	744	536	888	628	0	0	0	0
85	0	0	744	535	887	617	0	0	0	0
86	0	0	744	535	886	605	0	0	0	0
87	0	0	745	537	884	604	0	0	0	0
88	0	0	745	536	883	638	0	0	0	0
89	0	0	745	535	881	634	0	0	0	0
90	0	0	746	536	880	637	0	0	0	0
91	0	0	748	537	879	636	0	0	0	0
92	0	0	750	536	877	645	0	0	0	0
93	0	0	751	536	877	649	0	0	0	0
94	0	0	751	536	876	651	0	0	0	0
95	0	0	753	536	876	650	0	0	0	0
96	0	0	753	537	875	661	0	0	0	0
97	0	0	752	535	873	651	0	0	0	0
98	0	0	754	536	874	651	0	0	0	0
99	0	0	754	535	875	635	0	0	0	0
100	0	0	753	536	875	633	0	0	0	0
101	0	0	754	537	876	647	0	0	0	0
102	0	0	754	536	877	649	0	0	0	0
103	0	0	754	535	878	646	0	0	0	0
104	0	0	753	535	879	635	0	0	0	0
105	0	0	754	536	879	620	0	0	0	0
106	0	0	754	536	880	619	0	0	0	0
107	0	0	755	534	881	637	0	0	0	0
108	0	0	754	535	881	635	0	0	0	0
109	0	0	754	535	883	622	0	0	0	0
110	0	0	755	535	885	610	0	0	0	0
111	0	0	754	534	886	617	0	0	0	0
112	0	0	755	534	888	606	0	0	0	0
113	0	0	755	534	889	613	0	0	0	0
114	0	0	755	534	891	629	0	0	0	0
115	0	0	755	534	891	634	0	0	0	0
116	0	0	755	534	892	630	0	0	0	0
117	0	0	755	534	894	634	0	0	0	0
118	0	0	755	534	894	630	0	0	0	0
119	0	0	755	534	895	634	0	0	0	0
120	0	0	755	535	895	633	0	0	0	0
121	0	0	756	534	897	629	0	0	0	0
122	0	0	756	534	897	628	0	0	0	0
123	0	0	755	535	898	618	0	0	0	0
124	0	0	756	535	898	622	0	0	0	0
125	0	0	756	535	898	620	0	0	0	0
126	0	0	756	536	900	614	0	0	0	0
127	0	0	756	537	899	633	0	0	0	0
0	0	0	757	536	901	637	0	0	0	0
1	0	0	758	536	901	632	0	0	0	0
2	0	0	759	536	902	629	0	0	0	0
3	0	0	759	537	901	629	0	0	0	0
4	0	0	760	536	902	623	0	0	0	0
5	0	0	760	535	902	611	0	0	0	0
6	0	0	761	535	901	607	0	0	0	0
7	0	0	761	535	901	613	0	0	0	0
8	0	0	762	536	902	621	0	0	0	0
9	0	0	762	535	901	613	0	0	0	0
10	0	0	763	534	901	607	0	0	0	0
11	0	0	764	533	901	612	0	0	0	0
12	0	0	764	535	901	616	0	0	0	0
13	0	0	764	535	899	610	0	0	0	0
14	0	0	763	535	900	615	0	0	0	0
15	0	0	762	535	901	616	0	0	0	0
16	0	0	763	535	901	620	0	0	0	0
17	0	0	763	535	901	618	0	0	0	0
18	0	0	763	535	901	618	0	0	0	0
19	0	0	763	534	900	616	0	0	0	0
20	0	0	764	535	900	613	0	0	0	0
21	0	0	765	535	899	607	0	0	0	0
22	0	0	765	533	899	603	0	0	0	0
23	0	0	766	535	900	606	0	0	0	0
24	0	0	766	535	898	609	0	0	0	0
25	0	0	766	535	898	618	0	0	0	0
26	0	0	765	537	898	622	0	0	0	0
27	0	0	766	537	897	623	0	0	0	0
28	0	0	766	537	897	636	0	0	0	0
29	0	0	766	537	897	641	0	0	0	0
30	0	0	765	537	897	642	0	0	0	0
31	0	0	765	539	898	655	0	0	0	0
32	0	0	763	538	899	660	0	0	0	0
33	0	0	763	537	900	662	0	0	0	0
34	0	0	763	537	901	659	0	0	0	0
35	0	0	760	537	902	653	0	0	0	0
36	0	0	758	537	903	659	0	0	0	0
37	0	0	758	537	905	663	0	0	0	0
38	0	0	756	536	906	669	0	0	0	0
39	0	0	755	537	908	676	0	0	0	0
40	0	0	754	537	910	691	0	0	0	0
41	0	0	755	536	911	686	0	0	0	0
42	0	0	753	538	913	708	0	0	0	0
43	0	0	753	537	913	718	0	0	0	0
44	0	0	753	536	916	752	0	0	0	0
45	0	0	752	538	917	748	0	0	0	0
46	0	0	752	538	919	749	0	0	0	0
47	0	0	751	537	920	757	0	0	0	0
48	0	0	753	538	921	757	0	0	0	0
49	0	0	753	539	921	757	0	0	0	0
50	0	0	753	539	923	761	0	0	0	0
51	0	0	754	540	923	783	0	0	0	0
52	0	0	755	540	924	780	0	0	0	0
53	0	0	756	541	924	794	0	0	0	0
54	0	0	756	542	924	802	0	0	0	0
55	0	0	756	542	925	777	0	0	0	0
56	0	0	756	542	926	778	0	0	0	0
57	0	0	755	542	928	795	0	0	0	0
58	0	0	756	541	929	809	0	0	0	0
59	0	0	754	541	930	819	0	0	0	0
60	0	0	753	540	931	827	0	0	0	0
61	0	0	752	541	934	838	0	0	0	0
62	0	0	751	541	935	849	0	0	0	0
63	0	0	750	539	938	851	0	0	0	0
64	0	0	749	538	940	859	0	0	0	0
65	0	0	746	536	942	869	0	0	0	0
66	0	0	743	534	943	868	0	0	0	0
67	0	0	744	533	946	877	0	0	0	0
68	0	0	743	529	947	869	0	0	0	0
69	0	0	743	531	951	869	0	0	0	0
70	0	0	741	531	954	882	0	0	0	0
71	0	0	742	530	954	905	0	0	0	0
72	0	0	742	530	955	925	0	0	0	0
73	0	0	742	530	957	941	0	0	0	0
74	0	0	744	529	957	939	0	0	0	0
75	0	0	746	528	958	928	0	0	0	0
76	0	0	748	528	959	953	0	0	0	0
77	0	0	750	528	960	954	0	0	0	0
78	0	0	754	529	959	969	0	0	0	0
79	0	0	756	531	959	990	0	0	0	0
80	0	0	758	532	958	984	0	0	0	0
81	0	0	762	532	958	996	0	0	0	0
82	0	0	767	531	957	988	0	0	0	0
83	0	0	772	531	955	1006	0	0	0	0
84	0	0	776	529	953	1021	0	0	0	0
85	0	0	779	527	951	1020	0	0	0	0
86	0	0	784	528	950	1050	0	0	0	0
87	0	0	787	528	949	1066	0	0	0	0
88	0	0	789	529	946	1085	0	0	0	0
89	0	0	791	528	944	1078	0	0	0	0
90	0	0	792	530	942	1076	0	0	0	0
91	0	0	792	533	941	1055	0	0	0	0
92	0	0	795	534	939	1053	0	0	0	0
93	0	0	797	532	937	1059	0	0	0	0
94	0	0	798	532	935	1066	0	0	0	0
95	0	0	799	531	933	1097	0	0	0	0
96	0	0	798	531	931	1117	0	0	0	0
97	0	0	800	529	929	1130	0	0	0	0
98	0	0	799	528	929	1124	0	0	0	0
99	0	0	798	526	927	1123	0	0	0	0
100	0	0	800	526	925	1141	0	0	0	0
101	0	0	801	525	923	1171	0	0	0	0
102	0	0	801	525	922	1185	0	0	0	0
103	0	0	803	526	922	1201	0	0	0	0
104	0	0	803	526	919	1218	0	0	0	0
105	0	0	805	526	919	1223	0	0	0	0
106	0	0	805	525	918	1231	0	0	0	0
107	0	0	806	522	916	1273	0	0	0	0
108	0	0	811	522	916	1299	0	0	0	0
109	0	0	811	520	913	1323	0	0	0	0
110	0	0	812	520	911	1339	0	0	0	0
111	0	0	813	521	909	1351	0	0	0	0
112	0	0	813	523	907	1373	0	0	0	0
113	0	0	813	523	905	1413	0	0	0	0
114	0	0	813	523	903	1432	0	0	0	0
115	0	0	814	524	899	1438	0	0	0	0
116	0	0	816	525	896	1438	0	0	0	0
117	0	0	817	526	891	1438	0	0	0	0
118	0	0	820	527	887	1456	0	0	0	0
119	0	0	821	527	884	1462	0	0	0	0
120	0	0	821	528	881	1494	0	0	0	0
121	0	0	820	527	878	1509	0	0	0	0
122	0	0	819	525	877	1538	0	0	0	0
123	0	0	815	523	877	1561	0	0	0	0
124	0	0	813	520	877	1581	0	0	0	0
125	0	0	810	516	879	1587	0	0	0	0
126	0	0	810	515	880	1593	0	0	0	0
127	0	0	810	512	881	1606	0	0	0	0
0	0	0	808	509	881	1612	0	0	0	0
1	0	0	808	507	883	1643	0	0	0	0
2	0	0	809	507	883	1655	0	0	0	0
3	0	0	806	506	884	1666	0	0	0	0
4	0	0	804	505	885	1708	0	0	0	0
5	0	0	807	505	887	1717	0	0	0	0
6	0	0	809	505	887	1735	0	0	0	0
7	0	0	813	506	889	1777	0	0	0	0
8	0	0	817	508	890	1801	0	0	0	0
9	0	0	819	510	892	1832	0	0	0	0
10	0	0	823	512	893	1842	0	0	0	0
11	0	0	826	513	894	1864	0	0	0	0
12	0	0	827	516	896	1883	0	0	0	0
13	0	0	831	517	898	1899	0	0	0	0
14	0	0	829	520	899	1909	0	0	0	0
15	0	0	831	523	898	1909	0	0	0	0
16	0	0	830	525	900	1924	0	0	0	0
17	0	0	830	528	902	1942	0	0	0	0
18	0	0	829	531	903	1963	0	0	0	0
19	0	0	824	531	905	1992	0	0	0	0
20	0	0	824	533	905	1997	0	0	0	0
21	0	0	822	534	906	2024	0	0	0	0
22	0	0	821	534	906	2037	0	0	0	0
23	0	0	818	537	907	2050	0	0	0	0
24	0	0	814	538	908	2054	0	0	0	0
25	0	0	812	539	908	2087	0	0	0	0
26	0	0	807	541	909	2098	0	0	0	0
27	0	0	804	542	909	2105	0	0	0	0
28	0	0	799	544	908	2110	0	0	0	0
29	0	0	796	545	908	2116	0	0	0	0
30	0	0	794	546	907	2113	0	0	0	0
31	0	0	792	547	907	2114	0	0	0	0
32	0	0	788	549	905	2132	0	0	0	0
33	0	0	785	550	904	2144	0	0	0	0
34	0	0	781	553	903	2156	0	0	0	0
35	0	0	780	555	901	2170	0	0	0	0
36	0	0	778	556	900	2182	0	0	0	0
37	0	0	776	557	899	2185	0	0	0	0
38	0	0	774	559	898	2195	0	0	0	0
39	0	0	772	561	897	2227	0	0	0	0
40	0	0	771	563	898	2230	0	0	0	0
41	0	0	772	564	896	2238	0	0	0	0
42	0	0	769	566	897	2245	0	0	0	0
43	0	0	767	568	896	2243	0	0	0	0
44	0	0	765	569	896	2257	0	0	0	0
45	0	0	763	571	897	2252	0	0	0	0
46	0	0	761	572	896	2246	0	0	0	0
47	0	0	759	573	896	2234	0	0	0	0
48	0	0	759	575	896	2203	0	0	0	0
49	0	0	757	576	897	2192	0	0	0	0
50	0	0	755	578	897	2170	0	0	0	0
51	0	0	755	581	898	2144	0	0	0	0
52	0	0	754	584	898	2106	0	0	0	0
53	0	0	754	587	899	2084	0	0	0	0
54	0	0	753	589	899	2053	0	0	0	0
55	0	0	752	593	900	2033	0	0	0	0
56	0	0	753	595	898	1995	0	0	0	0
57	0	0	756	598	898	1983	0	0	0	0
58	0	0	758	601	897	1934	0	0	0	0
59	0	0	760	604	897	1878	0	0	0	0
60	0	0	760	609	895	1847	0	0	0	0
61	0	0	760	611	894	1780	0	0	0	0
62	0	0	762	616	892	1743	0	0	0	0
63	0	0	764	620	891	1705	0	0	0	0
64	0	0	766	623	891	1665	0	0	0	0
65	0	0	770	626	889	1622	0	0	0	0
66	0	0	770	630	888	1550	0	0	0	0
67	0	0	770	633	885	1524	0	0	0	0
68	0	0	769	638	883	1471	0	0	0	0
69	0	0	771	644	879	1421	0	0	0	0
70	0	0	774	650	876	1161	0	0	0	0
71	0	0	775	658	872	1080	0	0	0	0
72	0	0	774	663	867	1002	0	0	0	0
73	0	0	771	670	864	966	0	0	0	0
74	0	0	773	677	861	889	0	0	0	0
75	0	0	774	682	857	777	0	0	0	0
76	0	0	774	687	854	612	0	0	0	0
77	0	0	776	692	851	478	0	0	0	0
78	0	0	775	696	848	411	0	0	0	0
79	0	0	774	701	848	422	0	0	0	0
80	0	0	773	705	843	396	0	0	0	0
81	0	0	773	709	841	395	0	0	0	0
82	0	0	772	711	839	359	0	0	0	0
83	0	0	772	713	838	301	0	0	0	0
84	0	0	770	716	838	272	0	0	0	0
85	0	0	767	719	835	229	0	0	0	0
86	0	0	766	723	835	207	0	0	0	0
87	0	0	764	727	833	150	0	0	0	0
88	0	0	759	729	833	157	0	0	0	0
89	0	0	756	732	830	179	0	0	0	0
90	0	0	754	735	828	153	0	0	0	0
91	0	0	751	738	825	168	0	0	0	0
92	0	0	748	742	824	136	0	0	0	0
93	0	0	745	744	821	151	0	0	0	0
94	0	0	743	747	820	161	0	0	0	0
95	0	0	740	749	817	162	0	0	0	0
96	0	0	740	751	816	164	0	0	0	0
97	0	0	740	752	814	171	0	0	0	0
98	0	0	737	755	812	180	0	0	0	0
99	0	0	734	755	811	157	0	0	0	0
100	0	0	733	758	810	129	0	0	0	0
101	0	0	731	760	808	114	0	0	0	0
102	0	0	730	764	806	123	0	0	0	0
103	0	0	729	767	805	130	0	0	0	0
104	0	0	724	772	804	125	0	0	0	0
105	0	0	723	776	806	157	0	0	0	0
106	0	0	721	780	803	147	0	0	0	0
107	0	0	720	783	804	130	0	0	0	0
108	0	0	717	786	804	118	0	0	0	0
109	0	0	715	791	804	124	0	0	0	0
110	0	0	715	796	803	133	0	0	0	0
111	0	0	715	801	804	111	0	0	0	0
112	0	0	715	807	804	108	0	0	0	0
113	0	0	717	813	803	101	0	0	0	0
114	0	0	718	818	804	99	0	0	0	0
115	0	0	720	824	804	102	0	0	0	0
116	0	0	723	830	806	119	0	0	0	0
117	0	0	727	836	805	137	0	0	0	0
118	0	0	729	839	807	141	0	0	0	0
119	0	0	733	846	807	146	0	0	0	0
120	0	0	736	853	808	147	0	0	0	0
121	0	0	739	857	806	148	0	0	0	0
122	0	0	740	863	807	152	0	0	0	0
123	0	0	739	867	807	160	0	0	0	0
124	0	0	740	869	809	163	0	0	0	0
125	0	0	741	869	810	164	0	0	0	0
126	0	0	740	871	811	173	0	0	0	0
127	0	0	741	875	811	174	0	0	0	0
0	0	0	741	880	811	165	0	0	0	0
1	0	0	742	889	808	154	0	0	0	0
2	0	0	745	904	810	148	0	0	0	0
3	0	0	733	899	804	141	0	0	0	0
4	0	0	743	899	801	113	0	0	0	0
5	0	0	751	898	803	99	0	0	0	0
6	0	0	748	897	804	75	0	0	0	0
7	0	0	746	898	806	119	0	0	0	0
8	0	0	748	900	808	102	0	0	0	0
9	0	0	751	901	808	89	0	0	0	0
10	0	0	754	903	806	79	0	0	0	0
11	0	0	760	905	808	120	0	0	0	0
12	0	0	763	904	813	131	0	0	0	0
13	0	0	763	903	815	133	0	0	0	0
14	0	0	763	903	814	135	0	0	0	0
15	0	0	765	906	813	140	0	0	0	0
16	0	0	763	904	812	140	0	0	0	0
17	0	0	759	903	815	140	0	0	0	0
18	0	0	760	905	815	148	0	0	0	0
19	0	0	760	906	815	150	0	0	0	0
20	0	0	765	906	813	140	0	0	0	0
21	0	0	767	905	813	129	0	0	0	0
22	0	0	765	902	813	123	0	0	0	0
23	0	0	760	900	816	119	0	0	0	0
24	0	0	757	898	815	108	0	0	0	0
25	0	0	754	896	816	99	0	0	0	0
26	0	0	750	895	817	98	0	0	0	0
27	0	0	745	894	818	100	0	0	0	0
28	0	0	739	888	818	101	0	0	0	0
29	0	0	734	887	819	97	0	0	0	0
30	0	0	731	885	821	100	0	0	0	0
31	0	0	728	884	822	108	0	0	0	0
32	0	0	725	882	821	108	0	0	0	0
33	0	0	722	881	821	110	0	0	0	0
34	0	0	722	880	821	114	0	0	0	0
35	0	0	719	879	821	117	0	0	0	0
36	0	0	720	876	818	116	0	0	0	0
37	0	0	717	876	819	118	0	0	0	0
38	0	0	714	877	819	127	0	0	0	0
39	0	0	712	875	817	127	0	0	0	0
40	0	0	711	874	817	117	0	0	0	0
41	0	0	712	871	816	106	0	0	0	0
42	0	0	710	870	817	100	0	0	0	0
43	0	0	710	866	814	90	0	0	0	0
44	0	0	710	864	815	89	0	0	0	0
45	0	0	712	863	812	82	0	0	0	0
46	0	0	716	861	810	79	0	0	0	0
47	0	0	715	860	810	79	0	0	0	0
48	0	0	716	857	807	81	0	0	0	0
49	0	0	718	855	806	77	0	0	0	0
50	0	0	720	851	806	80	0	0	0	0
51	0	0	716	852	802	88	0	0	0	0
52	0	0	716	849	802	97	0	0	0	0
53	0	0	720	847	799	101	0	0	0	0
54	0	0	719	845	797	104	0	0	0	0
55	0	0	720	842	796	106	0	0	0	0
56	0	0	721	841	794	112	0	0	0	0
57	0	0	722	841	793	111	0	0	0	0
58	0	0	724	839	791	122	0	0	0	0
59	0	0	730	840	789	135	0	0	0	0
60	0	0	736	840	787	124	0	0	0	0
61	0	0	742	840	785	108	0	0	0	0
62	0	0	746	839	783	86	0	0	0	0
63	0	0	751	838	779	61	0	0	0	0
64	0	0	755	838	777	51	0	0	0	0
65	0	0	760	836	775	67	0	0	0	0
66	0	0	765	834	773	68	0	0	0	0
67	0	0	767	832	771	74	0	0	0	0
68	0	0	769	830	769	51	0	0	0	0
69	0	0	773	829	768	63	0	0	0	0
70	0	0	774	828	766	63	0	0	0	0
71	0	0	774	824	765	70	0	0	0	0
72	0	0	774	822	764	71	0	0	0	0
73	0	0	776	820	762	76	0	0	0	0
74	0	0	776	818	761	79	0	0	0	0
75	0	0	775	818	761	85	0	0	0	0
76	0	0	774	817	758	105	0	0	0	0
77	0	0	779	816	757	117	0	0	0	0
78	0	0	783	815	755	124	0	0	0	0
79	0	0	785	814	753	118	0	0	0	0
80	0	0	786	813	753	115	0	0	0	0
81	0	0	788	812	752	105	0	0	0	0
82	0	0	789	812	752	104	0	0	0	0
83	0	0	791	811	750	94	0	0	0	0
84	0	0	793	810	750	76	0	0	0	0
85	0	0	794	810	749	73	0	0	0	0
86	0	0	796	808	749	64	0	0	0	0
87	0	0	797	806	747	77	0	0	0	0
88	0	0	797	805	747	79	0	0	0	0
89	0	0	799	803	746	84	0	0	0	0
90	0	0	799	801	747	81	0	0	0	0
91	0	0	798	800	747	92	0	0	0	0
92	0	0	801	799	747	96	0	0	0	0
93	0	0	801	796	748	93	0	0	0	0
94	0	0	800	793	747	105	0	0	0	0
95	0	0	802	789	748	115	0	0	0	0
96	0	0	804	787	748	113	0	0	0	0
97	0	0	804	784	749	120	0	0	0	0
98	0	0	803	781	749	129	0	0	0	0
99	0	0	804	778	750	130	0	0	0	0
100	0	0	804	776	750	121	0	0	0	0
101	0	0	805	774	752	114	0	0	0	0
102	0	0	807	774	752	112	0	0	0	0
103	0	0	806	773	753	109	0	0	0	0
104	0	0	807	771	753	103	0	0	0	0
105	0	0	807	770	756	95	0	0	0	0
106	0	0	808	770	757	93	0	0	0	0
107	0	0	808	768	758	97	0	0	0	0
108	0	0	808	768	758	101	0	0	0	0
109	0	0	809	768	759	99	0	0	0	0
110	0	0	809	768	759	104	0	0	0	0
111	0	0	809	767	758	111	0	0	0	0
112	0	0	809	766	761	113	0	0	0	0
113	0	0	809	765	761	116	0	0	0	0
114	0	0	809	765	762	120	0	0	0	0
115	0	0	808	762	762	125	0	0	0	0
116	0	0	809	763	761	126	0	0	0	0
117	0	0	808	762	762	125	0	0	0	0
118	0	0	808	762	762	135	0	0	0	0
119	0	0	805	761	763	137	0	0	0	0
120	0	0	802	761	764	127	0	0	0	0
121	0	0	802	760	763	119	0	0	0	0
122	0	0	800	760	764	116	0	0	0	0
123	0	0	799	760	764	111	0	0	0	0
124	0	0	798	758	764	103	0	0	0	0
125	0	0	797	757	766	95	0	0	0	0
126	0	0	797	757	765	94	0	0	0	0
127	0	0	799	755	765	98	0	0	0	0
0	0	0	798	754	764	100	0	0	0	0
1	0	0	797	756	766	99	0	0	0	0
2	0	0	795	754	765	105	0	0	0	0
3	0	0	794	753	765	110	0	0	0	0
4	0	0	794	752	764	113	0	0	0	0
5	0	0	795	752	763	116	0	0	0	0
6	0	0	794	754	765	119	0	0	0	0
7	0	0	795	753	765	124	0	0	0	0
8	0	0	794	751	765	124	0	0	0	0
9	0	0	792	752	765	124	0	0	0	0
10	0	0	789	751	765	134	0	0	0	0
11	0	0	790	750	764	136	0	0	0	0
12	0	0	790	751	764	128	0	0	0	0
13	0	0	791	749	764	120	0	0	0	0
14	0	0	792	748	763	117	0	0	0	0
15	0	0	792	746	764	111	0	0	0	0
16	0	0	792	745	763	105	0	0	0	0
17	0	0	791	745	763	96	0	0	0	0
18	0	0	789	747	761	93	0	0	0	0
19	0	0	789	746	762	99	0	0	0	0
20	0	0	790	745	762	98	0	0	0	0
21	0	0	791	744	760	98	0	0	0	0
22	0	0	792	745	760	103	0	0	0	0
23	0	0	794	744	761	110	0	0	0	0
24	0	0	794	744	760	112	0	0	0	0
25	0	0	794	743	759	115	0	0	0	0
26	0	0	793	744	760	118	0	0	0	0
27	0	0	793	747	759	123	0	0	0	0
28	0	0	795	746	759	124	0	0	0	0
29	0	0	795	746	758	124	0	0	0	0
30	0	0	796	746	758	135	0	0	0	0
31	0	0	795	746	758	135	0	0	0	0
32	0	0	795	746	758	127	0	0	0	0
33	0	0	794	745	759	118	0	0	0	0
34	0	0	793	745	759	115	0	0	0	0
35	0	0	794	747	757	110	0	0	0	0
36	0	0	795	749	758	101	0	0	0	0
37	0	0	797	750	758	94	0	0	0	0
38	0	0	798	750	757	92	0	0	0	0
39	0	0	801	752	757	96	0	0	0	0
40	0	0	803	753	757	98	0	0	0	0
41	0	0	804	754	757	98	0	0	0	0
42	0	0	805	755	757	103	0	0	0	0
43	0	0	808	756	757	110	0	0	0	0
44	0	0	807	757	756	110	0	0	0	0
45	0	0	809	757	757	115	0	0	0	0
46	0	0	810	758	757	118	0	0	0	0
47	0	0	811	759	758	122	0	0	0	0
48	0	0	812	760	759	123	0	0	0	0
49	0	0	812	762	758	121	0	0	0	0
50	0	0	814	763	758	132	0	0	0	0
51	0	0	815	764	759	134	0	0	0	0
52	0	0	817	765	760	126	0	0	0	0
53	0	0	816	767	761	118	0	0	0	0
54	0	0	819	768	761	114	0	0	0	0
55	0	0	819	767	761	110	0	0	0	0
56	0	0	819	769	762	102	0	0	0	0
57	0	0	822	769	764	94	0	0	0	0
58	0	0	821	770	764	91	0	0	0	0
59	0	0	822	771	764	96	0	0	0	0
60	0	0	823	772	764	98	0	0	0	0
61	0	0	825	773	766	96	0	0	0	0
62	0	0	826	773	766	103	0	0	0	0
63	0	0	826	773	768	109	0	0	0	0
64	0	0	827	775	769	109	0	0	0	0
65	0	0	827	775	768	113	0	0	0	0
66	0	0	827	776	770	117	0	0	0	0
67	0	0	827	777	772	121	0	0	0	0
68	0	0	829	777	773	122	0	0	0	0
69	0	0	828	778	774	122	0	0	0	0
70	0	0	829	778	775	132	0	0	0	0
71	0	0	829	778	776	135	0	0	0	0
72	0	0	829	780	777	126	0	0	0	0
73	0	0	830	781	778	119	0	0	0	0
74	0	0	830	781	779	116	0	0	0	0
75	0	0	828	783	780	111	0	0	0	0
76	0	0	828	783	781	103	0	0	0	0
77	0	0	828	783	783	97	0	0	0	0
78	0	0	826	783	782	94	0	0	0	0
79	0	0	826	784	783	99	0	0	0	0
80	0	0	827	784	785	100	0	0	0	0
81	0	0	825	785	785	99	0	0	0	0
82	0	0	823	785	785	105	0	0	0	0
83	0	0	823	786	786	111	0	0	0	0
84	0	0	822	786	786	113	0	0	0	0
85	0	0	820	786	786	115	0	0	0	0
86	0	0	820	788	787	117	0	0	0	0
87	0	0	819	789	785	123	0	0	0	0
88	0	0	819	789	787	123	0	0	0	0
89	0	0	819	789	788	122	0	0	0	1
90	0	0	817	790	787	132	0	0	0	0
91	0	0	816	790	787	134	0	0	0	0
92	0	0	815	789	787	125	0	0	0	0
93	0	0	816	788	787	117	0	0	0	0
94	0	0	816	790	786	113	0	0	0	0
95	0	0	815	789	786	108	0	0	0	0
96	0	0	815	789	786	102	0	0	0	0
97	0	0	814	789	787	93	0	0	0	0
98	0	0	815	789	787	91	0	0	0	0
99	0	0	813	789	787	96	0	0	0	0
100	0	0	812	788	787	97	0	0	0	0
101	0	0	811	788	787	97	0	0	0	0
102	0	0	809	789	788	101	0	0	0	0
103	0	0	808	788	788	106	0	0	0	0
104	0	0	808	788	788	108	0	0	0	0
105	0	0	807	789	788	111	0	0	0	0
106	0	0	806	788	789	114	0	0	0	0
107	0	0	805	790	789	118	0	0	0	0
108	0	0	805	787	790	119	0	0	0	0
109	0	0	803	790	790	118	0	0	0	0
110	0	0	804	790	790	127	0	0	0	0
111	0	0	803	791	789	129	0	0	0	0
112	0	0	802	792	790	121	0	0	0	0
113	0	0	802	791	791	114	0	0	0	0
114	0	0	801	792	791	112	0	0	0	0
115	0	0	802	791	790	106	0	0	0	0
116	0	0	802	791	791	99	0	0	0	0
117	0	0	801	791	790	92	0	0	0	0
118	0	0	802	789	790	90	0	0	0	0
119	0	0	802	791	791	94	0	0	0	0
120	0	0	803	790	790	94	0	0	0	0
121	0	0	803	791	790	94	0	0	0	0
122	0	0	804	791	791	100	0	0	0	0
123	0	0	805	789	789	106	0	0	0	0
124	0	0	804	790	789	108	0	0	0	0
125	0	0	803	789	788	110	0	0	0	0
126	0	0	802	789	788	114	0	0	0	0
127	0	0	803	788	788	118	0	0	0	0
0	0	0	799	788	786	117	0	0	0	0
1	0	0	799	788	786	117	0	0	0	0
2	0	0	797	788	785	126	0	0	0	0
3	0	0	796	787	785	128	0	0	0	0
4	0	0	795	786	781	120	0	0	0	0
5	0	0	795	784	782	111	0	0	0	0
6	0	0	794	787	781	110	0	0	0	0
7	0	0	793	786	780	105	0	0	0	0
8	0	0	792	788	778	98	0	0	0	0
9	0	0	793	786	778	92	0	0	0	0
10	0	0	794	788	777	90	0	0	0	0
11	0	0	793	785	775	93	0	0	0	0
12	0	0	794	785	774	95	0	0	0	0
13	0	0	792	784	772	93	0	0	0	0
14	0	0	791	783	770	99	0	0	0	0
15	0	0	793	783	770	104	0	0	0	0
16	0	0	792	783	769	104	0	0	0	0
17	0	0	792	783	767	103	0	0	0	0
18	0	0	793	782	764	100	0	0	0	0
19	0	0	793	782	765	98	0	0	0	0
20	0	0	794	781	764	86	0	0	0	0
21	0	0	793	780	763	84	0	0	0	0
22	0	0	792	779	761	104	0	0	0	0
23	0	0	794	780	760	110	0	0	0	0
24	0	0	795	780	759	102	0	0	0	0
25	0	0	795	779	757	94	0	0	0	0
26	0	0	795	781	757	92	0	0	0	0
27	0	0	796	779	755	93	0	0	0	0
28	0	0	798	780	755	83	0	0	0	0
29	0	0	798	780	754	79	0	0	0	0
30	0	0	798	778	752	79	0	0	0	0
31	0	0	799	779	751	84	0	0	0	0
32	0	0	798	779	750	86	0	0	0	0
33	0	0	799	779	749	85	0	0	0	0
34	0	0	799	779	749	90	0	0	0	0
35	0	0	800	779	749	95	0	0	0	0
36	0	0	801	778	748	94	0	0	0	0
37	0	0	799	777	748	94	0	0	0	0
38	0	0	798	777	748	93	0	0	0	0
39	0	0	799	777	748	90	0	0	0	0
40	0	0	799	778	748	84	0	0	0	0
41	0	0	799	777	749	69	0	0	0	0
42	0	0	798	776	749	52	0	0	0	0
43	0	0	797	777	749	51	0	0	0	0
44	0	0	797	779	749	51	0	0	0	0
45	0	0	795	778	749	43	0	0	0	0
46	0	0	794	777	750	41	0	0	0	0
47	0	0	793	778	751	40	0	0	0	0
48	0	0	793	777	752	33	0	0	0	0
49	0	0	792	777	754	29	0	0	0	0
50	0	0	791	776	758	31	0	0	0	0
51	0	0	789	777	760	36	0	0	0	0
52	0	0	790	778	762	40	0	0	0	0
53	0	0	789	778	765	46	0	0	0	0
54	0	0	788	780	769	54	0	0	0	0
55	0	0	788	783	771	64	0	0	0	0
56	0	0	790	783	773	69	0	0	0	0
57	0	0	796	784	771	70	0	0	0	0
58	0	0	805	786	768	71	0	0	0	0
59	0	0	810	787	764	70	0	0	0	0
60	0	0	811	787	762	68	0	0	0	0
61	0	0	810	785	760	65	0	0	0	0
62	0	0	806	781	760	59	0	0	0	0
63	0	0	804	779	762	38	0	0	0	0
64	0	0	800	775	765	7	0	0	0	0
65	0	0	794	772	768	502	0	0	0	0
66	0	0	791	770	771	679	0	0	0	0
67	0	0	789	770	775	655	0	0	0	0
68	0	0	786	769	780	615	0	0	0	0
69	0	0	782	769	786	753	0	0	0	0
70	0	0	779	769	791	1001	0	0	0	0
71	0	0	772	768	798	1095	0	0	0	0
72	0	0	765	766	805	1115	0	0	0	0
73	0	0	758	763	809	1001	0	0	0	0
74	0	0	753	760	811	987	0	0	0	0
75	0	0	751	758	814	946	0	0	0	0
76	0	0	749	756	814	764	0	0	0	0
77	0	0	751	757	813	625	0	0	0	0
78	0	0	756	761	814	561	0	0	0	0
79	0	0	756	766	817	422	0	0	0	0
80	0	0	750	771	827	381	0	0	0	0
81	0	0	746	775	839	397	0	0	0	0
82	0	0	741	776	861	422	0	0	0	0
83	0	0	719	775	895	407	0	0	0	0
84	0	0	694	779	944	408	0	0	0	0
85	0	0	623	781	1027	436	0	0	0	0
86	0	0	519	767	1128	452	0	0	0	0
87	0	0	414	737	1232	453	0	0	0	0
88	0	0	304	693	1322	477	0	0	0	0
89	0	0	213	649	1357	466	0	0	0	0
90	0	0	201	613	1359	269	0	0	0	0
91	0	0	279	559	1357	150	0	0	0	0
92	0	0	419	502	1335	172	0	0	0	0
93	0	0	565	485	1306	207	0	0	0	0
94	0	0	712	512	1276	297	0	0	0	0
95	0	0	812	569	1253	440	0	0	0	0
96	0	0	874	635	1260	502	0	0	0	0
97	0	0	907	687	1285	537	0	0	0	0
98	0	0	910	705	1333	534	0	0	0	0
99	0	0	885	679	1375	526	0	0	0	0
100	0	0	835	632	1407	414	0	0	0	0
101	0	0	738	596	1440	377	0	0	0	0
102	0	0	596	588	1462	300	0	0	0	0
103	0	0	437	594	1465	197	0	0	0	0
104	0	0	320	599	1422	161	0	0	0	0
105	0	0	258	576	1345	132	0	0	0	0
106	0	0	244	526	1243	169	0	0	0	0
107	0	0	263	459	1127	173	0	0	0	0
108	0	0	324	394	1002	185	0	0	0	0
109	0	0	426	334	890	207	0	0	0	0
110	0	0	736	301	773	290	0	0	0	0
111	0	0	860	244	701	422	0	0	0	0
112	0	0	913	207	624	524	0	0	0	0
113	0	0	979	171	581	581	0	0	0	0
114	0	0	1054	112	548	643	0	0	0	0
115	0	0	1162	77	558	718	0	0	0	0
116	0	0	1220	56	586	763	0	0	0	0
117	0	0	1288	44	604	821	0	0	0	0
118	0	0	1323	37	619	836	0	0	0	0
119	0	0	1335	33	636	887	0	0	0	0
120	0	0	1333	49	675	934	0	0	0	0
121	0	0	1284	73	719	993	0	0	0	0
122	0	0	1212	100	770	1081	0	0	0	0
123	0	0	1154	138	781	1176	0	0	0	0
124	0	0	1139	185	769	1290	0	0	0	0
125	0	0	1163	233	752	1385	0	0	0	0
126	0	0	1189	285	740	1378	0	0	0	0
127	0	0	1209	331	726	1387	0	0	0	0
0	0	0	1206	374	722	1428	0	0	0	0
1	0	0	1191	407	724	1475	0	0	0	0
2	0	0	1175	427	731	1536	0	0	0	0
3	0	0	1150	439	741	1573	0	0	0	0
4	0	0	1135	431	755	1588	0	0	0	0
5	0	0	1119	419	770	1611	0	0	0	0
6	0	0	1109	400	786	1628	0	0	0	0
7	0	0	1095	381	803	1658	0	0	0	0
8	0	0	1079	362	820	1667	0	0	0	0
9	0	0	1053	333	839	1669	0	0	0	0
10	0	0	1026	299	854	1708	0	0	0	0
11	0	0	996	262	866	1764	0	0	0	0
12	0	0	967	227	883	1788	0	0	0	0
13	0	0	940	191	903	1791	0	0	0	0
14	0	0	922	160	920	1809	0	0	0	0
15	0	0	912	134	929	1854	0	0	0	0
16	0	0	911	107	936	1866	0	0	0	0
17	0	0	917	86	946	1865	0	0	0	0
18	0	0	920	69	951	1887	0	0	0	0
19	0	0	930	59	955	1920	0	0	0	0
20	0	0	938	53	958	1919	0	0	0	0
21	0	0	945	53	957	1929	0	0	0	0
22	0	0	945	63	952	1921	0	0	0	0
23	0	0	945	75	949	1915	0	0	0	0
24	0	0	945	90	946	1930	0	0	0	0
25	0	0	943	104	943	1937	0	0	0	0
26	0	0	943	119	944	1934	0	0	0	0
27	0	0	942	138	946	1934	0	0	0	0
28	0	0	939	158	945	1918	0	0	0	0
29	0	0	942	182	945	1909	0	0	0	0
30	0	0	946	202	943	1904	0	0	0	0
31	0	0	953	223	940	1901	0	0	0	0
32	0	0	961	245	939	1899	0	0	0	0
33	0	0	969	264	937	1898	0	0	0	0
34	0	0	979	283	938	1898	0	0	0	0
35	0	0	985	302	937	1896	0	0	0	0
36	0	0	991	321	937	1899	0	0	0	0
37	0	0	995	340	938	1897	0	0	0	0
38	0	0	993	358	938	1892	0	0	0	0
39	0	0	990	377	938	1888	0	0	0	0
40	0	0	984	395	937	1891	0	0	0	0
41	0	0	976	412	935	1892	0	0	0	0
42	0	0	967	428	931	1889	0	0	0	0
43	0	0	956	442	926	1893	0	0	0	0
44	0	0	946	455	918	1896	0	0	0	0
45	0	0	939	466	910	1896	0	0	0	0
46	0	0	932	476	899	1897	0	0	0	0
47	0	0	925	485	890	1898	0	0	0	0
48	0	0	921	492	878	1897	0	0	0	0
49	0	0	918	501	866	1899	0	0	0	0
50	0	0	916	509	855	1903	0	0	0	0
51	0	0	916	519	844	1903	0	0	0	0
52	0	0	918	525	834	1891	0	0	0	0
53	0	0	920	534	823	1890	0	0	0	0
54	0	0	923	541	815	1895	0	0	0	0
55	0	0	926	550	805	1889	0	0	0	0
56	0	0	929	559	797	1882	0	0	0	0
57	0	0	933	567	789	1878	0	0	0	0
58	0	0	934	574	783	1872	0	0	0	0
59	0	0	936	582	778	1869	0	0	0	0
60	0	0	935	589	775	1862	0	0	0	0
61	0	0	933	596	770	1858	0	0	0	0
62	0	0	932	603	769	1844	0	0	0	0
63	0	0	929	610	765	1834	0	0	0	0
64	0	0	925	615	763	1811	0	0	0	0
65	0	0	921	621	763	1804	0	0	0	0
66	0	0	915	624	764	1802	0	0	0	0
67	0	0	908	629	767	1795	0	0	0	0
68	0	0	901	634	768	1794	0	0	0	0
69	0	0	894	637	769	1785	0	0	0	0
70	0	0	887	639	772	1777	0	0	0	0
71	0	0	882	643	774	1767	0	0	0	0
72	0	0	878	645	777	1766	0	0	0	0
73	0	0	873	646	779	1765	0	0	0	0
74	0	0	868	648	779	1768	0	0	0	0
75	0	0	868	652	780	1767	0	0	0	0
76	0	0	867	651	779	1765	0	0	0	0
77	0	0	866	651	781	1763	0	0	0	0
78	0	0	864	653	782	1769	0	0	0	0
79	0	0	864	656	783	1758	0	0	0	0
80	0	0	862	654	783	1746	0	0	0	0
81	0	0	863	651	784	1741	0	0	0	0
82	0	0	862	651	785	1738	0	0	0	0
83	0	0	861	648	785	1732	0	0	0	0
84	0	0	860	644	787	1726	0	0	0	0
85	0	0	864	642	789	1721	0	0	0	0
86	0	0	858	639	790	1712	0	0	0	0
87	0	0	861	641	789	1709	0	0	0	0
88	0	0	860	634	792	1700	0	0	0	0
89	0	0	854	637	797	1696	0	0	0	0
90	0	0	855	625	798	1698	0	0	0	0
91	0	0	858	625	801	1695	0	0	0	0
92	0	0	858	621	804	1691	0	0	0	0
93	0	0	857	619	809	1685	0	0	0	0
94	0	0	862	614	809	1675	0	0	0	0
95	0	0	867	607	809	1662	0	0	0	0
96	0	0	870	602	811	1650	0	0	0	0
97	0	0	871	593	816	1643	0	0	0	0
98	0	0	871	584	820	1635	0	0	0	0
99	0	0	873	579	823	1631	0	0	0	0
100	0	0	876	574	826	1624	0	0	0	0
101	0	0	878	568	830	1616	0	0	0	0
102	0	0	881	563	833	1617	0	0	0	0
103	0	0	883	556	838	1613	0	0	0	0
104	0	0	885	552	841	1610	0	0	0	0
105	0	0	885	554	846	1608	0	0	0	0
106	0	0	884	541	849	1607	0	0	0	0
107	0	0	885	539	850	1608	0	0	0	0
108	0	0	881	536	855	1602	0	0	0	0
109	0	0	876	535	856	1598	0	0	0	0
110	0	0	872	538	859	1595	0	0	0	0
111	0	0	866	534	860	1592	0	0	0	0
112	0	0	858	532	863	1579	0	0	0	0
113	0	0	853	533	864	1571	0	0	0	0
114	0	0	848	535	864	1559	0	0	0	0
115	0	0	844	534	866	1544	0	0	0	0
116	0	0	843	532	866	1543	0	0	0	0
117	0	0	838	529	869	1527	0	0	0	0
118	0	0	835	526	871	1521	0	0	0	0
119	0	0	832	528	872	1520	0	0	0	0
120	0	0	827	525	872	1513	0	0	0	0
121	0	0	827	527	873	1523	0	0	0	0
122	0	0	824	529	872	1524	0	0	0	0
123	0	0	827	537	871	1524	0	0	0	0
124	0	0	825	531	867	1522	0	0	0	0
125	0	0	821	532	872	1520	0	0	0	0
126	0	0	819	531	872	1517	0	0	0	0
127	0	0	823	537	870	1517	0	0	0	0
0	0	0	821	542	870	1515	0	0	0	0
1	0	0	820	540	872	1494	0	0	0	0
2	0	0	820	538	873	1482	0	0	0	0
3	0	0	820	539	874	1466	0	0	0	0
4	0	0	820	541	876	1486	0	0	0	0
5	0	0	818	545	877	1483	0	0	0	0
6	0	0	818	548	877	1474	0	0	0	0
7	0	0	816	551	878	1462	0	0	0	0
8	0	0	817	554	879	1457	0	0	0	0
9	0	0	817	557	879	1425	0	0	0	0
10	0	0	815	558	879	1410	0	0	0	0
11	0	0	815	559	879	1396	0	0	0	0
12	0	0	812	562	880	1387	0	0	0	0
13	0	0	812	565	880	1394	0	0	0	0
14	0	0	811	568	880	1365	0	0	0	0
15	0	0	810	572	879	1341	0	0	0	0
16	0	0	810	577	879	1321	0	0	0	0
17	0	0	810	580	877	1283	0	0	0	0
18	0	0	811	583	877	1251	0	0	0	0
19	0	0	812	587	876	1237	0	0	0	0
20	0	0	812	590	875	1228	0	0	0	0
21	0	0	813	595	874	1210	0	0	0	0
22	0	0	815	599	872	1194	0	0	0	0
23	0	0	816	604	870	1184	0	0	0	0
24	0	0	817	606	868	1186	0	0	0	0
25	0	0	817	608	868	1146	0	0	0	0
26	0	0	819	613	866	1132	0	0	0	0
27	0	0	820	618	865	1092	0	0	0	0
28	0	0	821	620	864	1025	0	0	0	0
29	0	0	823	629	861	992	0	0	0	0
30	0	0	822	635	860	979	0	0	0	0
31	0	0	822	640	856	982	0	0	0	0
32	0	0	822	647	856	961	0	0	0	0
33	0	0	823	653	854	963	0	0	0	0
34	0	0	823	660	850	954	0	0	0	0
35	0	0	824	664	849	943	0	0	0	0
36	0	0	823	670	846	938	0	0	0	0
37	0	0	825	677	843	921	0	0	0	0
38	0	0	826	684	839	909	0	0	0	0
39	0	0	826	689	837	883	0	0	0	0
40	0	0	825	694	835	837	0	0	0	0
41	0	0	823	697	833	828	0	0	0	0
42	0	0	823	701	829	827	0	0	0	0
43	0	0	823	705	827	814	0	0	0	0
44	0	0	823	709	825	769	0	0	0	0
45	0	0	821	713	822	741	0	0	0	0
46	0	0	821	717	821	718	0	0	0	0
47	0	0	822	721	818	661	0	0	0	0
48	0	0	823	724	816	629	0	0	0	0
49	0	0	822	728	814	634	0	0	0	0
50	0	0	823	732	812	622	0	0	0	0
51	0	0	823	734	811	625	0	0	0	0
52	0	0	824	735	811	620	0	0	0	0
53	0	0	825	738	808	599	0	0	0	0
54	0	0	825	740	806	602	0	0	0	0
55	0	0	826	741	805	583	0	0	0	0
56	0	0	826	743	803	576	0	0	0	0
57	0	0	827	743	801	584	0	0	0	0
58	0	0	826	746	800	557	0	0	0	0
59	0	0	828	747	798	532	0	0	0	0
60	0	0	828	747	797	566	0	0	0	0
61	0	0	829	749	796	567	0	0	0	0
62	0	0	830	750	796	561	0	0	0	0
63	0	0	829	749	795	537	0	0	0	0
64	0	0	830	750	793	533	0	0	0	0
65	0	0	829	749	793	515	0	0	0	0
66	0	0	827	748	792	492	0	0	0	0
67	0	0	828	748	793	467	0	0	0	0
68	0	0	829	749	794	447	0	0	0	0
69	0	0	829	749	791	420	0	0	0	0
70	0	0	828	750	791	427	0	0	0	0
71	0	0	828	749	791	379	0	0	0	0
72	0	0	828	748	791	347	0	0	0	0
73	0	0	829	748	791	321	0	0	0	0
74	0	0	830	748	790	291	0	0	0	0
75	0	0	830	747	791	286	0	0	0	0
76	0	0	830	746	792	278	0	0	0	0
77	0	0	830	744	791	285	0	0	0	0
78	0	0	829	744	791	295	0	0	0	0
79	0	0	829	745	790	306	0	0	0	0
80	0	0	828	744	791	303	0	0	0	0
81	0	0	828	743	791	305	0	0	0	0
82	0	0	828	742	790	304	0	0	0	0
83	0	0	829	740	791	294	0	0	0	0
84	0	0	828	741	789	260	0	0	0	0
85	0	0	829	741	790	267	0	0	0	0
86	0	0	827	741	788	260	0	0	0	0
87	0	0	827	740	788	233	0	0	0	0
88	0	0	826	739	788	229	0	0	0	0
89	0	0	825	739	787	224	0	0	0	0
90	0	0	824	739	787	218	0	0	0	0
91	0	0	825	738	786	190	0	0	0	0
92	0	0	823	738	786	158	0	0	0	0
93	0	0	822	737	786	113	0	0	0	0
94	0	0	820	736	785	86	0	0	0	0
95	0	0	819	735	784	89	0	0	0	0
96	0	0	820	734	783	86	0	0	0	0
97	0	0	818	734	784	93	0	0	0	0
98	0	0	818	733	782	95	0	0	0	0
99	0	0	816	733	783	77	0	0	0	0
100	0	0	815	733	783	69	0	0	0	0
101	0	0	815	733	783	75	0	0	0	0
102	0	0	815	732	783	78	0	0	0	0
103	0	0	812	732	784	80	0	0	0	0
104	0	0	811	732	783	81	0	0	0	0
105	0	0	807	731	785	78	0	0	0	0
106	0	0	809	732	785	88	0	0	0	0
107	0	0	807	731	785	93	0	0	0	0
108	0	0	804	731	786	84	0	0	0	0
109	0	0	803	730	785	85	0	0	0	0
110	0	0	802	730	787	80	0	0	0	0
111	0	0	800	729	787	78	0	0	0	0
112	0	0	799	728	787	74	0	0	0	0
113	0	0	799	727	788	67	0	0	0	0
114	0	0	798	726	788	68	0	0	0	0
115	0	0	798	724	789	72	0	0	0	0
116	0	0	797	724	788	75	0	0	0	0
117	0	0	797	723	788	75	0	0	0	0
118	0	0	797	723	788	77	0	0	0	0
119	0	0	795	721	788	81	0	0	0	0
120	0	0	795	721	788	82	0	0	0	0
121	0	0	796	720	789	85	0	0	0	0
122	0	0	793	720	788	88	0	0	0	0
123	0	0	793	718	789	89	0	0	0	0
124	0	0	792	718	788	91	0	0	0	0
125	0	0	792	717	788	90	0	0	0	0
126	0	0	793	716	789	95	0	0	0	0
127	0	0	792	713	789	96	0	0	0	0
0	0	0	791	711	787	90	0	0	0	0
1	0	0	790	713	790	84	0	0	0	0
2	0	0	793	712	788	82	0	0	0	0
3	0	0	789	710	792	78	0	0	0	0
4	0	0	794	714	790	77	0	0	0	0
5	0	0	793	709	790	116	0	0	0	0
6	0	0	793	706	792	129	0	0	0	0
7	0	0	792	703	792	159	0	0	0	0
8	0	0	792	699	794	162	0	0	0	0
9	0	0	792	701	794	160	0	0	0	0
10	0	0	793	700	794	162	0	0	0	0
11	0	0	794	699	795	162	0	0	0	0
12	0	0	796	700	794	159	0	0	0	0
13	0	0	799	698	795	149	0	0	0	0
14	0	0	797	697	796	142	0	0	0	0
15	0	0	797	695	798	144	0	0	0	0
16	0	0	797	693	799	151	0	0	0	0
17	0	0	798	693	800	134	0	0	0	0
18	0	0	799	692	800	152	0	0	0	0
19	0	0	799	690	801	142	0	0	0	0
20	0	0	799	687	802	129	0	0	0	0
21	0	0	800	685	803	125	0	0	0	0
22	0	0	800	682	803	114	0	0	0	0
23	0	0	802	680	803	106	0	0	0	0
24	0	0	802	676	804	97	0	0	0	0
25	0	0	804	676	803	92	0	0	0	0
26	0	0	803	673	804	95	0	0	0	0
27	0	0	802	671	804	107	0	0	0	0
28	0	0	803	673	804	111	0	0	0	0
29	0	0	803	670	804	108	0	0	0	0
30	0	0	803	668	806	116	0	0	0	0
31	0	0	803	665	805	108	0	0	0	0
32	0	0	802	661	804	101	0	0	0	0
33	0	0	803	662	807	117	0	0	0	0
34	0	0	804	659	806	119	0	0	0	0
35	0	0	804	659	805	122	0	0	0	0
36	0	0	805	660	805	130	0	0	0	0
37	0	0	805	659	805	134	0	0	0	0
38	0	0	806	658	805	143	0	0	0	0
39	0	0	806	656	805	147	0	0	0	0
40	0	0	806	653	805	141	0	0	0	0
41	0	0	804	652	806	131	0	0	0	0
42	0	0	803	649	805	130	0	0	0	0
43	0	0	803	650	805	123	0	0	0	0
44	0	0	803	648	806	116	0	0	0	0
45	0	0	803	649	805	111	0	0	0	0
46	0	0	803	648	806	106	0	0	0	0
47	0	0	803	648	806	111	0	0	0	0
48	0	0	804	647	807	113	0	0	0	0
49	0	0	803	646	806	112	0	0	0	0
50	0	0	804	646	806	114	0	0	0	0
51	0	0	805	646	807	118	0	0	0	0
52	0	0	804	644	806	120	0	0	0	0
53	0	0	804	643	806	122	0	0	0	0
54	0	0	804	641	806	123	0	0	0	0
55	0	0	804	641	806	133	0	0	0	0
56	0	0	805	641	807	164	0	0	0	0
57	0	0	805	637	807	171	0	0	0	0
58	0	0	805	636	807	173	0	0	0	0
59	0	0	805	634	807	179	0	0	0	0
60	0	0	806	632	808	170	0	0	0	0
61	0	0	807	631	806	168	0	0	0	0
62	0	0	808	629	808	162	0	0	0	0
63	0	0	808	627	808	163	0	0	0	0
64	0	0	809	624	809	160	0	0	0	0
65	0	0	810	623	809	157	0	0	0	0
66	0	0	811	623	809	157	0	0	0	0
67	0	0	811	622	810	161	0	0	0	0
68	0	0	812	622	810	163	0	0	0	0
69	0	0	814	620	812	169	0	0	0	0
70	0	0	815	620	812	168	0	0	0	0
71	0	0	817	620	812	173	0	0	0	0
72	0	0	818	618	813	176	0	0	0	0
73	0	0	819	618	814	184	0	0	0	0
74	0	0	821	617	815	194	0	0	0	0
75	0	0	821	619	816	255	0	0	0	0
