# bioPlux Text File Format
# Version: 1
# StartDateTime: 2012-03-21 16:13:06
# SamplingFrequency: 1000
# SampledChannels: 1 2 3 4 5 6 7 8
# SamplingResolution: 12
# AcquiringDevice: 00:07:80:93:66:BE
# EndOfHeader
0	0	0	798	690	810	354	0	0	0	0
1	0	0	797	690	810	354	0	0	0	0
2	0	0	797	689	811	352	0	0	0	0
3	0	0	796	689	811	351	0	0	0	0
4	0	0	796	689	811	354	0	0	0	0
5	0	0	796	689	812	356	0	0	0	0
6	0	0	796	687	812	359	0	0	0	0
7	0	0	795	687	812	361	0	0	0	0
8	0	0	794	687	813	369	0	0	0	0
9	0	0	793	687	813	369	0	0	0	0
10	0	0	792	687	814	375	0	0	0	0
11	0	0	791	686	815	377	0	0	0	0
12	0	0	790	684	816	379	0	0	0	0
13	0	0	790	684	816	381	0	0	0	0
14	0	0	789	683	816	384	0	0	0	0
15	0	0	787	684	817	395	0	0	0	0
16	0	0	787	684	817	404	0	0	0	0
17	0	0	786	682	818	405	0	0	0	0
18	0	0	785	683	818	408	0	0	0	0
19	0	0	784	683	818	408	0	0	0	0
20	0	0	782	684	818	405	0	0	0	0
21	0	0	781	683	819	404	0	0	0	0
22	0	0	781	683	819	404	0	0	0	0
23	0	0	780	683	819	408	0	0	0	0
24	0	0	780	683	819	406	0	0	0	0
25	0	0	780	684	819	409	0	0	0	0
26	0	0	779	684	818	421	0	0	0	0
27	0	0	780	684	818	426	0	0	0	0
28	0	0	779	683	817	422	0	0	0	0
29	0	0	779	683	817	431	0	0	0	0
30	0	0	780	682	817	447	0	0	0	0
31	0	0	780	681	815	444	0	0	0	0
32	0	0	780	681	815	422	0	0	0	0
33	0	0	780	682	815	421	0	0	0	0
34	0	0	779	682	813	430	0	0	0	0
35	0	0	779	681	813	428	0	0	0	0
36	0	0	780	681	812	429	0	0	0	0
37	0	0	781	681	811	433	0	0	0	0
38	0	0	779	681	810	440	0	0	0	0
39	0	0	779	681	809	442	0	0	0	0
40	0	0	780	679	808	440	0	0	0	0
41	0	0	781	681	808	452	0	0	0	0
42	0	0	780	679	808	457	0	0	0	0
43	0	0	781	680	807	459	0	0	0	0
44	0	0	781	679	806	465	0	0	0	0
45	0	0	781	675	806	477	0	0	0	0
46	0	0	781	678	805	472	0	0	0	0
47	0	0	780	677	804	482	0	0	0	0
48	0	0	780	676	804	488	0	0	0	0
49	0	0	780	677	803	485	0	0	0	0
50	0	0	780	676	803	492	0	0	0	0
51	0	0	781	675	804	502	0	0	0	0
52	0	0	780	673	803	506	0	0	0	0
53	0	0	781	673	804	503	0	0	0	0
54	0	0	780	672	804	507	0	0	0	0
55	0	0	780	671	805	502	0	0	0	0
56	0	0	779	671	804	495	0	0	0	0
57	0	0	779	671	804	491	0	0	0	0
58	0	0	778	670	804	493	0	0	0	0
59	0	0	778	670	805	487	0	0	0	0
60	0	0	779	669	807	485	0	0	0	0
61	0	0	777	670	806	485	0	0	0	0
62	0	0	776	669	806	489	0	0	0	0
63	0	0	777	670	806	493	0	0	0	0
64	0	0	776	671	806	498	0	0	0	0
65	0	0	775	669	806	500	0	0	0	0
66	0	0	775	671	807	512	0	0	0	0
67	0	0	773	670	808	530	0	0	0	0
68	0	0	772	670	809	535	0	0	0	0
69	0	0	770	670	809	546	0	0	0	0
70	0	0	770	669	811	550	0	0	0	0
71	0	0	769	670	810	558	0	0	0	0
72	0	0	769	669	811	561	0	0	0	0
73	0	0	768	669	813	565	0	0	0	0
74	0	0	768	671	813	577	0	0	0	0
75	0	0	766	671	813	563	0	0	0	0
76	0	0	766	670	815	568	0	0	0	0
77	0	0	766	669	815	568	0	0	0	0
78	0	0	766	670	816	583	0	0	0	0
79	0	0	766	669	817	580	0	0	0	0
80	0	0	766	669	817	579	0	0	0	0
81	0	0	765	671	818	587	0	0	0	0
82	0	0	766	671	820	588	0	0	0	0
83	0	0	765	671	820	594	0	0	0	0
84	0	0	766	670	821	598	0	0	0	0
85	0	0	767	670	823	600	0	0	0	0
86	0	0	768	669	822	604	0	0	0	0
87	0	0	770	669	824	611	0	0	0	0
88	0	0	769	667	824	611	0	0	0	0
89	0	0	768	667	826	613	0	0	0	0
90	0	0	769	667	826	619	0	0	0	0
91	0	0	770	666	828	632	0	0	0	0
92	0	0	770	666	828	638	0	0	0	0
93	0	0	769	665	828	635	0	0	0	0
94	0	0	769	665	831	651	0	0	0	0
95	0	0	769	663	834	655	0	0	0	0
96	0	0	769	663	832	653	0	0	0	0
97	0	0	770	662	834	662	0	0	0	0
98	0	0	768	661	835	673	0	0	0	0
99	0	0	770	659	837	685	0	0	0	0
100	0	0	770	658	837	692	0	0	0	0
101	0	0	770	657	837	707	0	0	0	0
102	0	0	772	657	838	711	0	0	0	0
103	0	0	771	657	840	719	0	0	0	0
104	0	0	772	657	840	726	0	0	0	0
105	0	0	773	659	841	722	0	0	0	0
106	0	0	773	657	843	735	0	0	0	0
107	0	0	774	656	844	745	0	0	0	0
108	0	0	774	657	844	754	0	0	0	0
109	0	0	773	658	845	745	0	0	0	0
110	0	0	774	657	846	782	0	0	0	0
111	0	0	774	657	847	810	0	0	0	0
112	0	0	774	655	847	824	0	0	0	0
113	0	0	774	654	847	826	0	0	0	0
114	0	0	773	654	848	830	0	0	0	0
115	0	0	774	653	846	848	0	0	0	0
116	0	0	775	653	848	852	0	0	0	0
117	0	0	775	653	849	849	0	0	0	0
118	0	0	774	651	848	857	0	0	0	0
119	0	0	772	652	848	867	0	0	0	0
120	0	0	775	650	846	865	0	0	0	0
121	0	0	776	650	848	866	0	0	0	0
122	0	0	774	650	848	874	0	0	0	0
123	0	0	775	649	849	880	0	0	0	0
124	0	0	776	649	849	880	0	0	0	0
125	0	0	775	648	849	879	0	0	0	0
126	0	0	774	647	849	903	0	0	0	0
127	0	0	773	645	849	910	0	0	0	0
0	0	0	772	645	849	925	0	0	0	0
1	0	0	774	644	850	925	0	0	0	0
2	0	0	771	644	849	941	0	0	0	0
3	0	0	769	641	849	949	0	0	0	0
4	0	0	769	641	849	975	0	0	0	0
5	0	0	769	641	850	999	0	0	0	0
6	0	0	768	639	849	1013	0	0	0	0
7	0	0	766	640	849	1044	0	0	0	0
8	0	0	766	639	850	1068	0	0	0	0
9	0	0	765	638	850	1072	0	0	0	0
10	0	0	766	638	849	1091	0	0	0	0
11	0	0	765	637	850	1102	0	0	0	0
12	0	0	762	636	849	1101	0	0	0	0
13	0	0	763	635	850	1110	0	0	0	0
14	0	0	762	634	850	1124	0	0	0	0
15	0	0	761	633	850	1139	0	0	0	0
16	0	0	762	632	851	1151	0	0	0	0
17	0	0	761	630	850	1158	0	0	0	0
18	0	0	763	628	852	1170	0	0	0	0
19	0	0	763	624	851	1178	0	0	0	0
20	0	0	763	624	852	1182	0	0	0	0
21	0	0	766	622	855	1202	0	0	0	0
22	0	0	768	617	855	1206	0	0	0	0
23	0	0	770	616	854	1219	0	0	0	0
24	0	0	767	615	853	1221	0	0	0	0
25	0	0	766	614	853	1231	0	0	0	0
26	0	0	764	613	851	1237	0	0	0	0
27	0	0	762	612	851	1249	0	0	0	0
28	0	0	760	613	851	1255	0	0	0	0
29	0	0	757	612	849	1260	0	0	0	0
30	0	0	757	613	850	1272	0	0	0	0
31	0	0	755	615	850	1287	0	0	0	0
32	0	0	755	616	849	1290	0	0	0	0
33	0	0	755	617	849	1317	0	0	0	0
34	0	0	756	617	849	1339	0	0	0	0
35	0	0	756	617	849	1358	0	0	0	0
36	0	0	758	618	849	1381	0	0	0	0
37	0	0	759	619	847	1384	0	0	0	0
38	0	0	759	620	849	1393	0	0	0	0
39	0	0	757	621	849	1389	0	0	0	0
40	0	0	756	621	848	1391	0	0	0	0
41	0	0	758	622	847	1402	0	0	0	0
42	0	0	756	623	846	1403	0	0	0	0
43	0	0	755	624	848	1411	0	0	0	0
44	0	0	754	623	846	1414	0	0	0	0
45	0	0	753	623	847	1419	0	0	0	0
46	0	0	754	621	844	1418	0	0	0	0
47	0	0	752	621	845	1410	0	0	0	0
48	0	0	752	622	845	1405	0	0	0	0
49	0	0	752	622	844	1406	0	0	0	0
50	0	0	750	621	843	1420	0	0	0	0
51	0	0	751	620	842	1435	0	0	0	0
52	0	0	751	621	841	1440	0	0	0	0
53	0	0	750	620	842	1450	0	0	0	0
54	0	0	750	618	841	1459	0	0	0	0
55	0	0	752	618	840	1462	0	0	0	0
56	0	0	755	616	840	1476	0	0	0	0
57	0	0	754	615	839	1490	0	0	0	0
58	0	0	755	614	839	1500	0	0	0	0
59	0	0	754	612	839	1500	0	0	0	0
60	0	0	753	611	839	1501	0	0	0	0
61	0	0	753	609	839	1506	0	0	0	0
62	0	0	754	608	839	1532	0	0	0	0
63	0	0	754	608	840	1546	0	0	0	0
64	0	0	753	605	840	1551	0	0	0	0
65	0	0	753	604	840	1558	0	0	0	0
66	0	0	750	604	841	1566	0	0	0	0
67	0	0	750	601	842	1571	0	0	0	0
68	0	0	750	600	841	1595	0	0	0	0
69	0	0	750	598	842	1598	0	0	0	0
70	0	0	750	598	843	1594	0	0	0	0
71	0	0	749	596	844	1603	0	0	0	0
72	0	0	748	595	844	1588	0	0	0	0
73	0	0	747	595	842	1578	0	0	0	0
74	0	0	749	594	841	1586	0	0	0	0
75	0	0	749	595	841	1596	0	0	0	0
76	0	0	749	593	842	1614	0	0	0	0
77	0	0	750	592	842	1624	0	0	0	0
78	0	0	751	591	843	1629	0	0	0	0
79	0	0	750	593	842	1633	0	0	0	0
80	0	0	749	590	842	1635	0	0	0	0
81	0	0	749	589	842	1629	0	0	0	0
82	0	0	748	589	843	1620	0	0	0	0
83	0	0	747	590	843	1633	0	0	0	0
84	0	0	746	590	842	1640	0	0	0	0
85	0	0	747	590	843	1642	0	0	0	0
86	0	0	748	587	843	1652	0	0	0	0
87	0	0	747	587	844	1659	0	0	0	0
88	0	0	746	586	845	1664	0	0	0	0
89	0	0	748	586	844	1668	0	0	0	0
90	0	0	750	585	845	1673	0	0	0	0
91	0	0	749	583	845	1672	0	0	0	0
92	0	0	750	581	845	1674	0	0	0	0
93	0	0	751	580	846	1682	0	0	0	0
94	0	0	751	577	846	1696	0	0	0	0
95	0	0	750	575	847	1697	0	0	0	0
96	0	0	750	573	848	1722	0	0	0	0
97	0	0	748	569	848	1735	0	0	0	0
98	0	0	749	567	849	1740	0	0	0	0
99	0	0	746	565	850	1737	0	0	0	0
100	0	0	746	563	852	1745	0	0	0	0
101	0	0	746	560	854	1769	0	0	0	0
102	0	0	744	559	854	1769	0	0	0	0
103	0	0	744	557	856	1771	0	0	0	0
104	0	0	743	555	856	1767	0	0	0	0
105	0	0	742	552	856	1775	0	0	0	0
106	0	0	740	550	857	1783	0	0	0	0
107	0	0	741	550	857	1782	0	0	0	0
108	0	0	741	548	857	1783	0	0	0	0
109	0	0	740	546	858	1787	0	0	0	0
110	0	0	738	544	857	1787	0	0	0	0
111	0	0	739	543	858	1786	0	0	0	0
112	0	0	738	543	856	1786	0	0	0	0
113	0	0	738	541	857	1787	0	0	0	0
114	0	0	738	540	856	1789	0	0	0	0
115	0	0	739	539	854	1795	0	0	0	0
116	0	0	737	538	854	1803	0	0	0	0
117	0	0	737	538	853	1807	0	0	0	0
118	0	0	740	536	852	1810	0	0	0	0
119	0	0	739	536	850	1814	0	0	0	0
120	0	0	741	538	850	1815	0	0	0	0
121	0	0	741	535	848	1815	0	0	0	0
122	0	0	741	535	847	1817	0	0	0	0
123	0	0	742	536	847	1819	0	0	0	0
124	0	0	740	536	846	1821	0	0	0	0
125	0	0	742	536	846	1826	0	0	0	0
126	0	0	742	534	843	1830	0	0	0	0
127	0	0	743	535	842	1827	0	0	0	0
0	0	0	744	535	841	1831	0	0	0	0
1	0	0	743	536	840	1828	0	0	0	0
2	0	0	744	537	840	1825	0	0	0	0
3	0	0	742	536	838	1818	0	0	0	0
4	0	0	743	540	837	1818	0	0	0	0
5	0	0	746	541	836	1823	0	0	0	0
6	0	0	745	542	836	1826	0	0	0	0
7	0	0	748	544	835	1831	0	0	0	0
8	0	0	747	545	835	1833	0	0	0	0
9	0	0	747	546	834	1837	0	0	0	0
10	0	0	747	547	835	1840	0	0	0	0
11	0	0	747	547	835	1843	0	0	0	0
12	0	0	747	546	835	1847	0	0	0	0
13	0	0	747	546	836	1855	0	0	0	0
14	0	0	747	545	836	1861	0	0	0	0
15	0	0	747	545	838	1870	0	0	0	0
16	0	0	747	544	838	1875	0	0	0	0
17	0	0	747	544	839	1884	0	0	0	0
18	0	0	747	543	840	1891	0	0	0	0
19	0	0	748	542	841	1896	0	0	0	0
20	0	0	749	540	841	1900	0	0	0	0
21	0	0	749	539	842	1908	0	0	0	0
22	0	0	750	538	843	1914	0	0	0	0
23	0	0	750	537	843	1915	0	0	0	0
24	0	0	751	536	845	1918	0	0	0	0
25	0	0	751	535	844	1919	0	0	0	0
26	0	0	750	534	845	1920	0	0	0	0
27	0	0	750	534	846	1924	0	0	0	0
28	0	0	750	532	845	1941	0	0	0	0
29	0	0	750	531	845	1951	0	0	0	0
30	0	0	750	530	846	1959	0	0	0	0
31	0	0	749	529	847	1960	0	0	0	0
32	0	0	749	528	847	1965	0	0	0	0
33	0	0	748	527	848	1964	0	0	0	0
34	0	0	748	525	849	1970	0	0	0	0
35	0	0	748	525	851	1972	0	0	0	0
36	0	0	749	524	852	1977	0	0	0	0
37	0	0	747	523	851	1984	0	0	0	0
38	0	0	747	522	852	1986	0	0	0	0
39	0	0	749	522	853	1992	0	0	0	0
40	0	0	748	521	854	1985	0	0	0	0
41	0	0	747	519	854	1984	0	0	0	0
42	0	0	746	519	855	1991	0	0	0	0
43	0	0	745	518	856	1992	0	0	0	0
44	0	0	745	517	856	2008	0	0	0	0
45	0	0	743	516	858	2019	0	0	0	0
46	0	0	742	516	858	2032	0	0	0	0
47	0	0	741	515	859	2036	0	0	0	0
48	0	0	740	513	860	2040	0	0	0	0
49	0	0	741	512	860	2040	0	0	0	0
50	0	0	739	513	861	2039	0	0	0	0
51	0	0	739	512	862	2048	0	0	0	0
52	0	0	738	512	861	2048	0	0	0	0
53	0	0	739	510	861	2050	0	0	0	0
54	0	0	739	510	862	2055	0	0	0	0
55	0	0	739	512	862	2065	0	0	0	0
56	0	0	739	510	861	2069	0	0	0	0
57	0	0	739	510	861	2066	0	0	0	0
58	0	0	739	510	860	2067	0	0	0	0
59	0	0	740	509	859	2064	0	0	0	0
60	0	0	741	509	860	2066	0	0	0	0
61	0	0	740	508	860	2069	0	0	0	0
62	0	0	740	507	861	2068	0	0	0	0
63	0	0	742	507	860	2067	0	0	0	0
64	0	0	742	507	861	2064	0	0	0	0
65	0	0	742	507	860	2069	0	0	0	0
66	0	0	743	507	860	2068	0	0	0	0
67	0	0	742	507	861	2074	0	0	0	0
68	0	0	742	507	860	2079	0	0	0	0
69	0	0	744	508	861	2085	0	0	0	0
70	0	0	742	507	862	2088	0	0	0	0
71	0	0	743	507	860	2091	0	0	0	0
72	0	0	744	508	863	2097	0	0	0	0
73	0	0	743	509	862	2098	0	0	0	0
74	0	0	744	512	863	2097	0	0	0	0
75	0	0	746	512	862	2097	0	0	0	0
76	0	0	747	514	863	2103	0	0	0	0
77	0	0	745	515	863	2109	0	0	0	0
78	0	0	747	516	864	2117	0	0	0	0
79	0	0	748	517	867	2121	0	0	0	0
80	0	0	746	518	868	2123	0	0	0	0
81	0	0	747	519	869	2125	0	0	0	0
82	0	0	747	520	870	2128	0	0	0	0
83	0	0	748	521	871	2132	0	0	0	0
84	0	0	750	521	873	2138	0	0	0	0
85	0	0	750	521	875	2143	0	0	0	0
86	0	0	750	521	875	2147	0	0	0	0
87	0	0	750	521	877	2148	0	0	0	0
88	0	0	750	522	877	2151	0	0	0	0
89	0	0	750	522	877	2157	0	0	0	0
90	0	0	750	522	879	2159	0	0	0	0
91	0	0	751	522	881	2164	0	0	0	0
92	0	0	751	522	881	2162	0	0	0	0
93	0	0	751	522	882	2165	0	0	0	0
94	0	0	751	520	884	2167	0	0	0	0
95	0	0	751	521	884	2168	0	0	0	0
96	0	0	751	521	884	2172	0	0	0	0
97	0	0	752	520	885	2175	0	0	0	0
98	0	0	751	520	885	2178	0	0	0	0
99	0	0	751	520	887	2179	0	0	0	0
100	0	0	751	519	888	2182	0	0	0	0
101	0	0	752	519	890	2184	0	0	0	0
102	0	0	752	518	891	2181	0	0	0	0
103	0	0	752	519	891	2181	0	0	0	0
104	0	0	750	519	892	2183	0	0	0	0
105	0	0	751	518	892	2185	0	0	0	0
106	0	0	749	518	894	2189	0	0	0	0
107	0	0	749	519	893	2196	0	0	0	0
108	0	0	749	519	893	2201	0	0	0	0
109	0	0	750	518	894	2208	0	0	0	0
110	0	0	749	518	894	2210	0	0	0	0
111	0	0	748	518	893	2220	0	0	0	0
112	0	0	746	518	895	2222	0	0	0	0
113	0	0	746	518	894	2226	0	0	0	0
114	0	0	746	518	896	2228	0	0	0	0
115	0	0	746	519	896	2229	0	0	0	0
116	0	0	745	518	896	2230	0	0	0	0
117	0	0	745	517	897	2233	0	0	0	0
118	0	0	746	517	898	2238	0	0	0	0
119	0	0	747	516	899	2241	0	0	0	0
120	0	0	747	516	899	2241	0	0	0	0
121	0	0	747	515	899	2240	0	0	0	0
122	0	0	747	516	899	2242	0	0	0	0
123	0	0	749	515	900	2240	0	0	0	0
124	0	0	749	515	900	2242	0	0	0	0
125	0	0	748	515	901	2246	0	0	0	0
126	0	0	750	514	901	2248	0	0	0	0
127	0	0	750	513	901	2251	0	0	0	0
0	0	0	749	513	900	2254	0	0	0	0
1	0	0	750	514	899	2258	0	0	0	0
2	0	0	749	513	900	2260	0	0	0	0
3	0	0	750	513	901	2263	0	0	0	0
4	0	0	751	514	901	2267	0	0	0	0
5	0	0	751	514	900	2268	0	0	0	0
6	0	0	751	513	899	2266	0	0	0	0
7	0	0	752	513	899	2268	0	0	0	0
8	0	0	753	510	898	2273	0	0	0	0
9	0	0	755	512	896	2278	0	0	0	0
10	0	0	757	512	895	2278	0	0	0	0
11	0	0	758	512	895	2282	0	0	0	0
12	0	0	758	513	894	2285	0	0	0	0
13	0	0	759	513	892	2289	0	0	0	0
14	0	0	761	513	892	2295	0	0	0	0
15	0	0	763	514	890	2297	0	0	0	0
16	0	0	763	514	888	2301	0	0	0	0
17	0	0	765	514	887	2304	0	0	0	0
18	0	0	767	513	886	2309	0	0	0	0
19	0	0	768	513	884	2315	0	0	0	0
20	0	0	769	514	883	2318	0	0	0	0
21	0	0	770	513	882	2323	0	0	0	0
22	0	0	770	512	882	2331	0	0	0	0
23	0	0	771	510	882	2335	0	0	0	0
24	0	0	773	510	882	2338	0	0	0	0
25	0	0	774	510	881	2341	0	0	0	0
26	0	0	774	509	880	2345	0	0	0	0
27	0	0	775	510	881	2346	0	0	0	0
28	0	0	777	510	882	2350	0	0	0	0
29	0	0	777	510	880	2349	0	0	0	0
30	0	0	776	512	880	2345	0	0	0	0
31	0	0	776	512	881	2336	0	0	0	0
32	0	0	775	513	880	2341	0	0	0	0
33	0	0	775	513	880	2344	0	0	0	0
34	0	0	773	513	880	2337	0	0	0	0
35	0	0	773	514	880	2336	0	0	0	0
36	0	0	772	513	880	2342	0	0	0	0
37	0	0	770	513	880	2349	0	0	0	0
38	0	0	770	514	880	2354	0	0	0	0
39	0	0	767	513	880	2365	0	0	0	0
40	0	0	765	513	879	2376	0	0	0	0
41	0	0	765	512	879	2382	0	0	0	0
42	0	0	763	512	879	2385	0	0	0	0
43	0	0	762	512	879	2388	0	0	0	0
44	0	0	762	510	877	2397	0	0	0	0
45	0	0	763	512	877	2405	0	0	0	0
46	0	0	764	514	877	2406	0	0	0	0
47	0	0	765	514	876	2408	0	0	0	0
48	0	0	766	514	875	2420	0	0	0	0
49	0	0	765	514	874	2426	0	0	0	0
50	0	0	767	515	872	2428	0	0	0	0
51	0	0	767	516	873	2430	0	0	0	0
52	0	0	768	516	872	2432	0	0	0	0
53	0	0	769	516	870	2436	0	0	0	0
54	0	0	769	516	869	2444	0	0	0	0
55	0	0	769	517	870	2444	0	0	0	0
56	0	0	769	519	871	2445	0	0	0	0
57	0	0	768	518	871	2449	0	0	0	0
58	0	0	768	519	869	2457	0	0	0	0
59	0	0	769	520	870	2470	0	0	0	0
60	0	0	767	520	871	2476	0	0	0	0
61	0	0	763	521	871	2485	0	0	0	0
62	0	0	767	522	872	2483	0	0	0	0
63	0	0	767	522	871	2486	0	0	0	0
64	0	0	766	522	871	2493	0	0	0	0
65	0	0	766	524	872	2492	0	0	0	0
66	0	0	766	525	871	2491	0	0	0	0
67	0	0	766	525	872	2498	0	0	0	0
68	0	0	767	527	873	2502	0	0	0	0
69	0	0	765	526	873	2504	0	0	0	0
70	0	0	766	526	873	2513	0	0	0	0
71	0	0	767	528	873	2521	0	0	0	0
72	0	0	768	529	874	2530	0	0	0	0
73	0	0	769	529	873	2541	0	0	0	0
74	0	0	770	530	874	2549	0	0	0	0
75	0	0	772	532	875	2557	0	0	0	0
76	0	0	773	533	875	2569	0	0	0	0
77	0	0	773	534	875	2577	0	0	0	0
78	0	0	772	535	875	2580	0	0	0	0
79	0	0	773	534	876	2592	0	0	0	0
80	0	0	775	540	877	2600	0	0	0	0
81	0	0	775	539	877	2603	0	0	0	0
82	0	0	774	541	877	2608	0	0	0	0
83	0	0	775	543	878	2610	0	0	0	0
84	0	0	774	544	878	2614	0	0	0	0
85	0	0	774	547	879	2618	0	0	0	0
86	0	0	771	549	879	2628	0	0	0	0
87	0	0	772	552	881	2630	0	0	0	0
88	0	0	771	554	880	2636	0	0	0	0
89	0	0	770	553	882	2641	0	0	0	0
90	0	0	769	556	883	2645	0	0	0	0
91	0	0	769	556	883	2649	0	0	0	0
92	0	0	768	559	883	2649	0	0	0	0
93	0	0	766	562	883	2652	0	0	0	0
94	0	0	764	564	884	2652	0	0	0	0
95	0	0	763	566	883	2653	0	0	0	0
96	0	0	764	569	883	2654	0	0	0	0
97	0	0	762	571	883	2657	0	0	0	0
98	0	0	762	573	883	2664	0	0	0	0
99	0	0	762	576	882	2661	0	0	0	0
100	0	0	761	578	881	2662	0	0	0	0
101	0	0	759	580	880	2668	0	0	0	0
102	0	0	759	582	879	2666	0	0	0	0
103	0	0	758	585	879	2668	0	0	0	0
104	0	0	760	586	878	2669	0	0	0	0
105	0	0	759	588	877	2668	0	0	0	0
106	0	0	759	589	876	2669	0	0	0	0
107	0	0	761	591	875	2667	0	0	0	0
108	0	0	761	592	874	2665	0	0	0	0
109	0	0	760	594	872	2665	0	0	0	0
110	0	0	760	596	871	2665	0	0	0	0
111	0	0	760	598	870	2667	0	0	0	0
112	0	0	759	600	869	2667	0	0	0	0
113	0	0	760	602	865	2667	0	0	0	0
114	0	0	761	604	866	2663	0	0	0	0
115	0	0	760	606	864	2660	0	0	0	0
116	0	0	760	608	864	2659	0	0	0	0
117	0	0	760	610	863	2648	0	0	0	0
118	0	0	760	611	863	2641	0	0	0	0
119	0	0	762	613	862	2637	0	0	0	0
120	0	0	763	614	859	2632	0	0	0	0
121	0	0	761	616	858	2633	0	0	0	0
122	0	0	762	619	857	2631	0	0	0	0
123	0	0	761	621	855	2626	0	0	0	0
124	0	0	761	622	855	2621	0	0	0	0
125	0	0	762	625	853	2616	0	0	0	0
126	0	0	761	625	851	2611	0	0	0	0
127	0	0	763	627	850	2602	0	0	0	0
0	0	0	764	630	847	2590	0	0	0	0
1	0	0	765	633	846	2573	0	0	0	0
2	0	0	765	635	845	2558	0	0	0	0
3	0	0	766	637	842	2551	0	0	0	0
4	0	0	766	639	841	2534	0	0	0	0
5	0	0	768	640	838	2521	0	0	0	0
6	0	0	769	644	836	2511	0	0	0	0
7	0	0	770	647	834	2503	0	0	0	0
8	0	0	771	649	834	2489	0	0	0	0
9	0	0	771	651	832	2469	0	0	0	0
10	0	0	771	653	828	2446	0	0	0	0
11	0	0	772	655	828	2439	0	0	0	0
12	0	0	773	657	826	2407	0	0	0	0
13	0	0	772	659	823	2361	0	0	0	0
14	0	0	772	663	822	2303	0	0	0	0
15	0	0	774	664	820	2259	0	0	0	0
16	0	0	774	667	818	2239	0	0	0	0
17	0	0	772	667	816	2191	0	0	0	0
18	0	0	773	670	815	2122	0	0	0	0
19	0	0	774	674	813	2081	0	0	0	0
20	0	0	775	677	811	2046	0	0	0	0
21	0	0	776	677	807	2001	0	0	0	0
22	0	0	776	679	805	1970	0	0	0	0
23	0	0	777	682	804	1902	0	0	0	0
24	0	0	778	685	802	1862	0	0	0	0
25	0	0	778	688	801	1808	0	0	0	0
26	0	0	777	691	799	1771	0	0	0	0
27	0	0	776	692	797	1689	0	0	0	0
28	0	0	777	694	795	1611	0	0	0	0
29	0	0	777	697	794	1510	0	0	0	0
30	0	0	776	699	791	1411	0	0	0	0
31	0	0	775	703	791	1368	0	0	0	0
32	0	0	774	705	790	1276	0	0	0	0
33	0	0	773	707	787	1262	0	0	0	0
34	0	0	773	710	787	1186	0	0	0	0
35	0	0	772	712	786	1121	0	0	0	0
36	0	0	770	714	784	1025	0	0	0	0
37	0	0	768	716	783	940	0	0	0	0
38	0	0	769	718	783	873	0	0	0	0
39	0	0	767	720	781	826	0	0	0	0
40	0	0	765	722	780	780	0	0	0	0
41	0	0	764	724	780	688	0	0	0	0
42	0	0	764	728	778	641	0	0	0	0
43	0	0	762	730	778	596	0	0	0	0
44	0	0	761	732	778	513	0	0	0	0
45	0	0	760	734	777	463	0	0	0	0
46	0	0	760	736	778	424	0	0	0	0
47	0	0	759	737	778	377	0	0	0	0
48	0	0	759	739	778	385	0	0	0	0
49	0	0	760	742	778	382	0	0	0	0
50	0	0	760	744	779	364	0	0	0	0
51	0	0	760	745	778	291	0	0	0	0
52	0	0	759	747	779	249	0	0	0	0
53	0	0	758	748	779	235	0	0	0	0
54	0	0	758	752	780	226	0	0	0	0
55	0	0	758	753	778	218	0	0	0	0
56	0	0	760	754	780	192	0	0	0	0
57	0	0	759	757	781	190	0	0	0	0
58	0	0	757	758	781	187	0	0	0	0
59	0	0	757	758	782	197	0	0	0	0
60	0	0	757	759	783	193	0	0	0	0
61	0	0	755	762	785	182	0	0	0	0
62	0	0	756	763	786	194	0	0	0	0
63	0	0	755	764	787	180	0	0	0	0
64	0	0	756	767	787	162	0	0	0	0
65	0	0	756	768	789	157	0	0	0	0
66	0	0	755	770	790	153	0	0	0	0
67	0	0	756	771	791	162	0	0	0	0
68	0	0	756	774	792	155	0	0	0	0
69	0	0	758	775	791	157	0	0	0	0
70	0	0	758	778	790	160	0	0	0	0
71	0	0	758	781	794	152	0	0	0	0
72	0	0	758	783	794	142	0	0	0	0
73	0	0	759	786	795	139	0	0	0	0
74	0	0	760	789	795	146	0	0	0	0
75	0	0	760	793	796	152	0	0	0	0
76	0	0	762	796	797	160	0	0	0	0
77	0	0	761	797	798	169	0	0	0	0
78	0	0	763	799	799	175	0	0	0	0
79	0	0	762	803	800	173	0	0	0	0
80	0	0	762	805	801	179	0	0	0	0
81	0	0	764	808	799	187	0	0	0	0
82	0	0	765	813	800	174	0	0	0	0
83	0	0	766	815	801	191	0	0	0	0
84	0	0	767	817	801	184	0	0	0	0
85	0	0	768	820	802	156	0	0	0	0
86	0	0	769	822	801	155	0	0	0	0
87	0	0	771	825	801	143	0	0	0	0
88	0	0	773	827	801	111	0	0	0	0
89	0	0	777	833	800	97	0	0	0	0
90	0	0	777	836	798	96	0	0	0	0
91	0	0	776	840	800	95	0	0	0	0
92	0	0	778	842	800	113	0	0	0	0
93	0	0	780	845	798	104	0	0	0	0
94	0	0	780	851	798	95	0	0	0	0
95	0	0	781	858	796	99	0	0	0	0
96	0	0	781	860	797	96	0	0	0	0
97	0	0	780	861	796	98	0	0	0	0
98	0	0	782	863	794	101	0	0	0	0
99	0	0	780	865	793	100	0	0	0	0
100	0	0	777	866	794	104	0	0	0	0
101	0	0	777	867	795	106	0	0	0	0
102	0	0	778	870	796	112	0	0	0	0
103	0	0	780	872	797	110	0	0	0	0
104	0	0	781	875	797	115	0	0	0	0
105	0	0	778	876	797	116	0	0	0	0
106	0	0	776	877	798	109	0	0	0	0
107	0	0	777	878	797	97	0	0	0	0
108	0	0	778	880	800	94	0	0	0	0
109	0	0	777	880	798	91	0	0	0	0
110	0	0	777	880	798	92	0	0	0	0
111	0	0	776	882	799	84	0	0	0	0
112	0	0	773	882	799	85	0	0	0	0
113	0	0	772	882	798	78	0	0	0	0
114	0	0	771	883	798	80	0	0	0	0
115	0	0	770	881	797	83	0	0	0	0
116	0	0	770	881	795	84	0	0	0	0
117	0	0	765	882	796	84	0	0	0	0
118	0	0	765	879	795	89	0	0	0	0
119	0	0	765	880	794	90	0	0	0	0
120	0	0	765	879	792	90	0	0	0	0
121	0	0	764	877	792	89	0	0	0	0
122	0	0	764	875	791	102	0	0	0	0
123	0	0	764	873	789	97	0	0	0	0
124	0	0	762	872	789	91	0	0	0	0
125	0	0	763	868	787	87	0	0	0	0
126	0	0	762	868	787	91	0	0	0	0
127	0	0	761	866	787	89	0	0	0	0
0	0	0	759	864	785	85	0	0	0	0
1	0	0	759	862	784	84	0	0	0	0
2	0	0	761	859	784	87	0	0	0	0
3	0	0	762	858	783	93	0	0	0	0
4	0	0	762	858	782	93	0	0	0	0
5	0	0	762	858	782	93	0	0	0	0
6	0	0	762	857	781	93	0	0	0	0
7	0	0	763	856	781	89	0	0	0	0
8	0	0	762	855	781	87	0	0	0	0
9	0	0	763	852	779	89	0	0	0	0
10	0	0	765	848	779	83	0	0	0	0
11	0	0	766	846	778	87	0	0	0	0
12	0	0	767	846	777	98	0	0	0	0
13	0	0	768	846	777	97	0	0	0	0
14	0	0	769	845	777	94	0	0	0	0
15	0	0	769	845	775	90	0	0	0	0
16	0	0	769	842	775	69	0	0	0	0
17	0	0	770	841	774	57	0	0	0	0
18	0	0	769	842	774	65	0	0	0	0
19	0	0	772	841	774	48	0	0	0	0
20	0	0	771	841	775	56	0	0	0	0
21	0	0	772	837	774	49	0	0	0	0
22	0	0	772	837	773	42	0	0	0	0
23	0	0	771	837	774	50	0	0	0	0
24	0	0	771	837	774	59	0	0	0	0
25	0	0	772	835	774	75	0	0	0	0
26	0	0	774	833	773	81	0	0	0	0
27	0	0	777	832	773	84	0	0	0	0
28	0	0	779	832	774	77	0	0	0	0
29	0	0	779	831	776	79	0	0	0	0
30	0	0	779	830	774	74	0	0	0	0
31	0	0	779	829	775	67	0	0	0	0
32	0	0	781	826	775	77	0	0	0	0
33	0	0	782	824	775	67	0	0	0	0
34	0	0	783	823	775	73	0	0	0	0
35	0	0	784	821	775	96	0	0	0	0
36	0	0	784	820	776	91	0	0	0	0
37	0	0	784	819	775	61	0	0	0	0
38	0	0	785	817	775	63	0	0	0	0
39	0	0	786	815	775	71	0	0	0	0
40	0	0	787	814	775	68	0	0	0	0
41	0	0	788	812	775	59	0	0	0	0
42	0	0	787	810	775	64	0	0	0	0
43	0	0	787	808	775	71	0	0	0	0
44	0	0	789	806	776	64	0	0	0	0
45	0	0	790	803	775	48	0	0	0	0
46	0	0	792	801	776	57	0	0	0	0
47	0	0	792	799	776	69	0	0	0	0
48	0	0	792	797	776	85	0	0	0	0
49	0	0	792	795	775	79	0	0	0	0
50	0	0	793	793	776	74	0	0	0	0
51	0	0	793	790	776	90	0	0	0	0
52	0	0	793	789	776	81	0	0	0	0
53	0	0	793	788	776	62	0	0	0	0
54	0	0	794	785	775	77	0	0	0	0
55	0	0	793	783	776	77	0	0	0	0
56	0	0	794	781	776	73	0	0	0	0
57	0	0	794	780	775	63	0	0	0	0
58	0	0	794	779	776	56	0	0	0	0
59	0	0	793	778	776	55	0	0	0	0
60	0	0	793	777	776	48	0	0	0	0
61	0	0	793	775	776	55	0	0	0	0
62	0	0	792	773	775	51	0	0	0	0
63	0	0	792	773	776	49	0	0	0	0
64	0	0	789	771	775	50	0	0	0	0
65	0	0	792	770	775	53	0	0	0	0
66	0	0	792	770	775	59	0	0	0	0
67	0	0	791	768	773	67	0	0	0	0
68	0	0	790	768	774	59	0	0	0	0
69	0	0	791	767	774	60	0	0	0	0
70	0	0	788	767	773	65	0	0	0	0
71	0	0	788	765	774	70	0	0	0	0
72	0	0	786	765	774	59	0	0	0	0
73	0	0	784	766	776	59	0	0	0	0
74	0	0	783	765	775	62	0	0	0	0
75	0	0	784	763	774	65	0	0	0	0
76	0	0	784	763	775	63	0	0	0	0
77	0	0	783	761	775	55	0	0	0	0
78	0	0	782	760	775	49	0	0	0	0
79	0	0	780	759	776	47	0	0	0	0
80	0	0	779	758	777	42	0	0	0	0
81	0	0	777	757	777	41	0	0	0	0
82	0	0	777	757	777	31	0	0	0	0
83	0	0	776	758	777	37	0	0	0	0
84	0	0	776	756	777	38	0	0	0	0
85	0	0	776	757	778	33	0	0	0	0
86	0	0	777	756	778	58	0	0	0	0
87	0	0	776	755	778	48	0	0	0	0
88	0	0	776	755	780	58	0	0	0	0
89	0	0	776	755	780	59	0	0	0	0
90	0	0	775	755	778	54	0	0	0	0
91	0	0	776	754	778	54	0	0	0	0
92	0	0	776	754	779	63	0	0	0	0
93	0	0	777	754	779	66	0	0	0	0
94	0	0	777	754	778	60	0	0	0	0
95	0	0	777	754	778	68	0	0	0	0
96	0	0	778	754	779	58	0	0	0	0
97	0	0	778	755	777	52	0	0	0	0
98	0	0	777	755	779	52	0	0	0	0
99	0	0	776	755	780	56	0	0	0	0
100	0	0	777	755	779	54	0	0	0	0
101	0	0	777	755	780	48	0	0	0	0
102	0	0	778	756	781	40	0	0	0	0
103	0	0	778	755	780	44	0	0	0	0
104	0	0	779	756	782	36	0	0	0	0
105	0	0	779	755	781	50	0	0	0	0
106	0	0	779	756	781	70	0	0	0	0
107	0	0	779	755	782	75	0	0	0	0
108	0	0	781	756	782	78	0	0	0	0
109	0	0	780	756	781	80	0	0	0	0
110	0	0	781	756	781	81	0	0	0	0
111	0	0	780	755	782	71	0	0	0	0
112	0	0	782	755	782	60	0	0	0	0
113	0	0	783	756	781	55	0	0	0	0
114	0	0	784	756	781	57	0	0	0	0
115	0	0	784	756	781	70	0	0	0	0
116	0	0	785	756	780	61	0	0	0	0
117	0	0	786	756	782	55	0	0	0	0
118	0	0	786	757	781	65	0	0	0	0
119	0	0	786	758	781	74	0	0	0	0
120	0	0	788	759	781	66	0	0	0	0
121	0	0	788	760	780	58	0	0	0	0
122	0	0	788	759	780	54	0	0	0	0
123	0	0	790	760	780	57	0	0	0	0
124	0	0	789	761	779	51	0	0	0	0
125	0	0	789	762	779	33	0	0	0	0
126	0	0	790	762	778	60	0	0	0	0
127	0	0	791	763	777	64	0	0	0	0
0	0	0	793	764	777	63	0	0	0	0
1	0	0	794	765	777	65	0	0	0	0
2	0	0	794	766	776	67	0	0	0	0
3	0	0	795	767	775	66	0	0	0	0
4	0	0	796	767	775	66	0	0	0	0
5	0	0	796	768	774	58	0	0	0	0
6	0	0	797	769	774	58	0	0	0	0
7	0	0	798	770	774	57	0	0	0	0
8	0	0	798	770	773	65	0	0	0	0
9	0	0	798	772	772	72	0	0	0	0
10	0	0	799	773	772	56	0	0	0	0
11	0	0	797	775	770	80	0	0	0	0
12	0	0	800	774	770	67	0	0	0	0
13	0	0	800	774	771	79	0	0	0	0
14	0	0	801	776	769	59	0	0	0	0
15	0	0	802	777	768	73	0	0	0	0
16	0	0	802	778	767	78	0	0	0	0
17	0	0	803	778	768	75	0	0	0	0
18	0	0	803	778	767	104	0	0	0	0
19	0	0	804	780	766	123	0	0	0	0
20	0	0	803	781	766	106	0	0	0	0
21	0	0	803	780	765	110	0	0	0	0
22	0	0	804	781	765	93	0	0	0	0
23	0	0	805	782	765	74	0	0	0	0
24	0	0	805	782	766	63	0	0	0	0
25	0	0	804	782	765	60	0	0	0	0
26	0	0	805	781	765	68	0	0	0	0
27	0	0	804	782	765	70	0	0	0	0
28	0	0	803	781	765	66	0	0	0	0
29	0	0	804	782	765	62	0	0	0	0
30	0	0	804	783	763	54	0	0	0	0
31	0	0	804	784	764	52	0	0	0	0
32	0	0	805	784	765	52	0	0	0	0
33	0	0	804	784	765	51	0	0	0	0
34	0	0	804	785	765	55	0	0	0	0
35	0	0	803	784	765	56	0	0	0	0
36	0	0	803	784	765	53	0	0	0	0
37	0	0	802	785	766	49	0	0	0	0
38	0	0	802	784	766	52	0	0	0	0
39	0	0	802	785	765	54	0	0	0	0
40	0	0	801	786	766	56	0	0	0	0
41	0	0	800	785	768	56	0	0	0	0
42	0	0	798	786	767	50	0	0	0	0
43	0	0	799	785	766	50	0	0	0	0
44	0	0	799	786	766	51	0	0	0	0
45	0	0	798	786	767	47	0	0	0	0
46	0	0	798	786	767	49	0	0	0	0
47	0	0	798	785	768	59	0	0	0	0
48	0	0	796	786	768	51	0	0	0	0
49	0	0	797	787	769	47	0	0	0	0
50	0	0	798	786	768	47	0	0	0	0
51	0	0	797	787	769	40	0	0	0	0
52	0	0	797	785	769	35	0	0	0	0
53	0	0	796	788	769	31	0	0	0	0
54	0	0	796	788	770	26	0	0	0	0
55	0	0	797	788	771	25	0	0	0	0
56	0	0	797	788	770	27	0	0	0	0
57	0	0	797	789	771	35	0	0	0	0
58	0	0	797	789	771	37	0	0	0	0
59	0	0	798	792	771	36	0	0	0	0
60	0	0	798	788	771	39	0	0	0	0
61	0	0	798	789	772	36	0	0	0	0
62	0	0	797	789	771	34	0	0	0	0
63	0	0	796	790	773	38	0	0	0	0
64	0	0	797	790	772	44	0	0	0	0
65	0	0	797	790	773	44	0	0	0	0
66	0	0	796	790	773	47	0	0	0	0
67	0	0	796	790	773	49	0	0	0	0
68	0	0	797	790	774	44	0	0	0	0
69	0	0	798	789	774	43	0	0	0	0
70	0	0	798	789	774	40	0	0	0	0
71	0	0	798	790	774	39	0	0	0	0
72	0	0	798	791	772	33	0	0	0	0
73	0	0	797	790	773	29	0	0	0	0
74	0	0	800	791	773	26	0	0	0	0
75	0	0	799	791	772	24	0	0	0	0
76	0	0	802	791	772	24	0	0	0	0
77	0	0	801	790	772	22	0	0	0	0
78	0	0	802	790	772	20	0	0	0	0
79	0	0	802	791	770	15	0	0	0	0
80	0	0	804	792	771	3	0	0	0	0
81	0	0	804	791	770	0	0	0	0	0
82	0	0	806	790	769	0	0	0	0	0
83	0	0	807	791	770	0	0	0	0	0
84	0	0	808	791	770	0	0	0	0	0
85	0	0	809	790	770	21	0	0	0	0
86	0	0	810	790	770	249	0	0	0	0
87	0	0	809	791	772	658	0	0	0	0
88	0	0	809	791	774	873	0	0	0	0
89	0	0	807	791	776	1097	0	0	0	0
90	0	0	809	793	778	1207	0	0	0	0
91	0	0	811	793	778	1430	0	0	0	0
92	0	0	813	793	779	1718	0	0	0	0
93	0	0	814	793	779	1889	0	0	0	0
94	0	0	814	792	778	1918	0	0	0	0
95	0	0	809	791	778	1946	0	0	0	0
96	0	0	804	789	781	1945	0	0	0	0
97	0	0	799	789	778	1919	0	0	0	0
98	0	0	792	786	779	1855	0	0	0	0
99	0	0	783	785	779	1809	0	0	0	0
100	0	0	776	785	780	1764	0	0	0	0
101	0	0	773	785	785	1687	0	0	0	0
102	0	0	774	785	787	1620	0	0	0	0
103	0	0	777	786	789	1588	0	0	0	0
104	0	0	780	789	792	1562	0	0	0	0
105	0	0	780	790	795	1504	0	0	0	0
106	0	0	783	791	797	1406	0	0	0	0
107	0	0	783	791	800	1345	0	0	0	0
108	0	0	781	792	803	1270	0	0	0	0
109	0	0	777	792	806	1193	0	0	0	0
110	0	0	772	791	811	1073	0	0	0	0
111	0	0	768	792	817	994	0	0	0	0
112	0	0	761	793	826	943	0	0	0	0
113	0	0	749	795	842	885	0	0	0	0
114	0	0	729	800	861	815	0	0	0	0
115	0	0	712	806	880	719	0	0	0	0
116	0	0	694	815	907	701	0	0	0	0
117	0	0	673	827	940	694	0	0	0	0
118	0	0	640	837	978	652	0	0	0	0
119	0	0	598	842	1017	583	0	0	0	0
120	0	0	528	834	1056	501	0	0	0	0
121	0	0	430	805	1087	464	0	0	0	0
122	0	0	327	758	1110	479	0	0	0	0
123	0	0	246	705	1139	472	0	0	0	0
124	0	0	209	648	1173	486	0	0	0	0
125	0	0	220	589	1202	491	0	0	0	0
126	0	0	299	551	1224	487	0	0	0	0
127	0	0	413	533	1248	421	0	0	0	0
0	0	0	529	530	1275	352	0	0	0	0
1	0	0	618	537	1305	347	0	0	0	0
2	0	0	673	550	1325	362	0	0	0	0
3	0	0	702	572	1336	260	0	0	0	0
4	0	0	721	609	1337	239	0	0	0	0
5	0	0	719	639	1345	274	0	0	0	0
6	0	0	693	645	1342	308	0	0	0	0
7	0	0	657	613	1339	318	0	0	0	0
8	0	0	593	552	1335	421	0	0	0	0
9	0	0	508	482	1334	493	0	0	0	0
10	0	0	420	415	1314	551	0	0	0	0
11	0	0	379	372	1264	601	0	0	0	0
12	0	0	414	360	1166	728	0	0	0	0
13	0	0	531	366	1051	810	0	0	0	0
14	0	0	680	383	940	848	0	0	0	0
15	0	0	824	380	836	892	0	0	0	0
16	0	0	945	349	743	938	0	0	0	0
17	0	0	978	296	658	1037	0	0	0	0
18	0	0	978	220	595	1147	0	0	0	0
19	0	0	1046	145	567	1256	0	0	0	0
20	0	0	1148	98	548	1368	0	0	0	0
21	0	0	1211	71	531	1443	0	0	0	0
22	0	0	1231	53	535	1516	0	0	0	0
23	0	0	1248	43	566	1642	0	0	0	0
24	0	0	1260	38	600	1692	0	0	0	0
25	0	0	1244	34	633	1727	0	0	0	0
26	0	0	1197	47	656	1806	0	0	0	0
27	0	0	1145	77	671	1873	0	0	0	0
28	0	0	1108	105	684	1910	0	0	0	0
29	0	0	1086	127	696	1945	0	0	0	0
30	0	0	1069	143	705	1974	0	0	0	0
31	0	0	1046	158	712	2013	0	0	0	0
32	0	0	1025	170	718	2044	0	0	0	0
33	0	0	1006	193	719	2081	0	0	0	0
34	0	0	987	215	722	2114	0	0	0	0
35	0	0	973	240	731	2153	0	0	0	0
36	0	0	964	271	738	2158	0	0	0	0
37	0	0	938	289	746	2183	0	0	0	0
38	0	0	913	301	759	2220	0	0	0	0
39	0	0	894	309	777	2248	0	0	0	0
40	0	0	878	306	799	2272	0	0	0	0
41	0	0	852	292	824	2288	0	0	0	0
42	0	0	828	273	853	2306	0	0	0	0
43	0	0	808	249	880	2312	0	0	0	0
44	0	0	787	222	906	2323	0	0	0	0
45	0	0	769	186	928	2332	0	0	0	0
46	0	0	747	155	946	2333	0	0	0	0
47	0	0	723	129	963	2340	0	0	0	0
48	0	0	699	99	976	2334	0	0	0	0
49	0	0	679	71	987	2336	0	0	0	0
50	0	0	665	52	998	2336	0	0	0	0
51	0	0	658	41	1005	2328	0	0	0	0
52	0	0	657	35	1009	2324	0	0	0	0
53	0	0	662	35	1012	2323	0	0	0	0
54	0	0	673	48	1014	2316	0	0	0	0
55	0	0	689	69	1017	2311	0	0	0	0
56	0	0	707	94	1015	2307	0	0	0	0
57	0	0	731	121	1013	2306	0	0	0	0
58	0	0	754	148	1009	2304	0	0	0	0
59	0	0	781	176	1007	2305	0	0	0	0
60	0	0	808	203	1002	2308	0	0	0	0
61	0	0	835	232	997	2304	0	0	0	0
62	0	0	861	260	989	2305	0	0	0	0
63	0	0	883	286	982	2304	0	0	0	0
64	0	0	902	309	973	2304	0	0	0	0
65	0	0	919	331	966	2300	0	0	0	0
66	0	0	928	353	957	2300	0	0	0	0
67	0	0	932	371	949	2303	0	0	0	0
68	0	0	932	390	940	2307	0	0	0	0
69	0	0	927	405	930	2311	0	0	0	0
70	0	0	920	421	922	2312	0	0	0	0
71	0	0	912	436	915	2314	0	0	0	0
72	0	0	903	449	906	2319	0	0	0	0
73	0	0	894	462	896	2319	0	0	0	0
74	0	0	884	476	885	2315	0	0	0	0
75	0	0	874	488	874	2317	0	0	0	0
76	0	0	865	500	862	2319	0	0	0	0
77	0	0	857	512	849	2317	0	0	0	0
78	0	0	847	522	834	2318	0	0	0	0
79	0	0	840	530	819	2318	0	0	0	0
80	0	0	835	538	805	2316	0	0	0	0
81	0	0	832	545	789	2314	0	0	0	0
82	0	0	828	552	776	2313	0	0	0	0
83	0	0	826	558	761	2313	0	0	0	0
84	0	0	828	565	748	2313	0	0	0	0
85	0	0	831	572	737	2314	0	0	0	0
86	0	0	835	577	728	2315	0	0	0	0
87	0	0	842	582	719	2316	0	0	0	0
88	0	0	847	587	711	2313	0	0	0	0
89	0	0	855	591	704	2315	0	0	0	0
90	0	0	862	595	701	2314	0	0	0	0
91	0	0	867	600	698	2316	0	0	0	0
92	0	0	873	603	696	2313	0	0	0	0
93	0	0	878	606	697	2310	0	0	0	0
94	0	0	884	609	697	2307	0	0	0	0
95	0	0	886	612	697	2304	0	0	0	0
96	0	0	888	614	699	2300	0	0	0	0
97	0	0	889	613	700	2296	0	0	0	0
98	0	0	888	615	702	2291	0	0	0	0
99	0	0	885	616	703	2292	0	0	0	0
100	0	0	882	618	706	2292	0	0	0	0
101	0	0	877	619	709	2288	0	0	0	0
102	0	0	871	621	713	2283	0	0	0	0
103	0	0	865	622	717	2280	0	0	0	0
104	0	0	859	623	721	2276	0	0	0	0
105	0	0	851	623	724	2278	0	0	0	0
106	0	0	846	624	729	2279	0	0	0	0
107	0	0	837	624	733	2274	0	0	0	0
108	0	0	833	625	736	2268	0	0	0	0
109	0	0	826	625	740	2263	0	0	0	0
110	0	0	821	625	745	2260	0	0	0	0
111	0	0	818	625	749	2256	0	0	0	0
112	0	0	811	625	753	2252	0	0	0	0
113	0	0	809	623	757	2246	0	0	0	0
114	0	0	808	622	761	2244	0	0	0	0
115	0	0	807	622	766	2238	0	0	0	0
116	0	0	806	620	770	2232	0	0	0	0
117	0	0	805	620	773	2229	0	0	0	0
118	0	0	803	621	778	2226	0	0	0	0
119	0	0	803	619	783	2221	0	0	0	0
120	0	0	802	617	786	2215	0	0	0	0
121	0	0	803	614	787	2212	0	0	0	0
122	0	0	805	610	788	2211	0	0	0	0
123	0	0	807	609	789	2209	0	0	0	0
124	0	0	808	607	791	2208	0	0	0	0
125	0	0	810	606	792	2205	0	0	0	0
126	0	0	813	605	795	2199	0	0	0	0
127	0	0	816	603	796	2190	0	0	0	0
0	0	0	816	602	799	2196	0	0	0	0
1	0	0	820	602	800	2197	0	0	0	0
2	0	0	821	601	804	2196	0	0	0	0
3	0	0	823	602	806	2195	0	0	0	0
4	0	0	824	602	808	2196	0	0	0	0
5	0	0	826	603	811	2193	0	0	0	0
6	0	0	827	603	813	2191	0	0	0	0
7	0	0	827	603	816	2190	0	0	0	0
8	0	0	829	602	819	2184	0	0	0	0
9	0	0	830	600	823	2178	0	0	0	0
10	0	0	830	599	825	2178	0	0	0	0
11	0	0	831	598	828	2174	0	0	0	0
12	0	0	831	597	831	2171	0	0	0	0
13	0	0	832	593	836	2167	0	0	0	0
14	0	0	831	592	840	2166	0	0	0	0
15	0	0	830	588	843	2163	0	0	0	0
16	0	0	828	586	847	2161	0	0	0	0
17	0	0	826	585	852	2157	0	0	0	0
18	0	0	823	583	855	2152	0	0	0	0
19	0	0	820	582	860	2151	0	0	0	0
20	0	0	817	581	863	2150	0	0	0	0
21	0	0	813	579	867	2144	0	0	0	0
22	0	0	807	577	871	2139	0	0	0	0
23	0	0	803	574	875	2136	0	0	0	0
24	0	0	793	571	877	2132	0	0	0	0
25	0	0	789	563	879	2132	0	0	0	0
26	0	0	784	560	883	2124	0	0	0	0
27	0	0	777	557	883	2115	0	0	0	0
28	0	0	772	553	885	2110	0	0	0	0
29	0	0	767	548	885	2100	0	0	0	0
30	0	0	764	544	885	2096	0	0	0	0
31	0	0	760	541	884	2093	0	0	0	0
32	0	0	758	537	883	2087	0	0	0	0
33	0	0	755	535	881	2086	0	0	0	0
34	0	0	754	534	881	2070	0	0	0	0
35	0	0	752	533	879	2059	0	0	0	0
36	0	0	752	534	876	2053	0	0	0	0
37	0	0	751	534	877	2050	0	0	0	0
38	0	0	750	534	875	2038	0	0	0	0
39	0	0	751	535	875	2030	0	0	0	0
40	0	0	752	538	873	2022	0	0	0	0
41	0	0	753	540	871	2012	0	0	0	0
42	0	0	755	543	871	2009	0	0	0	0
43	0	0	756	546	869	2004	0	0	0	0
44	0	0	758	548	868	1996	0	0	0	0
45	0	0	761	555	867	1984	0	0	0	0
46	0	0	762	556	866	1968	0	0	0	0
47	0	0	764	559	865	1958	0	0	0	0
48	0	0	766	562	865	1951	0	0	0	0
49	0	0	768	566	865	1943	0	0	0	0
50	0	0	769	570	863	1941	0	0	0	0
51	0	0	770	573	861	1942	0	0	0	0
52	0	0	773	576	860	1916	0	0	0	0
53	0	0	774	580	859	1905	0	0	0	0
54	0	0	776	584	858	1904	0	0	0	0
55	0	0	777	587	858	1888	0	0	0	0
56	0	0	778	591	857	1853	0	0	0	0
57	0	0	780	595	856	1838	0	0	0	0
58	0	0	780	599	855	1836	0	0	0	0
59	0	0	781	603	853	1824	0	0	0	0
60	0	0	783	608	853	1822	0	0	0	0
61	0	0	783	612	852	1817	0	0	0	0
62	0	0	782	615	851	1790	0	0	0	0
63	0	0	784	619	851	1778	0	0	0	0
64	0	0	785	623	850	1771	0	0	0	0
65	0	0	785	627	850	1761	0	0	0	0
66	0	0	786	631	849	1752	0	0	0	0
67	0	0	786	635	846	1747	0	0	0	0
68	0	0	786	640	845	1736	0	0	0	0
69	0	0	787	643	844	1729	0	0	0	0
70	0	0	787	647	842	1728	0	0	0	0
71	0	0	786	651	840	1718	0	0	0	0
72	0	0	788	654	839	1705	0	0	0	0
73	0	0	788	659	837	1686	0	0	0	0
74	0	0	788	663	835	1658	0	0	0	0
75	0	0	789	669	833	1643	0	0	0	0
76	0	0	788	670	829	1623	0	0	0	0
77	0	0	788	672	829	1612	0	0	0	0
78	0	0	786	676	827	1602	0	0	0	0
79	0	0	786	677	826	1584	0	0	0	0
80	0	0	787	681	825	1564	0	0	0	0
81	0	0	787	683	822	1539	0	0	0	0
82	0	0	787	685	822	1510	0	0	0	0
83	0	0	788	686	819	1494	0	0	0	0
84	0	0	788	687	819	1474	0	0	0	0
85	0	0	790	688	817	1462	0	0	0	0
86	0	0	791	689	815	1453	0	0	0	0
87	0	0	790	691	813	1449	0	0	0	0
88	0	0	791	691	811	1436	0	0	0	0
89	0	0	793	691	808	1434	0	0	0	0
90	0	0	793	691	805	1423	0	0	0	0
91	0	0	793	694	804	1417	0	0	0	0
92	0	0	794	693	802	1413	0	0	0	0
93	0	0	795	694	799	1402	0	0	0	0
94	0	0	796	694	797	1401	0	0	0	0
95	0	0	795	694	795	1388	0	0	0	0
96	0	0	797	697	792	1363	0	0	0	0
97	0	0	796	695	790	1347	0	0	0	0
98	0	0	795	695	789	1334	0	0	0	0
99	0	0	796	697	787	1322	0	0	0	0
100	0	0	797	697	785	1297	0	0	0	0
101	0	0	797	697	784	1281	0	0	0	0
102	0	0	797	697	783	1272	0	0	0	0
103	0	0	797	697	782	1262	0	0	0	0
104	0	0	798	698	780	1262	0	0	0	0
105	0	0	797	698	780	1270	0	0	0	0
106	0	0	795	699	779	1257	0	0	0	0
107	0	0	795	698	778	1233	0	0	0	0
108	0	0	795	699	778	1224	0	0	0	0
109	0	0	794	699	777	1225	0	0	0	0
110	0	0	794	700	776	1224	0	0	0	0
111	0	0	794	701	776	1222	0	0	0	0
112	0	0	793	701	776	1206	0	0	0	0
113	0	0	792	701	774	1200	0	0	0	0
114	0	0	792	700	775	1195	0	0	0	0
115	0	0	791	701	776	1181	0	0	0	0
116	0	0	790	700	777	1173	0	0	0	0
117	0	0	789	701	777	1158	0	0	0	0
118	0	0	789	702	778	1151	0	0	0	0
119	0	0	789	702	776	1146	0	0	0	0
120	0	0	788	702	777	1131	0	0	0	0
121	0	0	788	703	779	1124	0	0	0	0
122	0	0	788	702	779	1124	0	0	0	0
123	0	0	787	703	779	1117	0	0	0	0
124	0	0	786	705	780	1111	0	0	0	0
125	0	0	787	705	781	1109	0	0	0	0
126	0	0	785	704	782	1113	0	0	0	0
127	0	0	784	703	783	1108	0	0	0	0
0	0	0	783	704	785	1091	0	0	0	0
1	0	0	782	703	786	1091	0	0	0	0
2	0	0	783	702	787	1103	0	0	0	0
3	0	0	782	703	788	1101	0	0	0	0
4	0	0	783	703	789	1094	0	0	0	0
5	0	0	782	703	789	1088	0	0	0	0
6	0	0	782	702	789	1081	0	0	0	0
7	0	0	783	701	791	1080	0	0	0	0
8	0	0	783	703	792	1074	0	0	0	0
9	0	0	782	702	794	1061	0	0	0	0
10	0	0	781	699	797	1045	0	0	0	0
11	0	0	781	705	796	1039	0	0	0	0
12	0	0	779	704	798	1043	0	0	0	0
13	0	0	780	706	799	1044	0	0	0	0
14	0	0	780	705	800	1038	0	0	0	0
15	0	0	780	707	802	1033	0	0	0	0
16	0	0	779	706	803	1026	0	0	0	0
17	0	0	781	706	804	1020	0	0	0	0
18	0	0	782	708	806	1018	0	0	0	0
19	0	0	782	709	807	1012	0	0	0	0
20	0	0	784	710	808	1008	0	0	0	0
21	0	0	782	709	807	1005	0	0	0	0
22	0	0	785	709	807	1002	0	0	0	0
23	0	0	784	710	808	996	0	0	0	0
24	0	0	784	710	808	986	0	0	0	0
25	0	0	786	711	808	983	0	0	0	0
26	0	0	785	712	807	976	0	0	0	0
27	0	0	785	711	807	982	0	0	0	0
28	0	0	787	712	806	977	0	0	0	0
29	0	0	787	713	806	974	0	0	0	0
30	0	0	787	712	804	965	0	0	0	0
31	0	0	785	714	804	963	0	0	0	0
32	0	0	787	714	805	958	0	0	0	0
33	0	0	788	713	803	952	0	0	0	0
34	0	0	788	714	804	953	0	0	0	0
35	0	0	787	713	801	953	0	0	0	0
36	0	0	788	714	802	950	0	0	0	0
37	0	0	788	714	801	952	0	0	0	0
38	0	0	786	713	801	953	0	0	0	0
39	0	0	785	711	802	947	0	0	0	0
40	0	0	785	711	802	939	0	0	0	0
41	0	0	783	712	800	941	0	0	0	0
42	0	0	785	713	799	918	0	0	0	0
43	0	0	785	712	800	920	0	0	0	0
44	0	0	784	711	800	911	0	0	0	0
45	0	0	784	712	799	901	0	0	0	0
46	0	0	785	711	800	896	0	0	0	0
47	0	0	785	712	799	897	0	0	0	0
48	0	0	785	712	799	890	0	0	0	0
49	0	0	784	712	798	888	0	0	0	0
50	0	0	783	710	798	888	0	0	0	0
51	0	0	785	709	798	886	0	0	0	0
52	0	0	786	709	799	877	0	0	0	0
53	0	0	786	708	797	877	0	0	0	0
54	0	0	786	709	798	874	0	0	0	0
55	0	0	785	708	799	875	0	0	0	0
56	0	0	785	707	799	877	0	0	0	0
57	0	0	785	707	800	875	0	0	0	0
58	0	0	786	707	801	879	0	0	0	0
59	0	0	786	706	800	883	0	0	0	0
60	0	0	785	705	801	884	0	0	0	0
61	0	0	784	707	802	887	0	0	0	0
62	0	0	784	706	803	890	0	0	0	0
63	0	0	783	706	804	890	0	0	0	0
64	0	0	783	704	805	886	0	0	0	0
65	0	0	783	705	806	885	0	0	0	0
66	0	0	785	705	807	885	0	0	0	0
67	0	0	785	708	809	890	0	0	0	0
68	0	0	784	703	809	891	0	0	0	0
69	0	0	784	702	811	897	0	0	0	0
70	0	0	783	700	811	896	0	0	0	0
71	0	0	784	698	811	898	0	0	0	0
72	0	0	785	699	811	897	0	0	0	0
73	0	0	785	699	812	897	0	0	0	0
74	0	0	784	696	812	898	0	0	0	0
75	0	0	786	695	813	903	0	0	0	0
76	0	0	784	693	813	901	0	0	0	0
77	0	0	785	691	813	900	0	0	0	0
78	0	0	786	691	813	904	0	0	0	0
79	0	0	786	686	812	906	0	0	0	0
80	0	0	788	687	811	909	0	0	0	0
81	0	0	787	685	811	908	0	0	0	0
82	0	0	788	684	811	911	0	0	0	0
83	0	0	789	682	811	915	0	0	0	0
84	0	0	790	679	810	914	0	0	0	0
85	0	0	789	677	810	915	0	0	0	0
86	0	0	788	675	810	918	0	0	0	0
87	0	0	790	673	811	923	0	0	0	0
88	0	0	790	670	810	921	0	0	0	0
89	0	0	791	667	810	926	0	0	0	0
90	0	0	791	664	809	932	0	0	0	0
91	0	0	791	661	809	936	0	0	0	0
92	0	0	790	658	809	938	0	0	0	0
93	0	0	790	655	809	939	0	0	0	0
94	0	0	791	652	810	942	0	0	0	0
95	0	0	790	650	810	944	0	0	0	0
96	0	0	789	648	811	946	0	0	0	0
97	0	0	788	644	811	948	0	0	0	0
98	0	0	787	641	811	953	0	0	0	0
99	0	0	786	638	811	954	0	0	0	0
100	0	0	786	635	811	954	0	0	0	0
101	0	0	785	632	811	955	0	0	0	0
102	0	0	783	629	811	958	0	0	0	0
103	0	0	783	626	811	959	0	0	0	0
104	0	0	782	622	811	959	0	0	0	0
105	0	0	781	622	812	960	0	0	0	0
106	0	0	781	617	812	960	0	0	0	0
107	0	0	780	616	811	958	0	0	0	0
108	0	0	779	613	812	960	0	0	0	0
109	0	0	779	611	813	959	0	0	0	0
110	0	0	778	609	813	960	0	0	0	0
111	0	0	776	607	813	961	0	0	0	0
112	0	0	776	605	813	961	0	0	0	0
113	0	0	776	604	815	961	0	0	0	0
114	0	0	775	602	814	965	0	0	0	0
115	0	0	775	602	815	968	0	0	0	0
116	0	0	775	602	815	969	0	0	0	0
117	0	0	773	601	816	972	0	0	0	0
118	0	0	773	601	816	972	0	0	0	0
119	0	0	773	601	816	978	0	0	0	0
120	0	0	772	600	817	975	0	0	0	0
121	0	0	772	599	818	975	0	0	0	0
122	0	0	770	599	818	978	0	0	0	0
123	0	0	769	599	818	980	0	0	0	0
124	0	0	769	599	819	974	0	0	0	0
125	0	0	767	600	819	983	0	0	0	0
126	0	0	766	599	820	987	0	0	0	0
127	0	0	766	599	820	984	0	0	0	0
0	0	0	766	599	819	984	0	0	0	0
1	0	0	766	600	821	987	0	0	0	0
2	0	0	767	599	821	987	0	0	0	0
3	0	0	766	598	819	984	0	0	0	0
4	0	0	766	598	822	984	0	0	0	0
5	0	0	766	599	823	989	0	0	0	0
6	0	0	766	598	824	993	0	0	0	0
7	0	0	766	599	823	998	0	0	0	0
8	0	0	766	599	823	1000	0	0	0	0
9	0	0	767	599	824	1005	0	0	0	0
10	0	0	766	598	824	1005	0	0	0	0
11	0	0	766	599	824	1011	0	0	0	0
12	0	0	766	599	825	1013	0	0	0	0
13	0	0	766	599	825	1018	0	0	0	0
14	0	0	765	599	825	1021	0	0	0	0
15	0	0	768	600	825	1028	0	0	0	0
16	0	0	767	600	826	1029	0	0	0	0
17	0	0	768	601	827	1028	0	0	0	0
18	0	0	769	599	826	1032	0	0	0	0
19	0	0	768	600	827	1033	0	0	0	0
20	0	0	769	601	826	1034	0	0	0	0
21	0	0	768	601	827	1034	0	0	0	0
22	0	0	769	601	827	1039	0	0	0	0
23	0	0	769	603	827	1041	0	0	0	0
24	0	0	770	602	828	1041	0	0	0	0
25	0	0	772	602	828	1042	0	0	0	0
26	0	0	773	603	827	1042	0	0	0	0
27	0	0	774	604	828	1043	0	0	0	0
28	0	0	775	604	828	1044	0	0	0	0
29	0	0	777	606	828	1043	0	0	0	0
30	0	0	777	607	828	1045	0	0	0	0
31	0	0	779	607	828	1046	0	0	0	0
32	0	0	779	609	829	1048	0	0	0	0
33	0	0	780	610	829	1048	0	0	0	0
34	0	0	781	611	829	1048	0	0	0	0
35	0	0	783	612	829	1050	0	0	0	0
36	0	0	786	613	828	1047	0	0	0	0
37	0	0	786	614	828	1044	0	0	0	0
38	0	0	788	616	828	1045	0	0	0	0
39	0	0	790	617	829	1043	0	0	0	0
40	0	0	791	618	829	1040	0	0	0	0
41	0	0	793	619	828	1039	0	0	0	0
42	0	0	793	620	828	1042	0	0	0	0
43	0	0	794	622	827	1046	0	0	0	0
44	0	0	795	623	827	1046	0	0	0	0
45	0	0	795	625	826	1042	0	0	0	0
46	0	0	796	625	827	1045	0	0	0	0
47	0	0	797	626	826	1045	0	0	0	0
48	0	0	798	628	826	1049	0	0	0	0
49	0	0	800	628	826	1048	0	0	0	0
50	0	0	799	630	827	1048	0	0	0	0
51	0	0	801	630	825	1049	0	0	0	0
52	0	0	801	630	825	1051	0	0	0	0
53	0	0	800	631	825	1052	0	0	0	0
54	0	0	801	631	824	1049	0	0	0	0
55	0	0	801	632	825	1051	0	0	0	0
56	0	0	800	632	824	1049	0	0	0	0
57	0	0	800	634	823	1049	0	0	0	0
58	0	0	800	634	822	1049	0	0	0	0
59	0	0	800	635	823	1048	0	0	0	0
60	0	0	800	636	823	1047	0	0	0	0
61	0	0	798	635	822	1046	0	0	0	0
62	0	0	799	637	823	1044	0	0	0	0
63	0	0	799	638	822	1048	0	0	0	0
64	0	0	799	638	822	1046	0	0	0	0
65	0	0	799	638	822	1046	0	0	0	0
66	0	0	797	638	822	1043	0	0	0	0
67	0	0	798	639	822	1042	0	0	0	0
68	0	0	797	637	821	1043	0	0	0	0
69	0	0	795	640	820	1041	0	0	0	0
70	0	0	796	639	820	1041	0	0	0	0
71	0	0	796	639	820	1042	0	0	0	0
72	0	0	795	640	819	1047	0	0	0	0
73	0	0	794	640	819	1045	0	0	0	0
74	0	0	794	640	819	1044	0	0	0	0
75	0	0	795	640	820	1044	0	0	0	0
76	0	0	795	641	819	1042	0	0	0	0
77	0	0	794	640	818	1041	0	0	0	0
78	0	0	793	642	817	1040	0	0	0	0
79	0	0	792	641	817	1042	0	0	0	0
80	0	0	792	641	818	1038	0	0	0	0
81	0	0	791	642	816	1035	0	0	0	0
82	0	0	792	641	815	1038	0	0	0	0
83	0	0	791	642	814	1038	0	0	0	0
84	0	0	791	642	813	1037	0	0	0	0
85	0	0	791	642	813	1037	0	0	0	0
86	0	0	792	643	814	1038	0	0	0	0
87	0	0	791	642	812	1035	0	0	0	0
88	0	0	789	641	812	1034	0	0	0	0
89	0	0	790	642	811	1033	0	0	0	0
90	0	0	790	642	810	1034	0	0	0	0
91	0	0	790	642	809	1031	0	0	0	0
92	0	0	789	642	808	1025	0	0	0	0
93	0	0	790	644	807	1021	0	0	0	0
94	0	0	790	643	807	1023	0	0	0	0
95	0	0	790	643	807	1021	0	0	0	0
96	0	0	790	642	806	1023	0	0	0	0
97	0	0	790	642	804	1024	0	0	0	0
98	0	0	789	643	804	1023	0	0	0	0
99	0	0	789	643	803	1021	0	0	0	0
100	0	0	789	644	804	1016	0	0	0	0
101	0	0	788	643	803	1010	0	0	0	0
102	0	0	789	643	802	1012	0	0	0	0
103	0	0	790	643	801	1009	0	0	0	0
104	0	0	787	644	800	1007	0	0	0	0
105	0	0	788	644	800	1006	0	0	0	0
106	0	0	788	645	799	1006	0	0	0	0
107	0	0	786	645	798	1006	0	0	0	0
108	0	0	787	646	797	1004	0	0	0	0
109	0	0	786	646	797	1001	0	0	0	0
110	0	0	786	647	797	996	0	0	0	0
111	0	0	788	647	796	997	0	0	0	0
112	0	0	786	647	795	997	0	0	0	0
113	0	0	785	648	795	997	0	0	0	0
114	0	0	784	648	794	995	0	0	0	0
115	0	0	784	648	794	994	0	0	0	0
116	0	0	784	649	793	995	0	0	0	0
117	0	0	784	650	793	996	0	0	0	0
118	0	0	784	652	793	996	0	0	0	0
119	0	0	784	651	791	993	0	0	0	0
