# bioPlux Text File Format
# Version: 1
# StartDateTime: 2012-03-21 17:37:11
# SamplingFrequency: 1000
# SampledChannels: 1 2 3 4 5 6 7 8
# SamplingResolution: 12
# AcquiringDevice: 00:07:80:93:66:BE
# EndOfHeader
0	0	0	787	701	843	1064	0	0	0	0
1	0	0	786	700	844	1068	0	0	0	0
2	0	0	785	700	845	1082	0	0	0	0
3	0	0	784	699	846	1090	0	0	0	0
4	0	0	784	700	846	1104	0	0	0	0
5	0	0	784	700	847	1111	0	0	0	0
6	0	0	784	700	848	1123	0	0	0	0
7	0	0	783	700	848	1127	0	0	0	0
8	0	0	783	699	850	1133	0	0	0	0
9	0	0	783	700	851	1145	0	0	0	0
10	0	0	781	700	852	1176	0	0	0	0
11	0	0	780	700	853	1198	0	0	0	0
12	0	0	779	701	854	1202	0	0	0	0
13	0	0	779	700	856	1219	0	0	0	0
14	0	0	777	700	856	1228	0	0	0	0
15	0	0	778	699	857	1235	0	0	0	0
16	0	0	777	699	858	1257	0	0	0	0
17	0	0	776	699	858	1278	0	0	0	0
18	0	0	774	699	859	1290	0	0	0	0
19	0	0	774	698	860	1299	0	0	0	0
20	0	0	776	696	861	1292	0	0	0	0
21	0	0	776	695	863	1303	0	0	0	0
22	0	0	775	694	863	1306	0	0	0	0
23	0	0	773	693	864	1322	0	0	0	0
24	0	0	771	693	865	1332	0	0	0	0
25	0	0	769	692	867	1345	0	0	0	0
26	0	0	770	691	868	1366	0	0	0	0
27	0	0	769	689	869	1378	0	0	0	0
28	0	0	769	688	870	1385	0	0	0	0
29	0	0	767	686	871	1385	0	0	0	0
30	0	0	767	684	870	1385	0	0	0	0
31	0	0	768	682	872	1394	0	0	0	0
32	0	0	768	680	873	1402	0	0	0	0
33	0	0	768	678	873	1414	0	0	0	0
34	0	0	768	676	874	1428	0	0	0	0
35	0	0	768	674	875	1446	0	0	0	0
36	0	0	769	672	875	1454	0	0	0	0
37	0	0	769	672	874	1467	0	0	0	0
38	0	0	769	671	875	1481	0	0	0	0
39	0	0	769	669	874	1507	0	0	0	0
40	0	0	770	670	873	1528	0	0	0	0
41	0	0	769	669	873	1532	0	0	0	0
42	0	0	769	667	874	1541	0	0	0	0
43	0	0	769	668	874	1550	0	0	0	0
44	0	0	768	667	875	1567	0	0	0	0
45	0	0	767	668	875	1584	0	0	0	0
46	0	0	767	667	876	1589	0	0	0	0
47	0	0	766	666	875	1598	0	0	0	0
48	0	0	765	665	876	1607	0	0	0	0
49	0	0	765	665	875	1611	0	0	0	0
50	0	0	765	665	876	1614	0	0	0	0
51	0	0	764	665	877	1615	0	0	0	0
52	0	0	765	665	878	1616	0	0	0	0
53	0	0	765	663	879	1621	0	0	0	0
54	0	0	763	664	880	1626	0	0	0	0
55	0	0	764	663	881	1636	0	0	0	0
56	0	0	763	662	881	1651	0	0	0	0
57	0	0	762	662	881	1643	0	0	0	0
58	0	0	762	661	881	1638	0	0	0	0
59	0	0	764	659	881	1641	0	0	0	0
60	0	0	763	658	883	1644	0	0	0	0
61	0	0	762	656	884	1651	0	0	0	0
62	0	0	762	653	885	1659	0	0	0	0
63	0	0	762	654	886	1671	0	0	0	0
64	0	0	762	652	886	1672	0	0	0	0
65	0	0	762	651	888	1679	0	0	0	0
66	0	0	763	649	887	1694	0	0	0	0
67	0	0	762	647	890	1701	0	0	0	0
68	0	0	762	645	890	1712	0	0	0	0
69	0	0	764	643	892	1724	0	0	0	0
70	0	0	763	642	894	1737	0	0	0	0
71	0	0	763	640	893	1741	0	0	0	0
72	0	0	761	636	894	1759	0	0	0	0
73	0	0	762	635	895	1764	0	0	0	0
74	0	0	762	633	895	1772	0	0	0	0
75	0	0	761	630	897	1791	0	0	0	0
76	0	0	761	630	897	1808	0	0	0	0
77	0	0	761	626	898	1833	0	0	0	0
78	0	0	758	627	899	1832	0	0	0	0
79	0	0	760	626	899	1837	0	0	0	0
80	0	0	759	624	899	1846	0	0	0	0
81	0	0	758	624	898	1861	0	0	0	0
82	0	0	756	622	898	1889	0	0	0	0
83	0	0	758	622	898	1903	0	0	0	0
84	0	0	757	622	899	1905	0	0	0	0
85	0	0	756	622	901	1908	0	0	0	0
86	0	0	754	620	899	1911	0	0	0	0
87	0	0	754	620	897	1933	0	0	0	0
88	0	0	752	620	896	1940	0	0	0	0
89	0	0	751	618	897	1951	0	0	0	0
90	0	0	751	619	896	1953	0	0	0	0
91	0	0	751	618	896	1954	0	0	0	0
92	0	0	749	620	896	1961	0	0	0	0
93	0	0	749	619	896	1976	0	0	0	0
94	0	0	748	619	894	1986	0	0	0	0
95	0	0	748	620	895	1997	0	0	0	0
96	0	0	749	619	894	2001	0	0	0	0
97	0	0	746	621	895	2005	0	0	0	0
98	0	0	746	621	893	2018	0	0	0	0
99	0	0	744	622	895	2026	0	0	0	0
100	0	0	744	623	894	2030	0	0	0	0
101	0	0	742	622	894	2035	0	0	0	0
102	0	0	742	622	895	2040	0	0	0	0
103	0	0	742	622	895	2051	0	0	0	0
104	0	0	741	622	895	2055	0	0	0	0
105	0	0	739	623	894	2062	0	0	0	0
106	0	0	739	623	895	2063	0	0	0	0
107	0	0	739	624	894	2070	0	0	0	0
108	0	0	739	624	895	2080	0	0	0	0
109	0	0	738	625	895	2086	0	0	0	0
110	0	0	735	625	894	2089	0	0	0	0
111	0	0	734	626	894	2098	0	0	0	0
112	0	0	733	625	892	2106	0	0	0	0
113	0	0	734	626	892	2114	0	0	0	0
114	0	0	733	626	890	2121	0	0	0	0
115	0	0	734	626	889	2125	0	0	0	0
116	0	0	735	625	891	2131	0	0	0	0
117	0	0	736	624	891	2137	0	0	0	0
118	0	0	737	621	892	2143	0	0	0	0
119	0	0	736	620	891	2148	0	0	0	0
120	0	0	739	620	891	2150	0	0	0	0
121	0	0	740	620	890	2154	0	0	0	1
122	0	0	739	620	889	2162	0	0	0	0
123	0	0	739	620	889	2172	0	0	0	0
124	0	0	738	618	888	2179	0	0	0	0
125	0	0	738	618	889	2186	0	0	0	0
126	0	0	737	617	889	2189	0	0	0	0
127	0	0	738	616	888	2199	0	0	0	0
0	0	0	738	616	887	2204	0	0	0	0
1	0	0	737	615	886	2206	0	0	0	0
2	0	0	736	616	886	2222	0	0	0	0
3	0	0	736	616	887	2226	0	0	0	0
4	0	0	736	616	887	2230	0	0	0	0
5	0	0	735	617	889	2236	0	0	0	0
6	0	0	735	618	888	2238	0	0	0	0
7	0	0	735	619	889	2241	0	0	0	0
8	0	0	733	620	887	2239	0	0	0	0
9	0	0	732	621	889	2242	0	0	0	0
10	0	0	732	622	890	2251	0	0	0	0
11	0	0	731	623	890	2257	0	0	0	0
12	0	0	730	624	890	2271	0	0	0	0
13	0	0	730	625	893	2276	0	0	0	0
14	0	0	728	626	892	2283	0	0	0	0
15	0	0	728	625	892	2283	0	0	0	0
16	0	0	726	625	893	2285	0	0	0	0
17	0	0	725	625	895	2285	0	0	0	0
18	0	0	725	625	895	2284	0	0	0	0
19	0	0	723	625	894	2289	0	0	0	0
20	0	0	724	625	895	2297	0	0	0	0
21	0	0	723	625	896	2300	0	0	0	0
22	0	0	721	624	897	2301	0	0	0	0
23	0	0	722	624	899	2296	0	0	0	0
24	0	0	721	623	899	2302	0	0	0	0
25	0	0	719	622	899	2303	0	0	0	0
26	0	0	720	622	901	2306	0	0	0	0
27	0	0	721	621	902	2305	0	0	0	0
28	0	0	721	621	903	2305	0	0	0	0
29	0	0	721	620	903	2308	0	0	0	0
30	0	0	721	619	904	2305	0	0	0	0
31	0	0	721	618	905	2304	0	0	0	0
32	0	0	723	618	906	2301	0	0	0	0
33	0	0	723	616	904	2303	0	0	0	0
34	0	0	723	616	905	2305	0	0	0	0
35	0	0	725	614	906	2306	0	0	0	0
36	0	0	724	613	906	2319	0	0	0	0
37	0	0	724	612	907	2332	0	0	0	0
38	0	0	724	611	907	2341	0	0	0	0
39	0	0	725	608	908	2345	0	0	0	0
40	0	0	726	608	910	2351	0	0	0	0
41	0	0	726	606	910	2354	0	0	0	0
42	0	0	726	605	910	2361	0	0	0	0
43	0	0	727	605	912	2369	0	0	0	0
44	0	0	729	603	912	2376	0	0	0	0
45	0	0	731	602	914	2378	0	0	0	0
46	0	0	731	601	915	2386	0	0	0	0
47	0	0	730	600	916	2387	0	0	0	0
48	0	0	731	598	917	2388	0	0	0	0
49	0	0	731	598	918	2388	0	0	0	0
50	0	0	731	597	918	2390	0	0	0	0
51	0	0	731	596	919	2394	0	0	0	0
52	0	0	731	596	920	2397	0	0	0	0
53	0	0	731	595	923	2402	0	0	0	0
54	0	0	732	594	923	2404	0	0	0	0
55	0	0	733	593	924	2407	0	0	0	0
56	0	0	734	591	924	2412	0	0	0	0
57	0	0	734	591	925	2417	0	0	0	0
58	0	0	733	591	925	2419	0	0	0	0
59	0	0	733	591	925	2420	0	0	0	0
60	0	0	733	589	925	2417	0	0	0	0
61	0	0	734	588	925	2423	0	0	0	0
62	0	0	735	588	925	2428	0	0	0	0
63	0	0	735	587	925	2434	0	0	0	0
64	0	0	735	586	925	2442	0	0	0	0
65	0	0	736	584	925	2451	0	0	0	0
66	0	0	736	585	927	2461	0	0	0	0
67	0	0	735	583	926	2460	0	0	0	0
68	0	0	735	583	926	2456	0	0	0	0
69	0	0	735	582	926	2462	0	0	0	0
70	0	0	736	582	925	2465	0	0	0	0
71	0	0	735	579	925	2464	0	0	0	0
72	0	0	736	581	925	2465	0	0	0	0
73	0	0	736	580	925	2469	0	0	0	0
74	0	0	737	579	924	2475	0	0	0	0
75	0	0	739	578	924	2477	0	0	0	0
76	0	0	739	579	923	2480	0	0	0	0
77	0	0	742	578	922	2484	0	0	0	0
78	0	0	744	577	922	2485	0	0	0	0
79	0	0	745	576	921	2488	0	0	0	0
80	0	0	747	575	919	2485	0	0	0	0
81	0	0	748	575	919	2485	0	0	0	0
82	0	0	750	574	919	2485	0	0	0	0
83	0	0	752	572	920	2494	0	0	0	0
84	0	0	754	571	919	2497	0	0	0	0
85	0	0	756	570	919	2506	0	0	0	0
86	0	0	758	569	918	2510	0	0	0	0
87	0	0	758	568	919	2516	0	0	0	0
88	0	0	761	566	919	2527	0	0	0	0
89	0	0	763	565	919	2535	0	0	0	0
90	0	0	764	563	919	2543	0	0	0	0
91	0	0	765	563	921	2547	0	0	0	0
92	0	0	766	561	919	2550	0	0	0	0
93	0	0	767	560	919	2553	0	0	0	0
94	0	0	768	560	919	2556	0	0	0	0
95	0	0	768	559	919	2560	0	0	0	0
96	0	0	770	559	919	2566	0	0	0	0
97	0	0	769	559	919	2572	0	0	0	0
98	0	0	770	558	919	2577	0	0	0	0
99	0	0	770	559	919	2580	0	0	0	0
100	0	0	769	559	919	2585	0	0	0	0
101	0	0	771	559	919	2589	0	0	0	0
102	0	0	768	560	919	2591	0	0	0	0
103	0	0	770	560	918	2597	0	0	0	0
104	0	0	769	561	919	2607	0	0	0	0
105	0	0	768	562	919	2613	0	0	0	0
106	0	0	767	562	920	2614	0	0	0	0
107	0	0	765	563	919	2616	0	0	0	0
108	0	0	765	564	920	2622	0	0	0	0
109	0	0	764	566	922	2624	0	0	0	0
110	0	0	762	566	921	2628	0	0	0	0
111	0	0	761	567	922	2638	0	0	0	0
112	0	0	760	568	923	2641	0	0	0	0
113	0	0	758	568	923	2644	0	0	0	0
114	0	0	758	570	924	2648	0	0	0	0
115	0	0	755	571	924	2653	0	0	0	0
116	0	0	756	571	925	2661	0	0	0	0
117	0	0	752	571	925	2669	0	0	0	0
118	0	0	754	572	925	2670	0	0	0	0
119	0	0	753	574	926	2672	0	0	0	0
120	0	0	752	575	925	2678	0	0	0	0
121	0	0	752	575	926	2689	0	0	0	0
122	0	0	752	576	924	2691	0	0	0	0
123	0	0	751	576	925	2693	0	0	0	0
124	0	0	752	577	924	2695	0	0	0	0
125	0	0	752	578	924	2696	0	0	0	0
126	0	0	751	578	924	2697	0	0	0	0
127	0	0	749	579	924	2703	0	0	0	0
0	0	0	750	579	924	2712	0	0	0	0
1	0	0	750	578	924	2717	0	0	0	0
2	0	0	751	578	923	2725	0	0	0	0
3	0	0	750	578	923	2730	0	0	0	0
4	0	0	751	578	921	2733	0	0	0	0
5	0	0	750	577	922	2736	0	0	0	0
6	0	0	750	577	922	2743	0	0	0	0
7	0	0	749	577	920	2750	0	0	0	0
8	0	0	748	578	920	2754	0	0	0	0
9	0	0	748	578	922	2759	0	0	0	0
10	0	0	747	578	921	2762	0	0	0	0
11	0	0	746	578	920	2767	0	0	0	0
12	0	0	744	578	918	2772	0	0	0	0
13	0	0	743	579	919	2778	0	0	0	0
14	0	0	739	578	919	2788	0	0	0	0
15	0	0	739	578	919	2794	0	0	0	0
16	0	0	739	578	919	2799	0	0	0	0
17	0	0	737	577	920	2806	0	0	0	0
18	0	0	735	576	920	2812	0	0	0	0
19	0	0	733	576	921	2817	0	0	0	0
20	0	0	731	574	922	2821	0	0	0	0
21	0	0	729	573	922	2824	0	0	0	0
22	0	0	728	573	923	2831	0	0	0	0
23	0	0	727	573	924	2835	0	0	0	0
24	0	0	725	571	925	2837	0	0	0	0
25	0	0	723	571	926	2841	0	0	0	0
26	0	0	721	572	927	2844	0	0	0	0
27	0	0	721	570	927	2847	0	0	0	0
28	0	0	719	570	928	2851	0	0	0	0
29	0	0	718	570	930	2855	0	0	0	0
30	0	0	715	570	930	2855	0	0	0	0
31	0	0	715	570	932	2858	0	0	0	0
32	0	0	714	570	932	2865	0	0	0	0
33	0	0	714	570	933	2875	0	0	0	0
34	0	0	713	570	935	2880	0	0	0	0
35	0	0	713	569	936	2883	0	0	0	0
36	0	0	714	569	937	2887	0	0	0	0
37	0	0	712	569	936	2887	0	0	0	0
38	0	0	712	569	938	2890	0	0	0	0
39	0	0	714	569	940	2895	0	0	0	0
40	0	0	713	569	939	2899	0	0	0	0
41	0	0	713	569	941	2904	0	0	0	0
42	0	0	713	569	941	2907	0	0	0	0
43	0	0	712	569	942	2911	0	0	0	0
44	0	0	712	570	943	2910	0	0	0	0
45	0	0	711	570	943	2913	0	0	0	0
46	0	0	713	569	943	2921	0	0	0	0
47	0	0	713	569	945	2927	0	0	0	0
48	0	0	714	571	945	2930	0	0	0	0
49	0	0	714	570	946	2932	0	0	0	0
50	0	0	714	570	947	2935	0	0	0	0
51	0	0	712	570	947	2942	0	0	0	0
52	0	0	712	572	947	2944	0	0	0	0
53	0	0	713	572	947	2951	0	0	0	0
54	0	0	713	572	947	2951	0	0	0	0
55	0	0	714	573	947	2960	0	0	0	0
56	0	0	714	573	947	2963	0	0	0	0
57	0	0	712	574	946	2964	0	0	0	0
58	0	0	712	575	946	2967	0	0	0	0
59	0	0	714	577	946	2971	0	0	0	0
60	0	0	713	577	947	2973	0	0	0	0
61	0	0	714	577	947	2975	0	0	0	0
62	0	0	716	577	948	2976	0	0	0	0
63	0	0	716	578	946	2979	0	0	0	0
64	0	0	715	579	947	2979	0	0	0	0
65	0	0	715	579	948	2980	0	0	0	0
66	0	0	716	579	948	2984	0	0	0	0
67	0	0	716	578	948	2985	0	0	0	0
68	0	0	719	578	947	2989	0	0	0	0
69	0	0	720	579	949	2990	0	0	0	0
70	0	0	721	578	948	2991	0	0	0	0
71	0	0	721	577	948	2995	0	0	0	0
72	0	0	721	578	949	2996	0	0	0	0
73	0	0	722	579	949	2998	0	0	0	0
74	0	0	722	578	948	3000	0	0	0	0
75	0	0	721	577	949	3001	0	0	0	0
76	0	0	722	577	950	3003	0	0	0	0
77	0	0	721	577	950	3004	0	0	0	0
78	0	0	720	576	951	3006	0	0	0	0
79	0	0	722	576	950	3008	0	0	0	0
80	0	0	721	575	951	3011	0	0	0	0
81	0	0	724	574	951	3016	0	0	0	0
82	0	0	723	572	951	3016	0	0	0	0
83	0	0	724	571	951	3017	0	0	0	0
84	0	0	724	570	951	3020	0	0	0	0
85	0	0	723	569	952	3023	0	0	0	0
86	0	0	724	569	952	3025	0	0	0	0
87	0	0	724	569	952	3027	0	0	0	0
88	0	0	724	565	952	3028	0	0	0	0
89	0	0	725	563	952	3028	0	0	0	0
90	0	0	724	564	953	3031	0	0	0	0
91	0	0	722	563	954	3034	0	0	0	0
92	0	0	722	563	953	3035	0	0	0	0
93	0	0	721	562	954	3038	0	0	0	0
94	0	0	722	561	954	3040	0	0	0	0
95	0	0	720	561	955	3044	0	0	0	0
96	0	0	720	562	957	3048	0	0	0	0
97	0	0	719	560	956	3052	0	0	0	0
98	0	0	719	559	957	3057	0	0	0	0
99	0	0	718	559	957	3060	0	0	0	0
100	0	0	718	559	959	3064	0	0	0	0
101	0	0	718	559	960	3067	0	0	0	0
102	0	0	718	559	960	3073	0	0	0	0
103	0	0	720	558	960	3076	0	0	0	0
104	0	0	719	557	961	3082	0	0	0	0
105	0	0	721	557	962	3088	0	0	0	0
106	0	0	721	556	963	3092	0	0	0	0
107	0	0	721	556	963	3093	0	0	0	0
108	0	0	722	557	963	3097	0	0	0	0
109	0	0	721	554	961	3099	0	0	0	0
110	0	0	720	554	962	3102	0	0	0	0
111	0	0	721	553	963	3104	0	0	0	0
112	0	0	722	552	962	3105	0	0	0	0
113	0	0	723	551	963	3108	0	0	0	0
114	0	0	724	552	964	3107	0	0	0	0
115	0	0	724	552	964	3114	0	0	0	0
116	0	0	725	552	964	3116	0	0	0	0
117	0	0	726	551	963	3117	0	0	0	0
118	0	0	728	550	963	3122	0	0	0	0
119	0	0	729	551	964	3127	0	0	0	0
120	0	0	730	550	964	3130	0	0	0	0
121	0	0	730	550	966	3133	0	0	0	0
122	0	0	730	548	966	3135	0	0	0	0
123	0	0	731	548	967	3136	0	0	0	0
124	0	0	732	547	967	3137	0	0	0	0
125	0	0	730	547	968	3140	0	0	0	0
126	0	0	732	546	969	3143	0	0	0	0
127	0	0	731	545	969	3146	0	0	0	0
0	0	0	733	545	970	3148	0	0	0	0
1	0	0	734	544	971	3151	0	0	0	0
2	0	0	735	544	972	3154	0	0	0	0
3	0	0	735	543	971	3156	0	0	0	0
4	0	0	735	544	972	3158	0	0	0	0
5	0	0	736	544	971	3156	0	0	0	0
6	0	0	738	543	973	3159	0	0	0	0
7	0	0	737	543	973	3165	0	0	0	0
8	0	0	736	542	971	3167	0	0	0	0
9	0	0	737	543	974	3171	0	0	0	0
10	0	0	735	543	973	3169	0	0	0	0
11	0	0	737	543	973	3171	0	0	0	0
12	0	0	736	543	973	3173	0	0	0	0
13	0	0	734	544	973	3177	0	0	0	0
14	0	0	735	545	973	3176	0	0	0	0
15	0	0	734	545	972	3176	0	0	0	0
16	0	0	733	545	974	3177	0	0	0	0
17	0	0	732	545	974	3181	0	0	0	0
18	0	0	731	544	974	3177	0	0	0	0
19	0	0	731	546	973	3176	0	0	0	0
20	0	0	729	545	974	3178	0	0	0	0
21	0	0	728	546	974	3179	0	0	0	0
22	0	0	726	547	974	3182	0	0	0	0
23	0	0	725	547	973	3182	0	0	0	0
24	0	0	723	548	973	3180	0	0	0	0
25	0	0	722	547	974	3185	0	0	0	0
26	0	0	721	549	973	3185	0	0	0	0
27	0	0	720	550	971	3184	0	0	0	0
28	0	0	719	550	971	3184	0	0	0	0
29	0	0	718	551	970	3185	0	0	0	0
30	0	0	717	553	969	3183	0	0	0	0
31	0	0	718	553	967	3182	0	0	0	0
32	0	0	718	554	967	3184	0	0	0	0
33	0	0	718	555	965	3187	0	0	0	0
34	0	0	719	555	964	3188	0	0	0	0
35	0	0	719	556	962	3188	0	0	0	0
36	0	0	719	558	961	3189	0	0	0	0
37	0	0	720	559	959	3190	0	0	0	0
38	0	0	721	560	958	3189	0	0	0	0
39	0	0	722	561	957	3191	0	0	0	0
40	0	0	723	563	956	3194	0	0	0	0
41	0	0	724	563	955	3192	0	0	0	0
42	0	0	725	565	954	3191	0	0	0	0
43	0	0	725	565	952	3192	0	0	0	0
44	0	0	726	568	952	3192	0	0	0	0
45	0	0	724	570	950	3190	0	0	0	0
46	0	0	728	571	949	3186	0	0	0	0
47	0	0	729	573	948	3184	0	0	0	0
48	0	0	729	574	945	3181	0	0	0	0
49	0	0	730	577	945	3180	0	0	0	0
50	0	0	731	579	942	3174	0	0	0	0
51	0	0	731	579	943	3175	0	0	0	0
52	0	0	731	581	941	3171	0	0	0	0
53	0	0	731	582	938	3167	0	0	0	0
54	0	0	733	584	938	3159	0	0	0	0
55	0	0	733	585	936	3152	0	0	0	0
56	0	0	735	588	934	3155	0	0	0	0
57	0	0	736	590	933	3152	0	0	0	0
58	0	0	736	591	931	3149	0	0	0	0
59	0	0	737	593	930	3141	0	0	0	0
60	0	0	737	594	929	3140	0	0	0	0
61	0	0	737	597	926	3140	0	0	0	0
62	0	0	738	600	925	3144	0	0	0	0
63	0	0	737	603	922	3147	0	0	0	0
64	0	0	737	606	921	3124	0	0	0	0
65	0	0	737	608	919	3122	0	0	0	0
66	0	0	736	610	918	3127	0	0	0	0
67	0	0	738	612	918	3119	0	0	0	0
68	0	0	738	613	917	3116	0	0	0	0
69	0	0	737	614	917	3107	0	0	0	0
70	0	0	740	617	915	3097	0	0	0	0
71	0	0	741	620	914	3094	0	0	0	0
72	0	0	742	621	912	3084	0	0	0	0
73	0	0	741	624	911	3069	0	0	0	0
74	0	0	741	626	911	3067	0	0	0	0
75	0	0	741	630	909	3042	0	0	0	0
76	0	0	742	629	905	3018	0	0	0	0
77	0	0	743	633	905	2998	0	0	0	0
78	0	0	744	636	902	2976	0	0	0	0
79	0	0	745	638	900	2951	0	0	0	0
80	0	0	748	641	898	2909	0	0	0	0
81	0	0	748	644	897	2886	0	0	0	0
82	0	0	751	645	895	2858	0	0	0	0
83	0	0	753	649	891	2829	0	0	0	0
84	0	0	755	651	890	2815	0	0	0	0
85	0	0	755	654	888	2779	0	0	0	0
86	0	0	757	658	887	2716	0	0	0	0
87	0	0	759	660	885	2673	0	0	0	0
88	0	0	761	664	884	2602	0	0	0	0
89	0	0	762	667	882	2540	0	0	0	0
90	0	0	763	669	881	2486	0	0	0	0
91	0	0	765	671	879	2411	0	0	0	0
92	0	0	765	672	879	2309	0	0	0	0
93	0	0	764	675	878	2186	0	0	0	0
94	0	0	765	678	876	2091	0	0	0	0
95	0	0	766	680	875	2015	0	0	0	0
96	0	0	764	683	874	1912	0	0	0	0
97	0	0	765	685	873	1808	0	0	0	0
98	0	0	763	688	874	1754	0	0	0	0
99	0	0	761	690	872	1586	0	0	0	0
100	0	0	761	693	872	1466	0	0	0	0
101	0	0	761	696	871	1279	0	0	0	0
102	0	0	759	698	871	1202	0	0	0	0
103	0	0	758	700	871	1068	0	0	0	0
104	0	0	758	705	872	830	0	0	0	0
105	0	0	754	709	872	740	0	0	0	0
106	0	0	750	713	870	727	0	0	0	0
107	0	0	747	717	870	673	0	0	0	0
108	0	0	746	720	870	556	0	0	0	0
109	0	0	744	724	869	579	0	0	0	0
110	0	0	740	728	869	541	0	0	0	0
111	0	0	738	731	867	481	0	0	0	0
112	0	0	736	736	868	458	0	0	0	0
113	0	0	734	739	867	422	0	0	0	0
114	0	0	732	743	866	378	0	0	0	0
115	0	0	730	747	866	409	0	0	0	0
116	0	0	727	753	865	464	0	0	0	0
117	0	0	726	757	864	463	0	0	0	0
118	0	0	726	763	863	448	0	0	0	0
119	0	0	724	766	861	472	0	0	0	0
120	0	0	722	770	860	490	0	0	0	0
121	0	0	720	776	859	465	0	0	0	0
122	0	0	721	780	856	465	0	0	0	0
123	0	0	720	783	855	497	0	0	0	0
124	0	0	719	788	854	492	0	0	0	0
125	0	0	719	793	850	492	0	0	0	0
126	0	0	722	795	848	482	0	0	0	0
127	0	0	722	799	845	495	0	0	0	0
0	0	0	724	803	844	480	0	0	0	0
1	0	0	724	807	841	470	0	0	0	0
2	0	0	725	810	838	408	0	0	0	0
3	0	0	726	816	835	396	0	0	0	0
4	0	0	726	819	832	383	0	0	0	0
5	0	0	726	823	830	347	0	0	0	0
6	0	0	726	829	827	347	0	0	0	0
7	0	0	726	834	823	341	0	0	0	0
8	0	0	728	838	821	340	0	0	0	0
9	0	0	729	843	817	339	0	0	0	0
10	0	0	730	848	811	336	0	0	0	0
11	0	0	731	854	807	342	0	0	0	0
12	0	0	734	859	805	334	0	0	0	0
13	0	0	732	865	801	308	0	0	0	0
14	0	0	737	870	797	313	0	0	0	0
15	0	0	740	876	795	314	0	0	0	0
16	0	0	741	883	790	281	0	0	0	0
17	0	0	743	890	787	284	0	0	0	0
18	0	0	745	897	785	279	0	0	0	0
19	0	0	747	903	780	271	0	0	0	0
20	0	0	749	911	775	258	0	0	0	0
21	0	0	748	920	771	262	0	0	0	0
22	0	0	751	926	767	268	0	0	0	0
23	0	0	750	934	763	266	0	0	0	0
24	0	0	751	942	758	253	0	0	0	0
25	0	0	754	949	753	232	0	0	0	0
26	0	0	755	957	748	231	0	0	0	0
27	0	0	756	963	743	235	0	0	0	0
28	0	0	759	969	738	238	0	0	0	0
29	0	0	759	975	735	228	0	0	0	0
30	0	0	758	979	730	234	0	0	0	0
31	0	0	757	986	728	239	0	0	0	0
32	0	0	757	990	725	238	0	0	0	0
33	0	0	756	995	724	218	0	0	0	0
34	0	0	754	1001	722	197	0	0	0	0
35	0	0	753	1004	720	198	0	0	0	0
36	0	0	753	1007	718	203	0	0	0	0
37	0	0	752	1009	719	190	0	0	0	0
38	0	0	751	1010	720	182	0	0	0	0
39	0	0	752	1012	717	191	0	0	0	0
40	0	0	751	1014	716	186	0	0	0	0
41	0	0	752	1015	715	184	0	0	0	0
42	0	0	752	1017	714	133	0	0	0	0
43	0	0	751	1019	715	132	0	0	0	0
44	0	0	749	1018	714	127	0	0	0	0
45	0	0	752	1017	714	119	0	0	0	0
46	0	0	753	1017	715	122	0	0	0	0
47	0	0	755	1017	716	113	0	0	0	0
48	0	0	757	1014	717	122	0	0	0	0
49	0	0	759	1014	717	121	0	0	0	0
50	0	0	760	1011	718	118	0	0	0	0
51	0	0	761	1008	719	110	0	0	0	0
52	0	0	763	1004	720	113	0	0	0	0
53	0	0	762	999	722	110	0	0	0	0
54	0	0	761	995	724	103	0	0	0	0
55	0	0	762	991	726	99	0	0	0	0
56	0	0	760	987	726	100	0	0	0	0
57	0	0	757	983	728	98	0	0	0	0
58	0	0	756	980	729	100	0	0	0	0
59	0	0	754	975	729	105	0	0	0	0
60	0	0	753	973	730	99	0	0	0	0
61	0	0	751	969	729	109	0	0	0	0
62	0	0	752	962	731	109	0	0	0	0
63	0	0	751	957	731	106	0	0	0	0
64	0	0	752	951	732	98	0	0	0	0
65	0	0	750	946	733	93	0	0	0	0
66	0	0	748	940	734	92	0	0	0	0
67	0	0	746	935	735	86	0	0	0	0
68	0	0	746	930	737	80	0	0	0	0
69	0	0	747	923	739	75	0	0	0	0
70	0	0	748	917	742	77	0	0	0	0
71	0	0	748	911	744	82	0	0	0	0
72	0	0	748	905	747	83	0	0	0	0
73	0	0	749	899	749	88	0	0	0	0
74	0	0	750	893	752	93	0	0	0	0
75	0	0	752	888	754	97	0	0	0	0
76	0	0	755	881	757	96	0	0	0	0
77	0	0	757	875	761	97	0	0	0	0
78	0	0	760	869	764	98	0	0	0	0
79	0	0	762	863	767	100	0	0	0	0
80	0	0	764	859	769	97	0	0	0	0
81	0	0	766	853	771	102	0	0	0	0
82	0	0	767	848	774	103	0	0	0	0
83	0	0	769	844	776	101	0	0	0	0
84	0	0	771	840	777	100	0	0	0	0
85	0	0	774	837	779	92	0	0	0	0
86	0	0	775	834	779	91	0	0	0	0
87	0	0	777	832	781	87	0	0	0	0
88	0	0	779	829	782	86	0	0	0	0
89	0	0	781	824	784	84	0	0	0	0
90	0	0	782	821	786	86	0	0	0	0
91	0	0	783	818	787	87	0	0	0	0
92	0	0	783	814	790	87	0	0	0	0
93	0	0	785	810	791	86	0	0	0	0
94	0	0	783	807	792	85	0	0	0	0
95	0	0	783	803	793	86	0	0	0	0
96	0	0	784	798	794	85	0	0	0	0
97	0	0	786	795	795	86	0	0	0	0
98	0	0	786	793	796	89	0	0	0	0
99	0	0	786	791	796	89	0	0	0	0
100	0	0	785	788	796	87	0	0	0	0
101	0	0	784	784	796	92	0	0	0	0
102	0	0	783	784	796	91	0	0	0	0
103	0	0	783	783	797	93	0	0	0	0
104	0	0	784	781	796	88	0	0	0	0
105	0	0	784	779	796	80	0	0	0	0
106	0	0	784	777	794	79	0	0	0	0
107	0	0	785	774	795	76	0	0	0	0
108	0	0	787	773	797	72	0	0	0	0
109	0	0	789	769	798	69	0	0	0	0
110	0	0	790	764	799	71	0	0	0	0
111	0	0	792	761	800	70	0	0	0	0
112	0	0	793	757	800	71	0	0	0	0
113	0	0	794	754	801	73	0	0	0	0
114	0	0	796	751	801	75	0	0	0	0
115	0	0	798	749	801	79	0	0	0	0
116	0	0	798	747	803	79	0	0	0	0
117	0	0	799	745	801	81	0	0	0	0
118	0	0	801	744	800	82	0	0	0	0
119	0	0	802	741	797	86	0	0	0	0
120	0	0	803	739	799	80	0	0	0	0
121	0	0	804	738	798	84	0	0	0	0
122	0	0	804	736	796	84	0	0	0	0
123	0	0	805	736	795	83	0	0	0	0
124	0	0	805	735	795	78	0	0	0	0
125	0	0	805	734	792	72	0	0	0	0
126	0	0	805	733	792	72	0	0	0	0
127	0	0	805	732	790	67	0	0	0	0
0	0	0	805	732	790	64	0	0	0	0
1	0	0	805	731	791	61	0	0	0	0
2	0	0	803	729	789	63	0	0	0	0
3	0	0	802	729	789	65	0	0	0	0
4	0	0	802	728	788	65	0	0	0	0
5	0	0	803	727	788	66	0	0	0	0
6	0	0	801	727	789	67	0	0	0	0
7	0	0	802	727	788	71	0	0	0	0
8	0	0	800	726	786	71	0	0	0	0
9	0	0	800	726	786	74	0	0	0	0
10	0	0	798	725	785	75	0	0	0	0
11	0	0	799	725	784	76	0	0	0	0
12	0	0	798	725	784	75	0	0	0	0
13	0	0	798	725	783	79	0	0	0	0
14	0	0	796	725	783	80	0	0	0	0
15	0	0	796	725	783	81	0	0	0	0
16	0	0	794	724	782	76	0	0	0	0
17	0	0	794	724	781	71	0	0	0	0
18	0	0	794	725	780	69	0	0	0	0
19	0	0	796	726	779	64	0	0	0	0
20	0	0	794	726	779	63	0	0	0	0
21	0	0	793	726	779	61	0	0	0	0
22	0	0	793	726	778	63	0	0	0	0
23	0	0	793	726	778	66	0	0	0	0
24	0	0	794	726	777	66	0	0	0	0
25	0	0	793	726	775	67	0	0	0	0
26	0	0	795	728	775	71	0	0	0	0
27	0	0	794	727	775	75	0	0	0	0
28	0	0	793	728	774	76	0	0	0	0
29	0	0	793	730	772	79	0	0	0	0
30	0	0	793	730	773	81	0	0	0	0
31	0	0	791	730	771	82	0	0	0	0
32	0	0	793	731	771	81	0	0	0	0
33	0	0	794	732	769	85	0	0	0	0
34	0	0	795	733	769	86	0	0	0	0
35	0	0	795	734	767	85	0	0	0	0
36	0	0	796	736	767	80	0	0	0	0
37	0	0	794	738	766	75	0	0	0	0
38	0	0	795	738	766	74	0	0	0	0
39	0	0	796	741	765	70	0	0	0	0
40	0	0	796	743	763	69	0	0	0	0
41	0	0	795	744	763	66	0	0	0	0
42	0	0	796	746	762	67	0	0	0	0
43	0	0	797	748	761	69	0	0	0	0
44	0	0	798	749	761	69	0	0	0	0
45	0	0	799	750	760	70	0	0	0	0
46	0	0	799	751	759	74	0	0	0	0
47	0	0	801	752	757	79	0	0	0	0
48	0	0	802	753	757	79	0	0	0	0
49	0	0	802	755	756	82	0	0	0	0
50	0	0	803	757	756	83	0	0	0	0
51	0	0	805	758	756	85	0	0	0	0
52	0	0	805	760	754	83	0	0	0	0
53	0	0	805	762	754	86	0	0	0	0
54	0	0	808	762	753	89	0	0	0	0
55	0	0	808	764	753	86	0	0	0	0
56	0	0	810	765	753	82	0	0	0	0
57	0	0	810	766	753	77	0	0	0	0
58	0	0	810	768	753	75	0	0	0	0
59	0	0	813	768	752	71	0	0	0	0
60	0	0	813	770	751	70	0	0	0	0
61	0	0	814	772	751	66	0	0	0	0
62	0	0	813	773	751	69	0	0	0	0
63	0	0	814	774	750	71	0	0	0	0
64	0	0	813	775	750	71	0	0	0	0
65	0	0	815	777	750	71	0	0	0	0
66	0	0	815	777	751	74	0	0	0	0
67	0	0	815	779	750	79	0	0	0	0
68	0	0	815	779	749	80	0	0	0	0
69	0	0	815	779	749	83	0	0	0	0
70	0	0	816	779	749	83	0	0	0	0
71	0	0	816	780	748	85	0	0	0	0
72	0	0	818	780	747	84	0	0	0	0
73	0	0	819	781	747	86	0	0	0	0
74	0	0	820	781	746	87	0	0	0	0
75	0	0	820	781	744	85	0	0	0	0
76	0	0	819	781	744	81	0	0	0	0
77	0	0	819	781	743	75	0	0	0	0
78	0	0	820	780	743	73	0	0	0	0
79	0	0	819	781	742	68	0	0	0	0
80	0	0	819	781	741	66	0	0	0	0
81	0	0	818	780	740	64	0	0	0	0
82	0	0	819	781	740	67	0	0	0	0
83	0	0	816	779	738	69	0	0	0	0
84	0	0	815	779	738	68	0	0	0	0
85	0	0	814	780	738	69	0	0	0	0
86	0	0	813	779	737	72	0	0	0	0
87	0	0	811	779	737	76	0	0	0	0
88	0	0	810	779	737	79	0	0	0	0
89	0	0	809	780	737	81	0	0	0	0
90	0	0	808	780	735	83	0	0	0	0
91	0	0	806	779	735	85	0	0	0	0
92	0	0	805	779	735	81	0	0	0	0
93	0	0	803	777	735	85	0	0	0	0
94	0	0	802	777	735	87	0	0	0	0
95	0	0	801	777	735	85	0	0	0	0
96	0	0	800	777	734	81	0	0	0	0
97	0	0	800	777	734	75	0	0	0	0
98	0	0	800	777	733	73	0	0	0	0
99	0	0	799	777	733	69	0	0	0	0
100	0	0	799	777	733	69	0	0	0	0
101	0	0	798	776	733	64	0	0	0	0
102	0	0	797	776	732	67	0	0	0	0
103	0	0	796	776	733	68	0	0	0	0
104	0	0	797	776	732	69	0	0	0	0
105	0	0	795	776	732	70	0	0	0	0
106	0	0	795	776	731	72	0	0	0	0
107	0	0	795	775	731	75	0	0	0	0
108	0	0	795	773	731	77	0	0	0	0
109	0	0	794	774	731	80	0	0	0	0
110	0	0	793	775	731	82	0	0	0	0
111	0	0	793	775	732	83	0	0	0	0
112	0	0	793	776	732	80	0	0	0	0
113	0	0	793	777	732	83	0	0	0	0
114	0	0	794	778	733	84	0	0	0	0
115	0	0	794	778	733	84	0	0	0	0
116	0	0	793	778	733	79	0	0	0	0
117	0	0	791	780	733	73	0	0	0	0
118	0	0	790	781	733	73	0	0	0	0
119	0	0	790	781	734	68	0	0	0	0
120	0	0	791	781	735	66	0	0	0	0
121	0	0	791	781	736	64	0	0	0	0
122	0	0	790	781	737	65	0	0	0	0
123	0	0	792	781	738	66	0	0	0	0
124	0	0	792	781	738	67	0	0	0	0
125	0	0	792	780	739	67	0	0	0	0
126	0	0	792	780	740	70	0	0	0	0
127	0	0	791	779	740	74	0	0	0	0
0	0	0	791	781	741	75	0	0	0	0
1	0	0	791	780	742	77	0	0	0	0
2	0	0	791	780	742	78	0	0	0	0
3	0	0	789	780	742	80	0	0	0	0
4	0	0	791	779	743	77	0	0	0	0
5	0	0	791	779	745	80	0	0	0	0
6	0	0	791	780	745	82	0	0	0	0
7	0	0	793	777	745	81	0	0	0	0
8	0	0	792	778	747	77	0	0	0	0
9	0	0	794	778	748	71	0	0	0	0
10	0	0	794	778	748	69	0	0	0	0
11	0	0	795	778	749	66	0	0	0	0
12	0	0	797	778	749	63	0	0	0	0
13	0	0	797	777	750	60	0	0	0	0
14	0	0	798	777	750	62	0	0	0	0
15	0	0	798	776	752	63	0	0	0	0
16	0	0	799	775	752	64	0	0	0	0
17	0	0	800	775	752	64	0	0	0	0
18	0	0	799	775	754	66	0	0	0	0
19	0	0	802	775	755	70	0	0	0	0
20	0	0	802	776	755	71	0	0	0	0
21	0	0	801	775	757	73	0	0	0	0
22	0	0	803	774	758	74	0	0	0	0
23	0	0	802	775	759	76	0	0	0	0
24	0	0	805	775	760	73	0	0	0	0
25	0	0	806	774	761	76	0	0	0	0
26	0	0	806	774	763	77	0	0	0	0
27	0	0	808	774	765	77	0	0	0	0
28	0	0	807	773	766	72	0	0	0	0
29	0	0	810	775	768	66	0	0	0	0
30	0	0	811	773	768	65	0	0	0	0
31	0	0	810	774	769	61	0	0	0	0
32	0	0	814	775	770	59	0	0	0	0
33	0	0	814	775	770	56	0	0	0	0
34	0	0	816	774	771	57	0	0	0	0
35	0	0	816	774	771	59	0	0	0	0
36	0	0	818	774	773	59	0	0	0	0
37	0	0	820	773	774	59	0	0	0	0
38	0	0	821	773	775	61	0	0	0	0
39	0	0	820	772	776	65	0	0	0	0
40	0	0	823	772	776	66	0	0	0	0
41	0	0	825	771	777	67	0	0	0	0
42	0	0	825	771	779	67	0	0	0	0
43	0	0	826	772	779	70	0	0	0	0
44	0	0	825	771	781	66	0	0	0	0
45	0	0	827	771	782	67	0	0	0	0
46	0	0	827	770	783	68	0	0	0	0
47	0	0	828	771	784	66	0	0	0	0
48	0	0	830	771	785	61	0	0	0	0
49	0	0	830	771	786	53	0	0	0	0
50	0	0	831	773	787	49	0	0	0	0
51	0	0	831	774	787	44	0	0	0	0
52	0	0	831	773	787	39	0	0	0	0
53	0	0	831	773	788	31	0	0	0	0
54	0	0	831	773	789	23	0	0	0	0
55	0	0	832	775	789	5	0	0	0	0
56	0	0	832	776	789	0	0	0	0	0
57	0	0	832	777	790	0	0	0	0	0
58	0	0	831	778	791	0	0	0	0	0
59	0	0	833	777	791	6	0	0	0	0
60	0	0	832	778	793	6	0	0	0	0
61	0	0	829	779	795	1	0	0	0	0
62	0	0	826	781	794	0	0	0	0	0
63	0	0	821	784	796	217	0	0	0	0
64	0	0	819	787	799	703	0	0	0	0
65	0	0	816	788	802	888	0	0	0	0
66	0	0	814	791	807	1000	0	0	0	0
67	0	0	810	795	814	1415	0	0	0	0
68	0	0	807	799	817	1667	0	0	0	0
69	0	0	802	803	819	1736	0	0	0	0
70	0	0	803	803	820	1712	0	0	0	0
71	0	0	805	803	819	1667	0	0	0	0
72	0	0	806	803	817	1616	0	0	0	0
73	0	0	802	802	814	1663	0	0	0	0
74	0	0	800	801	811	1703	0	0	0	0
75	0	0	794	800	811	1819	0	0	0	0
76	0	0	784	801	813	1922	0	0	0	0
77	0	0	775	801	817	1961	0	0	0	0
78	0	0	766	804	821	2170	0	0	0	0
79	0	0	759	806	826	2319	0	0	0	0
80	0	0	754	808	828	2421	0	0	0	0
81	0	0	748	811	831	2520	0	0	0	0
82	0	0	746	813	833	2637	0	0	0	0
83	0	0	746	816	835	2686	0	0	0	0
84	0	0	748	819	836	2721	0	0	0	0
85	0	0	750	822	837	2692	0	0	0	0
86	0	0	752	825	841	2645	0	0	0	0
87	0	0	751	830	845	2606	0	0	0	0
88	0	0	744	835	850	2563	0	0	0	0
89	0	0	733	841	855	2522	0	0	0	0
90	0	0	719	848	863	2441	0	0	0	0
91	0	0	704	856	876	2380	0	0	0	0
92	0	0	681	872	900	2298	0	0	0	0
93	0	0	646	896	930	2193	0	0	0	0
94	0	0	599	932	966	2093	0	0	0	0
95	0	0	539	979	1009	2057	0	0	0	0
96	0	0	460	1034	1051	2034	0	0	0	0
97	0	0	383	1088	1088	2021	0	0	0	0
98	0	0	310	1132	1114	1938	0	0	0	0
99	0	0	219	1153	1130	1828	0	0	0	0
100	0	0	144	1142	1149	1681	0	0	0	0
101	0	0	100	1098	1182	1637	0	0	0	0
102	0	0	72	1041	1243	1618	0	0	0	0
103	0	0	54	991	1321	1530	0	0	0	0
104	0	0	44	951	1393	1440	0	0	0	0
105	0	0	37	919	1435	1423	0	0	0	0
106	0	0	35	893	1460	1391	0	0	0	0
107	0	0	56	840	1458	1398	0	0	0	0
108	0	0	120	770	1414	1497	0	0	0	0
109	0	0	215	719	1354	1566	0	0	0	0
110	0	0	321	707	1322	1626	0	0	0	0
111	0	0	413	713	1302	1641	0	0	0	0
112	0	0	496	708	1288	1725	0	0	0	0
113	0	0	587	669	1274	1770	0	0	0	0
114	0	0	674	608	1258	1895	0	0	0	0
115	0	0	744	538	1233	1986	0	0	0	0
116	0	0	793	465	1198	2116	0	0	0	0
117	0	0	833	393	1150	2191	0	0	0	0
118	0	0	877	324	1106	2217	0	0	0	0
119	0	0	931	259	1055	2278	0	0	0	0
120	0	0	990	199	1004	2315	0	0	0	0
121	0	0	1042	150	950	2350	0	0	0	0
122	0	0	1086	108	908	2384	0	0	0	0
123	0	0	1130	77	882	2413	0	0	0	0
124	0	0	1160	59	872	2437	0	0	0	0
125	0	0	1175	52	874	2478	0	0	0	0
126	0	0	1189	63	860	2502	0	0	0	0
127	0	0	1180	57	860	2517	0	0	0	0
0	0	0	1199	45	866	2551	0	0	0	0
1	0	0	1203	37	878	2569	0	0	0	0
2	0	0	1211	32	903	2595	0	0	0	0
3	0	0	1222	29	919	2624	0	0	0	0
4	0	0	1202	27	919	2652	0	0	0	0
5	0	0	1142	27	903	2676	0	0	0	0
6	0	0	1077	27	905	2700	0	0	0	0
7	0	0	1025	25	916	2726	0	0	0	0
8	0	0	958	28	925	2749	0	0	0	0
9	0	0	885	25	941	2760	0	0	0	0
10	0	0	835	25	962	2785	0	0	0	0
11	0	0	777	24	991	2798	0	0	0	0
12	0	0	717	23	1028	2820	0	0	0	0
13	0	0	673	23	1071	2817	0	0	0	0
14	0	0	629	23	1110	2823	0	0	0	0
15	0	0	590	24	1156	2835	0	0	0	0
16	0	0	554	23	1202	2840	0	0	0	0
17	0	0	523	22	1249	2834	0	0	0	0
18	0	0	502	23	1288	2833	0	0	0	0
19	0	0	502	23	1322	2835	0	0	0	0
20	0	0	518	23	1351	2840	0	0	0	0
21	0	0	544	23	1372	2838	0	0	0	0
22	0	0	573	22	1390	2839	0	0	0	0
23	0	0	601	24	1401	2842	0	0	0	0
24	0	0	624	25	1409	2849	0	0	0	0
25	0	0	648	26	1407	2851	0	0	0	0
26	0	0	675	34	1401	2855	0	0	0	0
27	0	0	701	55	1389	2855	0	0	0	0
28	0	0	724	83	1373	2857	0	0	0	0
29	0	0	741	115	1350	2861	0	0	0	0
30	0	0	753	149	1326	2863	0	0	0	0
31	0	0	760	181	1299	2864	0	0	0	0
32	0	0	765	217	1269	2864	0	0	0	0
33	0	0	768	252	1244	2866	0	0	0	0
34	0	0	769	282	1217	2869	0	0	0	0
35	0	0	769	309	1193	2870	0	0	0	0
36	0	0	768	334	1172	2873	0	0	0	0
37	0	0	761	355	1153	2874	0	0	0	0
38	0	0	757	375	1137	2877	0	0	0	0
39	0	0	755	394	1122	2878	0	0	0	0
40	0	0	751	412	1109	2881	0	0	0	0
41	0	0	747	432	1096	2882	0	0	0	0
42	0	0	743	452	1082	2884	0	0	0	0
43	0	0	742	469	1067	2884	0	0	0	0
44	0	0	740	484	1055	2887	0	0	0	0
45	0	0	741	497	1040	2888	0	0	0	0
46	0	0	744	512	1023	2887	0	0	0	0
47	0	0	749	527	1004	2888	0	0	0	0
48	0	0	751	541	984	2890	0	0	0	0
49	0	0	756	555	966	2888	0	0	0	0
50	0	0	765	565	947	2889	0	0	0	0
51	0	0	775	573	931	2887	0	0	0	0
52	0	0	787	580	917	2888	0	0	0	0
53	0	0	801	587	900	2889	0	0	0	0
54	0	0	815	593	885	2890	0	0	0	0
55	0	0	829	598	872	2892	0	0	0	0
56	0	0	839	603	861	2892	0	0	0	0
57	0	0	848	608	849	2889	0	0	0	0
58	0	0	855	618	837	2890	0	0	0	0
59	0	0	858	627	825	2889	0	0	0	0
60	0	0	862	637	816	2889	0	0	0	0
61	0	0	865	646	806	2889	0	0	0	0
62	0	0	865	658	796	2888	0	0	0	0
63	0	0	868	669	788	2886	0	0	0	0
64	0	0	869	679	784	2886	0	0	0	0
65	0	0	869	686	778	2884	0	0	0	0
66	0	0	866	689	775	2884	0	0	0	0
67	0	0	867	691	774	2883	0	0	0	0
68	0	0	868	693	772	2882	0	0	0	0
69	0	0	870	692	772	2881	0	0	0	0
70	0	0	870	690	772	2879	0	0	0	0
71	0	0	872	688	770	2880	0	0	0	0
72	0	0	873	685	769	2879	0	0	0	0
73	0	0	873	682	768	2880	0	0	0	0
74	0	0	871	683	768	2877	0	0	0	0
75	0	0	866	681	769	2876	0	0	0	0
76	0	0	860	681	771	2875	0	0	0	0
77	0	0	855	681	773	2874	0	0	0	0
78	0	0	847	684	777	2876	0	0	0	0
79	0	0	841	686	781	2873	0	0	0	0
80	0	0	834	688	785	2873	0	0	0	0
81	0	0	826	689	789	2868	0	0	0	0
82	0	0	819	687	794	2865	0	0	0	0
83	0	0	811	687	799	2864	0	0	0	0
84	0	0	805	685	805	2860	0	0	0	0
85	0	0	799	683	810	2859	0	0	0	0
86	0	0	793	684	814	2856	0	0	0	0
87	0	0	787	685	818	2851	0	0	0	0
88	0	0	782	686	821	2846	0	0	0	0
89	0	0	779	687	824	2834	0	0	0	0
90	0	0	776	687	826	2830	0	0	0	0
91	0	0	773	687	827	2838	0	0	0	0
92	0	0	771	687	828	2845	0	0	0	0
93	0	0	768	689	829	2840	0	0	0	0
94	0	0	766	689	829	2841	0	0	0	0
95	0	0	765	690	829	2833	0	0	0	0
96	0	0	764	691	828	2828	0	0	0	0
97	0	0	763	690	828	2825	0	0	0	0
98	0	0	763	689	827	2823	0	0	0	0
99	0	0	764	686	827	2821	0	0	0	0
100	0	0	766	683	826	2818	0	0	0	0
101	0	0	767	679	826	2810	0	0	0	0
102	0	0	768	676	826	2802	0	0	0	0
103	0	0	768	673	827	2797	0	0	0	0
104	0	0	768	671	823	2786	0	0	0	0
105	0	0	769	669	824	2779	0	0	0	0
106	0	0	770	665	822	2769	0	0	0	0
107	0	0	770	660	823	2758	0	0	0	0
108	0	0	773	656	823	2753	0	0	0	0
109	0	0	776	652	824	2751	0	0	0	0
110	0	0	777	649	825	2742	0	0	0	0
111	0	0	779	644	827	2730	0	0	0	0
112	0	0	781	638	827	2721	0	0	0	0
113	0	0	783	634	830	2711	0	0	0	0
114	0	0	785	630	832	2706	0	0	0	0
115	0	0	785	626	832	2696	0	0	0	0
116	0	0	788	623	833	2690	0	0	0	0
117	0	0	789	618	835	2678	0	0	0	0
118	0	0	789	614	836	2672	0	0	0	0
119	0	0	788	610	837	2660	0	0	0	0
120	0	0	788	608	837	2643	0	0	0	0
121	0	0	787	604	839	2630	0	0	0	0
122	0	0	786	601	841	2628	0	0	0	0
123	0	0	784	599	843	2617	0	0	0	0
124	0	0	782	596	845	2604	0	0	0	0
125	0	0	778	593	847	2586	0	0	0	0
126	0	0	776	590	851	2566	0	0	0	0
127	0	0	773	586	854	2544	0	0	0	0
0	0	0	770	583	858	2530	0	0	0	0
1	0	0	768	580	862	2517	0	0	0	0
2	0	0	766	574	866	2504	0	0	0	0
3	0	0	765	571	869	2490	0	0	0	0
4	0	0	765	566	874	2465	0	0	0	0
5	0	0	763	563	878	2438	0	0	0	0
6	0	0	761	560	881	2407	0	0	0	0
7	0	0	760	557	885	2356	0	0	0	0
8	0	0	761	554	888	2339	0	0	0	0
9	0	0	757	551	891	2305	0	0	0	0
10	0	0	756	550	894	2275	0	0	0	0
11	0	0	756	549	897	2248	0	0	0	0
12	0	0	754	547	899	2228	0	0	0	0
13	0	0	754	547	900	2206	0	0	0	0
14	0	0	752	548	902	2184	0	0	0	0
15	0	0	751	547	904	2165	0	0	0	0
16	0	0	750	549	904	2142	0	0	0	0
17	0	0	750	550	905	2139	0	0	0	0
18	0	0	749	552	905	2106	0	0	0	0
19	0	0	749	555	904	2084	0	0	0	0
20	0	0	748	558	905	2070	0	0	0	0
21	0	0	748	562	903	2045	0	0	0	0
22	0	0	749	565	902	2020	0	0	0	0
23	0	0	750	569	901	1963	0	0	0	0
24	0	0	752	571	900	1947	0	0	0	0
25	0	0	754	575	899	1929	0	0	0	0
26	0	0	755	578	897	1898	0	0	0	0
27	0	0	758	581	895	1822	0	0	0	0
28	0	0	759	583	894	1779	0	0	0	0
29	0	0	762	587	891	1729	0	0	0	0
30	0	0	764	591	889	1699	0	0	0	0
31	0	0	766	594	888	1673	0	0	0	0
32	0	0	768	597	885	1654	0	0	0	0
33	0	0	767	601	884	1616	0	0	0	0
34	0	0	767	604	881	1600	0	0	0	0
35	0	0	768	607	878	1564	0	0	0	0
36	0	0	767	612	879	1528	0	0	0	0
37	0	0	767	615	876	1462	0	0	0	0
38	0	0	768	619	874	1415	0	0	0	0
39	0	0	767	624	872	1377	0	0	0	0
40	0	0	767	627	869	1303	0	0	0	0
41	0	0	767	631	868	1285	0	0	0	0
42	0	0	766	635	868	1253	0	0	0	0
43	0	0	766	639	866	1197	0	0	0	0
44	0	0	763	644	864	1110	0	0	0	0
45	0	0	762	648	862	1025	0	0	0	0
46	0	0	763	651	860	998	0	0	0	0
47	0	0	761	654	860	981	0	0	0	0
48	0	0	760	659	858	947	0	0	0	0
49	0	0	759	663	857	905	0	0	0	0
50	0	0	759	667	856	830	0	0	0	0
51	0	0	759	671	854	756	0	0	0	0
52	0	0	757	674	853	758	0	0	0	0
53	0	0	757	679	851	742	0	0	0	0
54	0	0	757	683	850	769	0	0	0	0
55	0	0	756	687	848	716	0	0	0	0
56	0	0	757	691	847	701	0	0	0	0
57	0	0	756	695	844	681	0	0	0	0
58	0	0	756	698	842	670	0	0	0	0
59	0	0	757	704	840	641	0	0	0	0
60	0	0	757	708	839	617	0	0	0	0
61	0	0	758	712	837	544	0	0	0	0
62	0	0	760	716	834	535	0	0	0	0
63	0	0	761	719	833	540	0	0	0	0
64	0	0	761	723	830	514	0	0	0	0
65	0	0	762	726	828	533	0	0	0	0
66	0	0	762	731	827	490	0	0	0	0
67	0	0	764	734	826	477	0	0	0	0
68	0	0	764	737	823	500	0	0	0	0
69	0	0	764	740	823	489	0	0	0	0
70	0	0	765	745	820	444	0	0	0	0
71	0	0	765	746	820	446	0	0	0	0
72	0	0	766	750	819	440	0	0	0	0
73	0	0	766	752	816	557	0	0	0	0
74	0	0	767	754	816	555	0	0	0	0
75	0	0	766	757	815	526	0	0	0	0
76	0	0	766	759	813	482	0	0	0	0
77	0	0	766	761	813	468	0	0	0	0
78	0	0	767	763	811	474	0	0	0	0
79	0	0	767	765	811	446	0	0	0	0
80	0	0	768	768	810	393	0	0	0	0
81	0	0	768	770	809	303	0	0	0	0
82	0	0	767	774	809	284	0	0	0	0
83	0	0	767	777	808	293	0	0	0	0
84	0	0	767	778	808	324	0	0	0	0
85	0	0	770	780	808	320	0	0	0	0
86	0	0	769	783	808	313	0	0	0	0
87	0	0	769	783	809	319	0	0	0	0
88	0	0	769	786	810	320	0	0	0	0
89	0	0	770	787	810	329	0	0	0	0
90	0	0	771	789	809	314	0	0	0	0
91	0	0	772	791	809	301	0	0	0	0
92	0	0	772	791	809	289	0	0	0	0
93	0	0	772	793	810	261	0	0	0	0
94	0	0	772	794	809	265	0	0	0	0
95	0	0	773	795	809	263	0	0	0	0
96	0	0	774	796	809	268	0	0	0	0
97	0	0	774	797	809	265	0	0	0	0
98	0	0	774	798	808	265	0	0	0	0
99	0	0	776	799	808	262	0	0	0	0
100	0	0	778	800	808	264	0	0	0	0
101	0	0	780	801	808	264	0	0	0	0
102	0	0	781	794	811	269	0	0	0	0
103	0	0	783	804	808	256	0	0	0	0
104	0	0	783	803	809	252	0	0	0	0
105	0	0	784	803	809	261	0	0	0	0
106	0	0	786	805	809	248	0	0	0	0
107	0	0	787	807	809	246	0	0	0	0
108	0	0	790	807	809	247	0	0	0	0
109	0	0	790	807	809	241	0	0	0	0
110	0	0	792	806	810	217	0	0	0	0
111	0	0	791	806	809	238	0	0	0	0
112	0	0	791	808	809	239	0	0	0	0
113	0	0	794	810	809	236	0	0	0	0
114	0	0	796	810	808	234	0	0	0	0
115	0	0	797	810	808	227	0	0	0	0
116	0	0	796	811	809	216	0	0	0	0
117	0	0	798	812	809	212	0	0	0	0
118	0	0	798	810	809	198	0	0	0	0
119	0	0	798	809	810	212	0	0	0	0
120	0	0	799	808	811	200	0	0	0	0
121	0	0	800	806	810	215	0	0	0	0
122	0	0	801	805	810	213	0	0	0	0
123	0	0	802	803	811	203	0	0	0	0
124	0	0	803	801	811	153	0	0	0	0
125	0	0	802	799	812	142	0	0	0	0
126	0	0	803	797	813	102	0	0	0	0
127	0	0	803	795	813	100	0	0	0	0
0	0	0	805	794	814	77	0	0	0	0
1	0	0	805	791	814	84	0	0	0	0
2	0	0	804	789	815	103	0	0	0	0
3	0	0	805	787	815	80	0	0	0	0
4	0	0	804	786	816	80	0	0	0	0
5	0	0	804	783	817	98	0	0	0	0
6	0	0	803	781	818	96	0	0	0	0
7	0	0	804	779	818	80	0	0	0	0
8	0	0	803	776	820	64	0	0	0	0
9	0	0	803	773	820	53	0	0	0	0
10	0	0	804	771	821	52	0	0	0	0
11	0	0	803	768	822	44	0	0	0	0
12	0	0	804	766	823	39	0	0	0	0
13	0	0	802	762	825	41	0	0	0	0
14	0	0	803	761	826	45	0	0	0	0
15	0	0	801	757	826	50	0	0	0	0
16	0	0	801	755	828	62	0	0	0	0
17	0	0	799	753	830	74	0	0	0	0
18	0	0	798	749	829	76	0	0	0	0
19	0	0	798	746	832	64	0	0	0	0
20	0	0	796	743	832	68	0	0	0	0
21	0	0	796	740	835	75	0	0	0	0
22	0	0	795	738	835	56	0	0	0	0
23	0	0	793	735	836	59	0	0	0	0
24	0	0	792	732	837	66	0	0	0	0
25	0	0	791	729	838	49	0	0	0	0
26	0	0	790	726	838	61	0	0	0	0
27	0	0	790	724	840	41	0	0	0	0
28	0	0	788	721	840	41	0	0	0	0
29	0	0	787	717	841	37	0	0	0	0
30	0	0	786	715	842	32	0	0	0	0
31	0	0	785	711	842	40	0	0	0	0
32	0	0	783	708	844	23	0	0	0	0
33	0	0	783	705	843	25	0	0	0	0
34	0	0	782	700	845	38	0	0	0	0
35	0	0	782	697	846	31	0	0	0	0
36	0	0	780	693	847	35	0	0	0	0
37	0	0	780	689	848	29	0	0	0	0
38	0	0	779	686	850	38	0	0	0	0
39	0	0	778	682	851	32	0	0	0	0
40	0	0	777	677	851	40	0	0	0	0
41	0	0	778	673	853	48	0	0	0	0
42	0	0	778	670	853	48	0	0	0	0
43	0	0	777	664	854	42	0	0	0	0
44	0	0	776	660	855	29	0	0	0	0
45	0	0	777	656	856	33	0	0	0	0
46	0	0	777	652	857	33	0	0	0	0
47	0	0	777	647	857	37	0	0	0	0
48	0	0	778	643	859	40	0	0	0	0
49	0	0	777	639	859	36	0	0	0	0
50	0	0	777	634	860	40	0	0	0	0
51	0	0	777	632	861	45	0	0	0	0
52	0	0	779	626	862	44	0	0	0	0
53	0	0	780	621	864	53	0	0	0	0
54	0	0	780	617	864	51	0	0	0	0
55	0	0	781	612	865	57	0	0	0	0
56	0	0	782	609	867	59	0	0	0	0
57	0	0	783	605	867	59	0	0	0	0
58	0	0	785	600	868	62	0	0	0	0
59	0	0	784	598	869	64	0	0	0	0
60	0	0	784	594	871	62	0	0	0	0
61	0	0	785	589	871	64	0	0	0	0
62	0	0	784	586	873	57	0	0	0	0
63	0	0	785	583	875	62	0	0	0	0
64	0	0	784	579	875	61	0	0	0	0
65	0	0	785	576	877	58	0	0	0	0
66	0	0	785	573	877	59	0	0	0	0
67	0	0	785	571	878	61	0	0	0	0
68	0	0	785	568	880	57	0	0	0	0
69	0	0	785	564	881	57	0	0	0	0
70	0	0	784	562	881	55	0	0	0	0
71	0	0	784	560	883	55	0	0	0	0
72	0	0	784	558	885	55	0	0	0	0
73	0	0	786	556	885	55	0	0	0	0
74	0	0	785	552	888	58	0	0	0	0
75	0	0	782	550	888	59	0	0	0	0
76	0	0	780	548	889	56	0	0	0	0
77	0	0	778	546	890	61	0	0	0	0
78	0	0	778	545	891	68	0	0	0	0
79	0	0	779	543	892	79	0	0	0	0
80	0	0	779	542	893	73	0	0	0	0
81	0	0	776	542	894	67	0	0	0	0
82	0	0	776	541	895	68	0	0	0	0
83	0	0	775	542	897	71	0	0	0	0
84	0	0	773	542	896	73	0	0	0	0
85	0	0	772	542	896	77	0	0	0	0
86	0	0	772	542	896	96	0	0	0	0
87	0	0	771	543	897	101	0	0	0	0
88	0	0	770	544	900	88	0	0	0	0
89	0	0	768	545	897	87	0	0	0	0
90	0	0	767	547	896	91	0	0	0	0
91	0	0	767	549	896	94	0	0	0	0
92	0	0	767	552	895	101	0	0	0	0
93	0	0	765	553	895	108	0	0	0	0
94	0	0	764	556	893	118	0	0	0	0
95	0	0	763	559	892	128	0	0	0	0
96	0	0	762	562	891	119	0	0	0	0
97	0	0	761	565	891	111	0	0	0	0
98	0	0	761	568	891	120	0	0	0	0
99	0	0	762	571	890	120	0	0	0	0
100	0	0	762	576	890	121	0	0	0	0
101	0	0	762	579	888	126	0	0	0	0
102	0	0	761	583	887	123	0	0	0	0
103	0	0	763	587	887	125	0	0	0	0
104	0	0	762	591	885	139	0	0	0	0
105	0	0	764	595	885	141	0	0	0	0
106	0	0	765	599	883	145	0	0	0	0
107	0	0	767	603	882	153	0	0	0	0
108	0	0	769	606	882	160	0	0	0	0
109	0	0	770	610	881	158	0	0	0	0
110	0	0	771	614	879	155	0	0	0	0
111	0	0	773	617	879	152	0	0	0	0
112	0	0	775	621	877	149	0	0	0	0
113	0	0	776	624	874	156	0	0	0	0
114	0	0	777	627	875	159	0	0	0	0
115	0	0	780	631	874	162	0	0	0	0
116	0	0	780	633	873	161	0	0	0	0
117	0	0	781	636	872	169	0	0	0	0
118	0	0	783	639	871	172	0	0	0	0
119	0	0	783	641	870	186	0	0	0	0
120	0	0	785	643	869	195	0	0	0	1
121	0	0	787	646	868	188	0	0	0	0
122	0	0	787	650	867	187	0	0	0	0
123	0	0	787	650	865	193	0	0	0	0
124	0	0	788	652	864	195	0	0	0	0
125	0	0	788	654	863	194	0	0	0	0
126	0	0	790	657	863	195	0	0	0	0
127	0	0	790	658	861	200	0	0	0	0
0	0	0	792	661	860	191	0	0	0	0
1	0	0	792	661	858	184	0	0	0	0
2	0	0	793	663	855	192	0	0	0	0
3	0	0	792	665	855	192	0	0	0	0
4	0	0	793	667	853	193	0	0	0	0
5	0	0	793	669	851	188	0	0	0	0
6	0	0	794	671	850	181	0	0	0	0
7	0	0	794	672	850	188	0	0	0	0
8	0	0	792	674	848	202	0	0	0	0
9	0	0	793	675	847	194	0	0	0	0
10	0	0	793	675	847	203	0	0	0	0
11	0	0	793	677	845	212	0	0	0	0
12	0	0	793	679	845	203	0	0	0	0
13	0	0	794	678	843	194	0	0	0	0
14	0	0	792	680	842	197	0	0	0	0
15	0	0	793	681	841	194	0	0	0	0
16	0	0	793	681	840	203	0	0	0	0
17	0	0	792	682	838	197	0	0	0	0
18	0	0	793	683	839	195	0	0	0	0
19	0	0	794	685	837	199	0	0	0	0
20	0	0	792	685	835	192	0	0	0	0
21	0	0	793	686	834	185	0	0	0	0
22	0	0	793	687	834	183	0	0	0	0
23	0	0	792	687	831	192	0	0	0	0
24	0	0	793	687	830	190	0	0	0	0
25	0	0	792	688	830	190	0	0	0	0
26	0	0	792	688	829	192	0	0	0	0
27	0	0	792	690	828	194	0	0	0	0
28	0	0	792	689	827	194	0	0	0	0
29	0	0	792	689	826	196	0	0	0	0
30	0	0	792	690	825	193	0	0	0	0
31	0	0	792	690	824	186	0	0	0	0
32	0	0	793	691	822	190	0	0	0	0
33	0	0	792	690	822	193	0	0	0	0
34	0	0	791	691	821	188	0	0	0	0
35	0	0	794	691	822	181	0	0	0	0
36	0	0	794	691	821	174	0	0	0	0
37	0	0	793	691	820	172	0	0	0	0
38	0	0	793	692	819	173	0	0	0	0
39	0	0	794	690	819	171	0	0	0	0
40	0	0	795	691	819	170	0	0	0	0
41	0	0	795	691	818	175	0	0	0	0
42	0	0	795	692	818	175	0	0	0	0
43	0	0	793	692	817	179	0	0	0	0
44	0	0	793	692	817	177	0	0	0	0
45	0	0	793	692	817	178	0	0	0	0
46	0	0	793	691	816	183	0	0	0	0
47	0	0	794	692	817	183	0	0	0	0
48	0	0	793	691	817	184	0	0	0	0
49	0	0	791	689	817	184	0	0	0	0
50	0	0	792	690	817	171	0	0	0	0
51	0	0	791	689	817	171	0	0	0	0
52	0	0	790	689	817	174	0	0	0	0
53	0	0	790	688	818	179	0	0	0	0
54	0	0	789	687	818	181	0	0	0	0
55	0	0	789	687	819	177	0	0	0	0
56	0	0	789	685	819	175	0	0	0	0
57	0	0	789	685	819	179	0	0	0	0
58	0	0	788	684	819	176	0	0	0	0
59	0	0	787	684	820	176	0	0	0	0
60	0	0	788	682	821	174	0	0	0	0
61	0	0	788	682	820	174	0	0	0	0
62	0	0	787	681	821	173	0	0	0	0
63	0	0	787	681	822	174	0	0	0	0
64	0	0	787	680	822	175	0	0	0	0
65	0	0	787	679	823	175	0	0	0	0
66	0	0	787	679	824	176	0	0	0	0
67	0	0	787	678	824	178	0	0	0	0
68	0	0	786	677	824	183	0	0	0	0
69	0	0	786	676	825	180	0	0	0	0
70	0	0	786	675	826	182	0	0	0	0
71	0	0	787	674	827	186	0	0	0	0
72	0	0	787	673	826	185	0	0	0	0
73	0	0	788	672	826	182	0	0	0	0
74	0	0	789	672	827	186	0	0	0	0
75	0	0	790	671	827	189	0	0	0	0
76	0	0	789	670	828	189	0	0	0	0
77	0	0	788	669	829	188	0	0	0	0
78	0	0	789	668	829	188	0	0	0	0
79	0	0	789	668	829	188	0	0	0	0
80	0	0	790	667	830	186	0	0	0	0
81	0	0	791	666	830	185	0	0	0	0
82	0	0	790	664	831	184	0	0	0	0
83	0	0	790	665	831	186	0	0	0	0
84	0	0	791	665	832	203	0	0	0	0
85	0	0	791	664	833	200	0	0	0	0
86	0	0	791	663	833	201	0	0	0	0
87	0	0	791	662	834	206	0	0	0	0
88	0	0	790	662	834	209	0	0	0	0
89	0	0	790	662	834	206	0	0	0	0
90	0	0	790	661	836	207	0	0	0	0
91	0	0	789	660	836	207	0	0	0	0
92	0	0	790	660	837	209	0	0	0	0
93	0	0	790	659	836	208	0	0	0	0
94	0	0	790	657	837	212	0	0	0	0
95	0	0	789	658	837	215	0	0	0	0
96	0	0	789	657	838	216	0	0	0	0
97	0	0	790	657	838	215	0	0	0	0
98	0	0	789	656	838	210	0	0	0	0
99	0	0	790	655	839	205	0	0	0	0
100	0	0	790	654	840	203	0	0	0	0
101	0	0	790	654	840	201	0	0	0	0
102	0	0	790	653	840	199	0	0	0	0
103	0	0	789	652	841	197	0	0	0	0
104	0	0	789	652	841	210	0	0	0	0
105	0	0	789	651	841	206	0	0	0	0
106	0	0	788	650	842	221	0	0	0	0
107	0	0	788	649	842	226	0	0	0	0
108	0	0	788	648	842	240	0	0	0	0
109	0	0	789	648	843	246	0	0	0	0
110	0	0	789	647	843	249	0	0	0	0
111	0	0	789	646	844	254	0	0	0	0
112	0	0	788	645	844	259	0	0	0	0
113	0	0	788	645	844	268	0	0	0	0
114	0	0	788	644	845	279	0	0	0	0
115	0	0	788	644	846	280	0	0	0	0
116	0	0	787	643	846	279	0	0	0	0
117	0	0	787	643	847	295	0	0	0	0
118	0	0	787	642	846	315	0	0	0	0
119	0	0	786	641	848	314	0	0	0	0
120	0	0	785	641	848	314	0	0	0	0
121	0	0	785	641	849	339	0	0	0	0
122	0	0	784	640	848	362	0	0	0	0
123	0	0	783	639	849	378	0	0	0	0
124	0	0	783	639	850	385	0	0	0	0
125	0	0	783	639	850	390	0	0	0	0
126	0	0	784	638	850	399	0	0	0	0
127	0	0	782	638	850	414	0	0	0	0
0	0	0	783	637	850	423	0	0	0	0
1	0	0	783	638	851	430	0	0	0	0
2	0	0	782	637	851	447	0	0	0	0
3	0	0	781	638	852	448	0	0	0	0
4	0	0	780	637	851	459	0	0	0	0
5	0	0	780	637	852	473	0	0	0	0
6	0	0	779	637	853	502	0	0	0	0
7	0	0	778	637	853	507	0	0	0	0
8	0	0	777	638	853	515	0	0	0	0
9	0	0	777	637	853	549	0	0	0	0
10	0	0	777	637	852	578	0	0	0	0
11	0	0	777	637	853	609	0	0	0	0
12	0	0	777	637	853	630	0	0	0	0
13	0	0	778	637	854	641	0	0	0	0
14	0	0	777	637	853	656	0	0	0	0
15	0	0	777	638	853	664	0	0	0	0
16	0	0	777	637	855	692	0	0	0	0
17	0	0	777	637	854	698	0	0	0	0
18	0	0	778	638	854	699	0	0	0	0
19	0	0	777	638	853	711	0	0	0	0
20	0	0	777	638	854	727	0	0	0	0
21	0	0	777	639	854	724	0	0	0	0
22	0	0	776	637	854	736	0	0	0	0
23	0	0	776	639	854	747	0	0	0	0
24	0	0	777	638	854	753	0	0	0	0
25	0	0	777	639	853	753	0	0	0	0
26	0	0	777	639	855	750	0	0	0	0
27	0	0	777	640	853	752	0	0	0	0
28	0	0	777	640	854	754	0	0	0	0
29	0	0	777	640	853	752	0	0	0	0
30	0	0	776	641	853	748	0	0	0	0
31	0	0	777	642	854	752	0	0	0	0
32	0	0	777	643	854	756	0	0	0	0
33	0	0	778	643	854	749	0	0	0	0
34	0	0	778	643	853	744	0	0	0	0
35	0	0	780	644	852	742	0	0	0	0
36	0	0	781	644	853	765	0	0	0	0
37	0	0	782	644	853	777	0	0	0	0
38	0	0	783	644	853	779	0	0	0	0
39	0	0	783	645	853	788	0	0	0	0
40	0	0	785	646	854	806	0	0	0	0
41	0	0	786	646	854	813	0	0	0	0
42	0	0	786	647	855	809	0	0	0	0
43	0	0	786	647	854	814	0	0	0	0
44	0	0	785	647	854	814	0	0	0	0
45	0	0	786	649	854	818	0	0	0	0
46	0	0	786	650	855	823	0	0	0	0
47	0	0	786	650	855	828	0	0	0	0
48	0	0	787	650	856	828	0	0	0	0
49	0	0	787	650	855	838	0	0	0	0
50	0	0	788	651	854	849	0	0	0	0
51	0	0	788	652	855	858	0	0	0	0
52	0	0	790	652	856	863	0	0	0	0
53	0	0	789	653	855	883	0	0	0	0
54	0	0	792	654	856	900	0	0	0	0
55	0	0	792	654	856	910	0	0	0	0
56	0	0	791	654	856	924	0	0	0	0
57	0	0	790	655	857	932	0	0	0	0
58	0	0	790	655	858	938	0	0	0	0
59	0	0	790	656	857	942	0	0	0	0
60	0	0	791	655	856	947	0	0	0	0
61	0	0	790	657	856	945	0	0	0	0
62	0	0	791	656	857	952	0	0	0	0
63	0	0	791	656	856	959	0	0	0	0
64	0	0	790	656	857	963	0	0	0	0
65	0	0	789	656	857	962	0	0	0	0
66	0	0	790	657	858	967	0	0	0	0
67	0	0	788	658	857	973	0	0	0	0
68	0	0	789	658	856	987	0	0	0	0
69	0	0	788	658	856	1003	0	0	0	0
70	0	0	788	658	856	1017	0	0	0	0
71	0	0	787	658	857	1022	0	0	0	0
72	0	0	789	658	857	1032	0	0	0	0
73	0	0	789	658	856	1026	0	0	0	0
74	0	0	788	659	855	1010	0	0	0	0
75	0	0	789	659	854	1005	0	0	0	0
76	0	0	790	658	855	1005	0	0	0	0
77	0	0	789	658	855	995	0	0	0	0
78	0	0	789	658	856	998	0	0	0	0
79	0	0	789	658	855	1017	0	0	0	0
80	0	0	789	657	853	1032	0	0	0	0
81	0	0	790	657	854	1013	0	0	0	0
82	0	0	790	658	854	997	0	0	0	0
83	0	0	789	657	853	1011	0	0	0	0
84	0	0	789	657	852	1031	0	0	0	0
85	0	0	789	657	852	1032	0	0	0	0
86	0	0	788	655	851	1037	0	0	0	0
87	0	0	789	657	851	1040	0	0	0	0
88	0	0	790	656	851	1039	0	0	0	0
89	0	0	789	656	850	1041	0	0	0	0
90	0	0	789	655	850	1048	0	0	0	0
91	0	0	791	655	850	1049	0	0	0	0
92	0	0	789	655	850	1048	0	0	0	0
93	0	0	790	655	849	1054	0	0	0	0
94	0	0	790	655	849	1054	0	0	0	0
95	0	0	790	655	848	1060	0	0	0	0
96	0	0	789	655	848	1059	0	0	0	0
97	0	0	790	655	848	1061	0	0	0	0
98	0	0	790	656	848	1062	0	0	0	0
99	0	0	790	656	849	1071	0	0	0	0
100	0	0	789	655	849	1072	0	0	0	0
101	0	0	789	655	848	1075	0	0	0	0
102	0	0	789	655	848	1077	0	0	0	0
103	0	0	788	655	848	1072	0	0	0	0
104	0	0	789	655	848	1077	0	0	0	0
105	0	0	787	655	848	1074	0	0	0	0
106	0	0	786	655	850	1083	0	0	0	0
107	0	0	787	655	848	1092	0	0	0	0
108	0	0	788	655	849	1093	0	0	0	0
109	0	0	787	654	849	1096	0	0	0	0
110	0	0	787	655	849	1101	0	0	0	0
111	0	0	787	654	850	1112	0	0	0	0
112	0	0	786	654	849	1124	0	0	0	0
113	0	0	787	654	850	1133	0	0	0	0
114	0	0	786	654	849	1151	0	0	0	0
115	0	0	787	653	849	1159	0	0	0	0
116	0	0	787	654	849	1175	0	0	0	0
117	0	0	786	653	850	1169	0	0	0	0
118	0	0	786	655	851	1196	0	0	0	0
119	0	0	787	654	850	1199	0	0	0	0
120	0	0	787	654	850	1185	0	0	0	0
121	0	0	787	655	850	1188	0	0	0	0
122	0	0	786	655	850	1205	0	0	0	0
123	0	0	787	655	851	1208	0	0	0	0
124	0	0	787	655	851	1226	0	0	0	0
125	0	0	788	655	850	1247	0	0	0	0
126	0	0	787	654	850	1256	0	0	0	0
127	0	0	787	654	851	1269	0	0	0	0
0	0	0	786	654	850	1279	0	0	0	0
1	0	0	787	654	849	1273	0	0	0	0
2	0	0	788	654	850	1267	0	0	0	0
3	0	0	789	655	850	1264	0	0	0	0
4	0	0	788	655	848	1260	0	0	0	0
5	0	0	787	655	849	1273	0	0	0	0
6	0	0	787	657	849	1281	0	0	0	0
7	0	0	789	657	849	1283	0	0	0	0
8	0	0	787	657	849	1280	0	0	0	0
9	0	0	788	658	849	1299	0	0	0	0
10	0	0	789	657	848	1314	0	0	0	0
11	0	0	789	658	847	1311	0	0	0	0
12	0	0	788	658	847	1314	0	0	0	0
13	0	0	789	659	847	1317	0	0	0	0
14	0	0	789	658	846	1323	0	0	0	0
15	0	0	788	659	846	1325	0	0	0	0
16	0	0	787	658	845	1325	0	0	0	0
17	0	0	788	660	845	1319	0	0	0	0
18	0	0	787	659	845	1335	0	0	0	0
19	0	0	786	659	845	1335	0	0	0	0
20	0	0	787	659	845	1341	0	0	0	0
21	0	0	786	659	843	1358	0	0	0	0
22	0	0	787	660	844	1361	0	0	0	0
23	0	0	787	660	844	1367	0	0	0	0
24	0	0	786	660	843	1370	0	0	0	0
25	0	0	786	661	843	1372	0	0	0	0
26	0	0	785	660	842	1372	0	0	0	0
27	0	0	785	661	842	1368	0	0	0	0
28	0	0	785	661	842	1372	0	0	0	0
29	0	0	785	661	843	1374	0	0	0	0
30	0	0	785	662	842	1381	0	0	0	0
31	0	0	785	662	841	1392	0	0	0	0
32	0	0	785	662	841	1394	0	0	0	0
33	0	0	785	662	841	1401	0	0	0	0
34	0	0	784	662	840	1397	0	0	0	0
35	0	0	784	662	840	1402	0	0	0	0
36	0	0	782	662	839	1406	0	0	0	0
37	0	0	782	662	839	1404	0	0	0	0
38	0	0	783	663	838	1411	0	0	0	0
39	0	0	783	662	839	1423	0	0	0	0
40	0	0	783	664	838	1422	0	0	0	0
41	0	0	782	662	838	1424	0	0	0	0
42	0	0	783	662	838	1425	0	0	0	0
43	0	0	783	663	839	1423	0	0	0	0
44	0	0	783	663	838	1432	0	0	0	0
45	0	0	783	664	838	1440	0	0	0	0
46	0	0	782	663	837	1443	0	0	0	0
47	0	0	783	664	837	1454	0	0	0	0
48	0	0	783	664	838	1451	0	0	0	0
49	0	0	782	663	838	1453	0	0	0	0
50	0	0	782	664	837	1459	0	0	0	0
51	0	0	782	664	837	1463	0	0	0	0
52	0	0	782	664	837	1475	0	0	0	0
53	0	0	782	664	836	1478	0	0	0	0
54	0	0	780	664	836	1481	0	0	0	0
55	0	0	780	664	837	1489	0	0	0	0
56	0	0	780	664	836	1484	0	0	0	0
57	0	0	780	664	836	1486	0	0	0	0
58	0	0	780	664	837	1489	0	0	0	0
59	0	0	780	664	836	1493	0	0	0	0
60	0	0	780	665	837	1489	0	0	0	0
61	0	0	781	664	836	1487	0	0	0	0
62	0	0	780	664	837	1481	0	0	0	0
63	0	0	780	665	837	1472	0	0	0	0
64	0	0	779	664	836	1474	0	0	0	0
65	0	0	778	664	837	1474	0	0	0	0
66	0	0	778	663	837	1473	0	0	0	0
67	0	0	778	664	837	1476	0	0	0	0
68	0	0	779	665	838	1483	0	0	0	0
69	0	0	778	664	838	1480	0	0	0	0
70	0	0	779	665	837	1474	0	0	0	0
71	0	0	778	664	838	1472	0	0	0	0
72	0	0	777	664	838	1474	0	0	0	0
73	0	0	778	664	838	1475	0	0	0	0
74	0	0	777	663	838	1476	0	0	0	0
75	0	0	778	664	839	1478	0	0	0	0
76	0	0	778	663	839	1479	0	0	0	0
77	0	0	777	663	839	1479	0	0	0	0
78	0	0	777	663	839	1473	0	0	0	0
79	0	0	777	663	839	1479	0	0	0	0
80	0	0	778	663	840	1472	0	0	0	0
81	0	0	778	663	840	1470	0	0	0	0
82	0	0	776	663	838	1471	0	0	0	0
83	0	0	778	663	840	1465	0	0	0	0
84	0	0	777	664	840	1462	0	0	0	0
85	0	0	777	663	840	1462	0	0	0	0
86	0	0	777	663	840	1463	0	0	0	0
87	0	0	778	664	842	1466	0	0	0	0
88	0	0	778	662	841	1466	0	0	0	0
89	0	0	778	663	841	1467	0	0	0	0
90	0	0	777	662	841	1469	0	0	0	0
91	0	0	778	662	842	1471	0	0	0	0
92	0	0	778	663	842	1477	0	0	0	0
93	0	0	777	661	843	1479	0	0	0	0
94	0	0	777	660	844	1479	0	0	0	0
95	0	0	777	660	843	1482	0	0	0	0
96	0	0	777	660	844	1480	0	0	0	0
97	0	0	778	661	843	1481	0	0	0	0
98	0	0	778	659	845	1489	0	0	0	0
99	0	0	779	660	846	1491	0	0	0	0
100	0	0	778	660	845	1492	0	0	0	0
101	0	0	777	660	845	1495	0	0	0	0
102	0	0	778	659	845	1498	0	0	0	0
103	0	0	779	658	846	1499	0	0	0	0
104	0	0	778	659	845	1498	0	0	0	0
105	0	0	778	658	846	1501	0	0	0	0
106	0	0	779	659	846	1502	0	0	0	0
107	0	0	780	658	848	1500	0	0	0	0
108	0	0	779	658	847	1501	0	0	0	0
109	0	0	779	658	847	1499	0	0	0	0
110	0	0	779	658	848	1503	0	0	0	0
111	0	0	779	657	848	1506	0	0	0	0
112	0	0	778	657	847	1502	0	0	0	0
113	0	0	778	656	848	1504	0	0	0	0
114	0	0	779	658	849	1503	0	0	0	0
115	0	0	779	657	849	1500	0	0	0	0
116	0	0	779	657	848	1506	0	0	0	0
117	0	0	780	657	848	1506	0	0	0	0
118	0	0	781	657	848	1504	0	0	0	0
119	0	0	781	656	847	1507	0	0	0	0
120	0	0	779	656	848	1511	0	0	0	0
121	0	0	780	657	849	1511	0	0	0	0
122	0	0	780	657	848	1510	0	0	0	0
123	0	0	782	657	849	1516	0	0	0	0
124	0	0	782	656	848	1520	0	0	0	0
125	0	0	781	656	848	1519	0	0	0	0
126	0	0	781	656	849	1519	0	0	0	0
127	0	0	781	657	849	1523	0	0	0	0
0	0	0	782	655	849	1524	0	0	0	0
1	0	0	782	656	849	1523	0	0	0	0
2	0	0	781	655	848	1522	0	0	0	0
3	0	0	781	655	848	1526	0	0	0	0
4	0	0	782	655	848	1528	0	0	0	0
5	0	0	783	654	848	1526	0	0	0	0
6	0	0	783	655	849	1526	0	0	1	0
7	0	0	783	654	848	1529	0	0	0	0
8	0	0	782	655	849	1529	0	0	0	0
9	0	0	782	655	848	1529	0	0	0	0
10	0	0	784	654	849	1534	0	0	0	0
11	0	0	782	654	849	1539	0	0	0	0
12	0	0	783	654	848	1541	0	0	0	0
13	0	0	783	655	848	1541	0	0	0	0
14	0	0	783	654	848	1539	0	0	0	0
15	0	0	783	654	848	1543	0	0	0	0
16	0	0	784	654	849	1542	0	0	0	0
17	0	0	783	654	848	1540	0	0	0	0
18	0	0	784	653	848	1542	0	0	0	0
19	0	0	784	653	848	1548	0	0	0	0
20	0	0	784	653	849	1551	0	0	0	0
21	0	0	784	652	849	1552	0	0	0	0
22	0	0	784	652	848	1556	0	0	0	0
23	0	0	783	653	849	1556	0	0	0	0
24	0	0	784	655	847	1552	0	0	0	0
25	0	0	785	653	847	1553	0	0	0	0
26	0	0	784	653	848	1556	0	0	0	0
27	0	0	785	653	848	1556	0	0	0	0
28	0	0	784	653	848	1561	0	0	0	0
29	0	0	784	653	848	1560	0	0	0	0
30	0	0	784	652	847	1561	0	0	0	0
31	0	0	784	652	847	1564	0	0	0	0
32	0	0	785	653	847	1565	0	0	0	0
33	0	0	785	653	846	1563	0	0	0	0
34	0	0	784	653	847	1562	0	0	0	0
35	0	0	784	652	847	1560	0	0	0	0
36	0	0	784	653	847	1559	0	0	0	0
37	0	0	784	653	847	1562	0	0	0	0
38	0	0	782	652	846	1562	0	0	0	0
39	0	0	783	653	846	1566	0	0	0	0
40	0	0	784	653	847	1563	0	0	0	0
41	0	0	784	653	846	1566	0	0	0	0
42	0	0	783	654	846	1566	0	0	0	0
43	0	0	782	653	846	1567	0	0	0	0
44	0	0	783	652	846	1573	0	0	0	0
45	0	0	783	652	846	1572	0	0	0	0
46	0	0	781	652	846	1569	0	0	0	0
47	0	0	782	650	846	1565	0	0	0	0
48	0	0	781	652	845	1565	0	0	0	0
49	0	0	781	652	846	1565	0	0	0	0
50	0	0	781	653	846	1563	0	0	0	0
51	0	0	781	653	846	1562	0	0	0	0
52	0	0	781	653	845	1561	0	0	0	0
53	0	0	781	653	845	1565	0	0	0	0
54	0	0	781	653	844	1563	0	0	0	0
55	0	0	782	652	845	1560	0	0	0	0
56	0	0	782	653	845	1560	0	0	0	0
57	0	0	780	653	845	1554	0	0	0	0
58	0	0	780	653	845	1550	0	0	0	0
59	0	0	780	653	846	1549	0	0	0	0
60	0	0	781	652	845	1550	0	0	0	0
61	0	0	780	653	845	1552	0	0	0	0
62	0	0	780	652	845	1553	0	0	0	0
63	0	0	779	652	845	1557	0	0	0	0
64	0	0	780	653	846	1557	0	0	0	0
65	0	0	780	654	845	1559	0	0	0	0
66	0	0	780	653	845	1564	0	0	0	0
67	0	0	778	653	845	1565	0	0	0	0
68	0	0	778	653	845	1566	0	0	0	0
69	0	0	778	653	846	1564	0	0	0	0
70	0	0	779	653	846	1565	0	0	0	0
71	0	0	778	654	846	1567	0	0	0	0
72	0	0	778	654	846	1566	0	0	0	0
73	0	0	777	652	846	1565	0	0	0	0
74	0	0	777	653	847	1565	0	0	0	0
75	0	0	776	653	847	1561	0	0	0	0
76	0	0	776	653	847	1561	0	0	0	0
77	0	0	777	653	846	1560	0	0	0	0
78	0	0	777	653	846	1557	0	0	0	0
79	0	0	778	653	847	1559	0	0	0	0
80	0	0	778	653	848	1563	0	0	0	0
81	0	0	777	653	848	1561	0	0	0	0
82	0	0	776	653	847	1559	0	0	0	0
83	0	0	776	653	848	1560	0	0	0	0
84	0	0	776	653	848	1561	0	0	0	0
85	0	0	776	653	848	1564	0	0	0	0
